1.005139805210145710e+03
1.226678795611401029e+03
1.085569922687197504e+03
1.360659221335745769e+03
1.005139805210144800e+03
1.226678795611401029e+03
1.085569922687195913e+03
1.360659221335745769e+03
2.317764641453513974e+01
2.556305113214254376e+01
2.379675705297994526e+01
2.686863809123897795e+01
2.317764641453514329e+01
2.556305113214255087e+01
2.379675705297995236e+01
2.686863809123898150e+01
5.865149142009921934e-02
5.332247522257926170e-02
6.183458991507456010e-02
5.073428556009897117e-02
5.865149142009920546e-02
5.332247522257929639e-02
6.183458991507446295e-02
5.073428556009890872e-02
8.856954083850961112e-03
8.579586806166404622e-03
8.881741371037915958e-03
8.423127731535641829e-03
8.856954083850959378e-03
8.579586806166408092e-03
8.881741371037903815e-03
8.423127731535634891e-03
7.855265349478350867e-01
7.384963140761054978e-01
7.683912575602397377e-01
7.099260986493622916e-01
7.855265349478360859e-01
7.384963140761051648e-01
7.683912575602395156e-01
7.099260986493621806e-01
7.844563564344422357e-05
7.360930976454465528e-05
7.888532978200648649e-05
7.094908078176476933e-05
7.844563564344419647e-05
7.360930976454469594e-05
7.888532978200625610e-05
7.094908078176466091e-05
