2.203631701631700253e+02
4.402197155833513875e+02
2.974982604268316209e+02
4.112880330153055866e+02
2.203631701631699684e+02
4.402197155833519560e+02
2.974982604268320188e+02
4.112880330153055297e+02
7.880504344140701889e+00
1.178904878904879006e+01
9.568988926131778427e+00
1.155436782709508670e+01
7.880504344140700113e+00
1.178904878904878295e+01
9.568988926131781980e+00
1.155436782709509203e+01
2.713823869367948394e-01
1.784322850699189555e-01
2.162749916739755696e-01
1.812770421766144446e-01
2.713823869367946728e-01
1.784322850699190666e-01
2.162749916739754585e-01
1.812770421766146667e-01
1.960171932868998851e-02
1.526470907642010419e-02
1.685229345090535902e-02
1.541371380532110570e-02
1.960171932868998504e-02
1.526470907642010939e-02
1.685229345090536596e-02
1.541371380532111958e-02
9.744563871220301987e-01
9.489163705120141623e-01
9.654864840752701571e-01
9.523114188451978768e-01
9.744563871220316420e-01
9.489163705120136072e-01
9.654864840752703792e-01
9.523114188451983209e-01
3.842274006407387439e-04
2.330113431877422852e-04
2.839997945554276399e-04
2.375825732723464397e-04
3.842274006407385813e-04
2.330113431877424478e-04
2.839997945554279110e-04
2.375825732723468734e-04
