5.336047805680552614e+01
8.542276659508121384e+01
5.162701233282265889e+01
8.567597883983064833e+01
5.336047805680548350e+01
8.542276659508117120e+01
5.162701233282266600e+01
8.567597883983061990e+01
3.521217399719358543e+00
4.480144141520760570e+00
3.338326199226243851e+00
4.555630376490858779e+00
3.521217399719355878e+00
4.480144141520765899e+00
3.338326199226242519e+00
4.555630376490859668e+00
3.506695711219923739e-01
2.856171504892611179e-01
3.726458934834366854e-01
2.920459011860701559e-01
3.506695711219921519e-01
2.856171504892606183e-01
3.726458934834361303e-01
2.920459011860704890e-01
3.679862168530580180e-02
3.199408113702426060e-02
3.859036115380409804e-02
3.274324717379906852e-02
3.679862168530582262e-02
3.199408113702425366e-02
3.859036115380405640e-02
3.274324717379906852e-02
9.746409652655446676e-01
9.594478263387697936e-01
9.754693255705441102e-01
9.593279292835725780e-01
9.746409652655442235e-01
9.594478263387695716e-01
9.754693255705434440e-01
9.593279292835729111e-01
1.354138557938258484e-03
1.023621227802491663e-03
1.489215973981032224e-03
1.072120235484500797e-03
1.354138557938259785e-03
1.023621227802491013e-03
1.489215973981029189e-03
1.072120235484500580e-03
