4.501165466324572435e+02
6.733026624677925156e+02
4.368109047619048511e+02
6.552828227884334638e+02
4.501165466324573003e+02
6.733026624677916061e+02
4.368109047619045668e+02
6.552828227884338048e+02
1.335098700964875640e+01
1.662882908674490778e+01
1.280847619047619013e+01
1.628642045996755172e+01
1.335098700964874219e+01
1.662882908674487936e+01
1.280847619047619368e+01
1.628642045996754817e+01
1.218429581658531796e-01
9.651230547991546116e-02
1.223868573172210428e-01
9.813421173576786227e-02
1.218429581658532213e-01
9.651230547991541953e-02
1.223868573172210428e-01
9.813421173576780676e-02
1.255608462459555444e-02
1.110061069489206263e-02
1.264755271066940641e-02
1.128246911975324535e-02
1.255608462459555097e-02
1.110061069489204529e-02
1.264755271066940988e-02
1.128246911975324882e-02
8.989311250914001628e-01
8.488323041331841123e-01
9.019481384299680160e-01
8.528752263491465868e-01
8.989311250913999407e-01
8.488323041331840013e-01
9.019481384299686821e-01
8.528752263491468089e-01
1.576552611000048786e-04
1.232235577995520405e-04
1.599605895691610491e-04
1.272941094381855828e-04
1.576552611000047973e-04
1.232235577995516610e-04
1.599605895691611304e-04
1.272941094381856370e-04
