1.560395417701074905e+02
2.244065256261026207e+02
1.843025449101797335e+02
2.215434461737845879e+02
1.560395417701075189e+02
2.244065256261025638e+02
1.843025449101797051e+02
2.215434461737846448e+02
6.882230131905607173e+00
8.521234084936345710e+00
7.366604790419162718e+00
8.207216828867316849e+00
6.882230131905605397e+00
8.521234084936338604e+00
7.366604790419160054e+00
8.207216828867315073e+00
2.932830358225613776e-01
2.303767510611499925e-01
2.961874956249671564e-01
2.529250167641304281e-01
2.932830358225609335e-01
2.303767510611499369e-01
2.961874956249667123e-01
2.529250167641305391e-01
2.216193493189107244e-02
1.885048271848507526e-02
2.253907646927390956e-02
2.024508036288502968e-02
2.216193493189108285e-02
1.885048271848506832e-02
2.253907646927391650e-02
2.024508036288502275e-02
9.720676470356468535e-01
9.598087093194836994e-01
9.670118967213575667e-01
9.602838976743901522e-01
9.720676470356479637e-01
9.598087093194831443e-01
9.670118967213588990e-01
9.602838976743892641e-01
4.911513599253736857e-04
3.553406987199044680e-04
5.080099680877768475e-04
4.098632788996731070e-04
4.911513599253742278e-04
3.553406987199042512e-04
5.080099680877771728e-04
4.098632788996727817e-04
