1.564338856993737465e+02
2.342590297183917016e+02
1.576169801462903877e+02
2.262439316496615334e+02
1.564338856993738602e+02
2.342590297183919006e+02
1.576169801462905298e+02
2.262439316496618460e+02
7.877400835073063767e+00
9.709439074351603693e+00
7.861298328108676792e+00
9.519276706304266256e+00
7.877400835073068208e+00
9.709439074351610799e+00
7.861298328108677680e+00
9.519276706304284019e+00
1.874158653244120121e-01
1.510018484038801734e-01
1.879135588695020898e-01
1.574982797916234523e-01
1.874158653244120676e-01
1.510018484038802566e-01
1.879135588695019510e-01
1.574982797916232857e-01
1.703644319594522713e-02
1.526508537730029459e-02
1.703693481857552344e-02
1.554246371463347161e-02
1.703644319594522713e-02
1.526508537730030847e-02
1.703693481857551650e-02
1.554246371463347334e-02
9.570674800361319567e-01
9.357953356901665964e-01
9.569347877119629420e-01
9.380153515419926702e-01
9.570674800361321788e-01
9.357953356901663744e-01
9.569347877119628309e-01
9.380153515419926702e-01
2.902403967686684703e-04
2.330228315762672843e-04
2.902571480123910088e-04
2.415681783206980804e-04
2.902403967686684161e-04
2.330228315762677179e-04
2.902571480123907919e-04
2.415681783206981618e-04
