3.800591277405678738e+02
5.995391545391547652e+02
3.780686203319516494e+02
6.429252656502651462e+02
3.800591277405678738e+02
5.995391545391545378e+02
3.780686203319511947e+02
6.429252656502650325e+02
1.289956289125262678e+01
1.658048048048048528e+01
1.292185915168283294e+01
1.699687572187571760e+01
1.289956289125263034e+01
1.658048048048048173e+01
1.292185915168283117e+01
1.699687572187570339e+01
1.142454071402222437e-01
8.817210928434432438e-02
1.166507441117014127e-01
8.599113597513409479e-02
1.142454071402220772e-01
8.817210928434424111e-02
1.166507441117014265e-01
8.599113597513399765e-02
1.099048952310000861e-02
9.790649870848922715e-03
1.109790031197321197e-02
9.718598661315597936e-03
1.099048952310000514e-02
9.790649870848917510e-03
1.109790031197321371e-02
9.718598661315594467e-03
9.561829415043774372e-01
9.309504752001378503e-01
9.564152381037462902e-01
9.259538830415141586e-01
9.561829415043783253e-01
9.309504752001375172e-01
9.564152381037467343e-01
9.259538830415148247e-01
1.207908599573710473e-04
9.585682489355401516e-05
1.231633913344951092e-04
9.445115993972531690e-05
1.207908599573709796e-04
9.585682489355392029e-05
1.231633913344951363e-04
9.445115993972527625e-05
