5.252564328657319948e+01
7.588151168647452494e+01
3.384891978609626761e+01
9.047321916560396460e+01
5.252564328657315684e+01
7.588151168647462441e+01
3.384891978609627472e+01
9.047321916560395039e+01
3.762517034068135757e+00
4.749225724175620833e+00
3.347561497326201785e+00
5.452032407060102948e+00
3.762517034068135757e+00
4.749225724175622609e+00
3.347561497326202673e+00
5.452032407060106500e+00
3.428959365604554721e-01
2.808316648454735609e-01
3.477273349675631398e-01
2.591230105906197068e-01
3.428959365604556941e-01
2.808316648454738940e-01
3.477273349675630287e-01
2.591230105906194847e-01
2.109487642224609424e-02
1.814323834835444849e-02
2.119454746196067566e-02
1.755173050007166266e-02
2.109487642224609077e-02
1.814323834835446236e-02
2.119454746196068606e-02
1.755173050007166266e-02
9.934031445731867915e-01
9.904671510839120341e-01
9.957471775823273363e-01
9.886351183759618522e-01
9.934031445731859034e-01
9.904671510839127002e-01
9.957471775823275584e-01
9.886351183759604089e-01
4.449938112698341615e-04
3.291770977651994152e-04
4.492088421173037727e-04
3.080632435471457970e-04
4.449938112698340531e-04
3.291770977651999573e-04
4.492088421173042064e-04
3.080632435471457970e-04
