3.001539705917858782e+02
5.569963189218315165e+02
3.985871963746230335e+02
5.321842294861625078e+02
3.001539705917858782e+02
5.569963189218310617e+02
3.985871963746228062e+02
5.321842294861623941e+02
1.036031098341260304e+01
1.484608491908287498e+01
1.241500302114805088e+01
1.451555073894011194e+01
1.036031098341259771e+01
1.484608491908288741e+01
1.241500302114803311e+01
1.451555073894011549e+01
1.682224493753204375e-01
1.204921536975856466e-01
1.601240839949820693e-01
1.216428200401792059e-01
1.682224493753206318e-01
1.204921536975858548e-01
1.601240839949821804e-01
1.216428200401791226e-01
1.319815986580356523e-02
1.099121304673053579e-02
1.279534341325166795e-02
1.105836181622768533e-02
1.319815986580357564e-02
1.099121304673054099e-02
1.279534341325165407e-02
1.105836181622768186e-02
9.621650365261104065e-01
9.298132778139924781e-01
9.497812506622704820e-01
9.329498666097785220e-01
9.621650365261095184e-01
9.298132778139943655e-01
9.497812506622705930e-01
9.329498666097783000e-01
1.741914238433079980e-04
1.208067642386195540e-04
1.637208130630428480e-04
1.222873660586024872e-04
1.741914238433082691e-04
1.208067642386196624e-04
1.637208130630424686e-04
1.222873660586023788e-04
