1.861549487033770447e+02
3.576787107148428504e+02
2.890914670658680734e+02
3.852462649850596677e+02
1.861549487033770731e+02
3.576787107148431346e+02
2.890914670658681302e+02
3.852462649850597813e+02
6.065001645081210313e+00
9.547370189480743008e+00
8.528940119760479277e+00
9.598142392569565473e+00
6.065001645081211201e+00
9.547370189480764324e+00
8.528940119760475724e+00
9.598142392569572579e+00
4.254958496500069742e-01
3.383592595753248666e-01
3.535845030877409756e-01
3.358107592331720515e-01
4.254958496500071408e-01
3.383592595753252552e-01
3.535845030877409756e-01
3.358107592331720515e-01
7.033772973562155140e-02
5.594517164910449425e-02
5.750264637754469443e-02
5.561641197913399365e-02
7.033772973562157915e-02
5.594517164910455670e-02
5.750264637754470137e-02
5.561641197913397977e-02
9.705770792751856613e-01
9.434753056608987665e-01
9.543433009209855156e-01
9.391119916395077594e-01
9.705770792751858833e-01
9.434753056608990995e-01
9.543433009209860707e-01
9.391119916395056499e-01
4.947396224361340876e-03
3.129862230847765565e-03
3.306554340420954190e-03
3.093185281432759073e-03
4.947396224361344345e-03
3.129862230847772504e-03
3.306554340420955057e-03
3.093185281432757772e-03
