1.200459265197058158e+02
2.315765381029436583e+02
1.561242352941176534e+02
2.358092120069014470e+02
1.200459265197058585e+02
2.315765381029437435e+02
1.561242352941176250e+02
2.358092120069015039e+02
6.006209752838994831e+00
8.637526389677740113e+00
6.982224598930474535e+00
8.530804925358744129e+00
6.006209752839003713e+00
8.637526389677748995e+00
6.982224598930480752e+00
8.530804925358737023e+00
3.332537130842629924e-01
2.620765400404967971e-01
2.905736925809132010e-01
2.635932788110597613e-01
3.332537130842633255e-01
2.620765400404967971e-01
2.905736925809133675e-01
2.635932788110599279e-01
2.589600439333760232e-02
2.126436340870321851e-02
2.230976819913519857e-02
2.112441066764611172e-02
2.589600439333759538e-02
2.126436340870322197e-02
2.230976819913520898e-02
2.112441066764611519e-02
9.851015284779198744e-01
9.712480316027056748e-01
9.806086004036190795e-01
9.707121955023488846e-01
9.851015284779206516e-01
9.712480316027057858e-01
9.806086004036197457e-01
9.707121955023494397e-01
6.706030435397604232e-04
4.521731511773963348e-04
4.977257570991441967e-04
4.462407260553608902e-04
6.706030435397599895e-04
4.521731511773964432e-04
4.977257570991446304e-04
4.462407260553609444e-04
