1.429648630594522407e+00
3.010180789386257771e+00
2.031737967914437615e+00
2.779344785828342435e+00
1.429648630594522851e+00
3.010180789386259104e+00
2.031737967914438503e+00
2.779344785828341102e+00
7.411997327989313655e-01
1.139219615701992039e+00
9.176310160427807450e-01
1.125813123573349950e+00
7.411997327989315876e-01
1.139219615701992927e+00
9.176310160427809670e-01
1.125813123573349506e+00
6.859633133161635588e-01
5.672682715513172047e-01
6.290974749634415941e-01
5.687664222794656110e-01
6.859633133161640028e-01
5.672682715513174267e-01
6.290974749634413721e-01
5.687664222794650559e-01
5.840203412412663803e-02
4.872278438678671192e-02
5.362852294726291880e-02
4.871645802753840626e-02
5.840203412412663109e-02
4.872278438678676049e-02
5.362852294726292574e-02
4.871645802753835769e-02
9.991820764871923721e-01
9.983028677009564422e-01
9.988642516237590252e-01
9.984361183950665186e-01
9.991820764871920391e-01
9.983028677009575524e-01
9.988642516237590252e-01
9.984361183950677399e-01
3.410797589835652677e-03
2.373909718401307194e-03
2.876018473505105501e-03
2.373293282748911368e-03
3.410797589835651376e-03
2.373909718401311531e-03
2.876018473505106369e-03
2.373293282748906163e-03
