1.621438624588989796e+01
4.943032128514060020e+01
3.521151393696484888e+01
3.835634051356948504e+01
1.621438624588990507e+01
4.943032128514057177e+01
3.521151393696485599e+01
3.835634051356944241e+01
2.602537036362972955e+00
4.146178654009982090e+00
3.524576425578428207e+00
3.935310940732631213e+00
2.602537036362974732e+00
4.146178654009982090e+00
3.524576425578429983e+00
3.935310940732630325e+00
3.701499754825122168e-01
2.836789709705139217e-01
3.236559182329788453e-01
2.792414356685884447e-01
3.701499754825119393e-01
2.836789709705139217e-01
3.236559182329787898e-01
2.792414356685885002e-01
2.836332834737087874e-02
2.367754466999227175e-02
2.566623716898928584e-02
2.355725151298182496e-02
2.836332834737087527e-02
2.367754466999226134e-02
2.566623716898930319e-02
2.355725151298181455e-02
9.939897166879310131e-01
9.816610390224748128e-01
9.869664324667333233e-01
9.857761586762101569e-01
9.939897166879316792e-01
9.816610390224739247e-01
9.869664324667323241e-01
9.857761586762103789e-01
8.044783949407724325e-04
5.606261215994794503e-04
6.587557304148071056e-04
5.549440988458845259e-04
8.044783949407723241e-04
5.606261215994790166e-04
6.587557304148080814e-04
5.549440988458839838e-04
