8.294343460253827516e+02
1.478128942376732766e+03
1.098022139037432908e+03
1.333184315154373735e+03
8.294343460253829790e+02
1.478128942376732084e+03
1.098022139037432680e+03
1.333184315154372598e+03
2.019318637274544770e+01
2.719313493296753137e+01
2.347637433155080444e+01
2.586437045213421371e+01
2.019318637274545480e+01
2.719313493296753492e+01
2.347637433155077602e+01
2.586437045213421726e+01
6.990407517288008132e-02
5.284814618086572380e-02
6.059352823293388812e-02
5.550082948086925566e-02
6.990407517288003969e-02
5.284814618086577237e-02
6.059352823293379792e-02
5.550082948086933199e-02
8.596065613346713652e-03
7.569659619953327673e-03
8.044298838410526842e-03
7.724130076382824603e-03
8.596065613346706713e-03
7.569659619953324203e-03
8.044298838410518168e-03
7.724130076382826338e-03
8.603554440844440876e-01
7.510181974243973491e-01
8.150125171326897400e-01
7.754350756871777328e-01
8.603554440844439766e-01
7.510181974243974601e-01
8.150125171326900730e-01
7.754350756871766226e-01
7.389234402896180235e-05
5.729974676195195252e-05
6.471074380165294155e-05
5.966218543688174390e-05
7.389234402896170748e-05
5.729974676195189831e-05
6.471074380165281958e-05
5.966218543688176423e-05
