8.946577581830326835e+02
1.620273466719534781e+03
1.354170310160427107e+03
1.649045642086311091e+03
8.946577581830322288e+02
1.620273466719534554e+03
1.354170310160427334e+03
1.649045642086310409e+03
2.036052371409485318e+01
2.762541125030808686e+01
2.486945454545453771e+01
2.730930309817495072e+01
2.036052371409482120e+01
2.762541125030807621e+01
2.486945454545451639e+01
2.730930309817492585e+01
6.618438755028446807e-02
5.074806302998119412e-02
5.620868679442864169e-02
5.179031307890893943e-02
6.618438755028438480e-02
5.074806302998116636e-02
5.620868679442871108e-02
5.179031307890897412e-02
9.253189601828146552e-03
8.166398758389491891e-03
8.513946719439620392e-03
8.242767150448835484e-03
9.253189601828143082e-03
8.166398758389490156e-03
8.513946719439615188e-03
8.242767150448828545e-03
8.456325246409051033e-01
7.206857566625357592e-01
7.663635537508428630e-01
7.157246907564923655e-01
8.456325246409055474e-01
7.206857566625363143e-01
7.663635537508434181e-01
7.157246907564925875e-01
8.562151780738052275e-05
6.669006868102542597e-05
7.248728874145666027e-05
6.794321029651840909e-05
8.562151780738048209e-05
6.669006868102541241e-05
7.248728874145659250e-05
6.794321029651830067e-05
