1.218112338963641719e+02
1.718080975704991147e+02
1.240822349570200345e+02
1.668843819444044243e+02
1.218112338963642287e+02
1.718080975704990863e+02
1.240822349570199918e+02
1.668843819444045096e+02
5.342490695677063250e+00
6.617980947568491423e+00
5.665799426934098548e+00
6.647713765640158812e+00
5.342490695677072132e+00
6.617980947568485206e+00
5.665799426934097660e+00
6.647713765640163253e+00
3.621271049140141196e-01
2.903807604441945855e-01
3.241615975027164476e-01
2.833284512445419234e-01
3.621271049140137865e-01
2.903807604441949186e-01
3.241615975027166141e-01
2.833284512445419789e-01
5.532707584387815819e-02
4.681914817712969079e-02
5.054888843082281508e-02
4.617350770497786333e-02
5.532707584387815819e-02
4.681914817712966304e-02
5.054888843082281508e-02
4.617350770497784945e-02
8.810880930056601557e-01
8.323932928412270948e-01
8.788753495607467547e-01
8.371967992851357954e-01
8.810880930056594895e-01
8.323932928412272059e-01
8.788753495607469768e-01
8.371967992851361284e-01
3.061085321434245821e-03
2.192032636032026534e-03
2.555190121591772827e-03
2.131992813781649794e-03
3.061085321434246255e-03
2.192032636032023932e-03
2.555190121591772393e-03
2.131992813781648927e-03
