1.082180467601868088e+02
1.890048171208726160e+02
1.224802032085561336e+02
1.801219229903655332e+02
1.082180467601867804e+02
1.890048171208725591e+02
1.224802032085561052e+02
1.801219229903654764e+02
2.687561790247155802e+00
3.509259160031285241e+00
2.804160427807486755e+00
3.419855754289320426e+00
2.687561790247154914e+00
3.509259160031289682e+00
2.804160427807487643e+00
3.419855754289320426e+00
7.165531874901422960e-01
6.572471321600314997e-01
7.063839339025690389e-01
6.544387276233667450e-01
7.165531874901409637e-01
6.572471321600314997e-01
7.063839339025690389e-01
6.544387276233671891e-01
1.506161160430747603e-01
1.336791504435139999e-01
1.483718884363228463e-01
1.327848269023582939e-01
1.506161160430747326e-01
1.336791504435139166e-01
1.483718884363228185e-01
1.327848269023582384e-01
7.557276543947660796e-01
5.740864010887496427e-01
7.235770515852684159e-01
5.941072144127743648e-01
7.557276543947658576e-01
5.740864010887497537e-01
7.235770515852681939e-01
5.941072144127746979e-01
2.268521441190095994e-02
1.787011526329964836e-02
2.201421727816063600e-02
1.763181025548925598e-02
2.268521441190095647e-02
1.787011526329962408e-02
2.201421727816062213e-02
1.763181025548924211e-02
