1.271846785676615781e+02
3.112109367249350953e+02
2.648630165016504634e+02
2.599273332142832942e+02
1.271846785676615497e+02
3.112109367249349248e+02
2.648630165016500655e+02
2.599273332142834079e+02
6.351960499947267635e+00
1.004101933239416411e+01
9.265577557755781513e+00
9.254026204223631424e+00
6.351960499947264083e+00
1.004101933239416056e+01
9.265577557755769078e+00
9.254026204223627872e+00
2.911080764833613443e-01
2.105102894618327558e-01
2.318845147214291524e-01
2.225846861427762946e-01
2.911080764833616774e-01
2.105102894618328391e-01
2.318845147214290969e-01
2.225846861427760170e-01
2.815192948579970517e-02
2.247347021640623554e-02
2.421933562296542039e-02
2.309815747987542175e-02
2.815192948579973292e-02
2.247347021640624595e-02
2.421933562296541345e-02
2.309815747987542869e-02
9.554184569727779408e-01
8.908078775628236468e-01
9.070545962190985634e-01
9.088218143446896713e-01
9.554184569727789400e-01
8.908078775628254231e-01
9.070545962190975642e-01
9.088218143446888941e-01
7.925311337734387970e-04
5.050568635676981827e-04
5.865762180178417384e-04
5.335248789651248153e-04
7.925311337734404233e-04
5.050568635676986164e-04
5.865762180178414132e-04
5.335248789651251405e-04
