1.792204964436057146e+00
2.664033778619007364e+00
2.706107078204745608e+00
5.688591222897631638e+00
1.792204964436056258e+00
2.664033778619006476e+00
2.706107078204745608e+00
5.688591222897632527e+00
6.395824260899014568e-01
8.311311712105217131e-01
7.771131386640353078e-01
1.102488503864399227e+00
6.395824260899010127e-01
8.311311712105217131e-01
7.771131386640349747e-01
1.102488503864400782e+00
7.576853254702721197e-01
6.967220829564890749e-01
7.278847743524829994e-01
6.653844348037136758e-01
7.576853254702721197e-01
6.967220829564896301e-01
7.278847743524833325e-01
6.653844348037140088e-01
8.363003918158828931e-02
7.356698287315364959e-02
7.973301956235118171e-02
7.236556480755353127e-02
8.363003918158820604e-02
7.356698287315363571e-02
7.973301956235118171e-02
7.236556480755353127e-02
9.988469165487279255e-01
9.982735247856986405e-01
9.982291535394306470e-01
9.962889744137802817e-01
9.988469165487272594e-01
9.982735247856981964e-01
9.982291535394285376e-01
9.962889744137815029e-01
6.993983453513992476e-03
5.412100969058883035e-03
6.357354408530277272e-03
5.236774969916231127e-03
6.993983453513977731e-03
5.412100969058881300e-03
6.357354408530276405e-03
5.236774969916231127e-03
