5.709557142857142935e+02
1.091652283137702852e+03
7.260480391387762893e+02
9.198696321213845977e+02
5.709557142857141798e+02
1.091652283137703307e+03
7.260480391387761756e+02
9.198696321213856208e+02
1.602991428571428401e+01
2.166334812482105932e+01
1.742962080745121156e+01
2.010639135413683576e+01
1.602991428571427335e+01
2.166334812482104510e+01
1.742962080745122222e+01
2.010639135413683221e+01
9.032640186109608393e-02
7.274250860728927182e-02
9.007655613190963806e-02
7.484904763056621224e-02
9.032640186109620883e-02
7.274250860728928569e-02
9.007655613190958255e-02
7.484904763056628163e-02
9.205665957131273572e-03
8.251973525871970222e-03
9.080560106776058155e-03
8.434853371468811409e-03
9.205665957131275307e-03
8.251973525871968487e-03
9.080560106776065094e-03
8.434853371468823552e-03
9.305331440984608848e-01
8.671777369176605355e-01
9.116533278626366421e-01
8.880826411251417918e-01
9.305331440984618840e-01
8.671777369176605355e-01
9.116533278626353098e-01
8.880826411251424579e-01
8.474428571428564564e-05
6.809506707169188714e-05
8.245657185277280158e-05
7.114675139817878459e-05
8.474428571428567274e-05
6.809506707169184648e-05
8.245657185277293711e-05
7.114675139817898787e-05
