1.886991595130560029e+02
3.839088116352465363e+02
2.686974850299402533e+02
4.139166776667108820e+02
1.886991595130558892e+02
3.839088116352466500e+02
2.686974850299401396e+02
4.139166776667108252e+02
8.649316543534823154e+00
1.240219360877442689e+01
9.500347305389222896e+00
1.224019896079583347e+01
8.649316543534842694e+00
1.240219360877443755e+01
9.500347305389226449e+00
1.224019896079585124e+01
2.202328240949624760e-01
1.629012062172907616e-01
2.003454272694750182e-01
1.664963087051299917e-01
2.202328240949623650e-01
1.629012062172907893e-01
2.003454272694748795e-01
1.664963087051299639e-01
1.853855616430481745e-02
1.574909725249499723e-02
1.792662964258560920e-02
1.608201868692055517e-02
1.853855616430483480e-02
1.574909725249499029e-02
1.792662964258559880e-02
1.608201868692056211e-02
9.709026832015915653e-01
9.408081194416781923e-01
9.585702813034483460e-01
9.361832031209215144e-01
9.709026832015910102e-01
9.408081194416778592e-01
9.585702813034492342e-01
9.361832031209218474e-01
3.436780646570841962e-04
2.480340642685454591e-04
3.213640503424289915e-04
2.586313250464619662e-04
3.436780646570847925e-04
2.480340642685452423e-04
3.213640503424286120e-04
2.586313250464621831e-04
