5.516775417501661138e+01
1.285983357088507830e+02
6.533654010695190095e+01
7.561980645783548027e+01
5.516775417501666823e+01
1.285983357088508399e+02
6.533654010695187253e+01
7.561980645783548027e+01
4.279759519038069726e+00
6.576045138405143931e+00
4.769139037433158812e+00
5.162185333233308526e+00
4.279759519038070614e+00
6.576045138405151924e+00
4.769139037433150818e+00
5.162185333233309414e+00
3.034908125760851783e-01
2.220759192972893703e-01
2.775627198440873689e-01
2.500250446551078309e-01
3.034908125760855113e-01
2.220759192972893981e-01
2.775627198440867582e-01
2.500250446551076644e-01
2.247656066266949873e-02
1.875561506399902115e-02
2.148690518161023091e-02
1.981632212660904696e-02
2.247656066266948485e-02
1.875561506399902462e-02
2.148690518161020663e-02
1.981632212660904696e-02
9.954679402340524952e-01
9.894234331530427085e-01
9.946252545456278904e-01
9.937824314409321458e-01
9.954679402340511629e-01
9.894234331530429305e-01
9.946252545456274463e-01
9.937824314409308135e-01
5.051957792226619308e-04
3.517730964289069546e-04
4.616870942835085852e-04
3.926866226255352772e-04
5.051957792226612802e-04
3.517730964289071172e-04
4.616870942835076094e-04
3.926866226255352772e-04
