2.864848704125815857e+02
6.134928993080760620e+02
4.531642320786151572e+02
5.948796208932119498e+02
2.864848704125814720e+02
6.134928993080757209e+02
4.531642320786154414e+02
5.948796208932119498e+02
1.008653231544799311e+01
1.518984371219819174e+01
1.258418040901079848e+01
1.507193230754345059e+01
1.008653231544798068e+01
1.518984371219819884e+01
1.258418040901080204e+01
1.507193230754344171e+01
1.629999212851744317e-01
1.120357551295576015e-01
1.487960851451823607e-01
1.103821595516086274e-01
1.629999212851745982e-01
1.120357551295575321e-01
1.487960851451824718e-01
1.103821595516086274e-01
1.263837987240736850e-02
1.037008477903422071e-02
1.178826816962495576e-02
1.037059627254936951e-02
1.263837987240736850e-02
1.037008477903422071e-02
1.178826816962496617e-02
1.037059627254937125e-02
9.497788276939140850e-01
8.924689326744579265e-01
9.205741013308796905e-01
8.957342897902786927e-01
9.497788276939130858e-01
8.924689326744579265e-01
9.205741013308801346e-01
8.957342897902799139e-01
1.597286457992716838e-04
1.075386583243572396e-04
1.389632664389928889e-04
1.075492670482148638e-04
1.597286457992717109e-04
1.075386583243572396e-04
1.389632664389931600e-04
1.075492670482149044e-04
