5.897648127580454229e+02
8.800863514298177961e+02
5.435026110447801102e+02
8.416773298011330553e+02
5.897648127580454229e+02
8.800863514298165455e+02
5.435026110447798828e+02
8.416773298011330553e+02
1.496620349131998040e+01
1.818357163594138726e+01
1.393499523620006642e+01
1.810010524023807221e+01
1.496620349131997685e+01
1.818357163594137305e+01
1.393499523620005576e+01
1.810010524023808287e+01
1.450728331180458630e-01
1.240093988107022760e-01
1.581308364743297112e-01
1.248220778686382898e-01
1.450728331180456687e-01
1.240093988107021650e-01
1.581308364743297112e-01
1.248220778686382898e-01
1.290606276119712383e-02
1.169542158283968722e-02
1.349396267578862642e-02
1.181113723556607639e-02
1.290606276119711342e-02
1.169542158283968375e-02
1.349396267578862642e-02
1.181113723556607466e-02
9.438377466121329329e-01
9.161984721525758824e-01
9.482212840819908006e-01
9.198512662989761779e-01
9.438377466121327108e-01
9.161984721525763264e-01
9.482212840819906896e-01
9.198512662989757338e-01
1.665664559959591088e-04
1.367828860003523822e-04
1.820870286955765343e-04
1.395029627973754427e-04
1.665664559959588648e-04
1.367828860003522738e-04
1.820870286955765614e-04
1.395029627973754156e-04
