7.897923173674675468e+01
1.185908383031122213e+02
6.915369879518067364e+01
1.172288794456383698e+02
7.897923173674665520e+01
1.185908383031121076e+02
6.915369879518074470e+01
1.172288794456384267e+02
4.472043185470040427e+00
5.487511166912135252e+00
3.989674698795179442e+00
5.663302508631719689e+00
4.472043185470035986e+00
5.487511166912134364e+00
3.989674698795176333e+00
5.663302508631718801e+00
3.447811471080884926e-01
2.893191720996539096e-01
3.789004203492526979e-01
2.807163146518960595e-01
3.447811471080883816e-01
2.893191720996535210e-01
3.789004203492523648e-01
2.807163146518958929e-01
2.425099897572333477e-02
2.166236899221872861e-02
2.623471359508562986e-02
2.115477788064107009e-02
2.425099897572333477e-02
2.166236899221871126e-02
2.623471359508563333e-02
2.115477788064106315e-02
9.813977703687936094e-01
9.720367557183391405e-01
9.837181612103929051e-01
9.723623535043398602e-01
9.813977703687940535e-01
9.720367557183389184e-01
9.837181612103922390e-01
9.723623535043394162e-01
5.881109513205341538e-04
4.692582303550395261e-04
6.882601974161707591e-04
4.475246271792606540e-04
5.881109513205341538e-04
4.692582303550386588e-04
6.882601974161708675e-04
4.475246271792604372e-04
