1.890308510354041118e+02
3.598128449412193390e+02
1.972233101604276158e+02
2.845780277131802904e+02
1.890308510354040266e+02
3.598128449412192253e+02
1.972233101604275873e+02
2.845780277131800062e+02
7.439615230460923989e+00
1.029198503959791111e+01
7.423459893048120151e+00
9.565039169247588902e+00
7.439615230460917772e+00
1.029198503959791999e+01
7.423459893048126368e+00
9.565039169247576467e+00
2.727068589613013128e-01
1.966275237558465505e-01
2.403581438091187128e-01
1.898119314313452821e-01
2.727068589613010352e-01
1.966275237558465228e-01
2.403581438091189348e-01
1.898119314313452266e-01
1.744965535263705986e-02
1.450554844346451169e-02
1.671657582942431830e-02
1.450787002964579013e-02
1.744965535263705986e-02
1.450554844346452210e-02
1.671657582942433218e-02
1.450787002964578146e-02
9.742640293650434158e-01
9.509161835579367228e-01
9.731243346669290473e-01
9.611698547323419550e-01
9.742640293650441929e-01
9.509161835579363897e-01
9.731243346669286032e-01
9.611698547323421771e-01
3.044904719258151381e-04
2.104109356456956999e-04
2.794439074608933088e-04
2.104782927970945394e-04
3.044904719258151923e-04
2.104109356456960252e-04
2.794439074608937967e-04
2.104782927970942684e-04
