5.054047734022261693e+02
5.926783459137760701e+02
3.595189948985129718e+02
6.700130340639680071e+02
5.054047734022257714e+02
5.926783459137757291e+02
3.595189948985131991e+02
6.700130340639672113e+02
1.309334331313227473e+01
1.454779963226400241e+01
1.125746831168518192e+01
1.529738834857504592e+01
1.309334331313226940e+01
1.454779963226400952e+01
1.125746831168518902e+01
1.529738834857503349e+01
1.607097562852744244e-01
1.338961154258584418e-01
1.685287482493774969e-01
1.310383724870962663e-01
1.607097562852744521e-01
1.338961154258583586e-01
1.685287482493775801e-01
1.310383724870962108e-01
1.536739326669796582e-02
1.464422925668299423e-02
1.590102627723580589e-02
1.446170187444653817e-02
1.536739326669797276e-02
1.464422925668298556e-02
1.590102627723580936e-02
1.446170187444652255e-02
9.325646472020479028e-01
9.209320069331926595e-01
9.520724263662266873e-01
9.106147331889707930e-01
9.325646472020483468e-01
9.209320069331917713e-01
9.520724263662272424e-01
9.106147331889710150e-01
2.361567758133539959e-04
2.144534505222901841e-04
2.528426366693435775e-04
2.091408211053705116e-04
2.361567758133542127e-04
2.144534505222899130e-04
2.528426366693437401e-04
2.091408211053700779e-04
