5.019260761523042333e+02
7.085496715355851620e+02
4.590952192513377099e+02
6.751864316869039158e+02
5.019260761523044607e+02
7.085496715355852757e+02
4.590952192513370278e+02
6.751864316869042568e+02
1.633330126920506231e+01
1.940428986314875459e+01
1.542326203208556912e+01
1.908269480136743823e+01
1.633330126920506586e+01
1.940428986314880078e+01
1.542326203208557800e+01
1.908269480136744889e+01
7.408225489040351497e-02
6.261026727636641309e-02
7.800209852348957695e-02
6.283387129325924969e-02
7.408225489040343170e-02
6.261026727636646860e-02
7.800209852348956308e-02
6.283387129325927745e-02
1.134177987231894773e-02
1.057589002201730390e-02
1.170657002008542065e-02
1.060538868522834313e-02
1.134177987231894946e-02
1.057589002201730910e-02
1.170657002008541545e-02
1.060538868522834487e-02
7.985547261082229786e-01
7.152971648780351854e-01
8.155219337676893332e-01
7.287073760670339517e-01
7.985547261082227566e-01
7.152971648780352965e-01
8.155219337676899993e-01
7.287073760670339517e-01
1.286359706721392014e-04
1.118494497578051828e-04
1.370437816351627856e-04
1.124742691647693518e-04
1.286359706721392285e-04
1.118494497578052642e-04
1.370437816351626501e-04
1.124742691647693924e-04
