2.923221290111541748e-01
1.760948449373245239e-01
1.249878183007240295e-01
2.661617472767829895e-02
4.747011139988899231e-02
2.573182620108127594e-02
5.440331250429153442e-02
7.627972960472106934e-02
1.251430809497833252e-01
2.923221290111541748e-01
1.819277107715606689e-01
6.786214560270309448e-02
3.587009757757186890e-02
7.574733346700668335e-02
7.366947829723358154e-02
1.780738234519958496e-01
1.732175648212432861e-01
2.457895427942276001e-01
2.923221290111541748e-01
1.816903948783874512e-01
7.116861641407012939e-02
1.589388400316238403e-02
6.114930287003517151e-02
7.372365891933441162e-02
1.397237926721572876e-01
1.675677597522735596e-01
2.923221290111541748e-01
2.923221290111541748e-01
1.512631475925445557e-01
4.473330825567245483e-02
2.650152333080768585e-02
8.334701508283615112e-02
1.052171811461448669e-01
2.356745451688766479e-01
2.077036052942276001e-01
2.923221290111541748e-01
1.424219906330108643e-01
6.243170425295829773e-02
1.675244607031345367e-02
1.929792575538158417e-02
2.612294442951679230e-02
1.029687970876693726e-01
2.781800329685211182e-01
1.618336737155914307e-01
1.669410616159439087e-01
1.616958230733871460e-01
5.659598484635353088e-02
6.746132858097553253e-03
1.803580857813358307e-02
4.658902436494827271e-02
1.987621784210205078e-01
2.988795638084411621e-01
2.988795638084411621e-01
2.988795638084411621e-01
1.031304299831390381e-01
4.588410258293151855e-02
1.726373657584190369e-02
1.229892671108245850e-02
1.803744211792945862e-02
7.555796205997467041e-02
2.133740186691284180e-01
2.108776569366455078e-01
2.447408437728881836e-01
7.543854415416717529e-02
3.041731007397174835e-02
7.873602211475372314e-03
1.440553087741136551e-02
6.101941317319869995e-02
2.766471505165100098e-01
2.988795638084411621e-01
2.988795638084411621e-01
2.348303794860839844e-01
8.822609484195709229e-02
4.550053179264068604e-02
2.112421952188014984e-02
2.425062470138072968e-02
7.546247541904449463e-02
1.979707032442092896e-01
2.771177291870117188e-01
2.902468740940093994e-01
2.512758076190948486e-01
1.050530672073364258e-01
8.368725329637527466e-02
3.689196333289146423e-02
3.164719790220260620e-02
3.975079581141471863e-02
7.473450154066085815e-02
1.003671362996101379e-01
7.087381184101104736e-02
8.794426918029785156e-02
6.290953606367111206e-02
4.524658992886543274e-02
2.339977398514747620e-02
2.767767570912837982e-02
9.777629375457763672e-02
3.190803527832031250e-01
3.190803527832031250e-01
3.190803527832031250e-01
1.706171780824661255e-01
1.013330817222595215e-01
9.761717915534973145e-02
5.392827466130256653e-02
3.509974107146263123e-02
4.902138188481330872e-02
2.156113982200622559e-01
3.190803527832031250e-01
3.190803527832031250e-01
1.964217573404312134e-01
1.207037940621376038e-01
9.819290786981582642e-02
4.951659962534904480e-02
3.099434077739715576e-02
1.282315235584974289e-02
2.581720612943172455e-02
4.407294094562530518e-02
4.299247264862060547e-02
8.278845250606536865e-02
9.267830848693847656e-02
1.080215275287628174e-01
7.576800882816314697e-02
4.290990903973579407e-02
6.171923875808715820e-02
9.301666170358657837e-02
9.724414348602294922e-02
9.639430791139602661e-02
2.157128304243087769e-01
1.425351500511169434e-01
1.071254909038543701e-01
1.100659742951393127e-01
6.039010733366012573e-02
4.904729872941970825e-02
1.015111654996871948e-01
2.284896224737167358e-01
2.734943330287933350e-01
1.950532793998718262e-01
2.734943330287933350e-01
2.515265643596649170e-01
2.518339753150939941e-01
2.734943330287933350e-01
2.734943330287933350e-01
2.734943330287933350e-01
2.734943330287933350e-01
2.275713086128234863e-01
2.734943330287933350e-01
6.895355135202407837e-02
5.904063209891319275e-02
1.701069436967372894e-02
1.063275337219238281e-02
2.379036135971546173e-02
4.385837912559509277e-02
6.909626722335815430e-02
1.072409003973007202e-01
2.242250442504882812e-01
7.159634679555892944e-02
3.457088768482208252e-02
4.503091797232627869e-03
1.846250379458069801e-03
1.510178484022617340e-02
3.531185165047645569e-02
5.639311671257019043e-02
1.901483088731765747e-01
2.662803530693054199e-01
3.149842917919158936e-01
2.217733263969421387e-01
1.028734818100929260e-01
1.270391643047332764e-01
1.475989669561386108e-01
1.311659514904022217e-01
1.742511838674545288e-01
2.667316198348999023e-01
3.149842917919158936e-01
3.149842917919158936e-01
1.490530818700790405e-01
4.726822674274444580e-02
3.967353701591491699e-02
1.141998618841171265e-01
9.934756904840469360e-02
1.992239505052566528e-01
3.149842917919158936e-01
3.149842917919158936e-01
5.774098634719848633e-02
1.443562936037778854e-02
2.592367352917790413e-03
1.294400077313184738e-02
2.614846825599670410e-02
4.869355633854866028e-02
7.082873582839965820e-02
2.382936328649520874e-01
2.474159449338912964e-01
5.400316417217254639e-02
4.689138382673263550e-03
2.303431509062647820e-03
1.828337088227272034e-02
1.167355850338935852e-02
3.024736046791076660e-02
8.305921405553817749e-02
2.389742583036422729e-01
2.019361555576324463e-01
1.263447254896163940e-01
7.605580985546112061e-02
3.220327198505401611e-02
9.896998107433319092e-02
1.503342539072036743e-01
1.533159166574478149e-01
3.175011277198791504e-01
3.175011277198791504e-01
3.175011277198791504e-01
1.384969204664230347e-01
3.154440969228744507e-02
3.650470077991485596e-02
1.257316917181015015e-01
9.551358222961425781e-02
1.749907135963439941e-01
3.175011277198791504e-01
3.175011277198791504e-01
3.132785558700561523e-01
1.108777970075607300e-01
9.654258377850055695e-03
5.395875778049230576e-03
9.887397289276123047e-03
9.519329294562339783e-03
2.879820950329303741e-02
5.911415815353393555e-02
1.823550909757614136e-01
2.229428589344024658e-01
2.427589446306228638e-01
2.737962082028388977e-02
4.627166781574487686e-03
1.945203868672251701e-03
3.658669535070657730e-03
4.294356331229209900e-03
5.340445786714553833e-03
1.723646000027656555e-02
1.396742016077041626e-01
3.522675633430480957e-01
3.801967576146125793e-02
2.531255036592483521e-02
5.124536529183387756e-02
3.776309639215469360e-02
2.327221632003784180e-01
3.522675633430480957e-01
3.522675633430480957e-01
3.522675633430480957e-01
3.522675633430480957e-01
2.993896976113319397e-02
6.915957666933536530e-03
1.545807463116943836e-03
6.633910816162824631e-03
3.677480295300483704e-02
5.893824249505996704e-02
7.970459759235382080e-02
3.522675633430480957e-01
2.837845385074615479e-01
2.355360053479671478e-02
6.729587446898221970e-03
2.439558273181319237e-03
1.204011496156454086e-03
0.000000000000000000e+00
6.545114447362720966e-04
1.695265620946884155e-02
1.769078075885772705e-01
2.930480539798736572e-01
4.176725819706916809e-02
5.272818263620138168e-03
2.823917428031563759e-03
1.546819577924907207e-03
0.000000000000000000e+00
1.976048573851585388e-03
3.200256079435348511e-02
2.359949350357055664e-01
4.294681549072265625e-01
1.295930054038763046e-02
1.638765912503004074e-03
2.823382150381803513e-03
2.545909082982689142e-04
2.389813540503382683e-03
1.586294034495949745e-03
6.571311503648757935e-03
4.294681549072265625e-01
4.294681549072265625e-01
1.853837072849273682e-02
1.013122266158461571e-03
9.595017763786017895e-04
1.697272819001227617e-05
1.593209162820130587e-04
1.103379472624510527e-04
1.599071174860000610e-02
4.294681549072265625e-01
2.945983111858367920e-01
1.253292262554168701e-01
3.228954970836639404e-03
1.391038298606872559e-03
2.942526247352361679e-03
0.000000000000000000e+00
1.558273565024137497e-03
1.873105950653553009e-02
1.035947129130363464e-01
3.854975402355194092e-01
3.256328701972961426e-01
3.658238565549254417e-03
4.110424779355525970e-04
3.868291154503822327e-03
0.000000000000000000e+00
1.038849077303893864e-04
4.666811786592006683e-03
3.819833323359489441e-02
3.854975402355194092e-01
9.096983075141906738e-02
3.693833423312753439e-04
0.000000000000000000e+00
0.000000000000000000e+00
0.000000000000000000e+00
1.038849077303893864e-04
7.972502149641513824e-03
3.854975402355194092e-01
3.854975402355194092e-01
3.854975402355194092e-01
1.903859316371381283e-03
0.000000000000000000e+00
0.000000000000000000e+00
0.000000000000000000e+00
6.925660727574722841e-06
4.808804806089028716e-05
1.536761671304702759e-01
2.981242239475250244e-01
3.611138761043548584e-01
8.111722767353057861e-03
0.000000000000000000e+00
1.296314294449985027e-03
0.000000000000000000e+00
0.000000000000000000e+00
4.292452067602425814e-04
2.052182331681251526e-02
3.611138761043548584e-01
3.611138761043548584e-01
8.754573762416839600e-03
0.000000000000000000e+00
1.674449304118752480e-03
0.000000000000000000e+00
0.000000000000000000e+00
0.000000000000000000e+00
3.531987965106964111e-02
3.611138761043548584e-01
3.611138761043548584e-01
2.653001807630062103e-02
3.192082658642902970e-05
0.000000000000000000e+00
0.000000000000000000e+00
0.000000000000000000e+00
0.000000000000000000e+00
1.514298096299171448e-02
3.418974876403808594e-01
3.611138761043548584e-01
7.362136244773864746e-02
2.036851597949862480e-03
0.000000000000000000e+00
0.000000000000000000e+00
0.000000000000000000e+00
0.000000000000000000e+00
5.270228721201419830e-03
3.631549775600433350e-01
1.799938827753067017e-01
1.535728690214455128e-03
0.000000000000000000e+00
1.506920321844518185e-03
0.000000000000000000e+00
0.000000000000000000e+00
0.000000000000000000e+00
1.511776596307754517e-01
3.631549775600433350e-01
2.809850685298442841e-02
1.633642968954518437e-04
0.000000000000000000e+00
1.387692871503531933e-03
0.000000000000000000e+00
0.000000000000000000e+00
9.216958656907081604e-03
3.631549775600433350e-01
3.631549775600433350e-01
3.631549775600433350e-01
4.884617403149604797e-02
7.655872497707605362e-03
2.371970549575053155e-05
0.000000000000000000e+00
0.000000000000000000e+00
0.000000000000000000e+00
5.340033024549484253e-02
3.631549775600433350e-01
1.093760207295417786e-01
2.402728982269763947e-02
9.573160670697689056e-03
2.572606783360242844e-03
0.000000000000000000e+00
0.000000000000000000e+00
7.157875690609216690e-03
3.618880212306976318e-01
2.765038609504699707e-01
3.183107357472181320e-03
6.342247943393886089e-04
0.000000000000000000e+00
1.100351451896131039e-03
0.000000000000000000e+00
0.000000000000000000e+00
3.544687479734420776e-02
4.309130609035491943e-01
2.179512977600097656e-01
1.182060316205024719e-02
3.832350252196192741e-03
2.383584069320932031e-04
2.390635199844837189e-03
3.579446347430348396e-04
0.000000000000000000e+00
4.955546557903289795e-02
4.309130609035491943e-01
2.804045975208282471e-01
2.333813905715942383e-02
1.064885780215263367e-02
2.092594048008322716e-03
4.672224167734384537e-03
0.000000000000000000e+00
0.000000000000000000e+00
5.396087467670440674e-02
4.309130609035491943e-01
1.519857645034790039e-01
1.401416957378387451e-02
3.662191331386566162e-03
5.268993554636836052e-04
1.363910967484116554e-03
0.000000000000000000e+00
0.000000000000000000e+00
1.399122029542922974e-01
4.309130609035491943e-01
2.736048400402069092e-01
3.190543130040168762e-02
1.006104797124862671e-02
1.998905325308442116e-03
4.233715590089559555e-03
9.886339539662003517e-04
0.000000000000000000e+00
1.593644544482231140e-02
3.887635767459869385e-01
3.499342203140258789e-01
7.389094680547714233e-02
4.385606944561004639e-02
1.358545850962400436e-02
6.313797552138566971e-03
4.493790911510586739e-04
0.000000000000000000e+00
4.124153347220271826e-04
3.233836889266967773e-01
2.733139991760253906e-01
9.127344004809856415e-03
7.502385415136814117e-04
5.353686865419149399e-04
0.000000000000000000e+00
0.000000000000000000e+00
0.000000000000000000e+00
7.348281890153884888e-02
3.887635767459869385e-01
3.887635767459869385e-01
1.875084079802036285e-02
2.874891739338636398e-03
2.097632823279127479e-04
0.000000000000000000e+00
0.000000000000000000e+00
2.144120371667668223e-04
1.134329009801149368e-02
3.887635767459869385e-01
2.440299987792968750e-01
9.320826083421707153e-02
9.447364509105682373e-02
2.794989757239818573e-02
6.749905180186033249e-03
0.000000000000000000e+00
0.000000000000000000e+00
2.782596042379736900e-03
1.874551028013229370e-01
1.075730547308921814e-01
1.670294106006622314e-01
2.939313054084777832e-01
2.390890270471572876e-01
3.694145753979682922e-02
0.000000000000000000e+00
0.000000000000000000e+00
5.716543179005384445e-03
8.319371938705444336e-02
3.527595698833465576e-01
8.423865586519241333e-02
3.397101908922195435e-02
1.851305481977760792e-03
0.000000000000000000e+00
0.000000000000000000e+00
1.031133579090237617e-03
3.929903358221054077e-02
3.527595698833465576e-01
2.766284644603729248e-01
3.527595698833465576e-01
3.527595698833465576e-01
6.932895630598068237e-02
4.168066661804914474e-03
0.000000000000000000e+00
8.019928936846554279e-04
4.222944751381874084e-02
3.182798922061920166e-01
1.298213098198175430e-02
9.445512294769287109e-02
2.566582858562469482e-01
3.249885439872741699e-01
1.453890800476074219e-01
0.000000000000000000e+00
0.000000000000000000e+00
1.035685883834958076e-03
7.405938114970922470e-03
5.759298801422119141e-03
4.964549839496612549e-02
1.566521674394607544e-01
3.249885439872741699e-01
2.532272934913635254e-01
3.179316641762852669e-03
3.052440006285905838e-03
3.493147436529397964e-03
3.122994909062981606e-03
1.103443503379821777e-01
3.249885439872741699e-01
3.249885439872741699e-01
1.775415241718292236e-01
2.197295427322387695e-02
0.000000000000000000e+00
0.000000000000000000e+00
3.037828952074050903e-03
2.691940777003765106e-02
2.901408672332763672e-01
3.249885439872741699e-01
3.200801908969879150e-01
2.041858732700347900e-01
6.806008517742156982e-02
2.472801832482218742e-03
3.149179974570870399e-03
2.975904615595936775e-03
5.838377773761749268e-02
1.366756856441497803e-01
6.515840440988540649e-02
5.092008411884307861e-02
2.251992560923099518e-02
2.205275744199752808e-02
7.587775588035583496e-02
1.346330791711807251e-01
1.882967501878738403e-01
2.735865116119384766e-01
1.581754088401794434e-01
7.313181459903717041e-02
5.071400105953216553e-02
4.497506469488143921e-02
2.923486381769180298e-02
7.250999659299850464e-02
2.427425533533096313e-01
1.336447447538375854e-01
2.735865116119384766e-01
2.735865116119384766e-01
9.700946509838104248e-02
1.001223549246788025e-01
5.989663302898406982e-02
3.082226030528545380e-02
1.234239935874938965e-01
2.214000523090362549e-01
2.155353128910064697e-01
2.735865116119384766e-01
2.640421390533447266e-01
1.203343495726585388e-01
1.293614506721496582e-01
9.572564810514450073e-02
5.985285714268684387e-02
1.457712799310684204e-01
2.735865116119384766e-01
2.735865116119384766e-01
2.735865116119384766e-01
9.443497657775878906e-02
3.203146532177925110e-02
2.747233025729656219e-02
3.247925266623497009e-02
1.981214061379432678e-02
3.983562812209129333e-02
2.234762310981750488e-01
2.059018462896347046e-01
2.890071868896484375e-01
4.869660735130310059e-02
7.150028366595506668e-03
1.692284643650054932e-02
2.005110122263431549e-02
3.675655275583267212e-02
1.046409755945205688e-01
2.912061512470245361e-01
2.991842031478881836e-01
2.039606422185897827e-01
1.017329022288322449e-01
5.087519437074661255e-02
8.345470577478408813e-02
5.354681983590126038e-02
4.865604639053344727e-02
1.443562507629394531e-01
2.991842031478881836e-01
2.991842031478881836e-01
2.991842031478881836e-01
5.815695226192474365e-02
2.172249369323253632e-02
2.179309912025928497e-02
1.260681729763746262e-02
1.838322356343269348e-02
1.026899516582489014e-01
2.991842031478881836e-01
2.991842031478881836e-01
2.592070102691650391e-01
3.977122902870178223e-02
2.039283514022827148e-02
1.871166937053203583e-02
1.844641380012035370e-02
4.078112170100212097e-02
1.875301599502563477e-01
3.073636889457702637e-01
3.073636889457702637e-01
1.769160926342010498e-01
7.028353959321975708e-02
4.516761004924774170e-02
2.653289586305618286e-02
2.770274318754673004e-02
2.730288729071617126e-02
2.249927371740341187e-01
3.073636889457702637e-01
3.073636889457702637e-01
3.073636889457702637e-01
5.947088450193405151e-02
3.246400132775306702e-02
2.053686417639255524e-02
8.809164166450500488e-03
2.041825838387012482e-02
5.827554315328598022e-02
1.109113991260528564e-01
3.044846057891845703e-01
2.198946624994277954e-01
8.823560923337936401e-02
5.864530056715011597e-02
2.262214943766593933e-02
2.436099946498870850e-02
2.539117820560932159e-02
1.350975930690765381e-01
2.333115786314010620e-01
3.073636889457702637e-01
2.269986271858215332e-01
4.592781141400337219e-02
3.782059624791145325e-02
2.419621869921684265e-02
2.673890814185142517e-02
4.385505244135856628e-02
1.198057532310485840e-01
2.534161210060119629e-01
2.668260037899017334e-01
1.556866317987442017e-01
2.438609749078750610e-01
7.982968538999557495e-02
5.924881249666213989e-02
1.478041708469390869e-01
2.101931571960449219e-01
2.668260037899017334e-01
2.668260037899017334e-01
2.668260037899017334e-01
2.468617558479309082e-01
6.033425033092498779e-02
6.974911689758300781e-02
1.259566750377416611e-02
1.707549206912517548e-02
4.091844335198402405e-02
1.130269691348075867e-01
2.029400765895843506e-01
2.239768356084823608e-01
1.142926961183547974e-01
1.493586748838424683e-01
7.427600771188735962e-02
7.679508998990058899e-03
1.817315816879272461e-02
7.815642654895782471e-02
2.410789579153060913e-01
2.668260037899017334e-01
2.668260037899017334e-01
2.097688913345336914e-01
2.626261711120605469e-01
8.577736467123031616e-02
4.021162912249565125e-02
7.200155407190322876e-02
1.206672787666320801e-01
1.093724742531776428e-01
2.091889977455139160e-01
2.241863012313842773e-01
2.626261711120605469e-01
2.626261711120605469e-01
1.075374856591224670e-01
3.348928317427635193e-02
4.236891120672225952e-02
1.079346612095832825e-01
4.754510521888732910e-02
1.625290960073471069e-01
2.626261711120605469e-01
2.626261711120605469e-01
1.766333281993865967e-01
2.340697124600410461e-02
4.727249965071678162e-03
9.784207679331302643e-03
3.763392567634582520e-02
1.024120450019836426e-01
2.626261711120605469e-01
2.626261711120605469e-01
1.964869797229766846e-01
2.554289996623992920e-01
5.868861451745033264e-02
1.533000078052282333e-02
2.559472434222698212e-02
4.891071096062660217e-02
6.929823756217956543e-02
2.030176371335983276e-01
2.626261711120605469e-01
2.360526472330093384e-01
2.380695939064025879e-01
1.311141550540924072e-01
7.118482887744903564e-02
9.971915930509567261e-02
1.307545900344848633e-01
1.090124845504760742e-01
2.559955120086669922e-01
2.559955120086669922e-01
2.559955120086669922e-01
1.156787127256393433e-01
4.856693372130393982e-02
5.819747969508171082e-02
9.808868914842605591e-02
1.001862287521362305e-01
1.516286879777908325e-01
2.559955120086669922e-01
2.559955120086669922e-01
1.584388166666030884e-01
2.465836852788925171e-01
1.128673627972602844e-01
6.360987573862075806e-02
6.900045275688171387e-02
8.294423669576644897e-02
1.099587678909301758e-01
1.898586899042129517e-01
2.559955120086669922e-01
2.559955120086669922e-01
7.624602317810058594e-02
4.755319654941558838e-02
4.191999882459640503e-02
4.990461468696594238e-02
9.652227908372879028e-02
1.319326609373092651e-01
2.559955120086669922e-01
2.488995194435119629e-01
1.734046936035156250e-01
2.321397513151168823e-01
4.367665946483612061e-02
2.525755390524864197e-02
2.763403020799160004e-02
3.446419909596443176e-02
1.380929946899414062e-01
2.753943204879760742e-01
2.753943204879760742e-01
2.646631300449371338e-01
2.753943204879760742e-01
2.753180451691150665e-02
1.567995548248291016e-02
3.678093664348125458e-03
5.921608302742242813e-03
2.344154380261898041e-02
1.162223890423774719e-01
2.319910824298858643e-01
2.753943204879760742e-01
9.433222562074661255e-02
4.419892653822898865e-02
1.252839434891939163e-02
1.734794490039348602e-02
7.706771790981292725e-02
1.469652950763702393e-01
2.753943204879760742e-01
2.753943204879760742e-01
2.516441047191619873e-01
1.700247377157211304e-01
5.745016410946846008e-02
3.053499385714530945e-02
3.656356036663055420e-02
5.484740436077117920e-02
4.694664850831031799e-02
1.794898808002471924e-01
2.753943204879760742e-01
2.753943204879760742e-01
3.064119815826416016e-01
9.567330591380596161e-03
5.462138447910547256e-03
6.691896822303533554e-03
1.230109599418938160e-03
6.263187155127525330e-03
5.745286494493484497e-02
1.456777751445770264e-01
3.064119815826416016e-01
3.064119815826416016e-01
7.602299097925424576e-03
2.393711358308792114e-02
4.752888809889554977e-03
7.712916471064090729e-03
1.148184109479188919e-02
3.336742520332336426e-02
1.051964163780212402e-01
3.064119815826416016e-01
2.072850018739700317e-01
5.148667842149734497e-02
2.687748521566390991e-02
5.873768031597137451e-02
2.790560759603977203e-02
3.024377860128879547e-02
1.148860827088356018e-01
3.064119815826416016e-01
3.064119815826416016e-01
2.158641219139099121e-01
5.870117619633674622e-02
1.234559863805770874e-01
6.468264758586883545e-02
8.956228941679000854e-02
1.889135688543319702e-01
1.738300621509552002e-01
3.064119815826416016e-01
3.064119815826416016e-01
2.907673716545104980e-01
1.647371426224708557e-02
2.844667434692382812e-02
7.764277514070272446e-03
1.028636191040277481e-02
9.325785562396049500e-03
9.473888203501701355e-03
2.472300454974174500e-02
2.907673716545104980e-01
2.907673716545104980e-01
9.760941565036773682e-02
1.433801092207431793e-02
6.465560290962457657e-03
4.172620829194784164e-03
1.152395270764827728e-03
1.549154054373502731e-02
5.107615888118743896e-02
2.078148573637008667e-01
1.942544132471084595e-01
6.522088497877120972e-02
2.146343141794204712e-01
9.858527779579162598e-02
1.528479456901550293e-01
1.906625330448150635e-01
9.487164020538330078e-02
1.699682325124740601e-01
2.408329397439956665e-01
2.907673716545104980e-01
1.866884827613830566e-01
2.494203746318817139e-01
2.147851735353469849e-01
1.929224878549575806e-01
1.089495718479156494e-01
8.534587919712066650e-02
2.520964145660400391e-01
2.907673716545104980e-01
2.320186793804168701e-01
1.206345260143280029e-01
8.625901304185390472e-03
6.595937884412705898e-04
5.792597075924277306e-04
0.000000000000000000e+00
5.852914415299892426e-03
2.820644341409206390e-02
1.345039606094360352e-01
1.668183505535125732e-01
1.493968665599822998e-01
2.804896980524063110e-02
1.498474855907261372e-03
2.931844210252165794e-05
0.000000000000000000e+00
1.367483637295663357e-03
2.641684748232364655e-02
1.666126847267150879e-01
3.861944973468780518e-01
1.130545809864997864e-01
7.073570787906646729e-02
9.131976962089538574e-02
4.947998374700546265e-02
3.005153872072696686e-02
3.351991623640060425e-02
1.427897363901138306e-01
3.861944973468780518e-01
3.861944973468780518e-01
1.000072434544563293e-01
8.825138211250305176e-02
8.368110656738281250e-02
3.443876653909683228e-02
6.599266827106475830e-02
4.807766899466514587e-02
3.861944973468780518e-01
3.861944973468780518e-01
1.558960080146789551e-01
1.095216125249862671e-01
3.387420624494552612e-02
5.514733027666807175e-03
3.843260928988456726e-04
0.000000000000000000e+00
2.488055732101202011e-03
2.874799445271492004e-02
1.647616177797317505e-01
1.986290812492370605e-01
3.859772905707359314e-02
2.054798230528831482e-02
8.905129507184028625e-03
3.348856698721647263e-03
0.000000000000000000e+00
4.525942727923393250e-03
7.182147353887557983e-03
1.937600076198577881e-01
3.701872229576110840e-01
6.142573431134223938e-02
1.285952478647232056e-01
8.196082711219787598e-02
1.384884715080261230e-01
2.288414686918258667e-01
1.250652074813842773e-01
3.701872229576110840e-01
3.701872229576110840e-01
3.701872229576110840e-01
2.210388146340847015e-02
5.336827039718627930e-02
2.330641821026802063e-02
1.014451980590820312e-01
1.226509958505630493e-01
5.848095566034317017e-02
1.404688209295272827e-01
3.701872229576110840e-01
2.182497084140777588e-01
2.517892047762870789e-02
1.281288359314203262e-02
3.563539823517203331e-03
6.831573788076639175e-03
9.667942649684846401e-04
5.076291505247354507e-03
1.799903996288776398e-02
2.859274744987487793e-01
2.605841159820556641e-01
2.947861328721046448e-02
6.713770795613527298e-03
1.971180317923426628e-03
3.043296979740262032e-03
2.841356210410594940e-03
1.508721732534468174e-03
5.137237161397933960e-02
3.945387303829193115e-01
3.945387303829193115e-01
3.069975785911083221e-02
5.287467967718839645e-03
1.820457167923450470e-03
2.863792935386300087e-03
1.243021339178085327e-03
1.025509182363748550e-02
3.570842370390892029e-02
3.945387303829193115e-01
3.945387303829193115e-01
1.011143103241920471e-01
1.879709213972091675e-02
1.730396528728306293e-03
2.114155562594532967e-03
3.653172403573989868e-03
5.573032889515161514e-03
5.181842297315597534e-02
3.945387303829193115e-01
1.732730120420455933e-01
1.126751583069562912e-02
4.075278528034687042e-03
1.853630645200610161e-03
2.858982479665428400e-04
1.740504754707217216e-03
2.263507485622540116e-04
2.184302918612957001e-02
3.144297003746032715e-01
2.804281711578369141e-01
1.960598491132259369e-02
5.064260214567184448e-03
1.407622359693050385e-03
8.072143536992371082e-04
1.737811136990785599e-03
2.189795020967721939e-03
9.070398285984992981e-03
3.462800085544586182e-01
3.473175168037414551e-01
2.102137804031372070e-01
3.126696869730949402e-02
1.887078862637281418e-03
5.643169279210269451e-04
2.926796441897749901e-03
5.343966651707887650e-03
2.160399034619331360e-02
3.473175168037414551e-01
3.473175168037414551e-01
3.473175168037414551e-01
1.332289427518844604e-01
5.489433649927377701e-03
5.424051545560359955e-03
1.386929955333471298e-02
1.996715366840362549e-02
2.715676836669445038e-02
3.473175168037414551e-01
2.166307121515274048e-01
5.492179468274116516e-02
4.310868307948112488e-02
9.727819822728633881e-03
3.355892375111579895e-03
5.643689539283514023e-03
7.058356422930955887e-03
2.699106372892856598e-02
2.250156700611114502e-01
1.159246191382408142e-01
3.143118619918823242e-01
3.014427423477172852e-01
2.716817334294319153e-02
3.914956934750080109e-03
6.677343510091304779e-03
5.114400759339332581e-03
2.468526363372802734e-02
8.291488140821456909e-02
3.178413808345794678e-01
3.178413808345794678e-01
2.259797006845474243e-01
4.477484151721000671e-02
2.132705040276050568e-02
2.551106736063957214e-02
6.126275658607482910e-02
3.716431930661201477e-02
3.140413463115692139e-01
3.050146400928497314e-01
3.178413808345794678e-01
3.178413808345794678e-01
1.086987778544425964e-01
4.597245529294013977e-02
3.093536384403705597e-02
5.717920884490013123e-02
3.095049783587455750e-02
8.883949369192123413e-02
2.102414071559906006e-01
3.010775744915008545e-01
3.010775744915008545e-01
1.790686510503292084e-02
1.540880417451262474e-03
2.729359548538923264e-03
2.023613080382347107e-03
8.667550049722194672e-03
2.574054710566997528e-02
3.010775744915008545e-01
3.010775744915008545e-01
2.251241803169250488e-01
1.832842081785202026e-02
8.079348132014274597e-03
7.000450510531663895e-03
4.871260840445756912e-03
1.582695543766021729e-02
8.667249977588653564e-02
2.682012319564819336e-01
3.010775744915008545e-01
3.010775744915008545e-01
7.070278376340866089e-02
3.631366416811943054e-02
4.222682863473892212e-02
1.836301572620868683e-02
5.523966997861862183e-02
9.740767627954483032e-02
3.010775744915008545e-01
3.010775744915008545e-01
1.950954794883728027e-01
3.154272586107254028e-02
4.146822914481163025e-02
5.145867541432380676e-02
5.735187232494354248e-02
9.669248759746551514e-02
1.365494281053543091e-01
2.888323664665222168e-01
7.580690830945968628e-02
6.893669813871383667e-02
5.078937113285064697e-02
6.682948023080825806e-02
5.922456458210945129e-02
9.398735314607620239e-02
1.325681209564208984e-01
2.888323664665222168e-01
2.637655735015869141e-01
6.558766216039657593e-02
7.126633077859878540e-02
5.809535458683967590e-02
1.593071967363357544e-01
1.099501326680183411e-01
2.831034362316131592e-01
2.888323664665222168e-01
2.888323664665222168e-01
2.888323664665222168e-01
4.996083676815032959e-02
2.078069932758808136e-02
2.398572303354740143e-02
5.728930234909057617e-02
3.443332016468048096e-02
3.364509716629981995e-02
1.186050921678543091e-01
2.888323664665222168e-01
1.746686249971389771e-01
3.227711468935012817e-02
2.499752677977085114e-02
2.305729128420352936e-02
1.128116548061370850e-01
5.659570544958114624e-02
1.025184690952301025e-01
2.888323664665222168e-01
2.888323664665222168e-01
3.739767894148826599e-02
3.218637406826019287e-02
4.886095225811004639e-02
2.203845418989658356e-02
8.671326935291290283e-02
1.356628388166427612e-01
2.772503495216369629e-01
2.772503495216369629e-01
2.563146054744720459e-01
5.083368346095085144e-02
1.867105998098850250e-02
1.343834679573774338e-02
1.223465520888566971e-02
3.467496857047080994e-02
1.342424601316452026e-01
2.655103504657745361e-01
2.772503495216369629e-01
2.772503495216369629e-01
6.770585477352142334e-02
2.977176755666732788e-02
3.293472900986671448e-02
1.011356245726346970e-02
6.499456614255905151e-02
8.687614649534225464e-02
1.790790706872940063e-01
2.772503495216369629e-01
2.772503495216369629e-01
1.053107306361198425e-01
2.133408561348915100e-02
1.915212720632553101e-02
1.939267106354236603e-02
8.494406938552856445e-02
2.133232951164245605e-01
2.772503495216369629e-01
2.772503495216369629e-01
2.772503495216369629e-01
7.221758365631103516e-02
2.045632340013980865e-02
8.413252420723438263e-03
1.717763766646385193e-02
1.819128356873989105e-02
1.004173830151557922e-01
1.307963728904724121e-01
2.810177206993103027e-01
2.810177206993103027e-01
6.476461142301559448e-02
4.429201036691665649e-02
1.799368858337402344e-02
2.173136174678802490e-02
1.737108454108238220e-02
1.230932027101516724e-01
1.352005153894424438e-01
2.810177206993103027e-01
1.188481003046035767e-01
1.409756839275360107e-01
5.629485845565795898e-02
1.963042095303535461e-02
4.926407709717750549e-02
6.146966665983200073e-02
2.810177206993103027e-01
2.810177206993103027e-01
2.810177206993103027e-01
2.810177206993103027e-01
2.249962389469146729e-01
1.690258830785751343e-01
6.973721832036972046e-02
7.346946001052856445e-02
8.632370084524154663e-02
2.063201814889907837e-01
2.810177206993103027e-01
2.810177206993103027e-01
1.703327298164367676e-01
8.482775837182998657e-02
6.958349794149398804e-02
2.556733228266239166e-02
2.737944759428501129e-02
3.850209712982177734e-02
1.064332872629165649e-01
9.887273609638214111e-02
1.887630373239517212e-01
1.325283348560333252e-01
2.056250423192977905e-01
7.784616947174072266e-02
2.350695431232452393e-02
1.760013587772846222e-02
4.759208112955093384e-02
2.077223807573318481e-01
2.747649252414703369e-01
2.747649252414703369e-01
2.747649252414703369e-01
2.508118748664855957e-01
1.631499230861663818e-01
8.842665702104568481e-02
7.982509583234786987e-02
1.560185104608535767e-01
1.181244328618049622e-01
1.074310764670372009e-01
2.747649252414703369e-01
2.369271218776702881e-01
2.747649252414703369e-01
2.336036115884780884e-01
5.537597835063934326e-02
4.214861243963241577e-02
1.096999198198318481e-01
1.689381450414657593e-01
9.150970727205276489e-02
2.058904767036437988e-01
2.747649252414703369e-01
1.266164332628250122e-01
4.197426512837409973e-02
1.860605366528034210e-02
1.461427938193082809e-02
3.070707246661186218e-02
2.186733335256576538e-01
2.645294666290283203e-01
2.645294666290283203e-01
1.717866063117980957e-01
8.374882489442825317e-02
6.695796549320220947e-02
7.530055940151214600e-02
5.890708416700363159e-02
8.216161280870437622e-02
2.645294666290283203e-01
2.645294666290283203e-01
2.645294666290283203e-01
1.193293631076812744e-01
2.645294666290283203e-01
2.498380839824676514e-01
7.280333340167999268e-02
2.243206091225147247e-02
4.792463779449462891e-02
1.059869006276130676e-01
1.748307049274444580e-01
1.016101017594337463e-01
2.508336603641510010e-01
1.833385974168777466e-01
2.645294666290283203e-01
2.297977358102798462e-01
6.717480719089508057e-02
9.834972769021987915e-02
1.709760874509811401e-01
2.039985507726669312e-01
8.020468056201934814e-02
7.633183151483535767e-02
8.486616611480712891e-02
9.331105649471282959e-02
1.052142232656478882e-01
8.269236981868743896e-02
1.207711100578308105e-01
2.758347690105438232e-01
2.748112976551055908e-01
2.121567279100418091e-01
1.628306955099105835e-01
4.324407130479812622e-02
5.173682421445846558e-02
4.195177927613258362e-02
3.593882918357849121e-02
1.166071519255638123e-01
2.685446441173553467e-01
2.758347690105438232e-01
2.758347690105438232e-01
1.773813366889953613e-01
8.950914442539215088e-02
1.890131533145904541e-01
2.140348851680755615e-01
7.964388281106948853e-02
1.160918995738029480e-01
2.599224150180816650e-01
2.069703191518783569e-01
4.868044704198837280e-02
4.622296243906021118e-02
9.979315102100372314e-02
7.098915427923202515e-02
6.152196228504180908e-02
7.431229948997497559e-02
1.336115598678588867e-01
2.758347690105438232e-01
2.758347690105438232e-01
1.441996842622756958e-01
9.680975228548049927e-02
3.965597972273826599e-02
3.575069829821586609e-02
1.250139810144901276e-02
5.816555768251419067e-02
1.542600989341735840e-01
2.599781453609466553e-01
2.599781453609466553e-01
2.599781453609466553e-01
1.609493792057037354e-01
8.250114321708679199e-02
6.526243686676025391e-02
2.418630011379718781e-02
1.049503386020660400e-01
1.509318500757217407e-01
1.162755116820335388e-01
1.690941452980041504e-01
1.587784290313720703e-01
1.639618128538131714e-01
1.001636311411857605e-01
6.436688452959060669e-02
7.065968215465545654e-02
1.183179169893264771e-01
2.276002615690231323e-01
2.599781453609466553e-01
2.599781453609466553e-01
1.858099997043609619e-01
1.845106482505798340e-01
1.010754704475402832e-01
7.259756326675415039e-02
7.328232377767562866e-02
1.597471982240676880e-01
2.502543926239013672e-01
1.936935633420944214e-01
1.972129642963409424e-01
2.391100972890853882e-01
2.599781453609466553e-01
1.072372496128082275e-01
7.633548229932785034e-02
3.553415089845657349e-02
9.730626642704010010e-02
6.653727591037750244e-02
6.122634932398796082e-02
9.518285095691680908e-02
1.628093272447586060e-01
1.716012209653854370e-01
1.188847273588180542e-01
9.460029751062393188e-02
1.430113911628723145e-01
1.424678862094879150e-01
1.737925559282302856e-01
2.145425081253051758e-01
1.773243844509124756e-01
2.471958398818969727e-01
1.772790402173995972e-01
1.300056427717208862e-01
6.700067967176437378e-02
4.449870064854621887e-02
8.419251441955566406e-02
1.539438217878341675e-01
9.919539093971252441e-02
2.617609798908233643e-01
2.629913985729217529e-01
2.172696441411972046e-01
2.516565322875976562e-01
1.409568339586257935e-01
1.482482850551605225e-01
1.229533851146697998e-01
2.501686811447143555e-01
1.508529484272003174e-01
2.429470121860504150e-01
2.629913985729217529e-01
2.221972495317459106e-01
4.953567311167716980e-02
6.923795491456985474e-02
1.302573233842849731e-01
1.040895953774452209e-01
2.233306318521499634e-01
2.247434556484222412e-01
9.657993912696838379e-02
1.116804033517837524e-01
5.205507203936576843e-02
1.801409423351287842e-01
1.060743331909179688e-01
1.571123450994491577e-01
2.072645127773284912e-01
2.399452477693557739e-01
2.153768986463546753e-01
1.607678979635238647e-01
1.962908804416656494e-01
1.617141366004943848e-01
1.609681397676467896e-01
1.438053399324417114e-01
9.274160116910934448e-02
7.107976078987121582e-02
1.964634060859680176e-01
1.741173565387725830e-01
1.432437896728515625e-01
1.078548803925514221e-01
1.252013742923736572e-01
2.285469174385070801e-01
1.176160350441932678e-01
6.080115213990211487e-02
7.874530553817749023e-02
2.332049608230590820e-01
2.399452477693557739e-01
2.399452477693557739e-01
2.275222092866897583e-01
2.399452477693557739e-01
2.140173912048339844e-01
6.782886385917663574e-02
8.812263607978820801e-02
1.152322739362716675e-01
8.451585471630096436e-02
5.087554082274436951e-02
1.075271666049957275e-01
1.173566207289695740e-01
2.328466624021530151e-01
2.432800978422164917e-01
9.816555678844451904e-02
2.245007604360580444e-01
2.389601320028305054e-01
1.026442795991897583e-01
9.218982607126235962e-02
1.090527027845382690e-01
2.432800978422164917e-01
2.432800978422164917e-01
9.467977285385131836e-02
5.783153697848320007e-02
6.571928411722183228e-02
6.543976813554763794e-02
9.421070665121078491e-02
8.086469769477844238e-02
2.432800978422164917e-01
2.070434391498565674e-01
1.479008644819259644e-01
1.307101994752883911e-01
1.868195384740829468e-01
2.432800978422164917e-01
2.432800978422164917e-01
1.425938308238983154e-01
6.578870862722396851e-02
1.969055384397506714e-01
2.408068031072616577e-01
2.432800978422164917e-01
2.231125682592391968e-01
5.527431890368461609e-02
2.495373487472534180e-01
2.495373487472534180e-01
1.953857839107513428e-01
2.170671671628952026e-01
8.044056594371795654e-02
2.495373487472534180e-01
2.495373487472534180e-01
2.430721223354339600e-01
4.613075032830238342e-02
1.124404519796371460e-01
6.524152308702468872e-02
1.092077121138572693e-01
1.124411225318908691e-01
2.873191609978675842e-02
6.851452589035034180e-02
2.276917248964309692e-01
1.138258725404739380e-01
1.608211547136306763e-01
2.495373487472534180e-01
2.495373487472534180e-01
2.123638689517974854e-01
9.292971342802047729e-02
5.010585114359855652e-02
8.658146858215332031e-02
1.893000155687332153e-01
2.495373487472534180e-01
1.397893428802490234e-01
2.495373487472534180e-01
9.873074293136596680e-02
9.697377681732177734e-02
4.506689682602882385e-02
2.665894478559494019e-02
2.126638218760490417e-02
1.201238483190536499e-01
2.889963984489440918e-01
1.424322277307510376e-01
3.689629957079887390e-02
5.889568477869033813e-03
6.210445892065763474e-03
1.355900079943239689e-03
5.053984932601451874e-03
1.734399981796741486e-02
2.889963984489440918e-01
2.889963984489440918e-01
2.889963984489440918e-01
8.130689710378646851e-02
1.774744503200054169e-02
1.673331111669540405e-02
4.850047826766967773e-02
1.830838993191719055e-02
3.020484000444412231e-02
2.889963984489440918e-01
2.889963984489440918e-01
2.889963984489440918e-01
1.717750579118728638e-01
4.377697408199310303e-02
3.496208041906356812e-02
1.151435915380716324e-02
2.457870543003082275e-02
1.426238380372524261e-02
1.913426816463470459e-01
2.889963984489440918e-01
2.889963984489440918e-01
1.732194423675537109e-01
6.138511002063751221e-02
5.671731382608413696e-02
1.231658533215522766e-01
7.282984256744384766e-02
3.749745339155197144e-02
2.889963984489440918e-01
3.101991117000579834e-01
3.101991117000579834e-01
9.124740958213806152e-02
1.964553631842136383e-02
4.826283548027276993e-03
3.552298247814178467e-02
1.957711763679981232e-02
1.861430145800113678e-02
2.401971518993377686e-01
3.101991117000579834e-01
3.101991117000579834e-01
1.728185266256332397e-01
2.099896222352981567e-02
1.403174828737974167e-02
3.597825393080711365e-02
3.006858192384243011e-02
2.672602981328964233e-02
1.682967990636825562e-01
3.101991117000579834e-01
3.101991117000579834e-01
1.044367253780364990e-01
3.301251679658889771e-02
1.742614619433879852e-02
8.339422941207885742e-02
5.620516464114189148e-02
6.383750587701797485e-02
2.291717231273651123e-01
2.418490797281265259e-01
3.101991117000579834e-01
1.185950115323066711e-01
3.787896409630775452e-02
3.609070926904678345e-02
8.323640376329421997e-02
5.161562561988830566e-02
7.944352924823760986e-02
1.515513658523559570e-01
3.152498006820678711e-01
3.152498006820678711e-01
2.525240182876586914e-01
7.206148654222488403e-02
5.946727842092514038e-02
7.767892628908157349e-02
9.756115078926086426e-02
5.640729889273643494e-02
1.621776968240737915e-01
2.809613347053527832e-01
3.152498006820678711e-01
2.479866147041320801e-01
1.260589957237243652e-01
7.910023629665374756e-02
5.450438708066940308e-02
8.900222182273864746e-02
7.298146933317184448e-02
1.038743481040000916e-01
2.043934017419815063e-01
2.817030847072601318e-01
1.259698718786239624e-01
1.129073649644851685e-01
1.078483089804649353e-01
1.819119453430175781e-01
1.111461892724037170e-01
1.164737865328788757e-01
1.348412483930587769e-01
1.505312323570251465e-01
1.149944812059402466e-01
1.000280231237411499e-01
1.351329535245895386e-01
9.316699951887130737e-02
1.556014567613601685e-01
1.297128349542617798e-01
1.780016720294952393e-01
8.631487190723419189e-02
2.624179422855377197e-01
2.624179422855377197e-01
2.624179422855377197e-01
1.233209669589996338e-01
9.475625306367874146e-02
9.811877459287643433e-02
6.554695963859558105e-02
1.320849359035491943e-01
1.966700106859207153e-01
2.325914651155471802e-01
1.527457535266876221e-01
2.101777642965316772e-01
5.363395065069198608e-02
9.496606886386871338e-02
1.077652499079704285e-01
1.449772566556930542e-01
1.699721366167068481e-01
1.745116263628005981e-01
1.729396283626556396e-01
9.424535185098648071e-02
1.211076378822326660e-01
1.106174960732460022e-01
1.284227967262268066e-01
2.121565788984298706e-01
1.723745763301849365e-01
2.124113589525222778e-01
1.437909305095672607e-01
1.596127599477767944e-01
7.813876867294311523e-02
1.462450623512268066e-01
6.874188780784606934e-02
1.203408762812614441e-01
1.699952036142349243e-01
2.104113101959228516e-01
2.624179422855377197e-01
1.848249882459640503e-01
1.253544390201568604e-01
4.300488904118537903e-02
2.490375936031341553e-02
1.302358321845531464e-02
2.549854852259159088e-02
7.660888135433197021e-02
9.915589541196823120e-02
2.103656530380249023e-01
2.742162346839904785e-01
1.114424988627433777e-01
5.716877058148384094e-02
3.867474198341369629e-02
1.300211902707815170e-02
2.326918952167034149e-02
4.640857502818107605e-02
9.785255789756774902e-02
2.646491527557373047e-01
3.344587683677673340e-01
2.222445607185363770e-01
3.941236063838005066e-02
3.280117362737655640e-02
1.112826634198427200e-02
4.309064894914627075e-02
1.076862066984176636e-01
1.463893800973892212e-01
3.344587683677673340e-01
3.344587683677673340e-01
1.955590099096298218e-01
5.930404737591743469e-02
5.367522686719894409e-02
2.323392406105995178e-02
6.869325786828994751e-02
9.265629202127456665e-02
1.949789524078369141e-01
3.344587683677673340e-01
3.344587683677673340e-01
1.459965556859970093e-01
5.127315595746040344e-02
2.956140413880348206e-02
9.617676027119159698e-03
2.268532291054725647e-02
3.624175116419792175e-02
1.235322803258895874e-01
2.501673400402069092e-01
3.093990981578826904e-01
1.742139458656311035e-01
2.849050983786582947e-02
2.408754639327526093e-02
1.619801297783851624e-02
7.273053377866744995e-02
2.405011355876922607e-01
3.093990981578826904e-01
3.093990981578826904e-01
3.093990981578826904e-01
1.675087362527847290e-01
5.377896875143051147e-02
3.822039812803268433e-02
4.499701038002967834e-02
4.679661244153976440e-02
5.291907489299774170e-02
1.083471477031707764e-01
1.706557124853134155e-01
3.093990981578826904e-01
2.257296293973922729e-01
2.768418751657009125e-02
5.541895702481269836e-02
6.083448603749275208e-02
4.476606100797653198e-02
1.174353733658790588e-01
1.818390041589736938e-01
1.875670403242111206e-01
3.093990981578826904e-01
1.384282559156417847e-01
7.509381324052810669e-02
2.267664857208728790e-02
4.649851098656654358e-02
5.259906873106956482e-02
2.702576816082000732e-01
2.702576816082000732e-01
2.702576816082000732e-01
1.996357142925262451e-01
2.702576816082000732e-01
1.980407834053039551e-01
1.174219027161598206e-01
9.470622241497039795e-02
1.177911981940269470e-01
1.946116685867309570e-01
2.702576816082000732e-01
2.702576816082000732e-01
2.172660082578659058e-01
1.216895505785942078e-01
3.006695583462715149e-02
2.657869830727577209e-02
3.450548648834228516e-02
3.776530548930168152e-02
1.387028396129608154e-01
2.319392263889312744e-01
1.838472932577133179e-01
1.690691709518432617e-01
1.533937901258468628e-01
6.840927898883819580e-02
4.800284653902053833e-02
4.695576801896095276e-02
5.290376394987106323e-02
1.413178145885467529e-01
2.344726473093032837e-01
1.575651764869689941e-01
1.956739127635955811e-01
2.904877066612243652e-01
1.226329207420349121e-01
1.093458831310272217e-01
8.905649185180664062e-02
1.869045495986938477e-01
1.128237023949623108e-01
6.628303974866867065e-02
1.413477957248687744e-01
2.811564803123474121e-01
2.904877066612243652e-01
1.628778278827667236e-01
3.610963001847267151e-02
5.892822518944740295e-02
2.226028591394424438e-01
2.486463040113449097e-01
8.859528601169586182e-02
2.037162482738494873e-01
2.904877066612243652e-01
1.706952750682830811e-01
5.070552602410316467e-02
5.511247366666793823e-02
4.067370668053627014e-02
9.312514960765838623e-02
1.004135832190513611e-01
7.145782560110092163e-02
7.182061672210693359e-02
1.737037450075149536e-01
2.017256766557693481e-01
2.688256837427616119e-02
3.272791206836700439e-02
4.376820102334022522e-02
1.786133348941802979e-01
2.220776379108428955e-01
1.461313068866729736e-01
1.973615437746047974e-01
2.904877066612243652e-01
2.770085632801055908e-01
2.081293910741806030e-01
4.402512311935424805e-02
1.397468149662017822e-02
9.325264394283294678e-02
1.602725386619567871e-01
8.543805778026580811e-02
1.453649103641510010e-01
2.770085632801055908e-01
1.557802855968475342e-01
1.904501616954803467e-01
1.129642948508262634e-01
3.615695983171463013e-02
8.332227915525436401e-02
1.038952097296714783e-01
6.556566059589385986e-02
1.488317698240280151e-01
2.169241160154342651e-01
1.113267242908477783e-01
2.377340570092201233e-02
1.191008742898702621e-02
1.047984417527914047e-02
1.226784214377403259e-01
2.154018282890319824e-01
1.741832345724105835e-01
2.553928196430206299e-01
2.770085632801055908e-01
7.958073168992996216e-02
3.171398863196372986e-02
1.150532811880111694e-02
1.288187969475984573e-02
1.828568130731582642e-01
2.770085632801055908e-01
2.267527431249618530e-01
2.770085632801055908e-01
2.770085632801055908e-01
5.440718680620193481e-02
1.171204820275306702e-01
8.705393224954605103e-02
4.795963317155838013e-02
6.309539824724197388e-02
8.766665309667587280e-02
1.106798574328422546e-01
1.381084918975830078e-01
1.241474375128746033e-01
1.127909570932388306e-01
7.346652448177337646e-02
5.995317175984382629e-02
9.413905441761016846e-02
1.114036589860916138e-01
2.166413813829421997e-01
2.711680233478546143e-01
1.414687037467956543e-01
1.219612285494804382e-01
3.889836370944976807e-02
4.024747386574745178e-02
1.290240231901407242e-02
2.013454027473926544e-02
1.334577649831771851e-01
2.361543476581573486e-01
3.160003125667572021e-01
3.160003125667572021e-01
3.160003125667572021e-01
8.913086354732513428e-02
6.464877724647521973e-02
7.445982843637466431e-02
8.627268671989440918e-02
1.313823014497756958e-01
2.498181015253067017e-01
3.160003125667572021e-01
3.160003125667572021e-01
1.794340014457702637e-01
1.328553110361099243e-01
7.022012025117874146e-02
5.771968886256217957e-02
8.404553681612014771e-02
9.890639781951904297e-02
1.885662525892257690e-01
1.301102638244628906e-01
1.155873090028762817e-01
1.991144716739654541e-01
2.620754241943359375e-01
8.991611003875732422e-02
4.711607843637466431e-02
8.812108635902404785e-02
8.866264671087265015e-02
1.388552784919738770e-01
9.462606906890869141e-02
1.811551749706268311e-01
2.835644185543060303e-01
1.919362694025039673e-01
8.079086989164352417e-02
6.156535819172859192e-02
1.075310409069061279e-01
1.144316866993904114e-01
2.191056758165359497e-01
1.727631241083145142e-01
1.616269797086715698e-01
2.001179456710815430e-01
2.835644185543060303e-01
1.193235218524932861e-01
4.607906565070152283e-02
1.322070509195327759e-01
1.047223657369613647e-01
2.835644185543060303e-01
1.748064011335372925e-01
2.835644185543060303e-01
2.835644185543060303e-01
2.392739057540893555e-01
4.466526582837104797e-02
1.257091760635375977e-02
2.693467400968074799e-02
3.939093649387359619e-02
5.290263518691062927e-02
8.014670759439468384e-02
1.592807918787002563e-01
2.829537093639373779e-01
2.999753057956695557e-01
1.966601163148880005e-01
5.557300150394439697e-02
1.609863713383674622e-02
4.408617690205574036e-02
3.230318427085876465e-02
6.933324784040451050e-02
1.771718710660934448e-01
2.055406868457794189e-01
2.999753057956695557e-01
9.741497039794921875e-02
3.075978718698024750e-02
4.456396773457527161e-02
3.377209976315498352e-02
1.348897665739059448e-01
8.141116052865982056e-02
2.363247126340866089e-01
2.999753057956695557e-01
2.999753057956695557e-01
2.999753057956695557e-01
9.805303812026977539e-02
1.275158859789371490e-02
1.071772910654544830e-02
1.869668066501617432e-02
3.873074799776077271e-02
2.265481650829315186e-01
2.999753057956695557e-01
2.603692710399627686e-01
2.603692710399627686e-01
8.392432332038879395e-02
2.823130600154399872e-02
4.078960791230201721e-02
3.545324131846427917e-02
3.864169865846633911e-02
8.954373747110366821e-02
1.573961228132247925e-01
2.603692710399627686e-01
2.366706430912017822e-01
1.736270487308502197e-01
4.854462295770645142e-02
1.007648706436157227e-01
8.368749916553497314e-02
8.374546468257904053e-02
8.616662770509719849e-02
2.532706260681152344e-01
2.603692710399627686e-01
2.603692710399627686e-01
1.183664873242378235e-01
2.710027247667312622e-02
2.501228451728820801e-02
9.294330142438411713e-03
1.773184351623058319e-02
1.948698014020919800e-01
2.603692710399627686e-01
2.603692710399627686e-01
2.603692710399627686e-01
2.603692710399627686e-01
6.114539504051208496e-02
1.094960197806358337e-01
4.369576647877693176e-02
3.484691306948661804e-02
1.325749158859252930e-01
2.603692710399627686e-01
2.482695430517196655e-01
1.623830497264862061e-01
2.330214828252792358e-01
1.065651178359985352e-01
1.723002940416336060e-01
9.803657233715057373e-02
1.773923486471176147e-01
1.665169447660446167e-01
2.176048755645751953e-01
2.146227508783340454e-01
2.444093972444534302e-01
2.394380867481231689e-01
1.520138531923294067e-01
1.359011530876159668e-01
4.159453883767127991e-02
1.312736719846725464e-01
2.035339325666427612e-01
2.190485149621963501e-01
2.143221646547317505e-01
2.482695430517196655e-01
2.482695430517196655e-01
1.459771543741226196e-01
1.719102710485458374e-01
7.613470405340194702e-02
4.035385698080062866e-02
7.940199226140975952e-02
1.395019739866256714e-01
1.565828025341033936e-01
1.610447168350219727e-01
1.934254467487335205e-01
1.488536447286605835e-01
9.503710269927978516e-02
4.768863320350646973e-02
5.304617062211036682e-02
6.312026083469390869e-02
5.951628461480140686e-02
2.612205743789672852e-01
2.612205743789672852e-01
2.612205743789672852e-01
1.960992813110351562e-01
1.702433526515960693e-01
4.600889608263969421e-02
5.889336392283439636e-02
8.827371895313262939e-02
2.331531047821044922e-01
2.612205743789672852e-01
2.256039232015609741e-01
2.612205743789672852e-01
1.274719685316085815e-01
1.114876270294189453e-01
3.741155192255973816e-02
4.277230799198150635e-02
5.778589099645614624e-02
1.409226804971694946e-01
2.425911575555801392e-01
2.050695568323135376e-01
1.023038029670715332e-01
1.342763602733612061e-01
9.206738322973251343e-02
5.777524784207344055e-02
1.163521856069564819e-01
1.076607629656791687e-01
1.504263132810592651e-01
2.466443330049514771e-01
2.304594516754150391e-01
1.550564318895339966e-01
1.282812058925628662e-01
1.027683764696121216e-01
5.552880465984344482e-02
7.738274335861206055e-02
1.028418093919754028e-01
2.034836262464523315e-01
2.713525891304016113e-01
2.713525891304016113e-01
2.713525891304016113e-01
1.262720972299575806e-01
1.063614562153816223e-01
3.447740152478218079e-02
5.686837062239646912e-02
6.248400732874870300e-02
1.142460778355598450e-01
2.713525891304016113e-01
2.565838396549224854e-01
2.075138390064239502e-01
1.370515972375869751e-01
1.054921522736549377e-01
1.296742111444473267e-01
1.630390286445617676e-01
1.080126389861106873e-01
1.728468537330627441e-01
2.338635176420211792e-01
2.713525891304016113e-01
2.329710870981216431e-01
1.304315030574798584e-01
1.013474240899085999e-01
6.219914928078651428e-02
7.718741148710250854e-02
1.016048491001129150e-01
9.868270903825759888e-02
2.077061086893081665e-01
1.945952177047729492e-01
1.208457350730895996e-01
1.188463419675827026e-01
1.209491491317749023e-01
1.276370733976364136e-01
1.314373165369033813e-01
1.472093611955642700e-01
1.048726737499237061e-01
2.615379989147186279e-01
2.100549787282943726e-01
1.246729120612144470e-01
7.294351607561111450e-02
6.687419116497039795e-02
1.307518333196640015e-01
1.538230031728744507e-01
1.939876079559326172e-01
2.615379989147186279e-01
1.880089342594146729e-01
2.029170989990234375e-01
1.827497035264968872e-01
8.440550416707992554e-02
8.266777545213699341e-02
1.921717971563339233e-01
1.340419650077819824e-01
1.905701160430908203e-01
2.534691095352172852e-01
1.223686933517456055e-01
2.324554324150085449e-01
1.246659234166145325e-01
1.009437739849090576e-01
6.886637210845947266e-02
1.120830997824668884e-01
1.097351312637329102e-01
1.672028005123138428e-01
1.092564687132835388e-01
1.658946871757507324e-01
2.615379989147186279e-01
2.615379989147186279e-01
2.208957672119140625e-01
4.729045554995536804e-02
1.372879445552825928e-01
1.113473773002624512e-01
1.162477955222129822e-01
9.642018377780914307e-02
1.708640158176422119e-01
1.704013049602508545e-01
2.174708396196365356e-01
1.286632418632507324e-01
8.971757441759109497e-02
2.018354386091232300e-01
1.019015312194824219e-01
1.200826391577720642e-01
1.788433045148849487e-01
2.156274765729904175e-01
1.791291981935501099e-01
2.230503708124160767e-01
1.760152876377105713e-01
8.663015812635421753e-02
1.924429982900619507e-01
1.292276978492736816e-01
1.355782598257064819e-01
1.032030209898948669e-01
1.640110760927200317e-01
2.335633337497711182e-01
2.647801935672760010e-01
2.647801935672760010e-01
7.045054435729980469e-02
1.013935208320617676e-01
4.557922109961509705e-02
4.163638874888420105e-02
9.680681675672531128e-02
1.697511970996856689e-01
2.217427194118499756e-01
2.647801935672760010e-01
2.647801935672760010e-01
1.418334841728210449e-01
9.894035756587982178e-02
6.082111597061157227e-02
5.688472092151641846e-02
1.223701089620590210e-01
1.277532428503036499e-01
9.630175679922103882e-02
1.407662928104400635e-01
1.190555691719055176e-01
9.100612252950668335e-02
2.035237103700637817e-01
1.593550592660903931e-01
1.453481167554855347e-01
1.063248738646507263e-01
7.973359525203704834e-02
8.297676593065261841e-02
1.348383426666259766e-01
1.044162288308143616e-01
1.087640225887298584e-01
1.954746544361114502e-01
2.148929238319396973e-01
2.653993964195251465e-01
1.862579435110092163e-01
1.100139245390892029e-01
1.676992177963256836e-01
2.653993964195251465e-01
2.390234768390655518e-01
1.575408726930618286e-01
1.544443666934967041e-01
1.309029310941696167e-01
1.182890459895133972e-01
1.416166275739669800e-01
9.397440403699874878e-02
1.407922655344009399e-01
1.974737495183944702e-01
1.299315094947814941e-01
1.625904887914657593e-01
2.523036897182464600e-01
2.549957633018493652e-01
1.955154538154602051e-01
2.025726437568664551e-01
2.648110091686248779e-01
3.853774070739746094e-02
1.720521599054336548e-02
8.553421124815940857e-03
2.241620048880577087e-02
4.445929080247879028e-02
5.604904890060424805e-02
2.284087836742401123e-01
3.328105211257934570e-01
2.742592096328735352e-01
3.853796049952507019e-02
3.106438182294368744e-02
1.574200205504894257e-02
3.945868089795112610e-02
5.348068848252296448e-02
1.286448687314987183e-01
2.100900560617446899e-01
3.328105211257934570e-01
3.328105211257934570e-01
1.042665466666221619e-01
3.450006619095802307e-02
1.747694797813892365e-02
5.321891978383064270e-03
1.368104945868253708e-02
1.465795934200286865e-02
9.590585529804229736e-02
3.328105211257934570e-01
3.328105211257934570e-01
1.030589267611503601e-01
3.769595175981521606e-02
1.091707963496446609e-02
2.248150110244750977e-02
1.133424695581197739e-02
3.004155121743679047e-02
1.536669731140136719e-01
3.328105211257934570e-01
2.365659028291702271e-01
3.558880463242530823e-02
3.247532248497009277e-02
3.960987180471420288e-02
3.724069520831108093e-02
6.121820956468582153e-02
1.149043664336204529e-01
1.650219112634658813e-01
3.055708408355712891e-01
2.987852692604064941e-01
3.354074433445930481e-02
5.731612816452980042e-02
5.761023610830307007e-02
4.237156361341476440e-02
1.071309521794319153e-01
1.745562404394149780e-01
2.128943949937820435e-01
3.055708408355712891e-01
3.055708408355712891e-01
9.979593008756637573e-02
3.959623351693153381e-02
1.388549339026212692e-02
2.800345979630947113e-02
2.406400814652442932e-02
4.449782148003578186e-02
1.567631214857101440e-01
3.055708408355712891e-01
3.055708408355712891e-01
1.320231407880783081e-01
6.064962595701217651e-02
3.697247803211212158e-02
3.765443339943885803e-02
7.061322778463363647e-02
1.261087059974670410e-01
2.465628534555435181e-01
3.055708408355712891e-01
1.591635048389434814e-01
3.858085349202156067e-02
4.421718418598175049e-02
2.928927913308143616e-02
5.303933843970298767e-02
8.783982694149017334e-02
1.903510391712188721e-01
2.246105223894119263e-01
2.298704832792282104e-01
1.482060849666595459e-01
8.912613987922668457e-02
4.478524997830390930e-02
2.996462397277355194e-02
4.785970598459243774e-02
7.155425101518630981e-02
2.458088696002960205e-01
2.579340338706970215e-01
2.476997077465057373e-01
2.583340406417846680e-01
1.121746972203254700e-01
6.730993837118148804e-02
3.748385235667228699e-02
5.797462910413742065e-02
8.150077611207962036e-02
1.869924366474151611e-01
2.560009062290191650e-01
2.583340406417846680e-01
2.583340406417846680e-01
1.708940565586090088e-01
1.134057417511940002e-01
5.591456219553947449e-02
8.764623105525970459e-02
8.296748995780944824e-02
2.583340406417846680e-01
2.583340406417846680e-01
2.583340406417846680e-01
1.650746315717697144e-01
6.637258827686309814e-02
4.905608296394348145e-02
2.212767116725444794e-02
2.527535706758499146e-02
4.192538931965827942e-02
1.060711294412612915e-01
1.584042459726333618e-01
1.943418830633163452e-01
1.959395706653594971e-01
2.270397543907165527e-02
3.834614902734756470e-02
2.775508165359497070e-02
6.166935339570045471e-02
7.191272079944610596e-02
1.528802067041397095e-01
2.205403298139572144e-01
3.001121282577514648e-01
3.001121282577514648e-01
9.483247995376586914e-02
7.841520011425018311e-02
5.321480333805084229e-02
4.737604036927223206e-02
2.312036231160163879e-02
2.539291083812713623e-01
3.001121282577514648e-01
3.001121282577514648e-01
3.001121282577514648e-01
4.242398962378501892e-02
4.249854013323783875e-02
2.546851895749568939e-02
4.540872201323509216e-02
3.018389083445072174e-02
2.021796554327011108e-01
3.001121282577514648e-01
3.001121282577514648e-01
9.954383969306945801e-02
1.409289147704839706e-02
2.548415400087833405e-02
1.212674472481012344e-02
5.659805983304977417e-02
6.449709832668304443e-02
1.994952559471130371e-01
2.715034484863281250e-01
2.435019910335540771e-01
1.015981510281562805e-01
2.589314430952072144e-02
1.066853012889623642e-02
3.385977353900671005e-03
8.179983496665954590e-02
1.141615733504295349e-01
1.902461946010589600e-01
2.912501990795135498e-01
2.912501990795135498e-01
2.912501990795135498e-01
4.242241382598876953e-02
4.307951033115386963e-02
1.100563257932662964e-02
4.429737478494644165e-02
3.375514224171638489e-02
1.833022087812423706e-01
2.912501990795135498e-01
2.912501990795135498e-01
2.912501990795135498e-01
5.341364070773124695e-02
2.340808883309364319e-02
1.036562118679285049e-02
3.002855181694030762e-02
2.241668850183486938e-02
1.223806664347648621e-01
2.912501990795135498e-01
2.912501990795135498e-01
9.242824465036392212e-02
2.503840066492557526e-02
1.014197990298271179e-02
6.090996786952018738e-03
6.407745927572250366e-02
1.121725216507911682e-01
2.925288677215576172e-01
2.925288677215576172e-01
1.954238414764404297e-01
1.233773380517959595e-01
5.199584737420082092e-02
4.145458713173866272e-02
3.300788626074790955e-02
4.396517574787139893e-02
8.860426396131515503e-02
2.925288677215576172e-01
2.925288677215576172e-01
1.380693763494491577e-01
2.925288677215576172e-01
4.019199684262275696e-02
1.562476065009832382e-02
1.785869523882865906e-02
3.548853099346160889e-02
2.545617893338203430e-02
7.880788296461105347e-02
2.455252707004547119e-01
2.925288677215576172e-01
2.925288677215576172e-01
1.723848879337310791e-01
6.051708757877349854e-02
1.752119697630405426e-02
2.726185508072376251e-02
3.234708681702613831e-02
1.613927185535430908e-01
2.581087946891784668e-01
2.925288677215576172e-01
1.788857132196426392e-01
9.178498387336730957e-02
6.339929997920989990e-02
9.056710451841354370e-02
5.228568613529205322e-02
1.023063361644744873e-01
1.717614531517028809e-01
1.894401311874389648e-01
1.253256201744079590e-01
2.527609765529632568e-01
1.032773703336715698e-01
8.654512465000152588e-02
1.486367285251617432e-01
8.450189977884292603e-02
2.005496323108673096e-01
2.445880919694900513e-01
2.527609765529632568e-01
2.527609765529632568e-01
2.527609765529632568e-01
2.527609765529632568e-01
7.096182554960250854e-02
2.683415077626705170e-02
1.202187500894069672e-02
4.587196186184883118e-02
1.586907953023910522e-01
2.250577807426452637e-01
2.331123352050781250e-01
1.757384538650512695e-01
1.594463884830474854e-01
5.893011763691902161e-02
6.223016232252120972e-02
2.932588197290897369e-02
8.718203753232955933e-02
2.135143280029296875e-01
2.527609765529632568e-01
2.527609765529632568e-01
3.083281219005584717e-01
1.139286831021308899e-01
8.125215023756027222e-02
7.691331952810287476e-02
7.482235133647918701e-02
1.592066884040832520e-01
1.748352050781250000e-01
3.067668378353118896e-01
3.083281219005584717e-01
3.083281219005584717e-01
2.541736066341400146e-01
1.230503469705581665e-01
3.771507367491722107e-02
6.711100041866302490e-02
2.898906171321868896e-02
6.036843359470367432e-02
2.304813116788864136e-01
3.083281219005584717e-01
1.429040133953094482e-01
5.972910672426223755e-02
4.930416867136955261e-02
5.023059993982315063e-02
4.378426820039749146e-02
7.262212038040161133e-02
1.332657635211944580e-01
2.337595224380493164e-01
2.979261875152587891e-01
1.567997187376022339e-01
5.865214392542839050e-02
6.021756306290626526e-02
4.241256043314933777e-02
8.999274671077728271e-02
2.375150285661220551e-02
7.052977383136749268e-02
1.271221041679382324e-01
1.780852228403091431e-01
2.572508156299591064e-01
1.910207420587539673e-01
1.271732002496719360e-01
4.601678624749183655e-02
6.036490574479103088e-02
2.668933011591434479e-02
6.770473718643188477e-02
1.850474625825881958e-01
2.572508156299591064e-01
2.572508156299591064e-01
2.572508156299591064e-01
2.572508156299591064e-01
8.557628840208053589e-02
7.980053871870040894e-02
5.401463061571121216e-02
6.962857395410537720e-02
1.370285302400588989e-01
1.918666362762451172e-01
1.624265462160110474e-01
9.509909152984619141e-02
8.948163688182830811e-02
5.055507272481918335e-02
9.195807576179504395e-02
6.434746086597442627e-02
2.386777997016906738e-01
1.980463862419128418e-01
1.008537784218788147e-01
2.572508156299591064e-01
1.773971915245056152e-01
1.300670653581619263e-01
1.634119600057601929e-01
1.291741728782653809e-01
1.420792341232299805e-01
2.572508156299591064e-01
2.572508156299591064e-01
1.268321424722671509e-01
2.111425846815109253e-01
2.496130466461181641e-01
2.496130466461181641e-01
1.098203882575035095e-01
1.151818409562110901e-01
6.365932524204254150e-02
3.916005417704582214e-02
6.715041399002075195e-02
8.268120139837265015e-02
2.050794214010238647e-01
1.591868847608566284e-01
1.120632588863372803e-01
1.065322160720825195e-01
1.038927584886550903e-01
1.775729954242706299e-01
1.872702687978744507e-01
8.358687162399291992e-02
7.079581916332244873e-02
2.496130466461181641e-01
1.815901696681976318e-01
1.100277677178382874e-01
2.297943979501724243e-01
2.150896191596984863e-01
1.115533187985420227e-01
1.552368700504302979e-01
1.743633300065994263e-01
1.492994576692581177e-01
2.496130466461181641e-01
1.918652802705764771e-01
9.317761659622192383e-02
1.648435145616531372e-01
1.756402850151062012e-01
2.278819680213928223e-01
1.615556329488754272e-01
1.066830009222030640e-01
2.332895249128341675e-01
2.147344797849655151e-01
1.973914057016372681e-01
8.129946887493133545e-02
1.173147931694984436e-01
1.068559587001800537e-01
2.252990007400512695e-01
2.531456053256988525e-01
1.481803804636001587e-01
1.380569189786911011e-01
1.651320904493331909e-01
2.344034761190414429e-01
1.215533092617988586e-01
1.433294713497161865e-01
1.336049586534500122e-01
1.148008629679679871e-01
1.282387077808380127e-01
8.445605635643005371e-02
1.716799288988113403e-01
2.531456053256988525e-01
2.531456053256988525e-01
1.044133901596069336e-01
1.136457324028015137e-01
1.037890836596488953e-01
2.460195869207382202e-01
2.106802463531494141e-01
8.793676644563674927e-02
2.059120237827301025e-01
2.531456053256988525e-01
2.531456053256988525e-01
1.372873783111572266e-01
1.176048889756202698e-01
9.699162095785140991e-02
1.049932166934013367e-01
8.235748857259750366e-02
4.840098693966865540e-02
1.221970319747924805e-01
1.446173042058944702e-01
2.375113517045974731e-01
1.792529970407485962e-01
1.594511419534683228e-01
1.437258273363113403e-01
1.027382165193557739e-01
7.095498591661453247e-02
9.703831374645233154e-02
1.301662176847457886e-01
1.477962285280227661e-01
2.304684817790985107e-01
1.457697600126266479e-01
1.138734072446823120e-01
1.481480449438095093e-01
1.171326339244842529e-01
7.288859039545059204e-02
1.439216583967208862e-01
9.067513048648834229e-02
2.733176946640014648e-01
2.733176946640014648e-01
1.804595440626144409e-01
1.495099365711212158e-01
1.229785680770874023e-01
1.085193976759910583e-01
7.728606462478637695e-02
1.057459190487861633e-01
2.195931226015090942e-01
2.733176946640014648e-01
2.733176946640014648e-01
2.236061841249465942e-01
9.766755253076553345e-02
1.279994249343872070e-01
9.677795320749282837e-02
6.902117282152175903e-02
1.482343375682830811e-01
2.503136098384857178e-01
1.221797987818717957e-01
2.923026680946350098e-01
1.242334619164466858e-01
8.499289304018020630e-02
7.372356206178665161e-02
6.909342110157012939e-02
5.243594944477081299e-02
8.767013251781463623e-02
8.214241266250610352e-02
2.167002707719802856e-01
2.923026680946350098e-01
2.613814175128936768e-01
1.644537150859832764e-01
5.803498998284339905e-02
5.017284676432609558e-02
3.356251493096351624e-02
7.246224582195281982e-02
1.250897347927093506e-01
2.607413530349731445e-01
2.434030026197433472e-01
1.099190637469291687e-01
6.326943635940551758e-02
8.335693180561065674e-02
4.870988801121711731e-02
3.066578879952430725e-02
1.424933820962905884e-01
2.923026680946350098e-01
2.923026680946350098e-01
2.290384024381637573e-01
8.618545532226562500e-02
5.523950979113578796e-02
9.622085839509963989e-02
4.006668552756309509e-02
3.922159224748611450e-02
2.923026680946350098e-01
2.923026680946350098e-01
1.749217510223388672e-01
2.482735812664031982e-01
2.363931387662887573e-01
2.056587934494018555e-01
7.361654937267303467e-02
5.283274874091148376e-02
2.112680859863758087e-02
5.461211502552032471e-02
8.954416215419769287e-02
1.333931386470794678e-01
1.597464531660079956e-01
1.489335894584655762e-01
1.853129267692565918e-01
1.344380676746368408e-01
9.021367877721786499e-02
7.702461630105972290e-02
9.222961962223052979e-02
1.072681471705436707e-01
3.134198188781738281e-01
2.601002454757690430e-01
7.199610024690628052e-02
4.845383763313293457e-02
5.969107523560523987e-02
2.977137826383113861e-02
3.688326105475425720e-02
2.331930994987487793e-01
3.134198188781738281e-01
3.134198188781738281e-01
2.799847126007080078e-01
5.438001826405525208e-02
5.559396743774414062e-02
5.532658100128173828e-02
4.228249937295913696e-02
5.428663641214370728e-02
1.194500848650932312e-01
3.134198188781738281e-01
1.031248047947883606e-01
1.201043203473091125e-01
1.352212727069854736e-01
1.182174980640411377e-01
1.431950330734252930e-01
1.275604963302612305e-01
9.199815988540649414e-02
1.308104544878005981e-01
1.723072677850723267e-01
1.711779981851577759e-01
1.107785403728485107e-01
1.314604133367538452e-01
6.131885573267936707e-02
1.337949335575103760e-01
2.227340936660766602e-01
1.216287910938262939e-01
1.638208776712417603e-01
2.632047832012176514e-01
3.246442675590515137e-01
1.923272013664245605e-01
4.391421750187873840e-02
3.103641420602798462e-02
6.171926110982894897e-02
5.438274145126342773e-02
5.274184420704841614e-02
1.439436376094818115e-01
3.246442675590515137e-01
3.246442675590515137e-01
2.059432417154312134e-01
8.045276254415512085e-02
4.209923371672630310e-02
6.457354873418807983e-02
9.734847396612167358e-02
6.028552725911140442e-02
2.160932719707489014e-01
3.246442675590515137e-01
3.786023855209350586e-01
1.614183634519577026e-01
7.021932303905487061e-02
2.543302066624164581e-02
2.411950938403606415e-02
1.215637568384408951e-02
3.939628601074218750e-02
1.034848839044570923e-01
3.786023855209350586e-01
3.786023855209350586e-01
1.763354241847991943e-01
7.452689856290817261e-02
1.406031288206577301e-02
3.783731907606124878e-02
1.939447782933712006e-02
2.327666990458965302e-02
2.214547842741012573e-01
3.786023855209350586e-01
1.616132110357284546e-01
8.565547317266464233e-02
9.803105890750885010e-02
6.966774165630340576e-02
6.696253269910812378e-02
3.978911787271499634e-02
7.570632547140121460e-02
5.059729143977165222e-02
2.166126072406768799e-01
1.900020092725753784e-01
1.244864389300346375e-01
9.782455116510391235e-02
4.874385893344879150e-02
7.101587206125259399e-02
6.872963905334472656e-02
5.108969658613204956e-02
1.251413077116012573e-01
2.986913919448852539e-01
3.366495966911315918e-01
1.891808062791824341e-01
6.873333454132080078e-02
1.489839609712362289e-02
5.054632201790809631e-02
1.722114160656929016e-02
2.148170955479145050e-02
2.004483044147491455e-01
3.366495966911315918e-01
3.366495966911315918e-01
2.150472998619079590e-01
8.616121858358383179e-02
7.828205823898315430e-02
5.949540808796882629e-02
5.116023868322372437e-02
7.515408843755722046e-02
2.356747835874557495e-01
3.366495966911315918e-01
1.961195468902587891e-01
1.288511902093887329e-01
7.743098586797714233e-02
3.885377943515777588e-02
4.586701840162277222e-02
3.316749259829521179e-02
4.954027384519577026e-02
1.262958645820617676e-01
2.001979053020477295e-01
2.632220089435577393e-01
9.054540097713470459e-02
8.259193599224090576e-02
8.452235907316207886e-02
4.753876477479934692e-02
4.902645573019981384e-02
1.066508516669273376e-01
2.062799334526062012e-01
2.400706559419631958e-01
2.905576527118682861e-01
1.341442614793777466e-01
5.405421555042266846e-02
7.572824507951736450e-02
4.178055748343467712e-02
7.107114791870117188e-02
1.217816695570945740e-01
1.656206548213958740e-01
2.905576527118682861e-01
2.905576527118682861e-01
1.667213141918182373e-01
1.122715920209884644e-01
6.694626063108444214e-02
7.777962088584899902e-02
9.684858471155166626e-02
2.332605123519897461e-01
2.640706598758697510e-01
2.905576527118682861e-01
1.887681633234024048e-01
3.591241315007209778e-02
2.294126898050308228e-02
4.692313820123672485e-02
4.226519539952278137e-02
7.762735337018966675e-02
1.016041487455368042e-01
2.015356421470642090e-01
2.207399457693099976e-01
2.778955698013305664e-01
7.545963674783706665e-02
4.188219085335731506e-02
2.226701378822326660e-02
6.824872642755508423e-02
1.224421188235282898e-01
1.082747131586074829e-01
2.640920281410217285e-01
2.565520107746124268e-01
3.014375865459442139e-01
7.380586862564086914e-02
6.529873609542846680e-02
3.249719738960266113e-02
4.078575968742370605e-02
4.720221087336540222e-02
1.782314926385879517e-01
3.014375865459442139e-01
2.882300913333892822e-01
3.014375865459442139e-01
4.875369742512702942e-02
3.542501479387283325e-02
1.160545181483030319e-02
1.495220977813005447e-02
2.091329917311668396e-02
1.915757656097412109e-01
3.014375865459442139e-01
3.014375865459442139e-01
2.483234256505966187e-01
8.558658510446548462e-02
6.249506399035453796e-02
1.196411997079849243e-02
2.622696012258529663e-02
4.884855076670646667e-02
4.422974586486816406e-02
1.607766896486282349e-01
1.959383189678192139e-01
3.014375865459442139e-01
7.374817132949829102e-02
5.044102296233177185e-02
1.427302043884992599e-02
1.118433009833097458e-02
1.803554221987724304e-02
7.576106488704681396e-02
1.833532601594924927e-01
3.014375865459442139e-01
3.067673742771148682e-01
6.626464426517486572e-02
3.440494835376739502e-02
1.213988661766052246e-02
1.500878203660249710e-02
2.968779578804969788e-02
1.246021389961242676e-01
2.205589413642883301e-01
3.067673742771148682e-01
3.067673742771148682e-01
8.756612986326217651e-02
2.866519056260585785e-02
2.702047489583492279e-02
3.411402925848960876e-02
5.062168836593627930e-02
9.638294577598571777e-02
3.067673742771148682e-01
3.067673742771148682e-01
2.657766044139862061e-01
6.125469505786895752e-02
2.865438163280487061e-02
1.958088018000125885e-02
8.373586460947990417e-03
2.114731259644031525e-02
6.071482598781585693e-02
1.223497539758682251e-01
3.067673742771148682e-01
3.067673742771148682e-01
9.971067309379577637e-02
4.658445343375205994e-02
3.147889301180839539e-02
3.087691962718963623e-02
3.705033659934997559e-02
5.437088385224342346e-02
1.941550970077514648e-01
3.067673742771148682e-01
2.901729047298431396e-01
3.460351005196571350e-02
1.747377961874008179e-02
3.210696578025817871e-02
4.185123369097709656e-02
4.430509731173515320e-02
5.752480775117874146e-02
2.901729047298431396e-01
2.901729047298431396e-01
2.901729047298431396e-01
1.235167607665061951e-01
5.783531814813613892e-02
3.075864724814891815e-02
4.454029724001884460e-02
5.074715614318847656e-02
8.226027339696884155e-02
2.455940693616867065e-01
2.901729047298431396e-01
2.901729047298431396e-01
5.041215568780899048e-02
2.102640829980373383e-02
1.809815689921379089e-02
3.236993774771690369e-02
3.176482766866683960e-02
4.466719552874565125e-02
2.106509804725646973e-01
2.901729047298431396e-01
2.901729047298431396e-01
3.556192293763160706e-02
2.117704972624778748e-02
2.399707958102226257e-02
3.828931972384452820e-02
4.481963068246841431e-02
6.869189441204071045e-02
2.762817144393920898e-01
2.901729047298431396e-01
2.804870307445526123e-01
2.548120915889739990e-01
8.139922469854354858e-02
2.176836691796779633e-02
4.691942036151885986e-02
6.612168252468109131e-02
1.310808360576629639e-01
2.733227312564849854e-01
2.804870307445526123e-01
1.859830617904663086e-01
1.111781001091003418e-01
3.268797695636749268e-02
1.389354094862937927e-02
1.842572726309299469e-02
6.763225793838500977e-02
1.534268558025360107e-01
2.804870307445526123e-01
2.804870307445526123e-01
2.424351125955581665e-01
4.668515175580978394e-02
3.976822271943092346e-02
3.643249720335006714e-02
5.575001612305641174e-02
4.541685432195663452e-02
1.155971512198448181e-01
2.804870307445526123e-01
2.804870307445526123e-01
1.290016472339630127e-01
5.691214650869369507e-02
3.435770422220230103e-02
3.557401895523071289e-02
4.760160669684410095e-02
8.495413511991500854e-02
1.906812936067581177e-01
2.682711780071258545e-01
2.355192452669143677e-01
1.460076123476028442e-01
4.588177800178527832e-02
3.016638383269309998e-02
1.189499069005250931e-02
7.843987084925174713e-03
4.854694753885269165e-02
9.960725158452987671e-02
2.982378602027893066e-01
2.982378602027893066e-01
2.206517010927200317e-01
5.320189893245697021e-02
4.984709993004798889e-02
2.990270592272281647e-02
2.972307242453098297e-02
6.763704121112823486e-02
1.574629396200180054e-01
2.726914584636688232e-01
2.982378602027893066e-01
1.008270755410194397e-01
8.447526395320892334e-02
9.930880367755889893e-02
6.824876368045806885e-02
8.433640003204345703e-02
1.040647625923156738e-01
1.562997251749038696e-01
2.162355482578277588e-01
1.876238435506820679e-01
2.061571478843688965e-01
1.139106228947639465e-01
1.550044268369674683e-01
8.978316932916641235e-02
6.632106006145477295e-02
1.374897360801696777e-01
2.982378602027893066e-01
2.982378602027893066e-01
2.982378602027893066e-01
2.050527036190032959e-01
3.950956463813781738e-02
4.013224318623542786e-02
2.283740974962711334e-02
2.808849513530731201e-02
5.248146504163742065e-02
2.292945086956024170e-01
1.873226314783096313e-01
1.841008365154266357e-01
2.770050466060638428e-01
8.749662339687347412e-02
5.036745965480804443e-02
8.322485536336898804e-02
6.750220060348510742e-02
1.028645709156990051e-01
2.770050466060638428e-01
2.770050466060638428e-01
2.764830291271209717e-01
1.785113364458084106e-01
4.050698503851890564e-02
2.802623994648456573e-02
1.904854364693164825e-02
1.261276099830865860e-02
9.196391701698303223e-02
2.770050466060638428e-01
2.733590304851531982e-01
1.977697759866714478e-01
2.749855220317840576e-01
5.987954884767532349e-02
1.697239466011524200e-02
1.343329530209302902e-02
1.834471337497234344e-02
5.675954744219779968e-02
2.770050466060638428e-01
1.793344616889953613e-01
2.480557411909103394e-01
3.150381147861480713e-01
1.235067546367645264e-01
6.921201944351196289e-02
1.236630827188491821e-01
1.255268603563308716e-01
7.941653579473495483e-02
1.764627248048782349e-01
2.453994005918502808e-01
3.150381147861480713e-01
3.150381147861480713e-01
1.248099803924560547e-01
6.631824374198913574e-02
8.283694088459014893e-02
9.956353902816772461e-02
7.494693994522094727e-02
1.803948543965816498e-02
1.311606615781784058e-01
3.150381147861480713e-01
3.150381147861480713e-01
5.462369695305824280e-02
1.927869021892547607e-02
1.539688557386398315e-02
1.356624905019998550e-02
1.491352450102567673e-02
4.506573081016540527e-02
1.036494448781013489e-01
2.664557397365570068e-01
3.150381147861480713e-01
1.851635240018367767e-02
8.349649608135223389e-03
9.473951533436775208e-03
4.899710416793823242e-03
5.243953783065080643e-03
1.044793706387281418e-02
7.083375006914138794e-02
3.150381147861480713e-01
3.242314457893371582e-01
1.872732192277908325e-01
7.232456654310226440e-02
4.712481051683425903e-02
4.212723299860954285e-02
4.860489070415496826e-02
1.333234086632728577e-02
5.035727471113204956e-02
3.242314457893371582e-01
3.242314457893371582e-01
2.781957983970642090e-01
8.454691618680953979e-02
3.633506596088409424e-02
2.613458782434463501e-02
2.870290912687778473e-02
2.012688480317592621e-02
5.781290680170059204e-02
3.242314457893371582e-01
3.242314457893371582e-01
4.193751513957977295e-02
1.735563948750495911e-02
9.881488978862762451e-03
5.263510160148143768e-03
4.879798507317900658e-04
6.464004050940275192e-03
4.503310844302177429e-02
3.242314457893371582e-01
3.242314457893371582e-01
8.435941487550735474e-02
2.775834500789642334e-02
1.348819211125373840e-02
6.309734657406806946e-03
6.170487031340599060e-04
5.031328648328781128e-03
5.360012874007225037e-02
3.242314457893371582e-01
3.137398660182952881e-01
1.433460265398025513e-01
5.250849574804306030e-02
3.189791738986968994e-02
3.172360733151435852e-02
3.361386060714721680e-02
5.075523257255554199e-02
1.578205078840255737e-01
3.137398660182952881e-01
3.137398660182952881e-01
1.901734024286270142e-01
7.912404835224151611e-02
2.522972784936428070e-02
3.513051941990852356e-02
2.888086996972560883e-02
5.161347240209579468e-02
1.990502774715423584e-01
3.137398660182952881e-01
3.137398660182952881e-01
4.498011246323585510e-02
1.752288639545440674e-02
1.346716377884149551e-02
9.648107923567295074e-03
2.585928421467542648e-03
1.886844262480735779e-02
1.453594118356704712e-01
3.137398660182952881e-01
3.137398660182952881e-01
9.050054103136062622e-02
1.950845494866371155e-02
9.935808368027210236e-03
1.642204821109771729e-02
5.359091795980930328e-03
3.374848514795303345e-02
1.839590668678283691e-01
3.137398660182952881e-01
3.213356435298919678e-01
1.850658357143402100e-01
5.546135455369949341e-02
1.233804691582918167e-02
3.052219375967979431e-02
1.458608359098434448e-02
2.169320173561573029e-02
1.375664323568344116e-01
3.213356435298919678e-01
3.213356435298919678e-01
1.386525928974151611e-01
2.127387560904026031e-02
1.226057484745979309e-02
5.907229706645011902e-02
3.079414367675781250e-02
3.852134197950363159e-02
2.296346276998519897e-01
3.213356435298919678e-01
3.213356435298919678e-01
1.003129631280899048e-01
1.667861826717853546e-02
3.211249597370624542e-03
1.900422386825084686e-02
5.443143192678689957e-03
2.515698038041591644e-02
9.254132211208343506e-02
3.190566599369049072e-01
3.213356435298919678e-01
9.375870972871780396e-02
1.296454947441816330e-02
4.836800042539834976e-03
2.440538443624973297e-02
1.216838043183088303e-02
1.928128302097320557e-02
7.524272799491882324e-02
3.213356435298919678e-01
3.347869813442230225e-01
1.510034650564193726e-01
8.305187337100505829e-03
6.095304619520902634e-03
2.048039436340332031e-02
1.548421941697597504e-02
4.230120778083801270e-02
1.126241758465766907e-01
3.347869813442230225e-01
3.347869813442230225e-01
1.582825034856796265e-01
2.046779729425907135e-02
1.182587072253227234e-02
1.452241372317075729e-02
1.095737516880035400e-02
1.051851063966751099e-01
1.392894387245178223e-01
3.347869813442230225e-01
3.347869813442230225e-01
6.634365022182464600e-02
5.131264682859182358e-03
5.526348482817411423e-03
9.110727347433567047e-03
1.243934221565723419e-02
3.785367310047149658e-02
3.275291621685028076e-02
3.059129714965820312e-01
3.047356307506561279e-01
4.080228507518768311e-02
1.242248993366956711e-02
1.337688509374856949e-02
1.640051789581775665e-02
1.718791946768760681e-02
1.195038929581642151e-01
1.386342346668243408e-01
3.347869813442230225e-01
3.031019866466522217e-01
1.003665402531623840e-01
2.512381039559841156e-02
2.662295103073120117e-02
2.193421497941017151e-02
5.412495695054531097e-03
8.471443504095077515e-02
2.203895896673202515e-01
3.031019866466522217e-01
3.031019866466522217e-01
1.000093817710876465e-01
4.365534335374832153e-02
3.512980788946151733e-02
2.478585764765739441e-02
1.900994218885898590e-02
1.026967987418174744e-01
2.277851402759552002e-01
3.031019866466522217e-01
1.573885828256607056e-01
3.234673291444778442e-02
1.621476002037525177e-02
2.365058846771717072e-02
2.122252248227596283e-02
1.009771041572093964e-02
9.631238877773284912e-02
3.031019866466522217e-01
3.031019866466522217e-01
2.362266778945922852e-01
2.984777465462684631e-02
3.327282145619392395e-02
2.197018451988697052e-02
2.048707939684391022e-02
2.826002985239028931e-02
1.476901620626449585e-01
3.031019866466522217e-01
3.031019866466522217e-01
2.290078252553939819e-01
1.330646723508834839e-01
1.327779591083526611e-01
1.067590042948722839e-01
8.815477788448333740e-02
9.317145496606826782e-02
7.038484513759613037e-02
6.825751066207885742e-02
2.173608988523483276e-01
2.840508222579956055e-01
2.445229440927505493e-01
1.518608927726745605e-01
7.409897446632385254e-02
1.029029563069343567e-01
1.089129298925399780e-01
5.555714294314384460e-02
1.461987644433975220e-01
2.250840216875076294e-01
2.514116168022155762e-01
1.273775547742843628e-01
1.572596132755279541e-01
1.901820749044418335e-01
8.015515655279159546e-02
1.646044850349426270e-01
1.172982975840568542e-01
1.357252895832061768e-01
2.095708847045898438e-01
3.395326733589172363e-01
2.377626150846481323e-01
1.375205963850021362e-01
1.824736595153808594e-01
9.328380227088928223e-02
1.575130671262741089e-01
1.149201095104217529e-01
1.081867367029190063e-01
1.583144366741180420e-01
2.396446019411087036e-01
2.096239477396011353e-01
1.445352137088775635e-01
4.845595359802246094e-02
5.114086717367172241e-02
4.636258259415626526e-02
4.949741065502166748e-02
1.689387559890747070e-01
2.109318375587463379e-01
2.925950884819030762e-01
1.222002282738685608e-01
9.286632388830184937e-02
6.197397410869598389e-02
3.543034195899963379e-02
4.225818067789077759e-02
1.223316937685012817e-01
3.333559930324554443e-01
3.291309177875518799e-01
2.444233894348144531e-01
1.969467997550964355e-01
1.205833181738853455e-01
7.483488321304321289e-02
6.431359797716140747e-02
6.796015799045562744e-02
1.028349027037620544e-01
1.346364617347717285e-01
1.193836703896522522e-01
1.664958298206329346e-01
1.142964884638786316e-01
6.468454003334045410e-02
7.089564949274063110e-02
1.003109961748123169e-01
1.075000911951065063e-01
1.871888190507888794e-01
3.333559930324554443e-01
2.306133210659027100e-01
2.522808909416198730e-01
7.972275465726852417e-02
2.352720685303211212e-02
2.284243144094944000e-02
3.374347463250160217e-02
3.888151794672012329e-02
7.767599076032638550e-02
3.173978328704833984e-01
2.951250672340393066e-01
3.173978328704833984e-01
1.579594314098358154e-01
3.071605600416660309e-02
8.584023453295230865e-03
4.042500257492065430e-02
5.401557311415672302e-02
1.020196154713630676e-01
3.173978328704833984e-01
3.173978328704833984e-01
1.339244246482849121e-01
8.637985587120056152e-02
1.792665757238864899e-02
3.386365994811058044e-02
6.022108718752861023e-02
5.822340026497840881e-02
1.142667159438133240e-01
2.444280385971069336e-01
2.240328639745712280e-01
2.029059976339340210e-01
1.145824119448661804e-01
3.172772750258445740e-02
4.565412178635597229e-02
5.011995881795883179e-02
3.642012923955917358e-02
1.339982748031616211e-01
2.219785600900650024e-01
3.173978328704833984e-01
3.162632584571838379e-01
1.876603066921234131e-01
7.747308909893035889e-02
8.781287819147109985e-03
1.391702052205801010e-02
1.763406209647655487e-02
7.192182540893554688e-02
2.307756543159484863e-01
3.162632584571838379e-01
3.162632584571838379e-01
1.323185414075851440e-01
8.912409096956253052e-02
1.270060986280441284e-02
2.145066112279891968e-02
3.297011181712150574e-02
1.048953756690025330e-01
2.531311511993408203e-01
3.162632584571838379e-01
2.216989845037460327e-01
1.082930341362953186e-01
6.536371260881423950e-02
4.485156387090682983e-02
3.326035663485527039e-02
1.295933686196804047e-02
9.699375182390213013e-02
1.332811415195465088e-01
2.905164062976837158e-01
1.986962854862213135e-01
7.980682700872421265e-02
9.397232532501220703e-02
4.029914364218711853e-02
4.028007760643959045e-02
4.300501942634582520e-02
1.131270900368690491e-01
2.041513621807098389e-01
3.162632584571838379e-01
1.805389225482940674e-01
6.953432410955429077e-02
4.953050240874290466e-02
1.144603174179792404e-02
2.307252399623394012e-02
3.597266599535942078e-02
6.801071017980575562e-02
2.175930887460708618e-01
3.506761491298675537e-01
2.712881267070770264e-01
1.396686732769012451e-01
8.077184110879898071e-02
2.490614540874958038e-02
6.352208554744720459e-02
3.912133350968360901e-02
5.048156529664993286e-02
2.586205303668975830e-01
3.506761491298675537e-01
1.052919030189514160e-01
2.761511877179145813e-02
4.451001435518264771e-02
3.288792446255683899e-02
3.127933293581008911e-02
3.673664107918739319e-02
6.055344268679618835e-02
2.509849965572357178e-01
3.506761491298675537e-01
1.360827535390853882e-01
6.380434334278106689e-02
2.638536691665649414e-02
1.712387800216674805e-02
3.413737937808036804e-02
2.669954299926757812e-02
5.666420608758926392e-02
3.506761491298675537e-01
3.506761491298675537e-01
3.051443397998809814e-01
7.981434464454650879e-02
2.840530499815940857e-02
1.863965764641761780e-02
5.990078300237655640e-02
2.920170128345489502e-02
5.793997645378112793e-02
2.566804885864257812e-01
3.051443397998809814e-01
3.051443397998809814e-01
5.695348232984542847e-02
1.654328778386116028e-02
2.760545723140239716e-02
5.291927605867385864e-02
6.607865542173385620e-02
1.298761814832687378e-01
3.051443397998809814e-01
3.051443397998809814e-01
1.173383370041847229e-01
4.512455686926841736e-02
1.098769903182983398e-02
6.598053034394979477e-03
4.483361914753913879e-02
1.984094083309173584e-02
6.076773628592491150e-02
3.051443397998809814e-01
3.051443397998809814e-01
9.928287565708160400e-02
4.682877659797668457e-02
2.606311067938804626e-02
1.947419904172420502e-02
5.722150579094886780e-02
4.075835272669792175e-02
9.644944220781326294e-02
3.051443397998809814e-01
3.051443397998809814e-01
1.822703033685684204e-01
6.213209405541419983e-02
4.435582086443901062e-02
2.822626940906047821e-02
3.577923029661178589e-02
8.055782318115234375e-02
2.148841321468353271e-01
3.008772134780883789e-01
2.836410403251647949e-01
9.702801704406738281e-02
6.341356039047241211e-02
3.940729051828384399e-02
3.911812230944633484e-02
5.831070244312286377e-02
1.904070377349853516e-01
3.008772134780883789e-01
3.008772134780883789e-01
2.104409635066986084e-01
1.005253940820693970e-01
6.283297389745712280e-02
3.743891417980194092e-02
2.302838861942291260e-02
3.335127606987953186e-02
6.258402764797210693e-02
1.510653495788574219e-01
2.674708068370819092e-01
2.249733507633209229e-01
1.038710102438926697e-01
5.971221625804901123e-02
2.230891585350036621e-02
2.345164492726325989e-02
5.629599839448928833e-02
1.687116771936416626e-01
3.008772134780883789e-01
3.008772134780883789e-01
2.379717826843261719e-01
4.649008810520172119e-02
5.897433310747146606e-02
6.969827413558959961e-02
7.413750141859054565e-02
8.174137771129608154e-02
1.190662384033203125e-01
2.103915512561798096e-01
2.479247152805328369e-01
1.153020411729812622e-01
7.980021834373474121e-02
7.102221250534057617e-02
1.266844570636749268e-01
9.908895194530487061e-02
8.253953605890274048e-02
9.308448433876037598e-02
3.118035197257995605e-01
3.118035197257995605e-01
2.283871322870254517e-01
5.970824137330055237e-02
2.646809630095958710e-02
1.384634897112846375e-02
2.504870854318141937e-02
4.950664192438125610e-02
1.301542967557907104e-01
2.345787286758422852e-01
3.118035197257995605e-01
2.053628563880920410e-01
1.024044454097747803e-01
2.503393404185771942e-02
4.696547985076904297e-02
6.527254730463027954e-02
6.991294771432876587e-02
9.282112866640090942e-02
3.118035197257995605e-01
3.118035197257995605e-01
3.118035197257995605e-01
7.177245616912841797e-02
6.668566167354583740e-02
8.544757962226867676e-02
9.472617506980895996e-02
5.466414988040924072e-02
1.112134233117103577e-01
2.930562198162078857e-01
2.930562198162078857e-01
1.086749210953712463e-01
8.777257055044174194e-02
8.148383349180221558e-02
9.275220334529876709e-02
1.232253834605216980e-01
8.518185466527938843e-02
9.653721004724502563e-02
2.930562198162078857e-01
2.280001789331436157e-01
1.013285592198371887e-01
1.477012187242507935e-01
8.890410512685775757e-02
1.337378919124603271e-01
1.965947598218917847e-01
9.892335534095764160e-02
5.955862626433372498e-02
2.930562198162078857e-01
2.930562198162078857e-01
1.289270669221878052e-01
1.770389527082443237e-01
1.168010309338569641e-01
1.635281890630722046e-01
2.288436889648437500e-01
1.234061047434806824e-01
5.467435717582702637e-02
2.149107456207275391e-01
2.733228504657745361e-01
1.350836157798767090e-01
1.978569179773330688e-01
1.084940806031227112e-01
9.436219185590744019e-02
1.074385270476341248e-01
1.133704632520675659e-01
7.917543500661849976e-02
1.228201389312744141e-01
1.915208250284194946e-01
2.543790042400360107e-01
1.854127347469329834e-01
7.535403966903686523e-02
4.176896810531616211e-02
3.657417744398117065e-02
1.713249459862709045e-02
3.561337711289525032e-03
4.703251644968986511e-02
7.379769533872604370e-02
2.288692891597747803e-01
3.427976369857788086e-01
1.105099618434906006e-01
1.073200553655624390e-01
1.055855751037597656e-01
1.238882392644882202e-01
5.089168995618820190e-02
1.056298315525054932e-01
2.798057198524475098e-01
3.427976369857788086e-01
2.863163948059082031e-01
1.797047704458236694e-01
1.462432295083999634e-01
1.117691695690155029e-01
5.410852283239364624e-02
1.229462958872318268e-02
9.336667507886886597e-02
2.215643674135208130e-01
3.159221410751342773e-01
1.875481307506561279e-01
8.281144499778747559e-02
4.524629190564155579e-02
2.791596949100494385e-02
2.988882549107074738e-02
8.519204566255211830e-04
2.778113819658756256e-02
5.854883044958114624e-02
2.143836021423339844e-01
2.687437832355499268e-01
8.380926400423049927e-02
5.056171119213104248e-02
3.058513067662715912e-02
3.886126726865768433e-02
0.000000000000000000e+00
1.678191497921943665e-02
6.334830075502395630e-02
2.775000631809234619e-01
3.522681295871734619e-01
2.594537734985351562e-01
2.031033486127853394e-01
1.571361869573593140e-01
4.681513831019401550e-02
9.979736991226673126e-03
4.504355043172836304e-02
1.281350255012512207e-01
3.231070339679718018e-01
3.761749267578125000e-01
1.616805344820022583e-01
8.596365153789520264e-02
4.047273471951484680e-02
3.500917553901672363e-02
2.858218969777226448e-03
2.728294394910335541e-02
1.792438328266143799e-01
3.761749267578125000e-01
1.990322768688201904e-01
4.079866781830787659e-02
3.240801766514778137e-02
2.594977803528308868e-02
2.566397748887538910e-02
1.763276988640427589e-03
2.695921435952186584e-02
9.255123883485794067e-02
2.315640449523925781e-01
2.943879663944244385e-01
5.626185610890388489e-02
2.753806114196777344e-02
1.317524723708629608e-02
4.079766198992729187e-02
3.894048184156417847e-02
9.269130229949951172e-02
1.498257070779800415e-01
3.390788435935974121e-01
3.861111104488372803e-01
7.226269692182540894e-02
6.098348647356033325e-02
9.106280282139778137e-03
2.042785659432411194e-02
3.679573710542172194e-04
3.046346455812454224e-02
1.294116079807281494e-01
3.861111104488372803e-01
3.861111104488372803e-01
5.696836486458778381e-02
4.875572025775909424e-02
3.598060691729187965e-03
2.534775063395500183e-02
3.489505872130393982e-02
7.859081774950027466e-02
1.117684319615364075e-01
3.861111104488372803e-01
2.363678663969039917e-01
4.489101096987724304e-02
1.723894104361534119e-02
8.653178811073303223e-03
4.258903861045837402e-02
4.558958858251571655e-02
5.560334399342536926e-02
7.272060960531234741e-02
2.213496416807174683e-01
3.630118072032928467e-01
8.879277855157852173e-02
2.265826798975467682e-02
2.189386263489723206e-02
3.819696605205535889e-02
2.526753209531307220e-02
1.965294033288955688e-02
6.867568194866180420e-02
3.630118072032928467e-01
3.268825709819793701e-01
3.369966149330139160e-02
2.238468080759048462e-02
1.361600775271654129e-02
4.859678074717521667e-02
6.245939806103706360e-02
4.794874042272567749e-02
1.314415186643600464e-01
3.630118072032928467e-01
3.630118072032928467e-01
1.096461787819862366e-01
3.334777802228927612e-02
3.838939592242240906e-02
5.318849161267280579e-02
6.316422671079635620e-02
6.751817464828491211e-02
2.034326940774917603e-01
3.630118072032928467e-01
2.771128714084625244e-01
6.038522347807884216e-02
7.733298931270837784e-03
1.103155221790075302e-02
7.627749815583229065e-03
6.569791119545698166e-03
1.249226275831460953e-02
2.445200644433498383e-02
3.562020063400268555e-01
2.495503723621368408e-01
3.688109666109085083e-02
1.278287079185247421e-02
2.071657031774520874e-02
8.273276500403881073e-03
1.027071755379438400e-02
2.724662423133850098e-02
4.393283650279045105e-02
3.562020063400268555e-01
3.562020063400268555e-01
1.455592513084411621e-01
1.507356669753789902e-02
1.321369037032127380e-02
7.935116998851299286e-03
1.765034347772598267e-02
7.531821727752685547e-02
8.090217411518096924e-02
3.562020063400268555e-01
3.562020063400268555e-01
1.678458005189895630e-01
3.224005177617073059e-02
2.358287200331687927e-02
3.142401110380887985e-03
1.429130136966705322e-02
1.068436056375503540e-01
1.050396412611007690e-01
3.562020063400268555e-01
2.300823479890823364e-01
9.741824120283126831e-03
7.067043334245681763e-03
9.437609463930130005e-03
7.099655922502279282e-03
6.641666404902935028e-03
2.541377395391464233e-02
1.045044139027595520e-01
3.546451032161712646e-01
3.164311647415161133e-01
6.641143467277288437e-03
5.935202818363904953e-03
3.214392112568020821e-03
6.222215946763753891e-03
9.458295069634914398e-03
6.456832587718963623e-02
2.532123029232025146e-01
3.546451032161712646e-01
3.546451032161712646e-01
4.726635664701461792e-02
1.620780490338802338e-02
1.042698044329881668e-02
3.452966921031475067e-03
6.799521856009960175e-03
4.103206470608711243e-02
5.146245658397674561e-02
3.546451032161712646e-01
3.546451032161712646e-01
2.352658100426197052e-02
3.697754582390189171e-03
7.068091072142124176e-03
9.342447854578495026e-03
1.295286492677405477e-04
1.282950281165540218e-03
2.550448104739189148e-02
3.546451032161712646e-01
