3.730364143848419189e-01
1.489045619964599609e-01
4.799883067607879639e-02
4.173030331730842590e-02
1.555298361927270889e-02
5.337556451559066772e-02
1.565569639205932617e-02
4.863925650715827942e-02
2.751550674438476562e-01
3.730364143848419189e-01
1.758952289819717407e-01
4.055103287100791931e-02
3.737555444240570068e-02
4.977444559335708618e-02
5.213490873575210571e-02
3.479951620101928711e-02
4.096006602048873901e-02
2.785935997962951660e-01
3.730364143848419189e-01
1.707119494676589966e-01
4.011432826519012451e-02
2.250900678336620331e-02
3.164910012856125832e-03
2.365924976766109467e-02
9.033476933836936951e-03
4.543983191251754761e-02
2.631059288978576660e-01
3.730364143848419189e-01
2.022476196289062500e-01
4.679955169558525085e-02
9.000382386147975922e-03
1.109843887388706207e-02
1.595352217555046082e-02
1.001408230513334274e-02
4.274541884660720825e-02
2.523087263107299805e-01
2.985751032829284668e-01
1.863661408424377441e-01
5.281409993767738342e-02
3.359173983335494995e-02
4.861488565802574158e-02
7.309902459383010864e-02
9.149690717458724976e-02
6.363887339830398560e-02
2.408483326435089111e-01
2.985751032829284668e-01
2.985751032829284668e-01
2.043818980455398560e-01
8.209221810102462769e-02
6.555481255054473877e-02
6.028610095381736755e-02
9.588041156530380249e-02
9.169586747884750366e-02
2.677536606788635254e-01
2.985751032829284668e-01
1.848788410425186157e-01
2.712855115532875061e-02
1.103529240936040878e-02
6.455326918512582779e-03
1.608327403664588928e-02
2.257540263235569000e-02
5.719915777444839478e-02
2.051066458225250244e-01
2.985751032829284668e-01
2.939577400684356689e-01
1.310030519962310791e-01
3.089512884616851807e-02
2.862744731828570366e-03
7.372454740107059479e-03
4.398777335882186890e-02
1.090782508254051208e-01
2.985751032829284668e-01
2.210528999567031860e-01
2.052088677883148193e-01
1.698744595050811768e-01
6.043272837996482849e-02
3.321786597371101379e-02
6.971654295921325684e-02
7.136145979166030884e-02
6.983535736799240112e-02
1.143723875284194946e-01
2.495111525058746338e-01
2.495111525058746338e-01
1.875504702329635620e-01
1.713574528694152832e-01
8.215240389108657837e-02
1.474866271018981934e-01
1.825787574052810669e-01
8.977773785591125488e-02
1.152191907167434692e-01
2.367952913045883179e-01
1.740089505910873413e-01
1.866909116506576538e-01
2.885961718857288361e-02
8.622472174465656281e-03
2.597042173147201538e-02
4.855949431657791138e-02
1.073646694421768188e-01
2.495111525058746338e-01
2.495111525058746338e-01
1.952668428421020508e-01
2.495111525058746338e-01
1.425233334302902222e-01
5.512205883860588074e-02
8.971612155437469482e-02
2.351711988449096680e-01
2.495111525058746338e-01
2.495111525058746338e-01
2.681214511394500732e-01
2.681214511394500732e-01
1.491890251636505127e-01
1.787980943918228149e-01
9.257822483777999878e-02
8.376000821590423584e-02
8.662778139114379883e-02
4.439729824662208557e-02
1.736403703689575195e-01
2.681214511394500732e-01
2.193037718534469604e-01
1.351739019155502319e-01
1.062803119421005249e-01
6.797336041927337646e-02
6.471089273691177368e-02
9.150213561952114105e-03
1.501330267637968063e-02
1.946976482868194580e-01
2.681214511394500732e-01
1.172264441847801208e-01
9.553884714841842651e-02
1.440193951129913330e-01
6.051994487643241882e-02
6.471771001815795898e-02
2.681214511394500732e-01
2.681214511394500732e-01
2.681214511394500732e-01
2.484474629163742065e-01
4.696180671453475952e-02
2.515652589499950409e-02
5.520578473806381226e-02
2.577845565974712372e-02
4.647693783044815063e-02
1.633968204259872437e-01
1.987092345952987671e-01
2.681214511394500732e-01
2.954499423503875732e-01
2.954499423503875732e-01
1.252348124980926514e-01
1.961017549037933350e-01
1.014684140682220459e-01
9.675153344869613647e-02
2.501218952238559723e-02
2.751913666725158691e-02
2.600294947624206543e-01
2.954499423503875732e-01
1.473155915737152100e-01
9.687983989715576172e-02
1.868328750133514404e-01
1.374310553073883057e-01
1.116835102438926697e-01
2.576463110744953156e-02
2.092832326889038086e-02
2.559516727924346924e-01
2.954499423503875732e-01
6.643103063106536865e-02
4.575791954994201660e-02
5.587209016084671021e-02
3.748123347759246826e-02
8.842461556196212769e-02
1.642305850982666016e-01
1.045802235603332520e-01
2.954499423503875732e-01
2.954499423503875732e-01
7.111646980047225952e-02
4.214406758546829224e-02
3.617448732256889343e-02
5.046989023685455322e-02
6.308492273092269897e-02
7.133243978023529053e-02
5.227027833461761475e-02
2.954499423503875732e-01
3.135288953781127930e-01
1.213677451014518738e-01
8.810802549123764038e-02
2.224505841732025146e-01
1.319082081317901611e-01
1.278613656759262085e-01
3.596570715308189392e-02
2.010506205260753632e-02
2.602925002574920654e-01
3.135288953781127930e-01
1.675617247819900513e-01
9.819401055574417114e-02
1.531116366386413574e-01
1.116338819265365601e-01
9.385976195335388184e-02
6.151345744729042053e-02
6.360409408807754517e-02
1.947106271982192993e-01
3.135288953781127930e-01
1.657885611057281494e-01
6.022453308105468750e-02
3.399655967950820923e-02
3.262076526880264282e-02
6.676813215017318726e-02
3.254702687263488770e-02
4.637801647186279297e-02
3.135288953781127930e-01
3.135288953781127930e-01
2.410988807678222656e-01
1.123150214552879333e-01
2.904280275106430054e-02
2.149187400937080383e-02
6.592439115047454834e-02
3.971970081329345703e-02
1.011983528733253479e-01
2.698142230510711670e-01
2.792229950428009033e-01
1.740808337926864624e-01
1.388736814260482788e-01
9.055250883102416992e-02
1.640804857015609741e-01
9.222339093685150146e-02
4.002960398793220520e-02
1.025066301226615906e-01
1.603382676839828491e-01
1.686235666275024414e-01
1.785390377044677734e-01
1.434009671211242676e-01
7.576686888933181763e-02
1.670510619878768921e-01
9.976099431514739990e-02
5.745049938559532166e-02
1.269040405750274658e-01
1.782553941011428833e-01
3.197152912616729736e-01
2.266150861978530884e-01
1.628116518259048462e-01
6.133585795760154724e-02
3.725860267877578735e-02
6.916224211454391479e-02
4.448975995182991028e-02
1.438958793878555298e-01
2.600920200347900391e-01
3.197152912616729736e-01
2.432881742715835571e-01
1.671740561723709106e-01
7.732619345188140869e-02
8.679372072219848633e-02
8.275930583477020264e-02
7.988765090703964233e-02
1.161408573389053345e-01
3.197152912616729736e-01
1.156819313764572144e-01
2.028476446866989136e-01
1.193236932158470154e-01
6.462413817644119263e-02
8.700431883335113525e-02
6.697059422731399536e-02
6.258651614189147949e-02
8.947467803955078125e-02
1.333455890417098999e-01
2.005119919776916504e-01
2.357871979475021362e-01
2.197079956531524658e-01
9.553231298923492432e-02
6.103372573852539062e-02
5.321709811687469482e-02
1.190939620137214661e-01
1.244283244013786316e-01
1.480757296085357666e-01
3.509303927421569824e-01
3.135525286197662354e-01
1.071504354476928711e-01
5.570324510335922241e-02
5.546713620424270630e-02
5.234507471323013306e-02
4.842260852456092834e-02
7.079682499170303345e-02
2.311432659626007080e-01
3.509303927421569824e-01
3.509303927421569824e-01
1.619637161493301392e-01
9.014117717742919922e-02
4.138313606381416321e-02
3.175202012062072754e-02
6.541901826858520508e-02
7.790370285511016846e-02
2.721394002437591553e-01
2.080958485603332520e-01
1.209411248564720154e-01
1.185632199048995972e-01
8.105739951133728027e-02
9.138645231723785400e-02
7.613614946603775024e-02
1.120031401515007019e-01
8.391369134187698364e-02
1.515222936868667603e-01
2.371214777231216431e-01
2.008564770221710205e-01
1.222945675253868103e-01
1.004043146967887878e-01
6.629884243011474609e-02
9.969716519117355347e-02
9.854486584663391113e-02
5.785968527197837830e-02
1.738371998071670532e-01
3.524225056171417236e-01
2.542639076709747314e-01
1.042433455586433411e-01
5.125088617205619812e-02
5.881573259830474854e-02
3.139130026102066040e-02
6.799038499593734741e-02
6.200155988335609436e-02
2.864150404930114746e-01
3.524225056171417236e-01
3.260479867458343506e-01
1.059903502464294434e-01
4.074911400675773621e-02
3.932249918580055237e-02
3.716449066996574402e-02
7.265286892652511597e-02
9.507618099451065063e-02
3.522330522537231445e-01
1.858349740505218506e-01
1.756527274847030640e-01
1.277308464050292969e-01
1.090040206909179688e-01
3.548403456807136536e-02
3.018024004995822906e-02
4.637057334184646606e-02
4.074817523360252380e-02
1.274883896112442017e-01
2.726920247077941895e-01
1.710052341222763062e-01
1.242232546210289001e-01
1.394075602293014526e-01
8.897945284843444824e-02
2.058800123631954193e-02
3.029085882008075714e-02
9.726700931787490845e-02
1.944158822298049927e-01
3.453629612922668457e-01
3.158652484416961670e-01
9.495773166418075562e-02
6.281867623329162598e-02
1.835438609123229980e-02
9.679824113845825195e-03
3.018160350620746613e-02
6.821309775114059448e-02
2.694730162620544434e-01
3.453629612922668457e-01
3.038907647132873535e-01
9.636797755956649780e-02
8.509880304336547852e-02
8.004769682884216309e-02
7.636006455868482590e-03
2.692820876836776733e-02
1.431881338357925415e-01
3.453629612922668457e-01
2.236680388450622559e-01
1.289598792791366577e-01
7.667239010334014893e-02
8.173494040966033936e-02
8.326297253370285034e-02
4.445550963282585144e-02
2.857126481831073761e-02
9.143265336751937866e-02
2.119009196758270264e-01
2.625100314617156982e-01
1.816305667161941528e-01
1.296569108963012695e-01
6.106044352054595947e-02
6.722269207239151001e-02
4.162932932376861572e-02
2.956186980009078979e-02
7.592047005891799927e-02
2.296663671731948853e-01
3.731393218040466309e-01
2.405768185853958130e-01
6.470680236816406250e-02
3.662922978401184082e-02
5.771605670452117920e-02
9.283724240958690643e-03
2.906730584800243378e-02
1.310129165649414062e-01
3.516764938831329346e-01
3.731393218040466309e-01
2.681059837341308594e-01
7.865130156278610229e-02
3.923553600907325745e-02
2.970188297331333160e-02
3.175765043124556541e-03
2.045229263603687286e-02
8.673034608364105225e-02
3.009602725505828857e-01
2.768943011760711670e-01
1.668155193328857422e-01
1.465035676956176758e-01
6.091435998678207397e-02
4.046862199902534485e-02
2.078357897698879242e-02
2.561949938535690308e-02
8.340293914079666138e-02
1.331615746021270752e-01
4.005798101425170898e-01
1.726859360933303833e-01
1.271217316389083862e-01
7.341736555099487305e-02
4.940037056803703308e-02
5.777553468942642212e-02
5.239832028746604919e-02
1.094740927219390869e-01
1.638506799936294556e-01
4.013932645320892334e-01
2.445619404315948486e-01
6.827843189239501953e-02
2.847404032945632935e-02
1.891120523214340210e-02
1.368134748190641403e-03
1.347918901592493057e-02
4.784700274467468262e-02
2.163864970207214355e-01
4.013932645320892334e-01
2.494276463985443115e-01
8.723127841949462891e-02
3.175125271081924438e-02
1.456630323082208633e-02
2.324758842587471008e-02
4.347266256809234619e-02
7.126006484031677246e-02
2.529665231704711914e-01
3.367848396301269531e-01
1.525973826646804810e-01
8.533120155334472656e-02
5.246838182210922241e-02
4.443626850843429565e-02
5.876896530389785767e-02
4.940390586853027344e-02
8.926748484373092651e-02
1.600628048181533813e-01
3.575761616230010986e-01
2.366516739130020142e-01
1.030016839504241943e-01
4.103423282504081726e-02
3.035382926464080811e-02
2.288644388318061829e-02
5.102993920445442200e-02
8.258125931024551392e-02
1.546680331230163574e-01
3.575761616230010986e-01
2.212331295013427734e-01
7.752221077680587769e-02
3.359889239072799683e-02
1.598771847784519196e-02
2.192976698279380798e-02
3.374833613634109497e-02
9.856048226356506348e-02
2.570343613624572754e-01
3.575761616230010986e-01
3.064846396446228027e-01
7.520885765552520752e-02
2.495005168020725250e-02
2.519993297755718231e-02
7.660690695047378540e-03
1.301910355687141418e-02
8.379844576120376587e-02
2.823450565338134766e-01
3.603847920894622803e-01
2.149626910686492920e-01
8.113522082567214966e-02
2.639764733612537384e-02
1.808361150324344635e-02
7.599890697747468948e-03
3.368194773793220520e-02
4.998467490077018738e-02
1.304149031639099121e-01
3.603847920894622803e-01
1.888756752014160156e-01
5.282258987426757812e-02
4.403127357363700867e-02
2.006828226149082184e-02
1.007174234837293625e-02
2.558597736060619354e-02
5.075176805257797241e-02
2.511434257030487061e-01
3.603847920894622803e-01
2.865761816501617432e-01
6.109869107604026794e-02
9.955418296158313751e-03
8.667418733239173889e-03
3.086237702518701553e-03
6.591855082660913467e-03
4.964990913867950439e-02
2.167982012033462524e-01
3.603847920894622803e-01
2.611233890056610107e-01
6.596001982688903809e-02
1.609344407916069031e-02
1.799782970920205116e-03
7.327839732170104980e-03
7.748493459075689316e-03
7.087003439664840698e-02
2.857936620712280273e-01
3.828135430812835693e-01
1.789445132017135620e-01
5.024705827236175537e-02
4.160332307219505310e-02
2.272645197808742523e-02
1.239118166267871857e-02
2.568188495934009552e-02
6.643527001142501831e-02
2.140211760997772217e-01
3.828135430812835693e-01
2.492226660251617432e-01
7.128185778856277466e-02
3.535098582506179810e-02
2.020800299942493439e-02
8.329747244715690613e-03
1.607725210487842560e-02
4.482122510671615601e-02
2.275666892528533936e-01
3.828135430812835693e-01
2.172256559133529663e-01
6.507536023855209351e-02
2.388856187462806702e-02
8.290800265967845917e-03
1.442749612033367157e-02
1.741460338234901428e-02
5.195305868983268738e-02
2.038685828447341919e-01
3.828135430812835693e-01
2.626932561397552490e-01
4.694329202175140381e-02
1.287009287625551224e-02
1.088851131498813629e-02
1.521046739071607590e-02
2.817556448280811310e-02
2.551763504743576050e-02
1.708364188671112061e-01
3.663586080074310303e-01
1.337396949529647827e-01
1.687460765242576599e-02
4.692941904067993164e-03
5.284597631543874741e-03
1.358125708065927029e-03
3.460510168224573135e-03
1.605496555566787720e-02
1.736759394407272339e-01
3.663586080074310303e-01
1.352660357952117920e-01
1.865565776824951172e-02
2.655650023370981216e-03
2.273301128298044205e-03
3.701556706801056862e-03
7.382108364254236221e-03
2.977475151419639587e-02
2.415295988321304321e-01
3.663586080074310303e-01
1.846015006303787231e-01
1.876002759672701359e-03
3.569478169083595276e-03
6.736215669661760330e-03
1.746161375194787979e-03
4.831296391785144806e-03
1.134430896490812302e-02
3.663586080074310303e-01
3.663586080074310303e-01
1.710277497768402100e-01
6.723020691424608231e-03
3.005072940140962601e-03
2.504472620785236359e-03
3.038182854652404785e-03
8.056220598518848419e-03
2.727886289358139038e-02
3.663586080074310303e-01
3.475407660007476807e-01
1.015156134963035583e-01
1.689653843641281128e-02
1.465664710849523544e-02
4.234693944454193115e-03
1.039845962077379227e-02
1.954085752367973328e-02
2.998302131891250610e-02
2.227946668863296509e-01
3.475407660007476807e-01
2.208447307348251343e-01
5.629796162247657776e-02
2.619211748242378235e-02
3.293650690466165543e-03
5.808747373521327972e-03
2.620066702365875244e-02
4.217671602964401245e-02
2.670266032218933105e-01
3.475407660007476807e-01
1.146919727325439453e-01
1.177443191409111023e-02
1.235629618167877197e-02
3.594758454710245132e-03
9.761231020092964172e-03
2.041785977780818939e-02
2.132276631891727448e-02
3.475407660007476807e-01
3.475407660007476807e-01
2.603168487548828125e-01
2.059006504714488983e-02
1.795473322272300720e-02
3.018287476152181625e-03
6.721220910549163818e-03
2.101317979395389557e-02
9.829580783843994141e-03
3.475407660007476807e-01
3.298415839672088623e-01
1.769438534975051880e-01
1.019743606448173523e-01
1.550245285034179688e-02
1.412795245414599776e-04
5.935764056630432606e-04
1.597403176128864288e-02
5.269883573055267334e-02
2.809152603149414062e-01
3.298415839672088623e-01
1.471382677555084229e-01
1.028161048889160156e-01
2.022339962422847748e-02
6.800986826419830322e-03
9.473279118537902832e-03
7.264758646488189697e-02
1.254829168319702148e-01
3.298415839672088623e-01
3.298415839672088623e-01
1.648297309875488281e-01
1.918387971818447113e-02
7.982219569385051727e-03
8.556723478250205517e-04
1.404984504915773869e-03
4.968867171555757523e-03
9.002338163554668427e-03
3.298415839672088623e-01
3.298415839672088623e-01
1.665608882904052734e-01
8.807007223367691040e-03
1.261628605425357819e-02
1.466264668852090836e-02
1.352397259324789047e-02
8.253802545368671417e-03
3.602781891822814941e-02
3.298415839672088623e-01
3.057135343551635742e-01
6.367243826389312744e-02
2.425003983080387115e-02
1.312546338886022568e-02
1.023292448371648788e-02
1.654391363263130188e-02
1.535185277462005615e-01
2.254680097103118896e-01
3.057135343551635742e-01
3.057135343551635742e-01
2.125351317226886749e-02
8.775974623858928680e-03
6.876566912978887558e-03
6.951320916414260864e-03
4.463080689311027527e-02
1.861242651939392090e-01
2.294912785291671753e-01
3.057135343551635742e-01
3.057135343551635742e-01
1.462699174880981445e-01
1.078053656965494156e-02
1.557120028883218765e-02
2.752666547894477844e-02
2.997475489974021912e-02
2.666062675416469574e-02
7.640565186738967896e-02
3.057135343551635742e-01
3.057135343551635742e-01
1.586210727691650391e-01
5.855496600270271301e-02
2.092986926436424255e-02
2.302247099578380585e-02
4.905857145786285400e-02
7.547798752784729004e-02
1.100829467177391052e-01
3.057135343551635742e-01
2.801231145858764648e-01
3.102828003466129303e-02
1.482502743601799011e-02
1.086431182920932770e-02
1.392115373164415359e-02
7.044641673564910889e-02
2.269072085618972778e-01
1.620146036148071289e-01
2.971096038818359375e-01
2.626348733901977539e-01
7.302250713109970093e-02
3.005231916904449463e-02
1.202297676354646683e-02
2.900369092822074890e-02
2.097023092210292816e-02
1.330610811710357666e-01
1.366981267929077148e-01
2.971096038818359375e-01
2.971096038818359375e-01
1.702826172113418579e-01
6.454695761203765869e-02
2.790729142725467682e-02
1.205830462276935577e-02
5.745810642838478088e-02
1.500521600246429443e-01
1.570051014423370361e-01
2.971096038818359375e-01
2.971096038818359375e-01
1.249182894825935364e-01
2.873833104968070984e-02
2.713059261441230774e-02
1.986914128065109253e-02
4.333965852856636047e-02
1.692972183227539062e-01
2.429805397987365723e-01
2.971096038818359375e-01
2.926754653453826904e-01
9.908838570117950439e-02
3.134318068623542786e-02
7.199630141258239746e-03
1.046497188508510590e-02
7.087050005793571472e-03
5.617978423833847046e-02
1.166922599077224731e-01
2.501654028892517090e-01
3.191818892955780029e-01
8.012813329696655273e-02
3.843082115054130554e-02
4.644389264285564423e-03
3.328992053866386414e-03
5.428994540125131607e-03
1.173499878495931625e-02
9.959097206592559814e-02
2.743302285671234131e-01
3.191818892955780029e-01
1.028788611292839050e-01
2.338649705052375793e-02
1.451832707971334457e-02
8.014800958335399628e-03
1.389847695827484131e-02
1.140484064817428589e-01
2.740416526794433594e-01
3.191818892955780029e-01
3.191818892955780029e-01
1.107364371418952942e-01
3.789887949824333191e-02
1.832822803407907486e-03
7.686636410653591156e-03
1.977712847292423248e-02
4.889465495944023132e-02
3.191818892955780029e-01
3.191818892955780029e-01
3.591732978820800781e-01
7.468586415052413940e-02
2.857022173702716827e-02
5.613732151687145233e-03
3.176900325343012810e-03
6.068181246519088745e-03
1.273767370730638504e-02
5.316544696688652039e-02
2.022690176963806152e-01
3.591732978820800781e-01
1.365568786859512329e-01
1.987401023507118225e-02
4.750079009681940079e-03
3.823814447969198227e-03
9.321005083620548248e-03
1.841654069721698761e-02
2.084334194660186768e-02
1.451443582773208618e-01
3.591732978820800781e-01
1.166141331195831299e-01
2.615226432681083679e-02
6.332843913696706295e-04
8.998152799904346466e-03
3.758460283279418945e-02
4.708665236830711365e-02
2.135338932275772095e-01
3.591732978820800781e-01
3.591732978820800781e-01
1.374877542257308960e-01
1.265262719243764877e-02
1.020601205527782440e-02
9.689851664006710052e-03
5.849627777934074402e-02
9.978672116994857788e-02
1.864572316408157349e-01
3.591732978820800781e-01
3.674687147140502930e-01
1.697671860456466675e-01
2.438990771770477295e-02
4.488940350711345673e-03
3.493148600682616234e-03
5.014667287468910217e-03
5.866810679435729980e-03
7.563512772321701050e-03
8.398331701755523682e-02
3.674687147140502930e-01
2.039547562599182129e-01
2.744992263615131378e-02
9.487254545092582703e-03
3.896023146808147430e-03
3.018757328391075134e-03
5.810879636555910110e-03
3.254291135817766190e-03
1.144575998187065125e-01
3.674687147140502930e-01
1.395885795354843140e-01
2.359945699572563171e-02
1.281037461012601852e-02
1.182834245264530182e-02
4.258733615279197693e-02
6.043346598744392395e-02
1.567633152008056641e-01
3.674687147140502930e-01
3.674687147140502930e-01
1.881956905126571655e-01
1.910460367798805237e-02
4.105648025870323181e-03
1.897355355322360992e-02
1.601457968354225159e-02
2.484111860394477844e-02
8.050622791051864624e-02
3.674687147140502930e-01
3.599579632282257080e-01
1.714945435523986816e-01
2.016981504857540131e-02
7.474820595234632492e-03
4.261305090039968491e-03
2.898894948884844780e-03
9.352881461381912231e-03
1.360725238919258118e-02
1.628898531198501587e-01
3.599579632282257080e-01
1.617210656404495239e-01
1.775789819657802582e-02
4.341442137956619263e-03
3.002878976985812187e-03
2.622694009914994240e-03
9.428996592760086060e-03
2.710364758968353271e-02
2.226218432188034058e-01
3.599579632282257080e-01
1.559388190507888794e-01
1.422899216413497925e-02
4.580808337777853012e-03
8.134648203849792480e-03
4.543097689747810364e-03
1.287025306373834610e-02
5.885842069983482361e-02
3.599579632282257080e-01
3.599579632282257080e-01
2.240293771028518677e-01
9.848992340266704559e-03
1.288771163672208786e-03
1.844256068579852581e-03
1.135444384999573231e-03
7.072635926306247711e-03
8.241519331932067871e-02
3.599579632282257080e-01
3.164749443531036377e-01
1.551523208618164062e-01
9.728829376399517059e-03
3.835313487797975540e-03
1.856312039308249950e-03
1.453175093047320843e-03
6.050832569599151611e-03
1.879510283470153809e-02
1.969554871320724487e-01
3.164749443531036377e-01
1.448193788528442383e-01
1.508730277419090271e-02
1.396681182086467743e-02
1.104461960494518280e-02
1.444276422262191772e-02
1.616215333342552185e-02
4.200612008571624756e-02
3.044974207878112793e-01
3.164749443531036377e-01
2.634412348270416260e-01
1.852877624332904816e-02
0.000000000000000000e+00
1.489057030994445086e-04
8.557745255529880524e-03
1.069126371294260025e-02
5.613249167799949646e-02
3.164749443531036377e-01
3.164749443531036377e-01
2.778184711933135986e-01
2.549983561038970947e-02
2.012546919286251068e-02
6.981183774769306183e-03
3.319686651229858398e-02
6.598055362701416016e-02
2.433824986219406128e-01
3.164749443531036377e-01
3.127386271953582764e-01
1.137282475829124451e-01
1.817306317389011383e-02
2.373304963111877441e-02
7.429972290992736816e-03
1.042012963443994522e-02
2.333406358957290649e-02
4.475699365139007568e-02
2.716771662235260010e-01
3.127386271953582764e-01
1.429830044507980347e-01
2.267729677259922028e-02
2.430220134556293488e-02
1.798643614165484905e-03
0.000000000000000000e+00
2.787205390632152557e-02
4.453008994460105896e-02
1.917918622493743896e-01
3.127386271953582764e-01
1.547481119632720947e-01
2.687529474496841431e-02
6.838757544755935669e-02
2.727778814733028412e-02
2.105662226676940918e-02
1.345824748277664185e-01
3.127386271953582764e-01
3.127386271953582764e-01
3.127386271953582764e-01
1.168878227472305298e-01
6.436534970998764038e-02
9.273269027471542358e-02
3.644919395446777344e-02
2.368017844855785370e-02
1.718538403511047363e-01
2.330645471811294556e-01
3.127386271953582764e-01
3.453489840030670166e-01
2.133801281452178955e-01
4.253690689802169800e-02
1.417839713394641876e-02
3.774818032979965210e-03
1.211707203765399754e-04
1.622091978788375854e-02
4.395798966288566589e-02
2.420413494110107422e-01
3.453489840030670166e-01
1.825847029685974121e-01
8.377955853939056396e-02
1.259239576756954193e-02
3.265055594965815544e-03
1.817560754716396332e-03
2.090302854776382446e-02
4.520203918218612671e-02
2.289187163114547729e-01
3.453489840030670166e-01
1.213093549013137817e-01
7.281739264726638794e-02
6.648919731378555298e-02
2.407515421509742737e-02
3.216319903731346130e-02
8.239209651947021484e-02
1.476926803588867188e-01
3.453489840030670166e-01
3.453489840030670166e-01
1.090703457593917847e-01
5.912268534302711487e-02
3.525682026520371437e-03
5.359781440347433090e-03
4.346965346485376358e-03
2.003797888755798340e-02
8.183991909027099609e-02
3.453489840030670166e-01
3.416339457035064697e-01
1.957822591066360474e-01
8.822724223136901855e-02
1.858480274677276611e-02
9.929356165230274200e-03
2.020585117861628532e-03
1.718974485993385315e-02
8.858521282672882080e-02
2.526541650295257568e-01
3.416339457035064697e-01
2.312693148851394653e-01
5.176255851984024048e-02
1.412146352231502533e-02
2.254314161837100983e-02
3.127726260572671890e-03
6.337242666631937027e-03
9.605184942483901978e-02
2.402059733867645264e-01
3.416339457035064697e-01
1.190470382571220398e-01
4.885614663362503052e-02
1.236898126080632210e-03
5.573536269366741180e-03
1.043422427028417587e-02
2.133011631667613983e-02
6.171686947345733643e-02
3.416339457035064697e-01
3.416339457035064697e-01
1.638901829719543457e-01
3.873180225491523743e-02
5.566781852394342422e-03
1.807370968163013458e-02
1.263268664479255676e-02
1.207439880818128586e-02
6.268440186977386475e-02
3.416339457035064697e-01
3.466316759586334229e-01
2.402453273534774780e-01
4.891166090965270996e-02
3.403366357088088989e-02
1.609094999730587006e-02
9.835503995418548584e-03
1.219769753515720367e-02
7.492285221815109253e-02
1.961816400289535522e-01
3.466316759586334229e-01
1.970251202583312988e-01
9.670226275920867920e-02
4.433617368340492249e-02
1.353797595947980881e-02
1.785624213516712189e-02
2.228358946740627289e-02
9.387090057134628296e-02
2.065538316965103149e-01
3.466316759586334229e-01
1.841762065887451172e-01
3.854785114526748657e-02
2.666127309203147888e-02
3.501872718334197998e-02
1.367953140288591385e-02
2.894133888185024261e-02
6.252729892730712891e-02
3.466316759586334229e-01
3.466316759586334229e-01
1.052198186516761780e-01
3.657257556915283203e-02
3.130643069744110107e-02
4.271961003541946411e-02
2.413006126880645752e-02
4.409644752740859985e-02
8.433279395103454590e-02
3.466316759586334229e-01
2.734089195728302002e-01
1.505702286958694458e-01
1.106640473008155823e-01
5.578640848398208618e-02
1.335191540420055389e-02
2.422863245010375977e-02
2.579974941909313202e-02
9.225007891654968262e-02
1.880811005830764771e-01
2.505635321140289307e-01
2.081569284200668335e-01
9.078397601842880249e-02
4.554644599556922913e-02
2.022274769842624664e-02
2.103124186396598816e-02
3.833172097802162170e-02
5.085278674960136414e-02
1.418326795101165771e-01
3.974843025207519531e-01
6.788152456283569336e-02
4.550618678331375122e-02
2.582037821412086487e-02
3.040880709886550903e-02
2.336318045854568481e-02
3.688049688935279846e-02
8.560402691364288330e-02
3.974843025207519531e-01
3.974843025207519531e-01
1.850826442241668701e-01
8.556018024682998657e-02
3.340871632099151611e-02
2.599141933023929596e-02
1.910895109176635742e-02
3.408272191882133484e-02
4.589937254786491394e-02
3.974843025207519531e-01
3.492182493209838867e-01
1.643662005662918091e-01
1.646798290312290192e-02
9.957279544323682785e-04
2.291826764121651649e-03
2.140726137440651655e-04
9.871659567579627037e-04
3.619748633354902267e-03
2.767643630504608154e-01
3.492182493209838867e-01
1.683820188045501709e-01
5.420191213488578796e-02
2.847974654287099838e-03
1.349074067547917366e-03
1.084299059584736824e-03
2.609248040243983269e-03
1.516031287610530853e-02
3.008564114570617676e-01
3.492182493209838867e-01
2.589866518974304199e-01
6.275344640016555786e-02
6.508604623377323151e-03
9.324497543275356293e-03
1.312956446781754494e-03
5.457736086100339890e-03
1.027390360832214355e-02
2.232065051794052124e-01
3.492182493209838867e-01
2.442391812801361084e-01
1.723334789276123047e-01
3.661317750811576843e-02
4.537770524621009827e-02
9.044394828379154205e-03
8.404809981584548950e-03
4.849826171994209290e-02
2.576489746570587158e-01
2.998492419719696045e-01
1.291932016611099243e-01
5.361659824848175049e-02
5.736527964472770691e-03
2.422896446660161018e-03
4.612682852894067764e-03
8.312384597957134247e-03
3.106170706450939178e-02
2.371775805950164795e-01
2.998492419719696045e-01
2.521166205406188965e-01
6.496959179639816284e-02
1.442731451243162155e-02
2.881173975765705109e-03
1.531076245009899139e-02
2.306639403104782104e-02
4.031909629702568054e-02
2.998492419719696045e-01
2.998492419719696045e-01
2.089635580778121948e-01
2.094235271215438843e-01
5.681664869189262390e-02
1.194316744804382324e-01
2.865309268236160278e-02
1.601962745189666748e-02
7.731385529041290283e-02
2.078340351581573486e-01
2.998492419719696045e-01
2.998492419719696045e-01
1.830007135868072510e-01
5.862751230597496033e-02
8.247540146112442017e-02
7.390747964382171631e-02
8.550553768873214722e-02
9.253885596990585327e-02
2.998492419719696045e-01
2.989056706428527832e-01
1.736201494932174683e-01
6.947649270296096802e-02
2.171079069375991821e-02
4.256302025169134140e-03
1.046031061559915543e-02
2.250930480659008026e-02
3.453819453716278076e-02
2.989056706428527832e-01
2.989056706428527832e-01
1.324685513973236084e-01
5.912314727902412415e-02
5.798664689064025879e-02
5.051242560148239136e-02
3.028652444481849670e-02
2.700277045369148254e-02
9.829270839691162109e-02
2.827778160572052002e-01
2.989056706428527832e-01
2.490207403898239136e-01
1.318190246820449829e-01
5.597642809152603149e-02
1.400900725275278091e-02
5.030233040452003479e-02
8.636628836393356323e-02
7.599905878305435181e-02
2.989056706428527832e-01
2.989056706428527832e-01
1.707530617713928223e-01
1.839021444320678711e-01
9.646198898553848267e-02
5.852240696549415588e-02
3.459758311510086060e-02
5.308220908045768738e-02
1.946775466203689575e-01
2.989056706428527832e-01
2.655540704727172852e-01
1.865731924772262573e-01
7.698009163141250610e-02
6.844121217727661133e-02
6.890317052602767944e-02
4.945437610149383545e-02
3.168648853898048401e-02
1.824149489402770996e-01
2.497421354055404663e-01
2.655540704727172852e-01
2.655540704727172852e-01
1.111199855804443359e-01
3.923645988106727600e-02
3.215651586651802063e-02
2.172193117439746857e-02
1.860272884368896484e-02
8.805370330810546875e-02
2.655540704727172852e-01
2.655540704727172852e-01
1.688390374183654785e-01
2.038095444440841675e-01
1.109180152416229248e-01
8.328773826360702515e-02
5.463261529803276062e-02
6.832342594861984253e-02
2.655540704727172852e-01
2.345883399248123169e-01
2.655540704727172852e-01
2.634267807006835938e-01
1.258506178855895996e-01
1.034515947103500366e-01
1.018372774124145508e-01
5.081393197178840637e-02
6.447757780551910400e-02
1.338312625885009766e-01
2.191644310951232910e-01
2.882340252399444580e-01
2.033261507749557495e-01
5.565122142434120178e-02
2.160457149147987366e-02
2.422487549483776093e-02
1.495367474853992462e-02
2.801778353750705719e-02
1.050887107849121094e-01
2.882340252399444580e-01
2.882340252399444580e-01
9.421838819980621338e-02
1.301810611039400101e-02
1.873446255922317505e-02
1.179084647446870804e-02
2.028481103479862213e-02
6.358918547630310059e-02
2.177692800760269165e-01
2.882340252399444580e-01
2.882340252399444580e-01
1.440113037824630737e-01
6.905832141637802124e-02
7.398154586553573608e-02
1.178438290953636169e-01
2.687722817063331604e-02
6.883791834115982056e-02
1.903120875358581543e-01
2.882340252399444580e-01
2.882340252399444580e-01
1.231363788247108459e-01
1.078586876392364502e-01
5.434214323759078979e-02
7.192939519882202148e-02
2.520071901381015778e-02
9.134571254253387451e-02
2.882340252399444580e-01
2.882340252399444580e-01
2.710342705249786377e-01
8.358205854892730713e-02
1.536156889051198959e-02
7.142200600355863571e-03
2.426876453682780266e-03
6.327244918793439865e-03
4.354199022054672241e-02
1.631912291049957275e-01
2.710342705249786377e-01
2.710342705249786377e-01
2.037357836961746216e-01
6.533519923686981201e-02
2.647130517289042473e-03
4.463879391551017761e-03
1.106572244316339493e-02
3.903376683592796326e-02
2.236562669277191162e-01
2.710342705249786377e-01
2.695320844650268555e-01
1.848289966583251953e-01
1.250691711902618408e-01
3.922143578529357910e-02
3.394151851534843445e-02
3.176036104559898376e-02
5.225957185029983521e-02
1.863525658845901489e-01
2.710342705249786377e-01
2.710342705249786377e-01
2.710342705249786377e-01
1.688568145036697388e-01
7.140251994132995605e-02
4.664636775851249695e-02
3.671115264296531677e-02
7.448208332061767578e-02
2.710342705249786377e-01
2.645858228206634521e-01
2.937093973159790039e-01
1.560911983251571655e-01
6.705360114574432373e-02
1.327909412793815136e-03
5.377711262553930283e-03
1.796896196901798248e-02
2.685177326202392578e-02
1.072432771325111389e-01
2.937093973159790039e-01
2.937093973159790039e-01
1.020485833287239075e-01
3.101105988025665283e-02
6.051733158528804779e-03
7.412274833768606186e-03
6.080348044633865356e-02
8.411707729101181030e-02
1.526725590229034424e-01
2.937093973159790039e-01
2.402565628290176392e-01
2.569948732852935791e-01
1.529976725578308105e-01
4.126969724893569946e-02
3.216066583991050720e-02
3.008507378399372101e-02
9.387461841106414795e-02
2.458756864070892334e-01
2.937093973159790039e-01
2.937093973159790039e-01
1.421193778514862061e-01
8.704050630331039429e-02
2.692542597651481628e-02
3.867002204060554504e-02
8.970487862825393677e-02
1.337703019380569458e-01
1.737807542085647583e-01
2.937093973159790039e-01
3.063839375972747803e-01
3.503123670816421509e-02
1.733657158911228180e-02
1.451135706156492233e-02
1.463211048394441605e-02
5.907380208373069763e-02
8.415224403142929077e-02
1.519364863634109497e-01
3.063839375972747803e-01
3.063839375972747803e-01
2.533074282109737396e-02
2.955166250467300415e-02
1.817438006401062012e-02
2.232554182410240173e-02
4.750520363450050354e-02
8.421060442924499512e-02
1.401895135641098022e-01
3.063839375972747803e-01
3.063839375972747803e-01
4.673690348863601685e-02
5.569354072213172913e-02
4.180197045207023621e-02
5.592699721455574036e-02
1.177167296409606934e-01
1.197487339377403259e-01
1.069080010056495667e-01
3.063839375972747803e-01
3.063839375972747803e-01
4.744368791580200195e-02
1.078404635190963745e-01
5.792957544326782227e-02
6.526698917150497437e-02
1.602769792079925537e-01
1.588616371154785156e-01
2.383416593074798584e-01
3.063839375972747803e-01
2.820043563842773438e-01
4.260931164026260376e-02
1.621155068278312683e-02
9.656365960836410522e-03
1.434988155961036682e-02
5.848887562751770020e-02
7.525453716516494751e-02
1.369673758745193481e-01
2.820043563842773438e-01
2.589210271835327148e-01
1.389306336641311646e-01
7.356185931712388992e-03
6.780570372939109802e-03
1.502039935439825058e-02
3.721388429403305054e-02
1.032367497682571411e-01
1.447764039039611816e-01
2.820043563842773438e-01
2.747568190097808838e-01
8.661044389009475708e-02
1.044080257415771484e-01
9.195317327976226807e-02
6.226126477122306824e-02
1.792665570974349976e-01
1.671409308910369873e-01
2.820043563842773438e-01
2.820043563842773438e-01
1.517293453216552734e-01
1.346894949674606323e-01
6.769661605358123779e-02
1.343905031681060791e-01
9.631336480379104614e-02
1.496153175830841064e-01
2.475940287113189697e-01
2.169384062290191650e-01
2.820043563842773438e-01
2.493864595890045166e-01
2.493864595890045166e-01
4.485602676868438721e-02
4.760270938277244568e-03
5.120988469570875168e-03
2.651835605502128601e-02
1.016786992549896240e-01
1.372145414352416992e-01
2.493864595890045166e-01
2.493864595890045166e-01
2.493864595890045166e-01
8.132675290107727051e-02
1.934319734573364258e-02
9.216356091201305389e-03
4.292752593755722046e-02
1.346654593944549561e-01
2.493864595890045166e-01
2.493864595890045166e-01
1.025919914245605469e-01
1.901336163282394409e-01
1.365391165018081665e-01
9.238423407077789307e-02
6.425691395998001099e-02
9.489799290895462036e-02
2.180962860584259033e-01
1.618993431329727173e-01
2.161154448986053467e-01
1.188643053174018860e-01
1.911176145076751709e-01
2.371242046356201172e-01
1.365561485290527344e-01
9.350477904081344604e-02
9.568515419960021973e-02
1.669833958148956299e-01
2.493864595890045166e-01
2.493864595890045166e-01
1.801738142967224121e-01
9.864235669374465942e-02
3.447296097874641418e-02
3.909401223063468933e-02
2.366693131625652313e-02
4.115534946322441101e-02
1.682645082473754883e-01
2.538855373859405518e-01
2.538855373859405518e-01
1.689734160900115967e-01
5.158554390072822571e-02
3.016001917421817780e-02
5.168162658810615540e-02
4.803441092371940613e-02
1.199121475219726562e-01
2.538855373859405518e-01
2.538855373859405518e-01
2.538855373859405518e-01
1.011141091585159302e-01
6.796739250421524048e-02
1.551890075206756592e-01
1.364713907241821289e-01
8.826574683189392090e-02
1.265097111463546753e-01
2.061681300401687622e-01
2.398599088191986084e-01
2.538855373859405518e-01
1.160556972026824951e-01
6.205502524971961975e-02
1.152595505118370056e-01
9.308161586523056030e-02
7.261990010738372803e-02
2.538855373859405518e-01
2.538855373859405518e-01
2.538855373859405518e-01
2.538855373859405518e-01
2.507052421569824219e-01
5.105436965823173523e-02
2.217216044664382935e-02
2.558545954525470734e-02
3.347334638237953186e-02
9.313561022281646729e-02
1.310033351182937622e-01
2.153431475162506104e-01
2.841336429119110107e-01
2.787654995918273926e-01
4.229952022433280945e-02
9.801331907510757446e-03
1.399251166731119156e-03
3.364423057064414024e-03
8.064275607466697693e-03
1.789884641766548157e-02
1.773750036954879761e-01
2.841336429119110107e-01
2.430926859378814697e-01
8.218438923358917236e-02
4.203597828745841980e-02
2.080347202718257904e-02
4.740875586867332458e-02
2.015950679779052734e-01
2.841336429119110107e-01
2.841336429119110107e-01
2.841336429119110107e-01
2.453014850616455078e-01
4.822652414441108704e-02
8.108921349048614502e-03
1.570845767855644226e-02
1.524936687201261520e-02
3.535727038979530334e-02
7.359198480844497681e-02
2.841336429119110107e-01
2.841336429119110107e-01
2.470635324716567993e-01
2.083877474069595337e-02
8.575994521379470825e-03
4.777688998728990555e-03
8.026015944778919220e-03
8.118292316794395447e-03
1.135242916643619537e-02
1.317557841539382935e-01
3.557044267654418945e-01
3.118071258068084717e-01
9.603350609540939331e-02
2.644925378262996674e-02
6.658966187387704849e-03
1.942217163741588593e-02
1.570049300789833069e-02
6.014220416545867920e-03
4.394813999533653259e-02
3.557044267654418945e-01
2.328974306583404541e-01
1.886259019374847412e-02
7.661255076527595520e-03
1.589202508330345154e-02
1.891988143324851990e-02
1.972964219748973846e-02
3.094886615872383118e-02
2.838011384010314941e-01
3.557044267654418945e-01
3.557044267654418945e-01
1.342667788267135620e-01
4.288401082158088684e-02
1.438972074538469315e-02
2.496690489351749420e-02
3.868794441223144531e-02
2.229707688093185425e-02
1.224719285964965820e-01
3.557044267654418945e-01
3.450578451156616211e-01
1.111167669296264648e-01
1.767016015946865082e-02
2.052627271041274071e-03
8.684822358191013336e-03
6.142739672213792801e-03
3.261754522100090981e-03
2.682156115770339966e-02
3.362635076045989990e-01
3.450578451156616211e-01
2.737106382846832275e-02
2.327061491087079048e-03
1.330659724771976471e-03
4.148379433900117874e-03
2.960006939247250557e-03
4.606349393725395203e-03
2.310678362846374512e-02
3.450578451156616211e-01
3.450578451156616211e-01
1.444742530584335327e-01
2.704774402081966400e-02
5.143422167748212814e-03
7.287628948688507080e-03
4.279068112373352051e-02
1.758584193885326385e-02
6.882027536630630493e-02
3.450578451156616211e-01
3.450578451156616211e-01
6.087312102317810059e-02
7.726463023573160172e-03
8.919535204768180847e-03
2.241001930087804794e-03
3.618157655000686646e-02
1.716257818043231964e-02
3.415797278285026550e-02
3.450578451156616211e-01
3.513513505458831787e-01
8.566510863602161407e-03
1.390504417940974236e-03
5.760695203207433224e-04
3.531530732288956642e-03
2.460652031004428864e-03
3.280564211308956146e-03
1.860037632286548615e-02
3.513513505458831787e-01
3.513513505458831787e-01
3.085313178598880768e-02
8.144702762365341187e-03
1.189734321087598801e-03
3.805073909461498260e-03
1.955893822014331818e-03
3.574063302949070930e-03
3.108859062194824219e-02
3.513513505458831787e-01
3.513513505458831787e-01
2.269475162029266357e-02
3.401748370379209518e-03
5.696455948054790497e-03
1.761048217304050922e-03
1.349142845720052719e-02
1.497050933539867401e-02
2.501654066145420074e-02
3.513513505458831787e-01
3.513513505458831787e-01
1.166693121194839478e-02
5.452699842862784863e-04
8.221825701184570789e-04
2.062598243355751038e-03
2.843515714630484581e-03
7.380769122391939163e-03
6.812606751918792725e-02
3.513513505458831787e-01
2.490855902433395386e-01
1.996224373579025269e-01
8.049332350492477417e-02
4.111220315098762512e-02
2.581341378390789032e-02
1.940450072288513184e-02
2.528728544712066650e-02
2.825847826898097992e-02
2.223732620477676392e-01
2.386855334043502808e-01
2.490855902433395386e-01
2.490855902433395386e-01
2.445249855518341064e-01
1.896204650402069092e-01
9.454134851694107056e-02
5.036817118525505066e-02
1.399281322956085205e-01
2.490855902433395386e-01
2.490855902433395386e-01
1.295112222433090210e-01
4.011254012584686279e-02
3.392896056175231934e-02
1.835575327277183533e-02
4.109364748001098633e-02
2.175293862819671631e-02
2.754454873502254486e-02
1.453693360090255737e-01
2.490855902433395386e-01
1.359400153160095215e-01
1.392881423234939575e-01
2.192694246768951416e-01
2.490855902433395386e-01
2.490855902433395386e-01
2.490855902433395386e-01
9.702182561159133911e-02
1.268792599439620972e-01
6.989065557718276978e-02
2.422995865345001221e-01
2.422995865345001221e-01
2.398795187473297119e-01
2.422995865345001221e-01
9.927229583263397217e-02
6.984637677669525146e-02
1.268546432256698608e-01
1.285796761512756348e-01
1.139603555202484131e-01
2.339775860309600830e-01
1.827363669872283936e-01
1.610425263643264771e-01
1.716269850730895996e-01
1.023501157760620117e-01
1.932848244905471802e-01
1.565249860286712646e-01
2.347371280193328857e-01
6.188698112964630127e-02
1.157767847180366516e-01
1.243681609630584717e-01
1.948840320110321045e-01
2.422995865345001221e-01
2.422995865345001221e-01
2.422995865345001221e-01
1.105276420712471008e-01
4.634778201580047607e-02
6.530041992664337158e-02
7.614117115736007690e-02
6.795426458120346069e-02
9.250313043594360352e-02
1.052806973457336426e-01
8.868000656366348267e-02
2.422995865345001221e-01
2.332108467817306519e-01
1.061143800616264343e-01
2.734979093074798584e-01
2.056217938661575317e-01
1.049780920147895813e-01
7.357417792081832886e-02
3.162864595651626587e-02
6.509725004434585571e-02
1.225389838218688965e-01
1.068967729806900024e-01
2.734979093074798584e-01
2.734979093074798584e-01
1.913879066705703735e-01
1.256877779960632324e-01
4.136868193745613098e-02
3.446134924888610840e-02
5.959269776940345764e-02
1.256333440542221069e-01
2.580150961875915527e-01
2.734979093074798584e-01
2.127898782491683960e-01
6.992240250110626221e-02
3.901209309697151184e-02
3.312665969133377075e-02
3.262389823794364929e-02
5.439912900328636169e-02
1.724402010440826416e-01
1.930024474859237671e-01
1.933871209621429443e-01
2.734979093074798584e-01
1.249921619892120361e-01
5.208793655037879944e-02
3.711453452706336975e-02
5.746099725365638733e-02
1.145274415612220764e-01
2.638182938098907471e-01
2.233953028917312622e-01
2.734979093074798584e-01
2.402906566858291626e-01
1.151469647884368896e-01
9.758121520280838013e-02
5.349736660718917847e-02
8.115606755018234253e-02
1.076062247157096863e-01
1.748930513858795166e-01
2.615618407726287842e-01
2.309035658836364746e-01
2.234122306108474731e-01
1.945183724164962769e-01
1.244063600897789001e-01
1.130967661738395691e-01
1.210753768682479858e-01
1.019845902919769287e-01
1.220790445804595947e-01
1.072935611009597778e-01
1.270414888858795166e-01
2.615618407726287842e-01
1.884136199951171875e-01
8.218094706535339355e-02
7.557201385498046875e-02
1.245245561003684998e-01
1.666202843189239502e-01
2.304632216691970825e-01
1.768529117107391357e-01
2.615618407726287842e-01
2.615618407726287842e-01
2.615618407726287842e-01
1.171572804450988770e-01
9.264557063579559326e-02
1.026028096675872803e-01
1.067320480942726135e-01
1.012037992477416992e-01
4.898045212030410767e-02
2.318085730075836182e-01
2.548555433750152588e-01
2.180426716804504395e-01
1.516541242599487305e-01
1.367807686328887939e-01
1.304736435413360596e-01
4.271190240979194641e-02
6.927476078271865845e-02
1.106154024600982666e-01
1.798020750284194946e-01
2.567237019538879395e-01
2.180983275175094604e-01
1.825869977474212646e-01
1.072953790426254272e-01
1.227368339896202087e-01
5.595796927809715271e-02
8.804844319820404053e-02
1.889605224132537842e-01
2.399893254041671753e-01
2.567237019538879395e-01
2.567237019538879395e-01
1.508093625307083130e-01
9.622772783041000366e-02
5.658995732665061951e-02
2.726927772164344788e-02
4.073893651366233826e-02
4.646705836057662964e-02
2.101797014474868774e-01
2.567237019538879395e-01
2.567237019538879395e-01
1.481863260269165039e-01
7.781574875116348267e-02
7.548336684703826904e-02
3.725271299481391907e-02
8.337384462356567383e-02
2.047389596700668335e-01
2.567237019538879395e-01
1.985501646995544434e-01
2.403686940670013428e-01
2.060241550207138062e-01
8.373828977346420288e-02
8.938304334878921509e-02
7.717511802911758423e-02
7.033907622098922729e-02
1.818829774856567383e-01
2.278412431478500366e-01
2.135919481515884399e-01
2.454764842987060547e-01
1.520473361015319824e-01
1.374356895685195923e-01
7.516656070947647095e-02
7.787530124187469482e-02
1.045576184988021851e-01
2.454764842987060547e-01
2.131846696138381958e-01
2.454764842987060547e-01
2.282287180423736572e-01
1.134817898273468018e-01
5.013531818985939026e-02
6.609953194856643677e-02
4.562166333198547363e-02
9.026984125375747681e-02
2.133177518844604492e-01
2.454764842987060547e-01
2.454764842987060547e-01
2.256477028131484985e-01
8.983255922794342041e-02
8.806689828634262085e-02
4.665473848581314087e-02
7.720797508955001831e-02
8.301649987697601318e-02
1.674700528383255005e-01
2.293142676353454590e-01
1.803111284971237183e-01
1.357502192258834839e-01
8.358527719974517822e-02
7.113248109817504883e-02
3.825803846120834351e-02
7.576046884059906006e-02
1.686658710241317749e-01
2.641852200031280518e-01
2.565158903598785400e-01
2.641852200031280518e-01
8.380604535341262817e-02
5.282415449619293213e-02
2.771527133882045746e-02
4.388805851340293884e-02
1.351301670074462891e-01
2.641852200031280518e-01
2.641852200031280518e-01
2.641852200031280518e-01
2.506944239139556885e-01
1.065390780568122864e-01
3.974895551800727844e-02
4.399967193603515625e-02
4.241568967700004578e-02
9.903569519519805908e-02
1.065772101283073425e-01
1.888840049505233765e-01
1.862809062004089355e-01
2.641852200031280518e-01
1.137896850705146790e-01
3.195971995592117310e-02
3.727672621607780457e-02
4.895986244082450867e-02
1.029729172587394714e-01
2.106779813766479492e-01
2.641852200031280518e-01
2.641852200031280518e-01
2.471410036087036133e-01
4.304129630327224731e-02
3.085337951779365540e-02
6.639022380113601685e-02
5.690737441182136536e-02
1.292826086282730103e-01
1.618977189064025879e-01
2.110972702503204346e-01
2.471410036087036133e-01
2.471410036087036133e-01
1.354058086872100830e-01
1.727967113256454468e-01
1.417577117681503296e-01
9.024517238140106201e-02
1.341087371110916138e-01
1.248813346028327942e-01
2.199291288852691650e-01
2.149056345224380493e-01
2.471410036087036133e-01
8.716492354869842529e-02
2.401567436754703522e-02
8.587306737899780273e-02
4.959568381309509277e-02
8.309079706668853760e-02
1.290172487497329712e-01
2.471410036087036133e-01
2.471410036087036133e-01
2.471410036087036133e-01
1.510443985462188721e-01
1.382651776075363159e-01
1.630503833293914795e-01
9.155976027250289917e-02
7.975823432207107544e-02
1.455997973680496216e-01
2.457188814878463745e-01
2.471410036087036133e-01
2.628560960292816162e-01
2.628560960292816162e-01
2.466385364532470703e-01
1.378517895936965942e-01
5.523411557078361511e-02
7.459615916013717651e-02
8.395884931087493896e-02
1.565341800451278687e-01
1.634011566638946533e-01
2.628560960292816162e-01
2.628560960292816162e-01
1.525019556283950806e-01
1.801491230726242065e-01
7.084335386753082275e-02
8.304183930158615112e-02
1.141461879014968872e-01
1.304183602333068848e-01
1.074893176555633545e-01
2.628560960292816162e-01
2.628560960292816162e-01
1.969079375267028809e-01
8.506705611944198608e-02
6.711322069168090820e-02
5.263347178697586060e-02
8.837839215993881226e-02
9.309545159339904785e-02
2.242358773946762085e-01
2.628560960292816162e-01
2.628560960292816162e-01
1.482617259025573730e-01
6.635895371437072754e-02
6.062974408268928528e-02
6.196758896112442017e-02
5.796926468610763550e-02
1.110017895698547363e-01
1.381397098302841187e-01
1.979420930147171021e-01
2.384542077779769897e-01
2.011425048112869263e-01
1.534789055585861206e-01
8.249487727880477905e-02
1.077276393771171570e-01
1.185582056641578674e-01
1.650901883840560913e-01
1.123838350176811218e-01
8.904447406530380249e-02
2.040713429450988770e-01
2.384542077779769897e-01
1.860039979219436646e-01
1.640339493751525879e-01
1.600829064846038818e-01
9.956651926040649414e-02
1.890068203210830688e-01
1.448699235916137695e-01
2.232799530029296875e-01
2.384542077779769897e-01
1.796276420354843140e-01
6.744612753391265869e-02
5.611527338624000549e-02
8.074241876602172852e-02
7.188788056373596191e-02
2.225274592638015747e-01
1.732206791639328003e-01
1.351992934942245483e-01
1.931656748056411743e-01
2.202447056770324707e-01
1.112995073199272156e-01
1.318334341049194336e-01
1.746278703212738037e-01
1.301089972257614136e-01
1.983285099267959595e-01
2.156519442796707153e-01
7.268419861793518066e-02
6.958907097578048706e-02
2.014340162277221680e-01
1.711475700139999390e-01
1.646656543016433716e-01
2.311616241931915283e-01
2.183372974395751953e-01
2.311616241931915283e-01
1.607707738876342773e-01
1.114440187811851501e-01
1.348544955253601074e-01
2.291109859943389893e-01
1.220242306590080261e-01
6.654047966003417969e-02
2.311616241931915283e-01
2.311616241931915283e-01
1.167127788066864014e-01
1.383202224969863892e-01
6.662268936634063721e-02
1.289584487676620483e-01
1.979363858699798584e-01
1.139832586050033569e-01
1.763090491294860840e-01
2.311616241931915283e-01
2.311616241931915283e-01
2.219130545854568481e-01
2.111561596393585205e-01
7.930890470743179321e-02
1.670344769954681396e-01
1.797807216644287109e-01
8.499616384506225586e-02
6.815248727798461914e-02
1.810315400362014771e-01
1.577515006065368652e-01
9.457208216190338135e-02
1.346881091594696045e-01
2.312394380569458008e-01
2.565430998802185059e-01
1.628689020872116089e-01
6.466779112815856934e-02
4.703202843666076660e-02
2.459643930196762085e-01
2.894555926322937012e-01
2.029119431972503662e-01
2.894555926322937012e-01
1.728511452674865723e-01
8.864741772413253784e-02
2.033019624650478363e-02
3.920755535364151001e-02
3.295333683490753174e-02
7.281086593866348267e-02
1.670025289058685303e-01
2.894555926322937012e-01
2.894555926322937012e-01
1.351780593395233154e-01
2.280349284410476685e-01
1.472884267568588257e-01
8.159527182579040527e-02
3.404673933982849121e-02
7.945261150598526001e-02
9.089053422212600708e-02
9.065052866935729980e-02
1.616274863481521606e-01
8.518823981285095215e-02
7.976534962654113770e-02
3.095645830035209656e-02
8.662955462932586670e-02
8.358126878738403320e-02
6.311935931444168091e-02
1.751171052455902100e-01
2.894555926322937012e-01
1.947467923164367676e-01
1.949665397405624390e-01
1.588521525263786316e-02
8.266766555607318878e-03
3.521560877561569214e-02
4.228451848030090332e-02
5.425492301583290100e-02
1.055695489048957825e-01
3.470628857612609863e-01
3.548679947853088379e-01
3.548679947853088379e-01
8.803580701351165771e-02
5.291466042399406433e-02
3.952927142381668091e-02
3.696792945265769958e-02
6.521392613649368286e-02
6.523924320936203003e-02
2.197289466857910156e-01
3.548679947853088379e-01
1.051615327596664429e-01
2.539658546447753906e-02
1.421549171209335327e-02
8.474194258451461792e-02
9.750232845544815063e-02
7.901271432638168335e-02
1.912019252777099609e-01
2.526454627513885498e-01
1.636035293340682983e-01
1.605021655559539795e-01
5.938311293721199036e-02
1.648054085671901703e-02
4.998164251446723938e-02
6.949421763420104980e-02
4.784452170133590698e-02
1.394591927528381348e-01
2.638300061225891113e-01
2.868236005306243896e-01
3.332290351390838623e-01
1.043597385287284851e-01
2.762433513998985291e-02
1.793999411165714264e-02
1.445261482149362564e-02
6.888163089752197266e-02
3.808691725134849548e-02
1.586085110902786255e-01
3.332290351390838623e-01
3.332290351390838623e-01
1.132161170244216919e-01
1.226427033543586731e-02
2.113370597362518311e-02
1.067911833524703979e-02
6.769101321697235107e-02
4.333956167101860046e-02
1.087941750884056091e-01
3.332290351390838623e-01
2.725670039653778076e-01
1.299141645431518555e-01
2.196864038705825806e-02
2.204857952892780304e-02
2.819408662617206573e-02
2.697340212762355804e-02
6.048119068145751953e-02
1.442963480949401855e-01
2.763110697269439697e-01
3.332290351390838623e-01
1.571066379547119141e-01
2.760840207338333130e-02
1.271507423371076584e-02
2.507243491709232330e-02
7.489709556102752686e-02
5.980842560529708862e-02
1.585818231105804443e-01
3.332290351390838623e-01
3.113178312778472900e-01
5.297992378473281860e-02
1.002245396375656128e-02
3.756909072399139404e-02
2.582215331494808197e-02
4.053823277354240417e-02
6.705960631370544434e-02
8.412898331880569458e-02
3.137688636779785156e-01
3.137688636779785156e-01
2.997837401926517487e-02
1.017075590789318085e-02
4.896177351474761963e-02
3.081404604017734528e-02
4.527510330080986023e-02
7.157266885042190552e-02
2.556654810905456543e-01
3.137688636779785156e-01
2.330076694488525391e-01
1.023394018411636353e-01
4.047161340713500977e-02
5.980050191283226013e-02
6.513950973749160767e-02
6.130411475896835327e-02
7.673389464616775513e-02
1.365770250558853149e-01
3.137688636779785156e-01
2.284887284040451050e-01
9.172607958316802979e-02
8.041802793741226196e-02
1.021523326635360718e-01
7.365494221448898315e-02
8.853062242269515991e-02
1.443691551685333252e-01
3.137688636779785156e-01
3.137688636779785156e-01
2.703443467617034912e-01
1.589621007442474365e-01
4.185323789715766907e-02
7.541240192949771881e-03
5.160431843250989914e-03
1.974126882851123810e-02
1.890128664672374725e-02
4.748649150133132935e-02
2.703443467617034912e-01
2.703443467617034912e-01
1.050098165869712830e-01
3.708956763148307800e-02
1.299539655447006226e-01
2.127627283334732056e-01
2.246863692998886108e-01
2.703443467617034912e-01
7.767511904239654541e-02
1.859894245862960815e-01
2.274433076381683350e-01
9.897073358297348022e-02
5.768155679106712341e-02
2.905504964292049408e-02
2.411660552024841309e-02
1.186238080263137817e-01
2.155844867229461670e-01
1.733978837728500366e-01
2.703443467617034912e-01
2.448167800903320312e-01
1.590681970119476318e-01
8.280979841947555542e-02
1.300778239965438843e-01
1.284909844398498535e-01
1.509410738945007324e-01
2.072627842426300049e-01
1.218506172299385071e-01
2.703443467617034912e-01
8.144191652536392212e-02
3.095478378236293793e-02
4.807728528976440430e-02
2.037833631038665771e-01
2.657876312732696533e-01
2.268861681222915649e-01
2.657876312732696533e-01
6.117510423064231873e-02
4.379962757229804993e-02
6.109698489308357239e-02
4.726067557930946350e-02
6.739588081836700439e-02
1.425937563180923462e-01
1.875170916318893433e-01
9.817560762166976929e-02
2.657876312732696533e-01
1.092291995882987976e-01
5.756485089659690857e-02
9.713968634605407715e-02
7.961624860763549805e-02
6.353953480720520020e-02
2.034750431776046753e-01
2.091604024171829224e-01
1.638370752334594727e-01
2.657876312732696533e-01
1.877076923847198486e-01
1.587055772542953491e-01
8.052794635295867920e-02
4.735296964645385742e-02
6.504797935485839844e-02
1.734893620014190674e-01
2.326176166534423828e-01
1.182905137538909912e-01
2.657876312732696533e-01
2.657876312732696533e-01
2.657876312732696533e-01
1.791264712810516357e-01
5.533857271075248718e-02
3.399369493126869202e-02
3.957624360918998718e-02
5.389803275465965271e-02
3.053448349237442017e-02
8.610048890113830566e-02
1.135959476232528687e-01
1.122635528445243835e-01
2.638266086578369141e-01
7.755348831415176392e-02
3.507539629936218262e-02
4.707007110118865967e-02
5.677757039666175842e-02
7.425077259540557861e-02
1.928158700466156006e-01
1.692793071269989014e-01
2.638266086578369141e-01
1.470916867256164551e-01
5.325366929173469543e-02
4.439355432987213135e-02
1.598511487245559692e-01
2.118595391511917114e-01
1.465023905038833618e-01
1.609097272157669067e-01
1.834739744663238525e-01
1.348275840282440186e-01
2.638266086578369141e-01
4.392819851636886597e-02
1.194100081920623779e-01
2.638266086578369141e-01
2.638266086578369141e-01
2.638266086578369141e-01
2.638266086578369141e-01
2.638266086578369141e-01
2.638266086578369141e-01
2.730754315853118896e-01
1.660413593053817749e-01
6.173333525657653809e-02
5.233832448720932007e-02
6.227733567357063293e-02
8.312495052814483643e-02
1.541140228509902954e-01
1.575077474117279053e-01
2.730754315853118896e-01
2.730754315853118896e-01
2.563501596450805664e-01
5.687731131911277771e-02
4.633904993534088135e-02
4.141817986965179443e-02
4.507263377308845520e-02
4.302741214632987976e-02
5.093699321150779724e-02
2.592187225818634033e-01
1.981045454740524292e-01
5.802147090435028076e-02
1.270697414875030518e-01
1.603259742259979248e-01
2.689900100231170654e-01
2.730754315853118896e-01
2.730754315853118896e-01
2.730754315853118896e-01
2.098824679851531982e-01
8.178231865167617798e-02
1.051919087767601013e-01
5.276049301028251648e-02
5.601427704095840454e-02
1.186709478497505188e-01
1.756995767354965210e-01
1.071810945868492126e-01
1.176036074757575989e-01
1.228046566247940063e-01
2.818789184093475342e-01
2.818789184093475342e-01
7.254046201705932617e-02
7.729237526655197144e-02
4.378448426723480225e-02
2.823092788457870483e-02
4.828574135899543762e-02
9.290388971567153931e-02
2.818789184093475342e-01
2.818789184093475342e-01
1.784482896327972412e-01
8.862323313951492310e-02
6.534372270107269287e-02
6.595090031623840332e-02
3.828053548932075500e-02
1.062033772468566895e-01
2.534540295600891113e-01
2.818789184093475342e-01
1.789744198322296143e-01
1.624414771795272827e-01
9.778829663991928101e-02
5.496152490377426147e-02
2.742080762982368469e-02
3.738244622945785522e-02
5.018577724695205688e-02
1.350858062505722046e-01
2.744280993938446045e-01
2.502141892910003662e-01
2.282915562391281128e-01
1.712064892053604126e-01
4.097994789481163025e-02
2.218642830848693848e-02
3.831924125552177429e-02
9.972640872001647949e-02
2.082902938127517700e-01
2.818789184093475342e-01
2.509312629699707031e-01
1.537433713674545288e-01
5.479292571544647217e-02
4.921613261103630066e-02
4.048521444201469421e-02
2.666171640157699585e-02
1.149370670318603516e-01
1.994872391223907471e-01
2.509312629699707031e-01
2.509312629699707031e-01
1.667826920747756958e-01
7.389691472053527832e-02
7.717592269182205200e-02
5.879655480384826660e-02
7.936810702085494995e-02
1.218075379729270935e-01
1.677292883396148682e-01
2.376113086938858032e-01
2.194168120622634888e-01
2.128112167119979858e-01
1.802263706922531128e-01
7.098898291587829590e-02
3.682413697242736816e-02
3.314471244812011719e-02
1.097310706973075867e-01
1.837170124053955078e-01
2.509312629699707031e-01
2.509312629699707031e-01
2.509312629699707031e-01
1.955125480890274048e-01
1.901970207691192627e-01
1.063103675842285156e-01
1.126602962613105774e-01
9.406280517578125000e-02
1.935138702392578125e-01
2.509312629699707031e-01
2.181412279605865479e-01
1.198097318410873413e-01
6.570066511631011963e-02
5.597290769219398499e-02
1.315066963434219360e-01
1.317360252141952515e-01
1.379661858081817627e-01
1.522266566753387451e-01
1.840549111366271973e-01
2.417571544647216797e-01
2.077589035034179688e-01
1.321436911821365356e-01
1.377794444561004639e-01
1.921680867671966553e-01
1.129591837525367737e-01
1.690663844347000122e-01
1.466774195432662964e-01
1.983108371496200562e-01
1.873691976070404053e-01
1.517970263957977295e-01
1.420827805995941162e-01
1.200007200241088867e-01
1.711251884698867798e-01
1.654220819473266602e-01
1.189189106225967407e-01
2.019719630479812622e-01
1.915616840124130249e-01
2.417571544647216797e-01
1.534959524869918823e-01
1.674324870109558105e-01
1.597868502140045166e-01
2.417571544647216797e-01
1.719072014093399048e-01
1.155734211206436157e-01
1.632388085126876831e-01
1.889491975307464600e-01
1.458267867565155029e-01
1.671924889087677002e-01
9.384115040302276611e-02
1.002825200557708740e-01
9.367866814136505127e-02
6.067257747054100037e-02
7.728265970945358276e-02
1.286688446998596191e-01
1.426885575056076050e-01
1.885401755571365356e-01
2.870432138442993164e-01
2.870432138442993164e-01
8.871769905090332031e-02
9.879941493272781372e-02
7.137677818536758423e-02
1.271801590919494629e-01
1.968535929918289185e-01
1.913435906171798706e-01
1.333191990852355957e-01
1.339338719844818115e-01
1.060546040534973145e-01
1.113276556134223938e-01
1.986240446567535400e-01
7.932540774345397949e-02
1.056020632386207581e-01
8.917440474033355713e-02
1.485270112752914429e-01
2.870432138442993164e-01
2.870432138442993164e-01
2.870432138442993164e-01
8.868187665939331055e-02
1.772758513689041138e-01
4.612565413117408752e-02
1.117678731679916382e-01
1.713380068540573120e-01
2.870432138442993164e-01
1.797802895307540894e-01
2.670471370220184326e-01
2.585361003875732422e-01
5.600324645638465881e-02
7.330457121133804321e-02
4.614331200718879700e-02
6.926242262125015259e-02
7.853592932224273682e-02
1.535254716873168945e-01
2.670471370220184326e-01
2.670471370220184326e-01
2.068698108196258545e-01
4.257542639970779419e-02
6.158340722322463989e-02
4.266566783189773560e-02
4.885040968656539917e-02
6.409170478582382202e-02
1.744750887155532837e-01
2.670471370220184326e-01
2.670471370220184326e-01
2.670471370220184326e-01
4.476852342486381531e-02
3.931112959980964661e-02
1.334491651505231857e-02
3.447247669100761414e-02
7.187750190496444702e-02
2.670471370220184326e-01
2.670471370220184326e-01
2.642460465431213379e-01
1.973469406366348267e-01
2.947732247412204742e-02
1.743511110544204712e-02
7.971170358359813690e-03
2.795072086155414581e-02
5.602933838963508606e-02
2.670471370220184326e-01
2.646090984344482422e-01
2.020245939493179321e-01
2.410285472869873047e-01
2.527381479740142822e-02
5.088206008076667786e-02
4.769760742783546448e-02
4.443960636854171753e-02
1.059112995862960815e-01
2.255371659994125366e-01
2.646090984344482422e-01
1.935811191797256470e-01
2.646090984344482422e-01
5.121389403939247131e-02
7.727037370204925537e-02
9.032587707042694092e-02
7.224831730127334595e-02
1.472231298685073853e-01
2.150394469499588013e-01
2.646090984344482422e-01
1.932987570762634277e-01
2.127582281827926636e-01
1.928035356104373932e-02
3.201656043529510498e-02
1.440627407282590866e-02
2.338773198425769806e-02
8.730226010084152222e-02
2.646090984344482422e-01
2.646090984344482422e-01
1.859342902898788452e-01
2.523699998855590820e-01
2.044769935309886932e-02
4.451767727732658386e-02
5.919225513935089111e-02
3.243591636419296265e-02
1.173680499196052551e-01
2.646090984344482422e-01
2.572370171546936035e-01
2.641176879405975342e-01
2.641176879405975342e-01
1.155784502625465393e-01
1.233371719717979431e-01
1.148347631096839905e-01
1.179885566234588623e-01
1.401688903570175171e-01
1.749617457389831543e-01
2.137038707733154297e-01
2.266557812690734863e-01
1.396556496620178223e-01
6.918611377477645874e-02
5.755941569805145264e-02
7.007683813571929932e-02
6.571456789970397949e-02
8.070973306894302368e-02
1.443632692098617554e-01
2.641176879405975342e-01
2.618977129459381104e-01
2.149803638458251953e-01
4.438081011176109314e-02
4.754631966352462769e-02
7.603375613689422607e-02
5.064282938838005066e-02
1.050730124115943909e-01
2.641176879405975342e-01
2.641176879405975342e-01
2.480973005294799805e-01
1.342739909887313843e-01
3.255319967865943909e-02
5.982412397861480713e-02
5.354391783475875854e-02
8.447554707527160645e-02
1.132542937994003296e-01
2.641176879405975342e-01
2.593105435371398926e-01
2.301516830921173096e-01
8.056721091270446777e-02
3.863367810845375061e-02
2.778780460357666016e-02
3.803845494985580444e-02
5.788524821400642395e-02
8.460191637277603149e-02
1.530477702617645264e-01
2.679096162319183350e-01
1.895163059234619141e-01
6.375336647033691406e-02
8.075491338968276978e-02
9.326118975877761841e-02
5.503848567605018616e-02
7.891976833343505859e-02
1.201018542051315308e-01
1.723008304834365845e-01
2.840363979339599609e-01
2.840363979339599609e-01
1.323380619287490845e-01
2.865794114768505096e-02
1.102294176816940308e-01
8.655391633510589600e-02
8.619454503059387207e-02
1.472692340612411499e-01
2.840363979339599609e-01
2.840363979339599609e-01
2.840363979339599609e-01
1.915613263845443726e-01
7.669368386268615723e-02
1.286705136299133301e-01
1.152485236525535583e-01
5.283934250473976135e-02
1.615791320800781250e-01
2.840363979339599609e-01
2.567816674709320068e-01
1.237729936838150024e-01
5.284420400857925415e-02
7.523404061794281006e-02
9.566198289394378662e-02
7.074799388647079468e-02
8.028484880924224854e-02
1.451887041330337524e-01
1.707639545202255249e-01
2.577114105224609375e-01
1.451407819986343384e-01
4.944856092333793640e-02
2.922762557864189148e-02
6.423851102590560913e-02
8.594296872615814209e-02
1.047684997320175171e-01
2.428505718708038330e-01
2.318139225244522095e-01
2.743853330612182617e-01
2.444851845502853394e-01
1.677027493715286255e-01
1.100979372859001160e-01
1.460832953453063965e-01
9.422652423381805420e-02
6.211059167981147766e-02
1.493192166090011597e-01
2.359848618507385254e-01
2.743853330612182617e-01
2.350094169378280640e-01
1.541565507650375366e-01
1.301178783178329468e-01
1.536670029163360596e-01
1.304121166467666626e-01
8.686147630214691162e-02
2.317705750465393066e-01
2.241871058940887451e-01
2.387941628694534302e-01
2.094055861234664917e-01
6.884252279996871948e-02
1.395958196371793747e-02
2.296746894717216492e-02
8.935384452342987061e-02
8.973299711942672729e-02
1.403149068355560303e-01
1.920054703950881958e-01
2.670536339282989502e-01
2.145181298255920410e-01
5.583220347762107849e-02
1.496914215385913849e-02
3.230656310915946960e-02
1.389831751585006714e-01
1.091194450855255127e-01
2.282330244779586792e-01
2.670536339282989502e-01
2.670536339282989502e-01
2.037808001041412354e-01
1.324383616447448730e-01
9.102633595466613770e-02
1.021708846092224121e-01
1.194723322987556458e-01
6.379430741071701050e-02
1.592416316270828247e-01
1.842706799507141113e-01
2.670536339282989502e-01
2.124469280242919922e-01
1.083045378327369690e-01
1.612618714570999146e-01
1.514002680778503418e-01
1.484517455101013184e-01
8.431630581617355347e-02
1.968993693590164185e-01
2.650711238384246826e-01
2.614398002624511719e-01
1.527954041957855225e-01
7.226356118917465210e-02
3.643220663070678711e-02
5.056667700409889221e-02
6.455881148576736450e-02
7.326356321573257446e-02
2.175103724002838135e-01
2.614398002624511719e-01
2.614398002624511719e-01
1.545246690511703491e-01
1.570920944213867188e-01
6.311898678541183472e-02
6.091966852545738220e-02
6.123621389269828796e-02
8.536010980606079102e-02
2.020823210477828979e-01
2.614398002624511719e-01
2.427764683961868286e-01
1.827605962753295898e-01
9.979671984910964966e-02
1.599301248788833618e-01
1.346776634454727173e-01
7.359985262155532837e-02
8.564404398202896118e-02
1.973993182182312012e-01
2.438432127237319946e-01
2.614398002624511719e-01
2.039262503385543823e-01
1.911497414112091064e-01
1.573062539100646973e-01
1.411778032779693604e-01
6.158134341239929199e-02
8.425537496805191040e-02
1.362059116363525391e-01
2.208422869443893433e-01
1.300593167543411255e-01
6.268471479415893555e-02
6.277053058147430420e-02
7.750564813613891602e-02
5.996719747781753540e-02
2.985043227672576904e-01
2.985043227672576904e-01
1.524861454963684082e-01
1.927485913038253784e-01
1.580590605735778809e-01
1.394088119268417358e-01
1.207840517163276672e-01
1.045387238264083862e-01
1.040632501244544983e-01
2.049967348575592041e-01
1.860637664794921875e-01
1.160719245672225952e-01
1.897639185190200806e-01
7.797960937023162842e-02
4.056987166404724121e-02
5.739400535821914673e-02
1.158408224582672119e-01
8.071999996900558472e-02
2.985043227672576904e-01
2.985043227672576904e-01
1.311753541231155396e-01
7.372309267520904541e-02
1.435463726520538330e-01
1.229476705193519592e-01
1.589895635843276978e-01
1.221086308360099792e-01
7.777565717697143555e-02
2.822351157665252686e-01
2.985043227672576904e-01
1.534918546676635742e-01
1.050603017210960388e-01
1.159955635666847229e-01
9.427798539400100708e-02
6.170631572604179382e-02
8.070752024650573730e-02
9.753774106502532959e-02
1.234985068440437317e-01
2.134794443845748901e-01
2.434076964855194092e-01
2.119579613208770752e-01
7.406569272279739380e-02
3.679008036851882935e-02
2.560033462941646576e-02
8.531618863344192505e-02
3.017443120479583740e-01
2.107724249362945557e-01
3.017443120479583740e-01
3.017443120479583740e-01
3.017443120479583740e-01
9.685470908880233765e-02
9.300167113542556763e-02
7.359579205513000488e-02
7.103929668664932251e-02
7.121916860342025757e-02
6.893496960401535034e-02
6.292409449815750122e-02
9.107063710689544678e-02
7.878544181585311890e-02
6.217261403799057007e-02
6.066786125302314758e-02
3.217981010675430298e-02
5.016019940376281738e-02
2.860034406185150146e-01
3.017443120479583740e-01
3.017443120479583740e-01
1.716332137584686279e-01
7.197434455156326294e-02
4.066257551312446594e-02
1.766498945653438568e-02
1.981903053820133209e-02
1.157382652163505554e-01
2.439205050468444824e-01
1.857274323701858521e-01
2.698077857494354248e-01
1.895239651203155518e-01
9.823913872241973877e-02
8.634963631629943848e-02
2.619614265859127045e-02
1.069940403103828430e-01
2.310759574174880981e-01
2.611358165740966797e-01
2.698077857494354248e-01
2.698077857494354248e-01
2.698077857494354248e-01
1.868253201246261597e-01
3.384650126099586487e-02
2.223438955843448639e-02
2.028709650039672852e-02
2.891862578690052032e-02
1.346375793218612671e-01
2.260521948337554932e-01
2.698077857494354248e-01
1.216584369540214539e-01
2.872944809496402740e-02
9.965037554502487183e-02
2.771743759512901306e-02
4.214050248265266418e-02
4.701040685176849365e-02
8.062284439802169800e-02
1.711033731698989868e-01
2.698077857494354248e-01
2.698077857494354248e-01
1.346510201692581177e-01
7.014907151460647583e-02
2.766186371445655823e-02
8.822198957204818726e-02
1.029263213276863098e-01
1.876317709684371948e-01
2.467939555644989014e-01
2.642431855201721191e-01
2.642431855201721191e-01
1.721069067716598511e-01
1.032055988907814026e-01
6.984996795654296875e-02
3.711750358343124390e-02
3.641647845506668091e-02
7.803633809089660645e-02
1.196310743689537048e-01
1.789033561944961548e-01
2.006682157516479492e-01
1.943697035312652588e-01
1.427317708730697632e-01
4.154327511787414551e-02
6.404052674770355225e-02
3.860712051391601562e-02
6.020948290824890137e-02
1.077261194586753845e-01
2.640703022480010986e-01
2.642431855201721191e-01
2.642431855201721191e-01
2.216496318578720093e-01
1.160283982753753662e-01
1.359520703554153442e-01
5.162451788783073425e-02
2.957092784345149994e-02
1.132932826876640320e-01
2.642431855201721191e-01
2.642431855201721191e-01
2.642431855201721191e-01
1.615734845399856567e-01
2.149688005447387695e-01
1.031362339854240417e-01
6.258898973464965820e-02
2.531226724386215210e-02
5.562033876776695251e-02
1.084244549274444580e-01
1.801212131977081299e-01
2.392332553863525391e-01
2.508365809917449951e-01
2.508365809917449951e-01
1.701551377773284912e-01
1.229636743664741516e-01
6.577155739068984985e-02
4.881969094276428223e-02
5.970901250839233398e-02
8.443348109722137451e-02
1.347189396619796753e-01
2.242414206266403198e-01
2.441139668226242065e-01
2.081531882286071777e-01
1.158870235085487366e-01
3.825461119413375854e-02
1.240516901016235352e-01
2.448084801435470581e-01
2.508365809917449951e-01
2.508365809917449951e-01
2.258753329515457153e-01
2.508365809917449951e-01
1.535274833440780640e-01
1.690733730792999268e-01
1.013711318373680115e-01
9.615853428840637207e-02
7.893029600381851196e-02
9.016437828540802002e-02
1.753829717636108398e-01
2.513904869556427002e-01
2.513904869556427002e-01
2.021110802888870239e-01
1.204383820295333862e-01
8.050777763128280640e-02
6.783457845449447632e-02
8.204720914363861084e-02
1.476909071207046509e-01
2.328288555145263672e-01
2.283876985311508179e-01
2.513904869556427002e-01
1.809471249580383301e-01
1.745548695325851440e-01
1.156445667147636414e-01
1.228928044438362122e-01
6.303729116916656494e-02
1.840573549270629883e-01
2.513904869556427002e-01
2.274732440710067749e-01
1.997261494398117065e-01
1.211022287607192993e-01
1.140684485435485840e-01
1.068785339593887329e-01
1.259539723396301270e-01
7.137286663055419922e-02
1.115921810269355774e-01
2.048228383064270020e-01
1.786863505840301514e-01
1.739271283149719238e-01
1.176533475518226624e-01
1.196103990077972412e-01
1.110822409391403198e-01
1.045931875705718994e-01
5.630366876721382141e-02
1.665394604206085205e-01
2.513904869556427002e-01
1.851639300584793091e-01
1.343386918306350708e-01
1.120919361710548401e-01
1.097062528133392334e-01
1.505629271268844604e-01
1.736407876014709473e-01
5.382949858903884888e-02
1.644546836614608765e-01
2.380067706108093262e-01
2.386784106492996216e-01
7.901767641305923462e-02
8.777613192796707153e-02
1.178902536630630493e-01
1.902511715888977051e-01
1.759692281484603882e-01
6.244074553251266479e-02
1.579939126968383789e-01
2.333884090185165405e-01
1.516591459512710571e-01
1.101558357477188110e-01
9.536484628915786743e-02
1.274382025003433228e-01
1.261819005012512207e-01
1.446100175380706787e-01
4.834775254130363464e-02
1.999733895063400269e-01
2.456637918949127197e-01
2.356731146574020386e-01
1.618298441171646118e-01
1.497785747051239014e-01
1.467782557010650635e-01
2.456637918949127197e-01
1.603932529687881470e-01
1.158811971545219421e-01
2.456637918949127197e-01
2.456637918949127197e-01
1.535539478063583374e-01
1.112141385674476624e-01
8.210580050945281982e-02
1.097885891795158386e-01
1.780681908130645752e-01
8.798515051603317261e-02
1.120615601539611816e-01
1.107012331485748291e-01
1.957095861434936523e-01
2.565292119979858398e-01
2.565292119979858398e-01
1.663209050893783569e-01
1.145033091306686401e-01
1.647335886955261230e-01
6.858874112367630005e-02
1.766503006219863892e-01
1.924898773431777954e-01
2.565292119979858398e-01
1.902274489402770996e-01
1.496320068836212158e-01
1.595912277698516846e-01
1.331678926944732666e-01
2.220022678375244141e-01
8.639188110828399658e-02
1.487460136413574219e-01
1.377301812171936035e-01
1.815094947814941406e-01
2.268785685300827026e-01
1.093248575925827026e-01
9.707833081483840942e-02
1.507901400327682495e-01
2.093141973018646240e-01
9.103454649448394775e-02
2.106393277645111084e-01
1.581704765558242798e-01
2.284563630819320679e-01
2.807097434997558594e-01
2.807097434997558594e-01
1.592579782009124756e-01
1.320242136716842651e-01
8.614744991064071655e-02
4.895415529608726501e-02
9.734110534191131592e-02
1.556136310100555420e-01
2.807097434997558594e-01
2.807097434997558594e-01
2.446122467517852783e-01
1.583662331104278564e-01
9.584113955497741699e-02
5.955264717340469360e-02
4.963003471493721008e-02
6.320065259933471680e-02
1.117623001337051392e-01
2.807097434997558594e-01
1.951750218868255615e-01
1.225279122591018677e-01
1.232937797904014587e-01
1.603253185749053955e-01
1.461974531412124634e-01
9.691591560840606689e-02
1.365563124418258667e-01
1.254135221242904663e-01
1.759145706892013550e-01
1.735321432352066040e-01
2.243989706039428711e-01
2.095375806093215942e-01
1.550862938165664673e-01
9.884035587310791016e-02
1.107867062091827393e-01
9.454704821109771729e-02
7.591803371906280518e-02
1.582249999046325684e-01
2.498217076063156128e-01
2.098789364099502563e-01
1.572276800870895386e-01
5.841118097305297852e-02
7.311603426933288574e-02
3.631887212395668030e-02
6.143019348382949829e-02
9.919020533561706543e-02
2.374991029500961304e-01
2.498217076063156128e-01
2.336771041154861450e-01
2.051834166049957275e-01
7.557832449674606323e-02
9.822222590446472168e-02
1.096906661987304688e-01
7.553084939718246460e-02
1.421516388654708862e-01
2.291631102561950684e-01
1.789406985044479370e-01
2.498217076063156128e-01
2.129061967134475708e-01
1.318434774875640869e-01
1.052235662937164307e-01
7.792845368385314941e-02
7.391593605279922485e-02
6.043852865695953369e-02
1.338926106691360474e-01
2.215671688318252563e-01
2.498217076063156128e-01
2.498217076063156128e-01
1.927923709154129028e-01
1.419688910245895386e-01
1.462570130825042725e-01
1.165469586849212646e-01
1.407152116298675537e-01
1.842506825923919678e-01
2.392580062150955200e-01
1.538387387990951538e-01
1.554107517004013062e-01
6.587233394384384155e-02
6.610974669456481934e-02
1.317870467901229858e-01
8.764327317476272583e-02
1.196597963571548462e-01
2.180028408765792847e-01
2.392580062150955200e-01
1.528071314096450806e-01
1.701780557632446289e-01
6.973876804113388062e-02
1.060645878314971924e-01
1.042068004608154297e-01
1.344461441040039062e-01
1.168102174997329712e-01
2.234666198492050171e-01
1.808872520923614502e-01
1.440338939428329468e-01
2.061994075775146484e-01
1.050429940223693848e-01
1.363227218389511108e-01
1.890067905187606812e-01
1.628609448671340942e-01
1.890606582164764404e-01
2.125468403100967407e-01
2.392580062150955200e-01
1.904671043157577515e-01
1.584354937076568604e-01
1.252358108758926392e-01
2.170858681201934814e-01
1.499747335910797119e-01
1.629048883914947510e-01
1.809090226888656616e-01
2.163239270448684692e-01
2.251041084527969360e-01
1.636616587638854980e-01
1.418593674898147583e-01
6.099317222833633423e-02
1.481970101594924927e-01
8.158292621374130249e-02
9.216153621673583984e-02
1.055584102869033813e-01
1.689404100179672241e-01
2.225834578275680542e-01
2.036215215921401978e-01
2.292767763137817383e-01
1.123852953314781189e-01
1.549200862646102905e-01
1.118024215102195740e-01
5.124685540795326233e-02
1.193961128592491150e-01
1.910573989152908325e-01
2.396750748157501221e-01
2.141894400119781494e-01
1.437217146158218384e-01
1.029821634292602539e-01
1.912392079830169678e-01
9.590448439121246338e-02
9.637447446584701538e-02
1.555771082639694214e-01
2.086641490459442139e-01
2.122971862554550171e-01
2.256899327039718628e-01
2.318766862154006958e-01
8.198708295822143555e-02
1.947154104709625244e-01
1.734385490417480469e-01
9.910795837640762329e-02
1.650581210851669312e-01
2.334056049585342407e-01
1.570250689983367920e-01
1.405004113912582397e-01
1.637839227914810181e-01
1.528858244419097900e-01
1.754465997219085693e-01
9.265859425067901611e-02
8.093710988759994507e-02
1.116159558296203613e-01
1.431493908166885376e-01
2.405313104391098022e-01
1.257830560207366943e-01
1.438795477151870728e-01
1.693990230560302734e-01
1.953791677951812744e-01
8.710437268018722534e-02
1.199219077825546265e-01
1.561844646930694580e-01
1.575776189565658569e-01
1.358375698328018188e-01
1.505886763334274292e-01
1.848870962858200073e-01
1.351183950901031494e-01
2.210059463977813721e-01
1.720044016838073730e-01
1.534310132265090942e-01
1.540669202804565430e-01
1.855078190565109253e-01
2.405313104391098022e-01
1.389376968145370483e-01
1.437256783246994019e-01
1.924512535333633423e-01
2.405313104391098022e-01
1.628296524286270142e-01
1.934561729431152344e-01
2.098497599363327026e-01
1.931800544261932373e-01
2.521852850914001465e-01
1.121197342872619629e-01
1.254297196865081787e-01
1.283276826143264771e-01
1.576819270849227905e-01
9.128731489181518555e-02
9.007303416728973389e-02
1.351547539234161377e-01
1.473326683044433594e-01
2.419739067554473877e-01
1.179895102977752686e-01
1.102452799677848816e-01
2.159282714128494263e-01
1.810773909091949463e-01
9.430708736181259155e-02
9.498206526041030884e-02
1.355114132165908813e-01
1.508938819169998169e-01
2.521852850914001465e-01
1.361008733510971069e-01
9.912654757499694824e-02
1.276458352804183960e-01
1.678152978420257568e-01
1.514448374509811401e-01
1.747897267341613770e-01
2.192623168230056763e-01
1.976844668388366699e-01
2.521852850914001465e-01
1.473079770803451538e-01
1.301321685314178467e-01
1.547520607709884644e-01
1.450300812721252441e-01
1.380356997251510620e-01
2.295719832181930542e-01
2.166910171508789062e-01
2.043729573488235474e-01
1.652117073535919189e-01
1.529058367013931274e-01
1.450252979993820190e-01
2.102005481719970703e-01
1.274036169052124023e-01
7.354207336902618408e-02
7.457739859819412231e-02
9.836828708648681641e-02
1.428186595439910889e-01
2.170602977275848389e-01
1.681132912635803223e-01
1.870154291391372681e-01
2.228925526142120361e-01
1.475105434656143188e-01
8.961776643991470337e-02
5.708694085478782654e-02
9.415401518344879150e-02
1.426671892404556274e-01
1.972699463367462158e-01
1.507601439952850342e-01
2.228184044361114502e-01
1.701370924711227417e-01
1.062141954898834229e-01
1.010816171765327454e-01
2.064750641584396362e-01
1.513013541698455811e-01
2.002422958612442017e-01
2.481036484241485596e-01
1.587978750467300415e-01
2.117352932691574097e-01
1.492928713560104370e-01
1.268260926008224487e-01
1.633064746856689453e-01
1.988733857870101929e-01
2.474682778120040894e-01
1.930173784494400024e-01
4.902592301368713379e-02
2.702513895928859711e-02
2.069684863090515137e-02
6.898228079080581665e-02
6.387282907962799072e-02
2.491939961910247803e-01
3.250306248664855957e-01
1.363899558782577515e-01
6.242129951715469360e-02
5.824707448482513428e-02
6.811360269784927368e-02
8.617319911718368530e-02
7.988527417182922363e-02
5.477746576070785522e-02
3.250306248664855957e-01
3.250306248664855957e-01
1.723547428846359253e-01
7.554434239864349365e-02
4.364537075161933899e-02
2.930434420704841614e-02
1.090321782976388931e-02
4.986362531781196594e-02
8.078332990407943726e-02
1.351159811019897461e-01
3.250306248664855957e-01
2.511563003063201904e-01
1.006680205464363098e-01
4.575332626700401306e-02
3.459348902106285095e-02
5.048609897494316101e-02
1.228383481502532959e-01
9.847027808427810669e-02
3.250306248664855957e-01
3.250306248664855957e-01
2.506626248359680176e-01
9.387052804231643677e-02
8.033916354179382324e-02
1.196149066090583801e-01
1.016601175069808960e-01
8.006269484758377075e-02
6.009609997272491455e-02
1.562204957008361816e-01
1.718381792306900024e-01
1.430324465036392212e-01
7.179698348045349121e-02
1.231940165162086487e-01
1.058962047100067139e-01
7.421524077653884888e-02
5.829756334424018860e-02
1.029585525393486023e-01
2.270382791757583618e-01
3.036696612834930420e-01
2.593815922737121582e-01
7.353021204471588135e-02
1.646922975778579712e-01
6.564072519540786743e-02
7.823336124420166016e-02
1.736972779035568237e-01
8.441773802042007446e-02
3.036696612834930420e-01
3.036696612834930420e-01
1.995835602283477783e-01
1.541997045278549194e-01
2.772811055183410645e-01
1.175025478005409241e-01
7.388898730278015137e-02
1.112266033887863159e-01
1.075683608651161194e-01
7.881972938776016235e-02
1.290484964847564697e-01
2.793200612068176270e-01
2.647359967231750488e-01
5.106882005929946899e-02
2.518714778125286102e-02
1.607058569788932800e-02
1.944777555763721466e-02
3.369896113872528076e-02
1.632235050201416016e-01
3.236324489116668701e-01
2.511472702026367188e-01
5.045982450246810913e-02
1.117372736334800720e-01
2.313659712672233582e-02
1.565668359398841858e-02
2.528124488890171051e-02
4.198788851499557495e-02
1.781249046325683594e-01
3.236324489116668701e-01
3.236324489116668701e-01
1.822795122861862183e-01
1.124340891838073730e-01
7.802387326955795288e-02
4.326425120234489441e-02
2.476070821285247803e-02
3.798320889472961426e-02
3.627373278141021729e-02
1.969573795795440674e-01
2.118324041366577148e-01
1.336592733860015869e-01
2.217001616954803467e-01
7.984805852174758911e-02
5.464047938585281372e-02
5.949207767844200134e-02
4.318272322416305542e-02
3.193875774741172791e-02
3.236324489116668701e-01
3.236324489116668701e-01
3.236324489116668701e-01
1.225071251392364502e-01
4.270374402403831482e-02
4.836850985884666443e-02
1.836063340306282043e-02
3.201885521411895752e-02
1.023712754249572754e-01
2.537275850772857666e-01
2.626745998859405518e-01
2.429962158203125000e-01
1.967081427574157715e-01
1.165394186973571777e-01
2.017340958118438721e-01
7.108716666698455811e-02
3.552747890353202820e-02
1.199748441576957703e-01
2.626745998859405518e-01
2.626745998859405518e-01
2.626745998859405518e-01
1.708632111549377441e-01
4.085293039679527283e-02
6.741221994161605835e-02
1.434487104415893555e-01
1.710068136453628540e-01
2.963074855506420135e-02
1.738521158695220947e-01
2.626745998859405518e-01
2.626745998859405518e-01
9.541306644678115845e-02
5.449049919843673706e-02
1.269757449626922607e-01
1.807297319173812866e-01
2.465836703777313232e-01
6.154261529445648193e-02
1.166053265333175659e-01
1.845954507589340210e-01
1.606673598289489746e-01
2.576591670513153076e-01
1.809228807687759399e-01
2.719796299934387207e-01
1.812931448221206665e-01
6.633915007114410400e-02
1.621757745742797852e-01
2.719796299934387207e-01
2.719796299934387207e-01
2.719796299934387207e-01
1.678581237792968750e-01
1.323462873697280884e-01
1.201915740966796875e-01
1.496540755033493042e-01
1.072875708341598511e-01
1.278965920209884644e-01
1.522507667541503906e-01
1.067041903734207153e-01
1.650394201278686523e-01
1.460790783166885376e-01
7.282690703868865967e-02
1.672038435935974121e-01
1.761889308691024780e-01
2.061325907707214355e-01
9.659066796302795410e-02
1.416243612766265869e-01
9.826863557100296021e-02
1.370394527912139893e-01
2.176740318536758423e-01
6.540904939174652100e-02
9.377883374691009521e-02
1.631810963153839111e-01
1.770696341991424561e-01
7.313262671232223511e-02
1.280760914087295532e-01
1.405785828828811646e-01
1.434784233570098877e-01
1.546209752559661865e-01
1.833539009094238281e-01
1.134891808032989502e-01
7.270729541778564453e-02
9.406611323356628418e-02
1.526553928852081299e-01
1.253214180469512939e-01
1.202916428446769714e-01
1.936893314123153687e-01
1.741693019866943359e-01
1.794300973415374756e-01
1.255134344100952148e-01
1.167723834514617920e-01
1.168831586837768555e-01
2.108298242092132568e-01
1.597841829061508179e-01
2.535491287708282471e-01
2.139637768268585205e-01
2.206545770168304443e-01
1.554072648286819458e-01
8.546625822782516479e-02
1.195576414465904236e-01
1.329818964004516602e-01
1.032728105783462524e-01
1.008385419845581055e-01
1.493301838636398315e-01
1.780760884284973145e-01
2.639369070529937744e-01
2.265481948852539062e-01
7.257229089736938477e-02
1.132696494460105896e-01
1.305225789546966553e-01
2.265586555004119873e-01
2.061572670936584473e-01
1.958336979150772095e-01
2.468415200710296631e-01
1.034167632460594177e-01
7.726454734802246094e-02
1.063253730535507202e-01
1.290099769830703735e-01
1.072499603033065796e-01
1.539310067892074585e-01
1.195700317621231079e-01
2.159326076507568359e-01
1.728530377149581909e-01
1.386321038007736206e-01
1.298768520355224609e-01
2.439959794282913208e-01
1.578306406736373901e-01
2.037034332752227783e-01
1.584682166576385498e-01
1.638586223125457764e-01
2.439959794282913208e-01
2.129888534545898438e-01
2.439959794282913208e-01
1.326478272676467896e-01
1.084529235959053040e-01
1.475362181663513184e-01
9.992264956235885620e-02
1.416282355785369873e-01
1.483663916587829590e-01
1.099352911114692688e-01
1.597132384777069092e-01
2.425070255994796753e-01
1.960648596286773682e-01
2.439959794282913208e-01
2.014941573143005371e-01
1.047092303633689880e-01
1.147506907582283020e-01
1.606936305761337280e-01
1.429723650217056274e-01
1.999341994524002075e-01
1.555549502372741699e-01
1.360987722873687744e-01
2.152303606271743774e-01
1.356764435768127441e-01
2.168781906366348267e-01
1.068813204765319824e-01
1.959497481584548950e-01
1.447068154811859131e-01
1.714234799146652222e-01
2.177700400352478027e-01
1.037138178944587708e-01
1.122356131672859192e-01
1.291223615407943726e-01
1.971796751022338867e-01
1.089439690113067627e-01
1.911469995975494385e-01
1.245440542697906494e-01
2.265275269746780396e-01
1.608280986547470093e-01
1.830007582902908325e-01
1.660660058259963989e-01
1.066009774804115295e-01
1.088181436061859131e-01
1.117895096540451050e-01
1.860730201005935669e-01
1.659155637025833130e-01
2.006744146347045898e-01
1.702594459056854248e-01
1.382372528314590454e-01
1.048215478658676147e-01
9.202463179826736450e-02
1.217525228857994080e-01
1.857083141803741455e-01
2.170240730047225952e-01
2.233792692422866821e-01
2.497770786285400391e-01
1.953363865613937378e-01
1.280315518379211426e-01
1.050401628017425537e-01
1.177615895867347717e-01
1.674245297908782959e-01
1.192689538002014160e-01
1.520058810710906982e-01
1.050578504800796509e-01
2.078185081481933594e-01
1.751288771629333496e-01
2.072544544935226440e-01
1.378648579120635986e-01
1.461914926767349243e-01
1.474365741014480591e-01
1.506292372941970825e-01
1.768670082092285156e-01
1.020050644874572754e-01
1.775707751512527466e-01
1.385073512792587280e-01
1.059047058224678040e-01
6.980670243501663208e-02
8.446121215820312500e-02
1.383797079324722290e-01
1.261963248252868652e-01
2.114049643278121948e-01
2.368400990962982178e-01
2.611562609672546387e-01
1.494075953960418701e-01
1.431719064712524414e-01
3.593860566616058350e-02
1.047026813030242920e-01
2.120172083377838135e-01
1.348464787006378174e-01
2.561654448509216309e-01
2.611562609672546387e-01
2.611562609672546387e-01
1.183671429753303528e-01
1.514524817466735840e-01
1.132366433739662170e-01
1.083750128746032715e-01
1.126844286918640137e-01
1.282267272472381592e-01
1.285420060157775879e-01
9.540738165378570557e-02
1.125330775976181030e-01
1.435877829790115356e-01
1.916900277137756348e-01
1.203349456191062927e-01
1.274297833442687988e-01
1.344846636056900024e-01
2.318393141031265259e-01
2.660575807094573975e-01
1.525036543607711792e-01
1.969037353992462158e-01
8.257754892110824585e-02
8.934688568115234375e-02
3.300698846578598022e-02
9.972207248210906982e-02
1.327600330114364624e-01
1.563430428504943848e-01
2.533777058124542236e-01
2.660575807094573975e-01
2.127186059951782227e-01
1.129800006747245789e-01
1.042845472693443298e-01
5.098340287804603577e-02
1.486265063285827637e-01
1.169385388493537903e-01
2.305642664432525635e-01
2.660575807094573975e-01
2.660575807094573975e-01
2.660575807094573975e-01
1.214488148689270020e-01
8.196493238210678101e-02
6.268807500600814819e-02
5.710215494036674500e-02
1.280343383550643921e-01
2.042475640773773193e-01
2.395870685577392578e-01
1.951346248388290405e-01
1.834961920976638794e-01
1.972991824150085449e-01
9.027793258428573608e-02
4.254563525319099426e-02
6.748055666685104370e-02
1.974669247865676880e-01
1.677409857511520386e-01
2.055221647024154663e-01
2.374426573514938354e-01
2.050878554582595825e-01
1.237624809145927429e-01
8.105818927288055420e-02
3.646112233400344849e-02
6.908413022756576538e-02
1.316896229982376099e-01
1.939997673034667969e-01
2.395870685577392578e-01
2.384529709815979004e-01
2.197488099336624146e-01
2.048274129629135132e-01
6.840672343969345093e-02
3.436352312564849854e-02
4.577329754829406738e-02
1.675232648849487305e-01
1.711580604314804077e-01
2.395870685577392578e-01
2.395870685577392578e-01
2.298795133829116821e-01
1.582887321710586548e-01
1.214289069175720215e-01
4.443885013461112976e-02
7.238935679197311401e-02
1.717941462993621826e-01
1.285765320062637329e-01
1.185906305909156799e-01
1.949197649955749512e-01
2.234683930873870850e-01
1.723773330450057983e-01
1.109026372432708740e-01
9.418077766895294189e-02
6.320716440677642822e-02
2.102293372154235840e-01
1.725970655679702759e-01
1.693801134824752808e-01
2.436252385377883911e-01
2.249275296926498413e-01
1.937273740768432617e-01
8.134910464286804199e-02
4.644674807786941528e-02
7.261543720960617065e-02
1.190446093678474426e-01
1.114867031574249268e-01
2.320413142442703247e-01
2.436252385377883911e-01
2.432048469781875610e-01
2.049894183874130249e-01
1.083550006151199341e-01
1.093148142099380493e-01
1.272827237844467163e-01
1.446926295757293701e-01
1.320866793394088745e-01
2.132688909769058228e-01
2.436252385377883911e-01
2.436252385377883911e-01
1.748307943344116211e-01
9.842246025800704956e-02
1.182819679379463196e-01
7.604856044054031372e-02
2.097255587577819824e-01
1.793741881847381592e-01
1.941104382276535034e-01
2.316092699766159058e-01
1.876499056816101074e-01
2.003340572118759155e-01
1.577418744564056396e-01
1.237001493573188782e-01
1.267220824956893921e-01
2.256620228290557861e-01
1.690226495265960693e-01
1.218207553029060364e-01
1.355932503938674927e-01
1.582835614681243896e-01
1.969739794731140137e-01
1.138265356421470642e-01
1.643541902303695679e-01
9.878696501255035400e-02
1.351120024919509888e-01
1.505409628152847290e-01
1.871485114097595215e-01
2.170849740505218506e-01
2.430835068225860596e-01
1.955011785030364990e-01
1.742938011884689331e-01
2.044461220502853394e-01
8.986043184995651245e-02
1.303208172321319580e-01
1.550530493259429932e-01
1.086294203996658325e-01
1.298829466104507446e-01
2.045738250017166138e-01
2.032638490200042725e-01
1.298609077930450439e-01
9.128964692354202271e-02
8.664531260728836060e-02
1.223767772316932678e-01
1.081058382987976074e-01
1.638661026954650879e-01
1.752097755670547485e-01
1.836785525083541870e-01
2.408889234066009521e-01
1.651936173439025879e-01
1.384133696556091309e-01
1.483187973499298096e-01
6.279321014881134033e-02
7.483897358179092407e-02
2.450212687253952026e-01
2.311547696590423584e-01
2.450212687253952026e-01
1.527244746685028076e-01
1.763299852609634399e-01
1.814984977245330811e-01
9.261443465948104858e-02
8.299112319946289062e-02
1.215483620762825012e-01
1.359535753726959229e-01
1.250884085893630981e-01
1.595228612422943115e-01
1.751708239316940308e-01
2.405956983566284180e-01
2.043119370937347412e-01
1.885822713375091553e-01
5.404740944504737854e-02
8.588387072086334229e-02
2.392846643924713135e-01
1.940079778432846069e-01
2.186580449342727661e-01
1.969920098781585693e-01
1.932240128517150879e-01
2.335681766271591187e-01
2.028070539236068726e-01
5.460928007960319519e-02
5.951327085494995117e-02
2.189662456512451172e-01
1.359163373708724976e-01
1.697614341974258423e-01
2.413250952959060669e-01
1.579169929027557373e-01
2.011160850524902344e-01
1.229567006230354309e-01
9.002839773893356323e-02
1.020176336169242859e-01
2.426946461200714111e-01
1.800339668989181519e-01
1.512130051851272583e-01
1.538909226655960083e-01
2.449999153614044189e-01
2.275206297636032104e-01
2.052007019519805908e-01
4.237392544746398926e-02
4.119232669472694397e-02
1.804856061935424805e-01
1.213828772306442261e-01
1.400301456451416016e-01
2.087017446756362915e-01
1.529549360275268555e-01
2.339270859956741333e-01
1.109485849738121033e-01
7.898749411106109619e-02
3.577797114849090576e-02
1.630408465862274170e-01
9.914384782314300537e-02
1.631011217832565308e-01
