2.014773488044738770e-01
1.308839768171310425e-01
1.211971789598464966e-01
1.316085010766983032e-01
1.926686167716979980e-01
9.081552922725677490e-02
1.037887558341026306e-01
1.762249767780303955e-01
1.624173820018768311e-01
2.143318653106689453e-01
1.334905177354812622e-01
9.355838596820831299e-02
1.416844427585601807e-01
1.310600340366363525e-01
7.131201028823852539e-02
1.330676823854446411e-01
2.051185667514801025e-01
2.143445760011672974e-01
2.029345780611038208e-01
1.303042024374008179e-01
1.290992796421051025e-01
1.349408775568008423e-01
1.398531645536422729e-01
1.836066693067550659e-01
2.038582414388656616e-01
1.977326571941375732e-01
2.360891550779342651e-01
2.360891550779342651e-01
1.169334724545478821e-01
1.528964787721633911e-01
1.294912993907928467e-01
2.254520654678344727e-01
1.472236663103103638e-01
1.528332531452178955e-01
1.729200780391693115e-01
2.360891550779342651e-01
1.839354187250137329e-01
1.783307492733001709e-01
9.321824461221694946e-02
1.143540516495704651e-01
9.244249761104583740e-02
4.513885080814361572e-02
1.200324445962905884e-01
1.997833847999572754e-01
2.226469963788986206e-01
1.951909065246582031e-01
2.042585760354995728e-01
7.663034647703170776e-02
1.148470118641853333e-01
1.182744204998016357e-01
9.830749034881591797e-02
1.693801879882812500e-01
2.295976132154464722e-01
2.085812836885452271e-01
2.224931418895721436e-01
1.720653921365737915e-01
1.503807902336120605e-01
1.255345195531845093e-01
1.668005883693695068e-01
1.288557499647140503e-01
1.038343012332916260e-01
1.119702085852622986e-01
2.150856256484985352e-01
1.964116990566253662e-01
2.295976132154464722e-01
2.136099338531494141e-01
1.680116951465606689e-01
1.221053376793861389e-01
2.149495333433151245e-01
1.736043989658355713e-01
1.699096858501434326e-01
1.778234392404556274e-01
2.409161627292633057e-01
2.224109768867492676e-01
9.229291230440139771e-02
9.194090217351913452e-02
6.841802597045898438e-02
1.025972217321395874e-01
1.142220720648765564e-01
1.793490797281265259e-01
1.634852737188339233e-01
2.409161627292633057e-01
2.260132282972335815e-01
1.270865350961685181e-01
7.060365378856658936e-02
1.719954237341880798e-02
1.529550403356552124e-01
1.602633446455001831e-01
1.390378624200820923e-01
1.767796427011489868e-01
2.220553457736968994e-01
2.409161627292633057e-01
2.409161627292633057e-01
1.178031936287879944e-01
6.211213022470474243e-02
1.166983842849731445e-01
9.979736804962158203e-02
1.719728857278823853e-01
1.940887272357940674e-01
2.409161627292633057e-01
2.409161627292633057e-01
2.101271152496337891e-01
5.394258350133895874e-02
6.038458272814750671e-02
7.698209583759307861e-02
1.391686499118804932e-01
2.144625037908554077e-01
2.090995013713836670e-01
2.449385225772857666e-01
2.105119228363037109e-01
1.598760038614273071e-01
1.848030686378479004e-01
6.622138619422912598e-02
1.480037420988082886e-01
1.387283951044082642e-01
1.067826151847839355e-01
1.644227504730224609e-01
1.729563623666763306e-01
1.282684952020645142e-01
1.367725431919097900e-01
2.320363223552703857e-01
1.622895896434783936e-01
6.751950830221176147e-02
9.122398495674133301e-02
1.416416019201278687e-01
1.140642762184143066e-01
2.041028589010238647e-01
1.378290653228759766e-01
1.545965820550918579e-01
1.409226059913635254e-01
9.921075403690338135e-02
1.121673211455345154e-01
2.116199284791946411e-01
1.960088759660720825e-01
2.378450781106948853e-01
1.380690485239028931e-01
1.420146077871322632e-01
2.177233248949050903e-01
2.253298014402389526e-01
1.325564533472061157e-01
7.476709038019180298e-02
1.780157536268234253e-01
2.006095051765441895e-01
2.433843016624450684e-01
1.744763404130935669e-01
1.071630790829658508e-01
8.841488510370254517e-02
1.610851585865020752e-01
1.662802100181579590e-01
5.099168419837951660e-02
1.056587621569633484e-01
1.878925561904907227e-01
1.382779777050018311e-01
2.610583305358886719e-01
1.262613385915756226e-01
6.559289991855621338e-02
1.141815632581710815e-01
1.362660974264144897e-01
5.994511768221855164e-02
9.405969828367233276e-02
1.139361634850502014e-01
2.835499346256256104e-01
1.840605437755584717e-01
2.102773636579513550e-01
2.464342415332794189e-01
1.918699443340301514e-01
1.270382255315780640e-01
3.506128489971160889e-02
1.199752688407897949e-01
1.986611038446426392e-01
2.835499346256256104e-01
2.835499346256256104e-01
1.895332038402557373e-01
1.579764932394027710e-01
1.157621815800666809e-01
6.824260205030441284e-02
4.743747413158416748e-02
1.042633205652236938e-01
1.403060406446456909e-01
2.835499346256256104e-01
3.132067918777465820e-01
1.592887639999389648e-01
8.427859842777252197e-02
6.824355572462081909e-02
1.037719622254371643e-01
5.864721909165382385e-02
4.678918048739433289e-02
8.197394013404846191e-02
2.855314314365386963e-01
2.682823538780212402e-01
1.511347293853759766e-01
1.456091403961181641e-01
1.068013235926628113e-01
1.318092495203018188e-01
9.760940074920654297e-02
7.615295797586441040e-02
8.606842160224914551e-02
1.777719110250473022e-01
3.132067918777465820e-01
1.581101864576339722e-01
7.071349024772644043e-02
8.880340307950973511e-02
8.143380284309387207e-02
5.398232117295265198e-02
6.729348748922348022e-02
9.247455745935440063e-02
3.132067918777465820e-01
3.132067918777465820e-01
1.942451596260070801e-01
1.162325143814086914e-01
1.362482756376266479e-01
1.614225506782531738e-01
7.218307256698608398e-02
4.606119170784950256e-02
7.161561399698257446e-02
3.077786564826965332e-01
2.032998800277709961e-01
1.264998912811279297e-01
1.268439590930938721e-01
1.285734325647354126e-01
1.369782984256744385e-01
1.369604021310806274e-01
1.464893817901611328e-01
9.497747570276260376e-02
1.472177505493164062e-01
1.558432728052139282e-01
2.350210696458816528e-01
1.812883168458938599e-01
1.638059318065643311e-01
1.684043109416961670e-01
1.319061070680618286e-01
1.199103593826293945e-01
1.641739010810852051e-01
1.299915909767150879e-01
2.632544338703155518e-01
1.574834734201431274e-01
1.161060854792594910e-01
1.663172245025634766e-01
1.360728293657302856e-01
9.576532989740371704e-02
6.987330317497253418e-02
8.801166713237762451e-02
2.632544338703155518e-01
2.632544338703155518e-01
2.256737798452377319e-01
1.604098975658416748e-01
2.252226024866104126e-01
1.460791081190109253e-01
9.635671228170394897e-02
7.654767483472824097e-02
1.649081408977508545e-01
2.632544338703155518e-01
1.780985295772552490e-01
1.773485392332077026e-01
1.522504091262817383e-01
1.478674709796905518e-01
1.104991659522056580e-01
9.117127954959869385e-02
8.538224548101425171e-02
1.686630696058273315e-01
1.170592606067657471e-01
2.515963017940521240e-01
2.169720530509948730e-01
1.169200167059898376e-01
2.515963017940521240e-01
1.021812185645103455e-01
1.138659119606018066e-01
1.057978197932243347e-01
1.086453422904014587e-01
2.495819926261901855e-01
1.746610254049301147e-01
1.719534099102020264e-01
1.368659883737564087e-01
1.454814970493316650e-01
1.643524020910263062e-01
9.355332702398300171e-02
7.477461546659469604e-02
1.544157862663269043e-01
2.245628833770751953e-01
2.515963017940521240e-01
1.457945108413696289e-01
1.203783601522445679e-01
2.150626629590988159e-01
1.960710883140563965e-01
1.550520956516265869e-01
1.613512486219406128e-01
1.026858985424041748e-01
2.515963017940521240e-01
1.903868317604064941e-01
2.241792380809783936e-01
1.728779524564743042e-01
1.659515351057052612e-01
8.063681423664093018e-02
9.659843891859054565e-02
6.093073636293411255e-02
6.035874783992767334e-02
2.139965593814849854e-01
1.868479549884796143e-01
1.567866802215576172e-01
1.758044064044952393e-01
9.849525988101959229e-02
7.189645618200302124e-02
7.912672311067581177e-02
5.112666264176368713e-02
9.278953075408935547e-02
2.081052511930465698e-01
1.793477088212966919e-01
1.811718344688415527e-01
1.605561226606369019e-01
2.093420028686523438e-01
1.068021133542060852e-01
1.691723316907882690e-01
1.797014325857162476e-01
1.243112608790397644e-01
2.464473247528076172e-01
2.283148765563964844e-01
2.046134620904922485e-01
2.464473247528076172e-01
1.958020776510238647e-01
7.721228152513504028e-02
1.521875858306884766e-01
1.893990933895111084e-01
2.029440850019454956e-01
1.902864873409271240e-01
2.212550938129425049e-01
8.825968205928802490e-02
8.983156830072402954e-02
1.148242950439453125e-01
8.182590454816818237e-02
1.099965050816535950e-01
6.947138160467147827e-02
1.079267337918281555e-01
2.429907470941543579e-01
2.532859146595001221e-01
1.316909641027450562e-01
1.246761530637741089e-01
2.055468857288360596e-01
2.451779693365097046e-01
1.852618455886840820e-01
1.017119139432907104e-01
1.085126101970672607e-01
2.532859146595001221e-01
2.441802620887756348e-01
1.277194917201995850e-01
1.869796216487884521e-01
1.350822150707244873e-01
5.549015104770660400e-02
1.271722912788391113e-01
1.491534262895584106e-01
1.386928111314773560e-01
1.630930751562118530e-01
2.517252564430236816e-01
2.397326976060867310e-01
1.991653144359588623e-01
1.601444333791732788e-01
1.629878878593444824e-01
1.264193356037139893e-01
1.472633779048919678e-01
1.357090324163436890e-01
1.409953385591506958e-01
1.777084767818450928e-01
1.707855761051177979e-01
1.093736886978149414e-01
1.258675903081893921e-01
2.157749682664871216e-01
1.096419841051101685e-01
9.636578708887100220e-02
8.344182372093200684e-02
1.790477931499481201e-01
2.452152222394943237e-01
1.872644424438476562e-01
1.496461778879165649e-01
1.193334758281707764e-01
2.452152222394943237e-01
9.196738153696060181e-02
1.334401220083236694e-01
1.066631078720092773e-01
2.411318272352218628e-01
2.164574414491653442e-01
2.452152222394943237e-01
1.403245925903320312e-01
1.443124115467071533e-01
1.756908446550369263e-01
7.035593688488006592e-02
1.164242997765541077e-01
1.027594953775405884e-01
9.191303700208663940e-02
2.452152222394943237e-01
2.274441868066787720e-01
1.420102566480636597e-01
1.634961366653442383e-01
2.325137853622436523e-01
1.031201556324958801e-01
1.463989764451980591e-01
1.514963060617446899e-01
1.750411540269851685e-01
1.796585619449615479e-01
1.073073893785476685e-01
1.017006710171699524e-01
1.006473302841186523e-01
1.553134173154830933e-01
1.060542017221450806e-01
9.833817183971405029e-02
7.055376470088958740e-02
1.627595573663711548e-01
2.385258674621582031e-01
2.385258674621582031e-01
2.202331572771072388e-01
2.385258674621582031e-01
2.026931792497634888e-01
1.923892498016357422e-01
4.997665807604789734e-02
8.899527043104171753e-02
2.059377878904342651e-01
2.002372741699218750e-01
1.559525877237319946e-01
8.420028537511825562e-02
1.281090825796127319e-01
1.404801756143569946e-01
1.224950253963470459e-01
1.088140383362770081e-01
1.729228943586349487e-01
1.619416922330856323e-01
2.385258674621582031e-01
1.688591092824935913e-01
1.029527261853218079e-01
1.345860958099365234e-01
1.316557675600051880e-01
2.067104429006576538e-01
1.677261292934417725e-01
2.385258674621582031e-01
2.385258674621582031e-01
2.565129697322845459e-01
2.565129697322845459e-01
1.582548767328262329e-01
1.536246985197067261e-01
1.015457287430763245e-01
1.019211262464523315e-01
6.131548807024955750e-02
1.108834445476531982e-01
2.180869132280349731e-01
2.555255591869354248e-01
2.565129697322845459e-01
1.456761509180068970e-01
9.539602696895599365e-02
8.487720042467117310e-02
5.983685702085494995e-02
1.326584517955780029e-01
2.258763015270233154e-01
2.565129697322845459e-01
1.971812695264816284e-01
1.656716018915176392e-01
1.078911349177360535e-01
8.909798413515090942e-02
7.477206736803054810e-02
1.544017344713211060e-01
1.189380809664726257e-01
1.336897015571594238e-01
1.475105285644531250e-01
2.565129697322845459e-01
2.495247274637222290e-01
1.494890451431274414e-01
1.413567811250686646e-01
1.231015622615814209e-01
1.071475371718406677e-01
1.004537269473075867e-01
1.212381049990653992e-01
1.879661083221435547e-01
2.533998191356658936e-01
2.702502012252807617e-01
1.333246082067489624e-01
5.706918239593505859e-02
6.229801476001739502e-02
4.964299127459526062e-02
1.008378118276596069e-01
1.426307410001754761e-01
2.702502012252807617e-01
2.702502012252807617e-01
2.702502012252807617e-01
1.880466490983963013e-01
5.244390293955802917e-02
4.762843623757362366e-02
4.944992437958717346e-02
6.038574501872062683e-02
9.769359976053237915e-02
2.702502012252807617e-01
1.989258825778961182e-01
2.439471632242202759e-01
1.147824227809906006e-01
1.304080039262771606e-01
9.566532820463180542e-02
7.679378241300582886e-02
1.177429780364036560e-01
1.158607006072998047e-01
1.600383222103118896e-01
2.680786550045013428e-01
1.786249130964279175e-01
7.971478253602981567e-02
1.251677274703979492e-01
6.684431433677673340e-02
1.007743254303932190e-01
1.716584116220474243e-01
1.906021386384963989e-01
2.249020636081695557e-01
2.880134880542755127e-01
1.671948730945587158e-01
1.184712499380111694e-01
5.151369422674179077e-02
7.087464630603790283e-02
8.277343213558197021e-02
3.874579817056655884e-02
1.023644953966140747e-01
2.880134880542755127e-01
2.880134880542755127e-01
1.478738486766815186e-01
8.690399676561355591e-02
5.449849739670753479e-02
7.748895138502120972e-02
7.630498707294464111e-02
7.740846276283264160e-02
1.727395206689834595e-01
2.880134880542755127e-01
2.518965899944305420e-01
9.253068268299102783e-02
6.480672955513000488e-02
8.818766474723815918e-02
1.343350112438201904e-01
1.324213594198226929e-01
1.040386632084846497e-01
1.286279261112213135e-01
2.704525589942932129e-01
2.474180012941360474e-01
1.270206719636917114e-01
9.995983541011810303e-02
1.398668736219406128e-01
1.690474748611450195e-01
1.355290710926055908e-01
9.249120950698852539e-02
2.265570610761642456e-01
2.880134880542755127e-01
9.937570989131927490e-02
1.226684972643852234e-01
1.800605952739715576e-01
1.206233128905296326e-01
9.331917017698287964e-02
1.883668601512908936e-01
1.611021310091018677e-01
1.182106956839561462e-01
2.297962754964828491e-01
1.881366670131683350e-01
9.969787299633026123e-02
1.244957074522972107e-01
1.075930967926979065e-01
2.190338224172592163e-01
1.473435759544372559e-01
1.274238675832748413e-01
1.413302719593048096e-01
2.297962754964828491e-01
1.861965060234069824e-01
2.297962754964828491e-01
2.297962754964828491e-01
1.573850512504577637e-01
1.040515601634979248e-01
1.827213019132614136e-01
9.812052547931671143e-02
1.234923303127288818e-01
1.656824946403503418e-01
2.167132198810577393e-01
2.297962754964828491e-01
1.891310214996337891e-01
1.194755584001541138e-01
1.822991818189620972e-01
1.761235743761062622e-01
1.197945624589920044e-01
1.409059464931488037e-01
2.188651114702224731e-01
1.979793906211853027e-01
1.281812638044357300e-01
9.969494491815567017e-02
1.015793383121490479e-01
1.874952465295791626e-01
1.354120224714279175e-01
8.468090742826461792e-02
1.047526448965072632e-01
1.634190976619720459e-01
1.834158450365066528e-01
2.302281409502029419e-01
2.094236165285110474e-01
1.781389117240905762e-01
1.335368007421493530e-01
2.302281409502029419e-01
1.453527659177780151e-01
1.132053658366203308e-01
2.092005610466003418e-01
1.914359331130981445e-01
1.955941617488861084e-01
1.700452566146850586e-01
1.071560531854629517e-01
1.569013297557830811e-01
1.068008244037628174e-01
1.123377531766891479e-01
1.369588077068328857e-01
2.118322551250457764e-01
1.724325716495513916e-01
2.302281409502029419e-01
2.251589000225067139e-01
1.977690160274505615e-01
1.310857981443405151e-01
1.144263446331024170e-01
1.150394454598426819e-01
1.266935020685195923e-01
2.302281409502029419e-01
2.150693535804748535e-01
2.366379499435424805e-01
2.366379499435424805e-01
1.574885696172714233e-01
9.999845176935195923e-02
1.189705729484558105e-01
9.919246286153793335e-02
1.219310313463211060e-01
2.043182849884033203e-01
1.742859035730361938e-01
2.099486142396926880e-01
2.362820953130722046e-01
6.655258685350418091e-02
1.069105342030525208e-01
5.094521120190620422e-02
1.249060034751892090e-01
1.859932243824005127e-01
1.651432216167449951e-01
1.780191212892532349e-01
2.366379499435424805e-01
2.077701091766357422e-01
2.366379499435424805e-01
1.395350396633148193e-01
7.048869878053665161e-02
1.025107875466346741e-01
1.125748306512832642e-01
1.852270960807800293e-01
1.629312485456466675e-01
2.080508917570114136e-01
2.366379499435424805e-01
1.718915849924087524e-01
1.014410704374313354e-01
6.321511417627334595e-02
1.448650807142257690e-01
1.610339730978012085e-01
1.113905906677246094e-01
1.506827622652053833e-01
1.185667961835861206e-01
1.664559394121170044e-01
1.090726926922798157e-01
1.369313150644302368e-01
1.293829679489135742e-01
2.170596569776535034e-01
2.241819500923156738e-01
2.093469649553298950e-01
1.393359750509262085e-01
1.182499751448631287e-01
1.367610543966293335e-01
8.957990258932113647e-02
1.296249479055404663e-01
1.378782689571380615e-01
1.423030793666839600e-01
1.695545315742492676e-01
2.156278342008590698e-01
2.085772603750228882e-01
2.048344165086746216e-01
2.472833395004272461e-01
2.463209778070449829e-01
1.474421471357345581e-01
1.895455867052078247e-01
1.904267221689224243e-01
2.021684795618057251e-01
1.509573310613632202e-01
1.476819217205047607e-01
1.318925172090530396e-01
1.359824389219284058e-01
1.455749869346618652e-01
1.635517179965972900e-01
1.817375719547271729e-01
1.080036386847496033e-01
1.320189237594604492e-01
1.428455114364624023e-01
1.431766599416732788e-01
1.817247718572616577e-01
2.156838327646255493e-01
1.355561017990112305e-01
1.175451874732971191e-01
9.472341090440750122e-02
8.826559036970138550e-02
1.763963550329208374e-01
2.812758684158325195e-01
2.812758684158325195e-01
1.938474476337432861e-01
1.489899754524230957e-01
1.276950836181640625e-01
5.495203286409378052e-02
8.864315599203109741e-02
1.088377982378005981e-01
1.532287299633026123e-01
2.812758684158325195e-01
1.553089320659637451e-01
1.384973526000976562e-01
1.241945847868919373e-01
1.190291345119476318e-01
1.572969853878021240e-01
1.299411654472351074e-01
7.232691347599029541e-02
1.275919228792190552e-01
2.300373166799545288e-01
2.631943225860595703e-01
1.253289133310317993e-01
1.033072769641876221e-01
1.612527519464492798e-01
1.615825444459915161e-01
1.410585939884185791e-01
7.355134189128875732e-02
1.277029365301132202e-01
2.812758684158325195e-01
2.741715610027313232e-01
1.134517043828964233e-01
8.362083882093429565e-02
9.228976815938949585e-02
6.277985870838165283e-02
6.221115589141845703e-02
6.082560867071151733e-02
6.161713600158691406e-02
2.161899507045745850e-01
2.820579111576080322e-01
2.585012912750244141e-01
1.920489966869354248e-01
1.419111639261245728e-01
9.941004216670989990e-02
4.015530273318290710e-02
7.733386009931564331e-02
1.414516419172286987e-01
2.820579111576080322e-01
1.566747575998306274e-01
9.626479446887969971e-02
1.200405433773994446e-01
1.196237429976463318e-01
1.223497390747070312e-01
5.716672167181968689e-02
4.053047671914100647e-02
6.364464014768600464e-02
1.364446282386779785e-01
2.820579111576080322e-01
2.815093100070953369e-01
1.981234103441238403e-01
1.396577209234237671e-01
1.300358623266220093e-01
3.499753028154373169e-02
1.492101550102233887e-01
2.618112862110137939e-01
2.820579111576080322e-01
2.970028817653656006e-01
1.248481497168540955e-01
6.145626306533813477e-02
4.393868148326873779e-02
1.949520409107208252e-02
1.028806343674659729e-02
4.173927754163742065e-02
1.116655990481376648e-01
2.970028817653656006e-01
2.970028817653656006e-01
1.394393593072891235e-01
6.020212918519973755e-02
4.879413917660713196e-02
2.481676265597343445e-02
1.158033311367034912e-02
4.566573724150657654e-02
9.626175463199615479e-02
2.970028817653656006e-01
2.970028817653656006e-01
1.352992653846740723e-01
4.392592981457710266e-02
3.008557297289371490e-02
2.546498924493789673e-02
1.259723585098981857e-02
8.891072124242782593e-02
2.418267875909805298e-01
2.970028817653656006e-01
2.970028817653656006e-01
1.742152273654937744e-01
5.706025287508964539e-02
3.375460952520370483e-02
2.405541203916072845e-02
2.015677280724048615e-02
8.069349825382232666e-02
2.953457832336425781e-01
2.970028817653656006e-01
2.373258471488952637e-01
1.363123804330825806e-01
8.427915722131729126e-02
3.340104967355728149e-02
6.242334842681884766e-02
2.421752177178859711e-02
8.952207863330841064e-02
5.964637920260429382e-02
2.607257664203643799e-01
2.358704358339309692e-01
1.386639624834060669e-01
1.177394613623619080e-01
6.294308602809906006e-02
8.080044388771057129e-02
9.213817864656448364e-02
1.719972938299179077e-01
1.005607470870018005e-01
1.866101175546646118e-01
2.607257664203643799e-01
2.084961980581283569e-01
1.069310754537582397e-01
3.863578662276268005e-02
3.717282786965370178e-02
3.392031788825988770e-02
1.638857722282409668e-01
2.413895428180694580e-01
2.607257664203643799e-01
2.607257664203643799e-01
2.283710837364196777e-01
1.766800284385681152e-01
5.079932138323783875e-02
4.942454770207405090e-02
8.773064613342285156e-02
2.607257664203643799e-01
2.607257664203643799e-01
2.607257664203643799e-01
1.683279722929000854e-01
8.285956084728240967e-02
7.600385695695877075e-02
7.716252654790878296e-02
6.434832513332366943e-02
1.707789003849029541e-01
1.874272972345352173e-01
2.100067883729934692e-01
1.587011367082595825e-01
1.179931759834289551e-01
7.199485599994659424e-02
1.093477159738540649e-01
1.149500310420989990e-01
1.168513819575309753e-01
1.257518976926803589e-01
1.669423729181289673e-01
2.605971693992614746e-01
1.294540762901306152e-01
2.286257296800613403e-01
1.327995210886001587e-01
1.279384642839431763e-01
9.060603380203247070e-02
6.100334972143173218e-02
1.396427005529403687e-01
2.605971693992614746e-01
2.605971693992614746e-01
2.605971693992614746e-01
2.170150578022003174e-01
5.558321997523307800e-02
9.105613082647323608e-02
1.667420715093612671e-01
1.621551215648651123e-01
1.188322380185127258e-01
2.061665058135986328e-01
2.605971693992614746e-01
2.605971693992614746e-01
1.220967844128608704e-01
9.302440285682678223e-02
1.535020172595977783e-01
1.402557939291000366e-01
1.078800410032272339e-01
8.615212142467498779e-02
1.874503940343856812e-01
2.542626261711120605e-01
1.298402845859527588e-01
1.483523845672607422e-01
1.914556324481964111e-01
1.308983564376831055e-01
7.528696209192276001e-02
8.192501217126846313e-02
6.816267967224121094e-02
1.682610064744949341e-01
1.818825453519821167e-01
1.395484358072280884e-01
2.566753625869750977e-01
9.075985848903656006e-02
9.835572540760040283e-02
1.720226854085922241e-01
1.804855018854141235e-01
1.049737557768821716e-01
2.227138280868530273e-01
2.566753625869750977e-01
2.566753625869750977e-01
2.198723703622817993e-01
1.664990186691284180e-01
1.147349029779434204e-01
1.369658857583999634e-01
1.659707725048065186e-01
6.743665784597396851e-02
1.639887690544128418e-01
2.403775453567504883e-01
2.411214858293533325e-01
2.058631181716918945e-01
2.518612444400787354e-01
1.444178372621536255e-01
1.270233839750289917e-01
1.091682612895965576e-01
5.119207501411437988e-02
1.270142644643783569e-01
1.423971652984619141e-01
8.312696963548660278e-02
1.980853527784347534e-01
2.067684233188629150e-01
1.255235821008682251e-01
1.735924184322357178e-01
1.135214567184448242e-01
1.256866604089736938e-01
1.850240528583526611e-01
1.731005012989044189e-01
1.152441278100013733e-01
1.687596589326858521e-01
2.205298244953155518e-01
1.461562961339950562e-01
1.987826824188232422e-01
2.215533852577209473e-01
7.931154966354370117e-02
1.264834851026535034e-01
1.634286195039749146e-01
1.115874573588371277e-01
1.762906759977340698e-01
2.518612444400787354e-01
1.143376231193542480e-01
2.352415174245834351e-01
1.500072032213211060e-01
1.966944336891174316e-01
2.233878374099731445e-01
1.654100120067596436e-01
1.134604737162590027e-01
1.706266999244689941e-01
1.195532158017158508e-01
5.187385156750679016e-02
9.443181753158569336e-02
1.099191233515739441e-01
1.450860053300857544e-01
1.364254057407379150e-01
1.847586035728454590e-01
1.832358539104461670e-01
2.524274885654449463e-01
1.318613141775131226e-01
7.685898989439010620e-02
6.681228429079055786e-02
1.254740804433822632e-01
1.579908579587936401e-01
1.772403270006179810e-01
2.304714471101760864e-01
2.524274885654449463e-01
1.713164150714874268e-01
1.943692713975906372e-01
5.205354467034339905e-02
9.545387327671051025e-02
1.291710734367370605e-01
2.150398492813110352e-01
1.653046905994415283e-01
1.478013098239898682e-01
2.097959667444229126e-01
2.524274885654449463e-01
1.586057990789413452e-01
1.240030303597450256e-01
8.119691908359527588e-02
1.141654774546623230e-01
1.475721150636672974e-01
1.855138242244720459e-01
2.524274885654449463e-01
2.524274885654449463e-01
2.524701654911041260e-01
1.869673877954483032e-01
1.481367647647857666e-01
4.562037810683250427e-02
7.159201800823211670e-02
1.336904168128967285e-01
1.261537224054336548e-01
1.099192649126052856e-01
1.280269473791122437e-01
2.524701654911041260e-01
2.524701654911041260e-01
2.179438173770904541e-01
1.053197532892227173e-01
1.075251102447509766e-01
1.299693137407302856e-01
8.948408067226409912e-02
5.619306489825248718e-02
1.334010362625122070e-01
2.524701654911041260e-01
1.527304798364639282e-01
2.092155069112777710e-01
1.127459555864334106e-01
1.103353872895240784e-01
9.527670592069625854e-02
9.927400946617126465e-02
1.635531187057495117e-01
2.044859528541564941e-01
2.524701654911041260e-01
2.389946430921554565e-01
2.512983381748199463e-01
1.824803948402404785e-01
1.655843853950500488e-01
1.763277649879455566e-01
1.187981590628623962e-01
1.014051809906959534e-01
1.429723799228668213e-01
2.128237783908843994e-01
2.384900301694869995e-01
1.671292185783386230e-01
1.238606721162796021e-01
8.961004763841629028e-02
1.017843037843704224e-01
1.342533677816390991e-01
1.095788478851318359e-01
1.335587650537490845e-01
1.403501182794570923e-01
1.472376734018325806e-01
1.202686205506324768e-01
1.489700973033905029e-01
6.919221580028533936e-02
1.763776093721389771e-01
1.993132382631301880e-01
2.014962285757064819e-01
1.986056566238403320e-01
2.072008699178695679e-01
2.384900301694869995e-01
1.805047243833541870e-01
1.516930013895034790e-01
1.145588457584381104e-01
1.697985231876373291e-01
1.732264012098312378e-01
1.469048261642456055e-01
1.144184544682502747e-01
1.838666349649429321e-01
2.357694059610366821e-01
1.414741575717926025e-01
1.311836540699005127e-01
9.672031551599502563e-02
1.989675760269165039e-01
2.384900301694869995e-01
1.793646514415740967e-01
1.598842144012451172e-01
1.410737037658691406e-01
8.363793790340423584e-02
8.670178800821304321e-02
1.116360947489738464e-01
1.115493699908256531e-01
1.603832095861434937e-01
1.464872509241104126e-01
1.400861293077468872e-01
2.250531166791915894e-01
2.393512725830078125e-01
1.843565255403518677e-01
1.334578543901443481e-01
1.694548726081848145e-01
1.792341619729995728e-01
1.366813331842422485e-01
1.437652409076690674e-01
2.393512725830078125e-01
2.393512725830078125e-01
1.703065037727355957e-01
1.460402011871337891e-01
1.156529262661933899e-01
7.700287550687789917e-02
9.629000723361968994e-02
1.579339802265167236e-01
2.393512725830078125e-01
1.480880826711654663e-01
1.424046009778976440e-01
2.393512725830078125e-01
2.024042457342147827e-01
1.667594015598297119e-01
1.350908577442169189e-01
1.389429867267608643e-01
1.640409678220748901e-01
1.369078159332275391e-01
2.047454416751861572e-01
2.059949785470962524e-01
1.985356062650680542e-01
1.660573035478591919e-01
1.317073702812194824e-01
1.388207823038101196e-01
9.360990673303604126e-02
1.308771222829818726e-01
7.161163538694381714e-02
1.099667549133300781e-01
1.860140711069107056e-01
2.338869422674179077e-01
2.073275297880172729e-01
1.355365514755249023e-01
8.092596381902694702e-02
1.068903505802154541e-01
1.238668262958526611e-01
1.482395678758621216e-01
1.616528630256652832e-01
2.010498344898223877e-01
2.193289846181869507e-01
1.340745091438293457e-01
1.362127065658569336e-01
1.748221665620803833e-01
1.205531656742095947e-01
1.766841709613800049e-01
1.150076538324356079e-01
1.134198382496833801e-01
2.333905100822448730e-01
2.338869422674179077e-01
2.110182493925094604e-01
1.878032386302947998e-01
1.923700422048568726e-01
1.357110887765884399e-01
1.574569791555404663e-01
1.718966662883758545e-01
2.088501751422882080e-01
2.214514762163162231e-01
2.564011216163635254e-01
1.634667664766311646e-01
1.371815949678421021e-01
5.675984174013137817e-02
7.622001320123672485e-02
7.193210721015930176e-02
1.235865801572799683e-01
1.522976011037826538e-01
1.950139999389648438e-01
2.564011216163635254e-01
1.955041289329528809e-01
1.509427875280380249e-01
1.072542294859886169e-01
8.668185025453567505e-02
4.819562658667564392e-02
6.596658378839492798e-02
1.810996979475021362e-01
2.055661976337432861e-01
2.564011216163635254e-01
2.237748354673385620e-01
2.141758203506469727e-01
1.497734189033508301e-01
1.216235458850860596e-01
7.944345474243164062e-02
9.893914312124252319e-02
1.825397461652755737e-01
1.633130162954330444e-01
2.564011216163635254e-01
2.205232679843902588e-01
2.469894587993621826e-01
9.569571912288665771e-02
8.773326128721237183e-02
5.911711230874061584e-02
6.578166782855987549e-02
2.030287981033325195e-01
2.273340374231338501e-01
2.469537556171417236e-01
2.221338599920272827e-01
1.387091726064682007e-01
1.214042827486991882e-01
6.659692525863647461e-02
3.578419238328933716e-02
7.843041419982910156e-02
1.283574998378753662e-01
1.365416795015335083e-01
2.037855237722396851e-01
2.469537556171417236e-01
2.315255403518676758e-01
1.395046263933181763e-01
7.167593389749526978e-02
6.146510317921638489e-02
1.248149350285530090e-01
9.276460111141204834e-02
1.007145047187805176e-01
2.469537556171417236e-01
2.469537556171417236e-01
2.469537556171417236e-01
6.248994544148445129e-02
5.174544453620910645e-02
5.335974320769309998e-02
1.321036219596862793e-01
1.931027621030807495e-01
1.816610395908355713e-01
2.469537556171417236e-01
2.469537556171417236e-01
2.469537556171417236e-01
1.296908110380172729e-01
1.195168942213058472e-01
6.987365335226058960e-02
1.790182590484619141e-01
1.466016173362731934e-01
1.865485459566116333e-01
1.914491057395935059e-01
2.508717477321624756e-01
2.343011647462844849e-01
1.812596470117568970e-01
1.367511153221130371e-01
1.461817622184753418e-01
1.204404979944229126e-01
8.991162478923797607e-02
8.910764753818511963e-02
1.174263060092926025e-01
7.334338128566741943e-02
1.287144124507904053e-01
1.349546909332275391e-01
1.001524180173873901e-01
1.023097336292266846e-01
9.363143146038055420e-02
1.031578406691551208e-01
9.619560837745666504e-02
2.349349558353424072e-01
2.508717477321624756e-01
1.838757693767547607e-01
2.080039829015731812e-01
2.401317656040191650e-01
1.345684677362442017e-01
1.644915640354156494e-01
1.610763818025588989e-01
2.082500308752059937e-01
2.341496199369430542e-01
7.315462827682495117e-02
8.203533291816711426e-02
9.089510142803192139e-02
1.603656113147735596e-01
1.245512217283248901e-01
1.637690663337707520e-01
2.508717477321624756e-01
2.508717477321624756e-01
1.172383129596710205e-01
5.361286178231239319e-02
1.349027454853057861e-01
1.103802248835563660e-01
9.534757584333419800e-02
9.927012026309967041e-02
8.009893447160720825e-02
1.233907192945480347e-01
1.493642032146453857e-01
1.589031219482421875e-01
7.824701070785522461e-02
8.448325842618942261e-02
1.047864779829978943e-01
1.154531091451644897e-01
1.302023828029632568e-01
8.181342482566833496e-02
1.059275791049003601e-01
2.299929559230804443e-01
2.584994733333587646e-01
4.875611141324043274e-02
1.063246130943298340e-01
7.341629266738891602e-02
2.787768840789794922e-01
1.630106270313262939e-01
1.382440030574798584e-01
2.765432894229888916e-01
2.862094938755035400e-01
2.862094938755035400e-01
1.092029139399528503e-01
8.189278841018676758e-02
7.576423883438110352e-02
2.862094938755035400e-01
2.278855293989181519e-01
1.253775209188461304e-01
1.766382604837417603e-01
2.862094938755035400e-01
1.667340546846389771e-01
8.046678453683853149e-02
8.584874868392944336e-02
1.080700457096099854e-01
8.436667919158935547e-02
5.956343933939933777e-02
6.512205302715301514e-02
6.458865106105804443e-02
1.662414968013763428e-01
2.386597245931625366e-01
1.446249336004257202e-01
9.381794184446334839e-02
8.731267601251602173e-02
9.432899951934814453e-02
4.285651072859764099e-02
1.349944621324539185e-01
1.485710591077804565e-01
2.711263000965118408e-01
2.716333270072937012e-01
1.144051402807235718e-01
6.714823096990585327e-02
1.200713217258453369e-01
1.531592756509780884e-01
2.378391772508621216e-01
1.441932171583175659e-01
1.642856299877166748e-01
2.716333270072937012e-01
2.716333270072937012e-01
1.084397584199905396e-01
1.073012873530387878e-01
1.759401559829711914e-01
1.992138028144836426e-01
2.049501985311508179e-01
2.427695393562316895e-01
1.690868884325027466e-01
2.716333270072937012e-01
2.358644902706146240e-01
9.466274827718734741e-02
3.296647965908050537e-02
2.650885656476020813e-02
8.118177950382232666e-02
5.946943163871765137e-02
1.156977191567420959e-01
1.912357509136199951e-01
2.664601206779479980e-01
2.832583785057067871e-01
1.311952173709869385e-01
7.683228701353073120e-02
4.414887726306915283e-02
7.241116464138031006e-02
9.678791463375091553e-02
1.330144703388214111e-01
2.832583785057067871e-01
2.832583785057067871e-01
2.184744328260421753e-01
5.856997519731521606e-02
7.812596857547760010e-02
5.324258282780647278e-02
1.759981364011764526e-01
1.284002065658569336e-01
1.445256173610687256e-01
9.520062059164047241e-02
2.351008057594299316e-01
2.832583785057067871e-01
6.904643028974533081e-02
9.472461044788360596e-02
9.454824030399322510e-02
2.832583785057067871e-01
1.672888100147247314e-01
1.018851324915885925e-01
8.420495688915252686e-02
2.832583785057067871e-01
2.510439157485961914e-01
1.275394409894943237e-01
8.780714124441146851e-02
5.801855400204658508e-02
4.677317664027214050e-02
7.803022116422653198e-02
1.824873089790344238e-01
2.510439157485961914e-01
2.510439157485961914e-01
2.510439157485961914e-01
1.614559888839721680e-01
1.176530271768569946e-01
7.599608600139617920e-02
7.314611971378326416e-02
7.811850309371948242e-02
2.510439157485961914e-01
2.510439157485961914e-01
2.510439157485961914e-01
2.150403410196304321e-01
8.771753311157226562e-02
9.162193536758422852e-02
1.073755249381065369e-01
2.222638130187988281e-01
8.675926178693771362e-02
1.097469255328178406e-01
1.006074100732803345e-01
2.397551834583282471e-01
1.988837718963623047e-01
1.029055640101432800e-01
1.230599507689476013e-01
1.431925147771835327e-01
1.727842241525650024e-01
8.963307738304138184e-02
1.347213983535766602e-01
2.040361762046813965e-01
1.907127797603607178e-01
2.036157548427581787e-01
1.226204931735992432e-01
9.702982753515243530e-02
1.115745082497596741e-01
7.725897431373596191e-02
7.612287253141403198e-02
1.453028023242950439e-01
2.157109230756759644e-01
2.454617768526077271e-01
2.454617768526077271e-01
8.052302151918411255e-02
6.623928993940353394e-02
1.418869048357009888e-01
1.524289101362228394e-01
1.807866692543029785e-01
1.402768641710281372e-01
2.454617768526077271e-01
2.454617768526077271e-01
1.756646335124969482e-01
9.182136505842208862e-02
7.541624456644058228e-02
1.396379321813583374e-01
1.224454566836357117e-01
1.209476366639137268e-01
7.413627207279205322e-02
1.377709805965423584e-01
1.483120322227478027e-01
2.454617768526077271e-01
1.246291995048522949e-01
4.475288465619087219e-02
2.199028581380844116e-01
2.454617768526077271e-01
2.454617768526077271e-01
7.989894598722457886e-02
1.957610547542572021e-01
2.454617768526077271e-01
2.452441453933715820e-01
6.986828893423080444e-02
5.124050378799438477e-02
7.894615828990936279e-02
1.449145525693893433e-01
2.285152375698089600e-01
1.493623405694961548e-01
2.452441453933715820e-01
2.452441453933715820e-01
1.894614845514297485e-01
1.340424865484237671e-01
8.560637384653091431e-02
1.010002270340919495e-01
1.528689563274383545e-01
1.236625239253044128e-01
8.228639513254165649e-02
1.263606995344161987e-01
1.537447720766067505e-01
2.085604220628738403e-01
1.294170320034027100e-01
6.417641788721084595e-02
1.979559063911437988e-01
2.452441453933715820e-01
2.452441453933715820e-01
8.764196932315826416e-02
1.598879992961883545e-01
2.452441453933715820e-01
1.641140133142471313e-01
1.986010074615478516e-01
1.456927508115768433e-01
1.765715032815933228e-01
1.489817649126052856e-01
2.077820301055908203e-01
8.496225625276565552e-02
6.802693009376525879e-02
1.954270601272583008e-01
1.792605221271514893e-01
1.736062467098236084e-01
1.015895009040832520e-01
1.763193458318710327e-01
1.869554221630096436e-01
9.394797682762145996e-02
7.004310935735702515e-02
1.033087074756622314e-01
1.420048624277114868e-01
2.202904373407363892e-01
1.974340677261352539e-01
7.115235924720764160e-02
1.756829768419265747e-01
1.259347945451736450e-01
1.541076004505157471e-01
9.870734065771102905e-02
9.968446195125579834e-02
1.860610246658325195e-01
2.280554920434951782e-01
1.938899308443069458e-01
1.746613830327987671e-01
2.008347064256668091e-01
1.015132069587707520e-01
1.605208516120910645e-01
1.021570786833763123e-01
1.289127767086029053e-01
2.537491619586944580e-01
2.537491619586944580e-01
1.979050934314727783e-01
1.671788841485977173e-01
1.751978695392608643e-01
1.041347011923789978e-01
1.350333839654922485e-01
1.140304729342460632e-01
2.007226496934890747e-01
2.537491619586944580e-01
2.190449535846710205e-01
1.849786639213562012e-01
5.107490345835685730e-02
1.096685379743576050e-01
1.227328330278396606e-01
2.132401317358016968e-01
1.210273131728172302e-01
1.014791652560234070e-01
1.838301271200180054e-01
2.511104345321655273e-01
1.505517661571502686e-01
1.247245669364929199e-01
1.559241116046905518e-01
1.405896544456481934e-01
1.221322789788246155e-01
1.594585329294204712e-01
1.846321523189544678e-01
2.465372085571289062e-01
2.502821385860443115e-01
1.656204760074615479e-01
1.247494891285896301e-01
9.659242630004882812e-02
1.062214821577072144e-01
1.811525821685791016e-01
1.058984249830245972e-01
1.300043463706970215e-01
1.966445446014404297e-01
2.511104345321655273e-01
1.944052129983901978e-01
1.999404579401016235e-01
2.110289335250854492e-01
1.395924538373947144e-01
1.562525779008865356e-01
1.411595642566680908e-01
9.504324942827224731e-02
1.294084489345550537e-01
2.483375519514083862e-01
1.195638775825500488e-01
2.319156080484390259e-01
2.079261392354965210e-01
1.112209334969520569e-01
4.226491227746009827e-02
1.239039003849029541e-01
1.374024897813796997e-01
1.448501348495483398e-01
2.233092039823532104e-01
2.191191613674163818e-01
2.535471320152282715e-01
2.535471320152282715e-01
1.573908925056457520e-01
1.121278032660484314e-01
9.782511740922927856e-02
1.153286173939704895e-01
1.641713231801986694e-01
1.741255670785903931e-01
1.742567569017410278e-01
1.919990330934524536e-01
2.077742815017700195e-01
1.072983145713806152e-01
6.159738823771476746e-02
1.434315294027328491e-01
6.750214844942092896e-02
8.141063153743743896e-02
1.902737617492675781e-01
2.171117812395095825e-01
2.535471320152282715e-01
2.140470296144485474e-01
1.423587501049041748e-01
6.324124336242675781e-02
8.067383617162704468e-02
5.129640921950340271e-02
1.638893336057662964e-01
1.921552568674087524e-01
2.349820584058761597e-01
1.948119997978210449e-01
1.890728771686553955e-01
1.443260759115219116e-01
1.708732247352600098e-01
9.673538058996200562e-02
1.473280042409896851e-01
1.896611601114273071e-01
2.220308184623718262e-01
1.919327825307846069e-01
1.269332617521286011e-01
1.364705711603164673e-01
1.471051871776580811e-01
1.824679970741271973e-01
2.062496244907379150e-01
1.845031827688217163e-01
2.315093874931335449e-01
1.898844689130783081e-01
1.628108024597167969e-01
1.915745139122009277e-01
1.547728180885314941e-01
1.137991696596145630e-01
9.856512397527694702e-02
3.925628960132598877e-02
8.309366554021835327e-02
2.252032309770584106e-01
1.717284470796585083e-01
1.527399420738220215e-01
1.256813704967498779e-01
1.498266458511352539e-01
1.238693520426750183e-01
1.302616000175476074e-01
7.267060130834579468e-02
1.564751416444778442e-01
2.247969210147857666e-01
2.148104608058929443e-01
1.660796105861663818e-01
1.382270306348800659e-01
1.000974178314208984e-01
1.275338083505630493e-01
1.057887673377990723e-01
2.065528333187103271e-01
1.495194584131240845e-01
1.694065928459167480e-01
2.129459679126739502e-01
1.259339898824691772e-01
1.145620793104171753e-01
1.391559094190597534e-01
1.586541384458541870e-01
1.762706786394119263e-01
1.310673803091049194e-01
1.801245957612991333e-01
2.077491134405136108e-01
2.151401638984680176e-01
1.637908667325973511e-01
1.324417740106582642e-01
1.400369703769683838e-01
1.410563439130783081e-01
7.936644554138183594e-02
9.107153862714767456e-02
1.670337617397308350e-01
2.090259939432144165e-01
2.645081281661987305e-01
1.304674297571182251e-01
9.014812111854553223e-02
2.423940300941467285e-01
2.093374729156494141e-01
1.078850701451301575e-01
9.131257236003875732e-02
1.631931662559509277e-01
2.645081281661987305e-01
1.893321722745895386e-01
1.502533555030822754e-01
1.479978710412979126e-01
1.334680020809173584e-01
1.204442381858825684e-01
1.731043010950088501e-01
1.344695240259170532e-01
1.288304030895233154e-01
1.751432716846466064e-01
2.265752851963043213e-01
2.265752851963043213e-01
2.129163295030593872e-01
1.811852604150772095e-01
1.605692207813262939e-01
1.578206270933151245e-01
9.546925127506256104e-02
1.104698181152343750e-01
1.307809203863143921e-01
1.909541934728622437e-01
1.514506191015243530e-01
2.260369211435317993e-01
1.785504370927810669e-01
1.440045535564422607e-01
1.656689047813415527e-01
1.353556364774703979e-01
1.640662699937820435e-01
1.010051742196083069e-01
1.680913865566253662e-01
2.047375440597534180e-01
2.265752851963043213e-01
1.686071902513504028e-01
1.865750253200531006e-01
2.167679220438003540e-01
1.282086372375488281e-01
1.218268051743507385e-01
1.039754599332809448e-01
1.699830591678619385e-01
2.242238521575927734e-01
2.343368530273437500e-01
1.325992494821548462e-01
1.677852571010589600e-01
9.952393919229507446e-02
7.577914744615554810e-02
1.909068077802658081e-01
9.845823794603347778e-02
1.706802397966384888e-01
1.367906928062438965e-01
2.075451165437698364e-01
8.348602801561355591e-02
9.427870810031890869e-02
9.444609284400939941e-02
8.827337622642517090e-02
2.149433791637420654e-01
1.568231880664825439e-01
1.398746967315673828e-01
2.343368530273437500e-01
2.343368530273437500e-01
1.104556396603584290e-01
1.351103782653808594e-01
1.575184613466262817e-01
1.744418293237686157e-01
2.096934765577316284e-01
1.418777555227279663e-01
2.165177911520004272e-01
1.896118968725204468e-01
1.155897304415702820e-01
1.030985340476036072e-01
9.125324338674545288e-02
1.946289539337158203e-01
1.968256384134292603e-01
2.343368530273437500e-01
1.894573569297790527e-01
1.509900987148284912e-01
1.241137012839317322e-01
1.529601812362670898e-01
5.333166569471359253e-02
5.250000953674316406e-02
7.375518232583999634e-02
1.014781296253204346e-01
1.925647109746932983e-01
1.360267102718353271e-01
1.842955797910690308e-01
2.261485159397125244e-01
1.414600163698196411e-01
9.858320653438568115e-02
9.233585000038146973e-02
6.718538701534271240e-02
1.609004139900207520e-01
2.239513248205184937e-01
2.113863527774810791e-01
1.786571294069290161e-01
1.528981626033782959e-01
1.058206334710121155e-01
1.462187021970748901e-01
6.171678751707077026e-02
1.448578387498855591e-01
1.395712196826934814e-01
2.413429319858551025e-01
1.818237155675888062e-01
2.413429319858551025e-01
2.413429319858551025e-01
2.361715137958526611e-01
1.799146980047225952e-01
8.407177031040191650e-02
1.785023212432861328e-01
1.641501337289810181e-01
2.413429319858551025e-01
2.413429319858551025e-01
1.733552217483520508e-01
2.038543671369552612e-01
1.486230343580245972e-01
1.521424353122711182e-01
1.157589703798294067e-01
7.001541554927825928e-02
1.212186738848686218e-01
1.530136913061141968e-01
1.709518581628799438e-01
1.603651493787765503e-01
1.034080460667610168e-01
1.003079861402511597e-01
9.584023058414459229e-02
1.126852780580520630e-01
7.779333740472793579e-02
9.348469972610473633e-02
1.761001497507095337e-01
1.993150115013122559e-01
2.457739114761352539e-01
2.457739114761352539e-01
2.457739114761352539e-01
1.706016957759857178e-01
1.181837469339370728e-01
1.599052101373672485e-01
1.033542677760124207e-01
1.881817877292633057e-01
2.412839531898498535e-01
2.321731746196746826e-01
2.202719599008560181e-01
1.735908091068267822e-01
2.240396589040756226e-01
1.737868189811706543e-01
1.088865771889686584e-01
6.931017339229583740e-02
9.857054054737091064e-02
2.183626145124435425e-01
2.185000032186508179e-01
7.498017698526382446e-02
5.876328051090240479e-02
7.430102676153182983e-02
2.144972085952758789e-01
9.930400550365447998e-02
8.703850209712982178e-02
1.454738229513168335e-01
2.646988332271575928e-01
2.646988332271575928e-01
9.047191590070724487e-02
3.388733416795730591e-02
6.967642158269882202e-02
2.441205531358718872e-01
1.682838201522827148e-01
1.134937554597854614e-01
9.637311100959777832e-02
2.646988332271575928e-01
2.469409555196762085e-01
1.944614350795745850e-01
1.065221875905990601e-01
2.007951587438583374e-01
1.397749185562133789e-01
1.048073396086692810e-01
1.097083836793899536e-01
1.021744832396507263e-01
2.098711729049682617e-01
2.646988332271575928e-01
1.811809092760086060e-01
1.132233962416648865e-01
1.297170221805572510e-01
8.399012684822082520e-02
1.374796181917190552e-01
1.661719828844070435e-01
1.107473000884056091e-01
2.646988332271575928e-01
2.261001318693161011e-01
6.392401456832885742e-02
3.819124028086662292e-02
1.063420176506042480e-01
1.191947236657142639e-01
1.911368519067764282e-01
1.108853071928024292e-01
1.104329377412796021e-01
2.029827535152435303e-01
2.110005915164947510e-01
5.348069965839385986e-02
9.949718415737152100e-02
1.515118032693862915e-01
1.901399493217468262e-01
1.939087957143783569e-01
1.433687955141067505e-01
1.539120972156524658e-01
2.371851205825805664e-01
2.544147670269012451e-01
7.707849889993667603e-02
6.194979324936866760e-02
1.765610277652740479e-01
1.046687439084053040e-01
1.100849360227584839e-01
1.180871427059173584e-01
1.206571087241172791e-01
2.544147670269012451e-01
2.544147670269012451e-01
1.332936584949493408e-01
1.277708262205123901e-01
1.484784334897994995e-01
1.705646216869354248e-01
1.474687308073043823e-01
1.881916970014572144e-01
2.544147670269012451e-01
2.544147670269012451e-01
1.828539967536926270e-01
3.703394159674644470e-02
1.122853532433509827e-01
6.583389639854431152e-02
1.478479206562042236e-01
9.987332671880722046e-02
5.163889005780220032e-02
7.437662035226821899e-02
2.364516109228134155e-01
2.543911337852478027e-01
5.988269671797752380e-02
1.048182621598243713e-01
1.474409848451614380e-01
2.543911337852478027e-01
1.262671500444412231e-01
4.333667084574699402e-02
5.122407525777816772e-02
2.543911337852478027e-01
1.929004788398742676e-01
1.069603115320205688e-01
2.344944179058074951e-01
1.033972427248954773e-01
1.586098223924636841e-01
1.109880059957504272e-01
8.739348500967025757e-02
1.416939496994018555e-01
2.543911337852478027e-01
2.543911337852478027e-01
1.357271969318389893e-01
2.543911337852478027e-01
1.899878382682800293e-01
2.499802261590957642e-01
1.350406408309936523e-01
7.929719239473342896e-02
1.376766264438629150e-01
2.543911337852478027e-01
2.397566139698028564e-01
9.164197742938995361e-02
6.704162061214447021e-02
1.228934004902839661e-01
2.001091092824935913e-01
1.073753163218498230e-01
4.229283332824707031e-02
3.767829015851020813e-02
1.649603694677352905e-01
2.397566139698028564e-01
1.061651781201362610e-01
1.216220483183860779e-01
1.278483122587203979e-01
1.310749202966690063e-01
1.598777472972869873e-01
5.997615680098533630e-02
7.433543354272842407e-02
1.349922716617584229e-01
2.397566139698028564e-01
1.630340367555618286e-01
1.595550179481506348e-01
1.299011111259460449e-01
1.783170104026794434e-01
1.491103023290634155e-01
8.725786209106445312e-02
1.363162249326705933e-01
1.500093042850494385e-01
2.397566139698028564e-01
2.397566139698028564e-01
2.330674976110458374e-01
2.234408855438232422e-01
2.397566139698028564e-01
2.397566139698028564e-01
9.147162735462188721e-02
1.956895589828491211e-01
2.240247428417205811e-01
2.060868144035339355e-01
8.658085018396377563e-02
7.749141752719879150e-02
1.373073160648345947e-01
1.560534089803695679e-01
1.849626749753952026e-01
7.870361208915710449e-02
1.249916851520538330e-01
1.942233443260192871e-01
1.337768137454986572e-01
9.267239272594451904e-02
3.538802638649940491e-02
1.262820214033126831e-01
1.865449249744415283e-01
1.860713809728622437e-01
6.119674071669578552e-02
1.077071875333786011e-01
2.262713760137557983e-01
2.381029427051544189e-01
2.123642861843109131e-01
1.967017948627471924e-01
2.245176136493682861e-01
2.381029427051544189e-01
2.381029427051544189e-01
8.860170841217041016e-02
1.790892481803894043e-01
2.381029427051544189e-01
1.269018054008483887e-01
9.678453207015991211e-02
1.237503588199615479e-01
1.170582324266433716e-01
2.156472057104110718e-01
1.738222539424896240e-01
1.013825461268424988e-01
1.611501574516296387e-01
2.381029427051544189e-01
1.378965377807617188e-01
1.280836015939712524e-01
6.396896392107009888e-02
1.469635516405105591e-01
1.515293717384338379e-01
1.646928787231445312e-01
4.237575456500053406e-02
9.439065307378768921e-02
2.037836313247680664e-01
1.675685197114944458e-01
1.716670393943786621e-01
1.220192685723304749e-01
2.101637423038482666e-01
1.113563105463981628e-01
1.899605393409729004e-01
8.818688988685607910e-02
1.389156132936477661e-01
1.944172978401184082e-01
1.024678945541381836e-01
1.512836515903472900e-01
2.134287804365158081e-01
1.845418363809585571e-01
1.257540136575698853e-01
1.561818569898605347e-01
8.330117166042327881e-02
1.553625762462615967e-01
2.177336812019348145e-01
1.489052623510360718e-01
2.408163994550704956e-01
2.408163994550704956e-01
2.408163994550704956e-01
1.324612945318222046e-01
2.408163994550704956e-01
1.270935386419296265e-01
2.026923298835754395e-01
2.087794095277786255e-01
1.551766097545623779e-01
9.723976254463195801e-02
9.027574211359024048e-02
1.177742555737495422e-01
7.096251845359802246e-02
2.082410156726837158e-01
1.098539754748344421e-01
2.135463505983352661e-01
1.913078129291534424e-01
2.092832922935485840e-01
1.273135691881179810e-01
1.179757416248321533e-01
1.048734560608863831e-01
7.563486695289611816e-02
1.251728832721710205e-01
9.807606041431427002e-02
1.801152378320693970e-01
1.431635320186614990e-01
1.682467758655548096e-01
1.621268242597579956e-01
2.018577009439468384e-01
1.996449977159500122e-01
1.197007298469543457e-01
2.368697971105575562e-01
1.259223520755767822e-01
2.368697971105575562e-01
1.843035966157913208e-01
2.368697971105575562e-01
2.064780443906784058e-01
1.723178625106811523e-01
1.716883480548858643e-01
1.576950401067733765e-01
2.368697971105575562e-01
9.645609557628631592e-02
1.723819375038146973e-01
2.026553303003311157e-01
1.533792912960052490e-01
1.276156604290008545e-01
9.872344136238098145e-02
1.003575697541236877e-01
7.748739421367645264e-02
1.074145361781120300e-01
7.254665344953536987e-02
8.318658173084259033e-02
9.753342717885971069e-02
1.339549124240875244e-01
1.380557268857955933e-01
1.610604822635650635e-01
9.648156166076660156e-02
7.089918851852416992e-02
1.146384105086326599e-01
7.607071101665496826e-02
7.522219419479370117e-02
7.814000546932220459e-02
2.471147030591964722e-01
2.116821408271789551e-01
1.708720177412033081e-01
1.435266286134719849e-01
2.471147030591964722e-01
1.972864270210266113e-01
6.091954559087753296e-02
1.099433898925781250e-01
2.380867451429367065e-01
2.471147030591964722e-01
2.471147030591964722e-01
2.471147030591964722e-01
1.368440389633178711e-01
2.471147030591964722e-01
2.471147030591964722e-01
2.471147030591964722e-01
2.081671804189682007e-01
1.846450120210647583e-01
9.239754080772399902e-02
1.324854344129562378e-01
1.231561675667762756e-01
8.508948236703872681e-02
6.132367625832557678e-02
7.562191039323806763e-02
9.778615832328796387e-02
6.634684652090072632e-02
6.070636585354804993e-02
1.166361048817634583e-01
1.231068745255470276e-01
1.542469859123229980e-01
1.012195795774459839e-01
7.094225287437438965e-02
5.666407570242881775e-02
6.031924113631248474e-02
3.890330344438552856e-02
1.146939843893051147e-01
2.268401086330413818e-01
2.438817471265792847e-01
2.568330466747283936e-01
9.885212033987045288e-02
1.610284894704818726e-01
2.568330466747283936e-01
2.568330466747283936e-01
2.568330466747283936e-01
1.358431726694107056e-01
2.387971431016921997e-01
2.148994207382202148e-01
1.990662962198257446e-01
1.672108471393585205e-01
1.008835658431053162e-01
1.924932003021240234e-01
2.568330466747283936e-01
2.568330466747283936e-01
2.314458340406417847e-01
1.380304843187332153e-01
8.657206594944000244e-02
1.323028653860092163e-01
9.119679033756256104e-02
5.661106854677200317e-02
7.120781391859054565e-02
3.844488039612770081e-02
5.547305569052696228e-02
1.776373833417892456e-01
2.565489113330841064e-01
1.503380686044692993e-01
1.004282161593437195e-01
9.134189784526824951e-02
1.191707476973533630e-01
1.182870268821716309e-01
5.970031023025512695e-02
9.190071374177932739e-02
1.986428648233413696e-01
2.597762048244476318e-01
1.379703134298324585e-01
1.467494666576385498e-01
1.749759614467620850e-01
8.388371765613555908e-02
1.816629618406295776e-01
2.149002552032470703e-01
1.987748295068740845e-01
2.655125558376312256e-01
2.655125558376312256e-01
2.655125558376312256e-01
7.586826384067535400e-02
1.157604083418846130e-01
1.854656636714935303e-01
2.237651944160461426e-01
1.767113953828811646e-01
1.812181621789932251e-01
2.655125558376312256e-01
2.485243827104568481e-01
1.446558386087417603e-01
6.609786301851272583e-02
8.706705272197723389e-02
1.549691408872604370e-01
5.275574326515197754e-02
3.677386045455932617e-02
8.801955729722976685e-02
2.067727595567703247e-01
2.752299308776855469e-01
1.358071416616439819e-01
5.300350487232208252e-02
2.146567702293395996e-01
1.700594425201416016e-01
4.983206465840339661e-02
4.424929246306419373e-02
9.987452626228332520e-02
2.752299308776855469e-01
2.752299308776855469e-01
2.297034412622451782e-01
3.626399114727973938e-02
9.554471075534820557e-02
1.878476440906524658e-01
8.505917340517044067e-02
5.514386296272277832e-02
1.046606823801994324e-01
2.752299308776855469e-01
2.752299308776855469e-01
1.737584173679351807e-01
6.275378167629241943e-02
1.325953155755996704e-01
1.376947760581970215e-01
1.659091413021087646e-01
1.124207898974418640e-01
1.679920107126235962e-01
2.752299308776855469e-01
1.432591974735260010e-01
1.176059097051620483e-01
2.049436122179031372e-01
2.035292088985443115e-01
1.068422123789787292e-01
8.229471743106842041e-02
1.221413984894752502e-01
1.835648268461227417e-01
7.556080818176269531e-02
1.159736886620521545e-01
1.673800796270370483e-01
2.275065183639526367e-01
2.094387859106063843e-01
1.177002042531967163e-01
1.314663738012313843e-01
1.350454837083816528e-01
1.450152546167373657e-01
1.155604422092437744e-01
1.463720053434371948e-01
1.324184983968734741e-01
2.117055207490921021e-01
1.760326325893402100e-01
1.813362687826156616e-01
1.040543764829635620e-01
1.515679508447647095e-01
2.275065183639526367e-01
1.757629513740539551e-01
1.744111925363540649e-01
1.624989062547683716e-01
2.084740400314331055e-01
1.882384121417999268e-01
1.579501479864120483e-01
1.704176962375640869e-01
1.754308193922042847e-01
2.275065183639526367e-01
2.241425365209579468e-01
1.181767508387565613e-01
1.733456254005432129e-01
1.666596233844757080e-01
1.283887624740600586e-01
9.508261084556579590e-02
1.219640374183654785e-01
1.486608982086181641e-01
1.406822204589843750e-01
1.101348921656608582e-01
2.025956064462661743e-01
1.538021862506866455e-01
1.169245392084121704e-01
1.243490278720855713e-01
1.132335960865020752e-01
1.791857033967971802e-01
1.786171495914459229e-01
2.289846241474151611e-01
1.932622343301773071e-01
1.485592871904373169e-01
1.477087140083312988e-01
1.683101952075958252e-01
1.147934496402740479e-01
9.864695370197296143e-02
1.639429777860641479e-01
2.106689512729644775e-01
2.273928076028823853e-01
1.035180091857910156e-01
1.885350495576858521e-01
2.071062326431274414e-01
2.032375484704971313e-01
1.667181402444839478e-01
1.338107585906982422e-01
1.594087034463882446e-01
2.289846241474151611e-01
2.289846241474151611e-01
2.156815230846405029e-01
1.349122822284698486e-01
9.851442277431488037e-02
8.252312242984771729e-02
1.145103499293327332e-01
6.462147831916809082e-02
1.358722597360610962e-01
1.635933518409729004e-01
2.257542163133621216e-01
2.077326923608779907e-01
1.360996663570404053e-01
1.498175561428070068e-01
1.467149406671524048e-01
1.258090734481811523e-01
6.784896552562713623e-02
1.717596054077148438e-01
1.660317480564117432e-01
2.329559624195098877e-01
2.329559624195098877e-01
1.719399541616439819e-01
1.439680457115173340e-01
1.243323236703872681e-01
8.397129178047180176e-02
7.032640278339385986e-02
1.371608972549438477e-01
2.329559624195098877e-01
2.329559624195098877e-01
2.329559624195098877e-01
1.900676935911178589e-01
1.213367059826850891e-01
1.709968149662017822e-01
6.959752738475799561e-02
6.895130872726440430e-02
2.143337428569793701e-01
2.329559624195098877e-01
2.329559624195098877e-01
2.329559624195098877e-01
1.319518983364105225e-01
1.351159363985061646e-01
1.414466202259063721e-01
8.281855285167694092e-02
9.068906307220458984e-02
1.788439452648162842e-01
1.137228980660438538e-01
1.917477846145629883e-01
2.277798503637313843e-01
1.311554014682769775e-01
9.084627032279968262e-02
6.787629425525665283e-02
1.285258084535598755e-01
1.473047286272048950e-01
1.429325640201568604e-01
1.036312282085418701e-01
1.541752666234970093e-01
2.355819940567016602e-01
2.093462049961090088e-01
1.211627349257469177e-01
1.560152918100357056e-01
9.580097347497940063e-02
9.988141804933547974e-02
2.261655777692794800e-01
2.355819940567016602e-01
2.355819940567016602e-01
2.355819940567016602e-01
2.019429057836532593e-01
1.167870759963989258e-01
7.207673043012619019e-02
1.289745718240737915e-01
1.343929618597030640e-01
1.847823262214660645e-01
2.355819940567016602e-01
2.355819940567016602e-01
2.355819940567016602e-01
1.600300967693328857e-01
1.131260246038436890e-01
8.526902645826339722e-02
1.012498661875724792e-01
7.807575166225433350e-02
1.018214747309684753e-01
1.363008767366409302e-01
9.319022297859191895e-02
1.688055992126464844e-01
2.382281273603439331e-01
1.728808134794235229e-01
1.617774367332458496e-01
1.068171933293342590e-01
4.590032249689102173e-02
9.347363561391830444e-02
1.226938888430595398e-01
7.987084984779357910e-02
2.125117927789688110e-01
1.760478168725967407e-01
1.198120415210723877e-01
8.989436179399490356e-02
1.290173530578613281e-01
1.136022359132766724e-01
1.770247966051101685e-01
2.382281273603439331e-01
2.373176664113998413e-01
2.382281273603439331e-01
2.382281273603439331e-01
1.913706362247467041e-01
2.293783426284790039e-01
1.572567671537399292e-01
1.497616469860076904e-01
2.263205796480178833e-01
2.382281273603439331e-01
1.605956405401229858e-01
2.382281273603439331e-01
2.399249672889709473e-01
1.086644381284713745e-01
1.439277082681655884e-01
1.513514220714569092e-01
6.437566876411437988e-02
6.694044172763824463e-02
7.126259803771972656e-02
9.041170030832290649e-02
1.937756985425949097e-01
1.965232789516448975e-01
1.420585513114929199e-01
1.628580987453460693e-01
9.610280394554138184e-02
6.743700057268142700e-02
8.217424154281616211e-02
1.422028541564941406e-01
1.709798276424407959e-01
2.082913666963577271e-01
2.401198148727416992e-01
1.671065241098403931e-01
2.453645318746566772e-01
2.130835056304931641e-01
1.184550300240516663e-01
1.208149865269660950e-01
1.760958433151245117e-01
1.252004653215408325e-01
1.873977929353713989e-01
2.453645318746566772e-01
2.453645318746566772e-01
2.453645318746566772e-01
2.453645318746566772e-01
9.356958419084548950e-02
9.434139728546142578e-02
1.254386603832244873e-01
1.622957885265350342e-01
1.557504087686538696e-01
1.898926198482513428e-01
1.710423231124877930e-01
2.099619060754776001e-01
9.020618349313735962e-02
8.848702162504196167e-02
8.240990340709686279e-02
1.251384913921356201e-01
1.387899667024612427e-01
2.121949940919876099e-01
2.109076976776123047e-01
1.650851964950561523e-01
2.331449985504150391e-01
1.447193324565887451e-01
1.249609589576721191e-01
7.440564036369323730e-02
1.167233511805534363e-01
1.411828398704528809e-01
1.940633058547973633e-01
2.261969149112701416e-01
2.331449985504150391e-01
2.275123000144958496e-01
1.615633070468902588e-01
7.617139816284179688e-02
9.769726544618606567e-02
1.062943562865257263e-01
1.621247828006744385e-01
1.540183573961257935e-01
1.866257935762405396e-01
2.260991334915161133e-01
2.087463289499282837e-01
1.737712323665618896e-01
1.333464980125427246e-01
8.624628186225891113e-02
1.705487519502639771e-01
1.993974298238754272e-01
1.798176765441894531e-01
1.933274418115615845e-01
1.297967731952667236e-01
1.468525826930999756e-01
9.436275064945220947e-02
1.318554133176803589e-01
7.406223565340042114e-02
1.940779536962509155e-01
1.804664283990859985e-01
1.081965416669845581e-01
2.128701359033584595e-01
2.228164076805114746e-01
1.753123253583908081e-01
2.051088958978652954e-01
2.153522074222564697e-01
1.033122390508651733e-01
2.163922935724258423e-01
2.243109792470932007e-01
1.665747612714767456e-01
1.462244689464569092e-01
1.958219856023788452e-01
9.905072301626205444e-02
1.227946355938911438e-01
1.351924240589141846e-01
6.909605860710144043e-02
1.801391988992691040e-01
1.801218837499618530e-01
1.575448960065841675e-01
2.157070040702819824e-01
2.243109792470932007e-01
1.111399009823799133e-01
1.482036858797073364e-01
1.346643865108489990e-01
1.028860211372375488e-01
2.136274725198745728e-01
1.706838160753250122e-01
1.628383845090866089e-01
2.075798958539962769e-01
2.245248854160308838e-01
1.820561438798904419e-01
2.179105281829833984e-01
2.293911427259445190e-01
1.281971633434295654e-01
1.126477122306823730e-01
1.285513937473297119e-01
1.980665177106857300e-01
1.363616883754730225e-01
1.230439767241477966e-01
1.602049618959426880e-01
1.533878743648529053e-01
1.981090307235717773e-01
1.560323685407638550e-01
1.196233555674552917e-01
1.775849908590316772e-01
1.926590949296951294e-01
1.947414577007293701e-01
2.218205630779266357e-01
1.259946078062057495e-01
1.380253583192825317e-01
1.733761578798294067e-01
1.337038427591323853e-01
1.408942043781280518e-01
9.929157048463821411e-02
1.325759142637252808e-01
1.669079065322875977e-01
1.343874335289001465e-01
1.000761762261390686e-01
1.933582425117492676e-01
1.792796105146408081e-01
1.689854115247726440e-01
1.344009488821029663e-01
1.515024751424789429e-01
2.104304283857345581e-01
6.484997272491455078e-02
1.193251162767410278e-01
2.223605662584304810e-01
1.878907084465026855e-01
1.160624474287033081e-01
1.500662863254547119e-01
1.228077709674835205e-01
1.736742109060287476e-01
1.636114567518234253e-01
9.039458632469177246e-02
2.072342336177825928e-01
2.369741648435592651e-01
2.061882317066192627e-01
1.229893565177917480e-01
1.726334542036056519e-01
1.695827990770339966e-01
1.503830254077911377e-01
1.280938386917114258e-01
1.159220188856124878e-01
9.379115700721740723e-02
1.228899061679840088e-01
2.369741648435592651e-01
1.190857663750648499e-01
1.905214637517929077e-01
1.570369899272918701e-01
1.476625949144363403e-01
1.857854425907135010e-01
1.430827230215072632e-01
1.633663624525070190e-01
1.174459680914878845e-01
2.369741648435592651e-01
1.710561066865921021e-01
2.166240811347961426e-01
2.369741648435592651e-01
1.696996688842773438e-01
1.439884454011917114e-01
1.085139065980911255e-01
1.464226245880126953e-01
1.775333434343338013e-01
1.788917928934097290e-01
1.231127455830574036e-01
1.152996346354484558e-01
1.176219433546066284e-01
1.279564350843429565e-01
1.222002878785133362e-01
2.176125943660736084e-01
1.736654639244079590e-01
1.894840002059936523e-01
1.403815299272537231e-01
1.486931443214416504e-01
1.531915217638015747e-01
8.490534126758575439e-02
1.589372754096984863e-01
2.183354645967483521e-01
1.368777751922607422e-01
1.162165924906730652e-01
6.136483699083328247e-02
1.695435196161270142e-01
2.154474705457687378e-01
1.711113452911376953e-01
2.117428332567214966e-01
1.391469091176986694e-01
1.812722682952880859e-01
2.513414025306701660e-01
1.291554868221282959e-01
2.242726683616638184e-01
1.183757185935974121e-01
1.491394042968750000e-01
1.357314288616180420e-01
1.401318162679672241e-01
2.513414025306701660e-01
2.513414025306701660e-01
1.744886338710784912e-01
1.255273967981338501e-01
1.238598898053169250e-01
6.843215972185134888e-02
2.014733552932739258e-01
1.106668636202812195e-01
3.328934311866760254e-02
1.093893349170684814e-01
1.772845089435577393e-01
1.901252567768096924e-01
1.449128091335296631e-01
1.516653001308441162e-01
1.361043751239776611e-01
2.454842180013656616e-01
1.944560557603836060e-01
1.813534647226333618e-01
1.764077097177505493e-01
1.514129191637039185e-01
2.454842180013656616e-01
1.878755837678909302e-01
1.748146414756774902e-01
1.434690207242965698e-01
7.478119432926177979e-02
5.025055631995201111e-02
6.750074774026870728e-02
1.401142925024032593e-01
2.454842180013656616e-01
2.454842180013656616e-01
2.151906937360763550e-01
1.181247532367706299e-01
2.454842180013656616e-01
1.685338765382766724e-01
9.187867492437362671e-02
1.343686580657958984e-01
1.227691471576690674e-01
2.454842180013656616e-01
2.215577811002731323e-01
1.338006407022476196e-01
1.371664255857467651e-01
1.272706389427185059e-01
2.234119772911071777e-01
1.879635304212570190e-01
2.381341755390167236e-01
2.039948552846908569e-01
1.113110482692718506e-01
2.236453592777252197e-01
1.315135806798934937e-01
1.040447354316711426e-01
1.125934049487113953e-01
1.307318359613418579e-01
1.164483204483985901e-01
2.381341755390167236e-01
2.360885590314865112e-01
1.573299467563629150e-01
2.381341755390167236e-01
9.116585552692413330e-02
6.553839147090911865e-02
2.070864886045455933e-01
1.858478039503097534e-01
8.158502727746963501e-02
1.462948918342590332e-01
1.412846893072128296e-01
2.236377596855163574e-01
2.381341755390167236e-01
1.134930327534675598e-01
7.822520285844802856e-02
9.944982826709747314e-02
1.358233392238616943e-01
5.921967327594757080e-02
1.259569525718688965e-01
1.702435612678527832e-01
2.093411087989807129e-01
1.834032535552978516e-01
1.211852654814720154e-01
1.262887716293334961e-01
1.327628493309020996e-01
9.577692300081253052e-02
9.188641607761383057e-02
1.538736075162887573e-01
1.750259995460510254e-01
1.803425252437591553e-01
2.422075718641281128e-01
1.527894884347915649e-01
8.083496242761611938e-02
1.636639535427093506e-01
9.672734886407852173e-02
1.202773749828338623e-01
9.514088928699493408e-02
1.298346072435379028e-01
2.352684140205383301e-01
2.422075718641281128e-01
1.812167614698410034e-01
1.958115547895431519e-01
1.249246671795845032e-01
1.552227884531021118e-01
6.370555609464645386e-02
9.599924087524414062e-02
1.503592282533645630e-01
2.117218226194381714e-01
2.422075718641281128e-01
1.921930760145187378e-01
1.513119637966156006e-01
2.222235649824142456e-01
1.841899305582046509e-01
2.063984423875808716e-01
6.625781953334808350e-02
1.819393634796142578e-01
2.422075718641281128e-01
2.482522279024124146e-01
1.234245523810386658e-01
5.692062526941299438e-02
1.114695742726325989e-01
9.358675777912139893e-02
1.574561148881912231e-01
5.166363343596458435e-02
9.394956380128860474e-02
2.482522279024124146e-01
2.482522279024124146e-01
9.458977729082107544e-02
6.741726398468017578e-02
4.958596080541610718e-02
1.280304491519927979e-01
2.482522279024124146e-01
6.960199773311614990e-02
1.870892345905303955e-01
2.482522279024124146e-01
2.482522279024124146e-01
9.748498350381851196e-02
7.334191352128982544e-02
1.419442743062973022e-01
1.031179204583168030e-01
2.384610325098037720e-01
8.621224015951156616e-02
2.200558483600616455e-01
2.482522279024124146e-01
2.474433928728103638e-01
1.013643890619277954e-01
7.425618171691894531e-02
4.516644775867462158e-02
1.156308799982070923e-01
2.015283256769180298e-01
5.740555003285408020e-02
2.482522279024124146e-01
2.482522279024124146e-01
1.748265326023101807e-01
1.733140051364898682e-01
1.362437754869461060e-01
9.287990629673004150e-02
1.569997966289520264e-01
8.993311971426010132e-02
9.548585861921310425e-02
1.676263958215713501e-01
1.918014138936996460e-01
1.988338232040405273e-01
1.414746642112731934e-01
1.141890287399291992e-01
8.757796883583068848e-02
1.795118600130081177e-01
1.905025094747543335e-01
1.598060727119445801e-01
2.270512729883193970e-01
2.002443671226501465e-01
1.509794890880584717e-01
2.073263972997665405e-01
1.275978535413742065e-01
1.081488505005836487e-01
1.499100625514984131e-01
1.405254751443862915e-01
1.199900656938552856e-01
2.316956520080566406e-01
1.683570891618728638e-01
1.724532246589660645e-01
2.001511454582214355e-01
7.821156084537506104e-02
8.518876880407333374e-02
2.316956520080566406e-01
1.626003831624984741e-01
1.855777949094772339e-01
2.316956520080566406e-01
2.310188263654708862e-01
1.426557600498199463e-01
1.180755570530891418e-01
1.275388896465301514e-01
6.042121723294258118e-02
1.301993876695632935e-01
1.875212937593460083e-01
1.585395038127899170e-01
1.850487738847732544e-01
1.122468113899230957e-01
1.884790658950805664e-01
1.559101939201354980e-01
1.504852473735809326e-01
1.391079127788543701e-01
1.744089722633361816e-01
1.199589446187019348e-01
1.482907682657241821e-01
1.870198398828506470e-01
2.051979750394821167e-01
2.207527309656143188e-01
2.352304458618164062e-01
9.907677024602890015e-02
4.465941339731216431e-02
1.784854233264923096e-01
1.382153481245040894e-01
1.135378107428550720e-01
2.150860577821731567e-01
2.352304458618164062e-01
2.352304458618164062e-01
2.181626856327056885e-01
1.276445686817169189e-01
8.509524911642074585e-02
2.352304458618164062e-01
1.493767052888870239e-01
9.484817087650299072e-02
1.545136123895645142e-01
2.352304458618164062e-01
1.908040791749954224e-01
1.056214570999145508e-01
1.744734942913055420e-01
1.075391396880149841e-01
7.600963860750198364e-02
1.077485680580139160e-01
1.802810430526733398e-01
1.398995220661163330e-01
2.012825161218643188e-01
2.258442491292953491e-01
1.433402597904205322e-01
2.258442491292953491e-01
1.061245277523994446e-01
1.008381620049476624e-01
1.977023035287857056e-01
2.258442491292953491e-01
1.970949023962020874e-01
2.027074396610260010e-01
2.174071967601776123e-01
1.343820840120315552e-01
1.618662774562835693e-01
1.060035377740859985e-01
1.145198792219161987e-01
1.178264394402503967e-01
1.723801046609878540e-01
1.074401065707206726e-01
1.490167826414108276e-01
2.258442491292953491e-01
1.625793874263763428e-01
2.258442491292953491e-01
1.583528369665145874e-01
1.566068232059478760e-01
1.892548054456710815e-01
1.770972460508346558e-01
1.745936274528503418e-01
1.234934702515602112e-01
1.867309808731079102e-01
1.951020061969757080e-01
1.705469340085983276e-01
1.273182779550552368e-01
1.001904085278511047e-01
1.520789563655853271e-01
2.210610806941986084e-01
1.762239933013916016e-01
1.153535917401313782e-01
1.458701193332672119e-01
1.993219852447509766e-01
1.185862794518470764e-01
1.923618167638778687e-01
1.191972419619560242e-01
1.141295507550239563e-01
2.272298187017440796e-01
2.262300252914428711e-01
1.326842308044433594e-01
1.857981383800506592e-01
2.043456286191940308e-01
2.136021256446838379e-01
2.037027627229690552e-01
1.371732354164123535e-01
1.222716271877288818e-01
1.214360818266868591e-01
1.102138087153434753e-01
8.452881127595901489e-02
1.456761062145233154e-01
2.178342193365097046e-01
2.005771249532699585e-01
2.272298187017440796e-01
1.426776498556137085e-01
1.253670305013656616e-01
2.056385427713394165e-01
1.152296364307403564e-01
9.998843073844909668e-02
1.476477980613708496e-01
1.163296699523925781e-01
7.219142466783523560e-02
1.782229542732238770e-01
1.535070985555648804e-01
1.381343603134155273e-01
2.295780032873153687e-01
1.781100034713745117e-01
1.382189840078353882e-01
2.026732861995697021e-01
1.194598302245140076e-01
1.155953183770179749e-01
1.250956356525421143e-01
1.989928334951400757e-01
2.110322266817092896e-01
2.295780032873153687e-01
1.587183028459548950e-01
1.647663414478302002e-01
1.826183050870895386e-01
1.102073639631271362e-01
9.678702801465988159e-02
2.177411317825317383e-01
1.818667501211166382e-01
1.278544664382934570e-01
2.013914138078689575e-01
1.120723932981491089e-01
1.178188920021057129e-01
2.295780032873153687e-01
1.150272339582443237e-01
7.030156254768371582e-02
1.248031556606292725e-01
2.295780032873153687e-01
1.437305063009262085e-01
2.295780032873153687e-01
2.016930878162384033e-01
1.837927103042602539e-01
1.830124258995056152e-01
9.694521129131317139e-02
1.859943121671676636e-01
1.507174968719482422e-01
1.904951632022857666e-01
1.605520099401473999e-01
2.283436506986618042e-01
1.363071352243423462e-01
1.675239056348800659e-01
1.668784469366073608e-01
1.497462987899780273e-01
1.980420798063278198e-01
2.283436506986618042e-01
1.830152571201324463e-01
1.023706644773483276e-01
1.604652106761932373e-01
1.840362399816513062e-01
1.580712944269180298e-01
2.046341896057128906e-01
9.923032671213150024e-02
7.533200085163116455e-02
9.606405347585678101e-02
2.283436506986618042e-01
1.416134983301162720e-01
1.806942224502563477e-01
1.672140806913375854e-01
1.805948615074157715e-01
1.609031409025192261e-01
9.601397067308425903e-02
9.420754015445709229e-02
1.544979214668273926e-01
2.283436506986618042e-01
1.254473179578781128e-01
1.522769182920455933e-01
1.865516304969787598e-01
2.017090618610382080e-01
1.859080940485000610e-01
1.718624830245971680e-01
1.470829546451568604e-01
1.907656639814376831e-01
1.115268021821975708e-01
8.985131233930587769e-02
1.084817871451377869e-01
1.910075992345809937e-01
1.489150673151016235e-01
2.018875181674957275e-01
1.599600762128829956e-01
1.573543846607208252e-01
1.231333911418914795e-01
7.207090407609939575e-02
9.563241153955459595e-02
1.845694780349731445e-01
2.245853245258331299e-01
1.919986605644226074e-01
1.618181169033050537e-01
1.265093088150024414e-01
1.013256087899208069e-01
1.781923472881317139e-01
2.135702222585678101e-01
1.388287693262100220e-01
8.650783449411392212e-02
2.409224957227706909e-01
2.292278856039047241e-01
2.409224957227706909e-01
1.621061116456985474e-01
1.648516803979873657e-01
1.062868237495422363e-01
7.956510782241821289e-02
1.562661528587341309e-01
7.585720717906951904e-02
2.409224957227706909e-01
2.409224957227706909e-01
1.635193675756454468e-01
1.876040548086166382e-01
7.695145905017852783e-02
6.641635298728942871e-02
1.083263382315635681e-01
6.905307620763778687e-02
1.314483433961868286e-01
2.112622261047363281e-01
2.426713705062866211e-01
1.852432638406753540e-01
2.426713705062866211e-01
1.402980238199234009e-01
9.104302525520324707e-02
1.266934424638748169e-01
1.489843130111694336e-01
1.300275474786758423e-01
1.623963117599487305e-01
2.426713705062866211e-01
2.129369676113128662e-01
1.892115026712417603e-01
1.406410783529281616e-01
4.515323415398597717e-02
8.263171464204788208e-02
9.076811373233795166e-02
8.067521452903747559e-02
2.366744726896286011e-01
2.426713705062866211e-01
2.426713705062866211e-01
2.126025557518005371e-01
1.570996493101119995e-01
7.306280732154846191e-02
1.032670140266418457e-01
1.306399255990982056e-01
1.371956318616867065e-01
2.177613079547882080e-01
2.426713705062866211e-01
1.421086192131042480e-01
1.502711474895477295e-01
1.244375631213188171e-01
1.000756323337554932e-01
1.077005714178085327e-01
1.596284955739974976e-01
1.173067539930343628e-01
1.059799268841743469e-01
1.699194014072418213e-01
1.486986875534057617e-01
8.645940572023391724e-02
4.870082065463066101e-02
1.228370070457458496e-01
1.897092163562774658e-01
1.233529821038246155e-01
9.447426348924636841e-02
1.313308030366897583e-01
2.349101901054382324e-01
2.930998504161834717e-01
1.511107087135314941e-01
1.308067440986633301e-01
9.568138420581817627e-02
7.871463894844055176e-02
1.044315770268440247e-01
1.123394668102264404e-01
2.174977362155914307e-01
2.930998504161834717e-01
2.930998504161834717e-01
1.371988207101821899e-01
5.766711756587028503e-02
1.505266278982162476e-01
1.981431394815444946e-01
1.117595434188842773e-01
7.757241278886795044e-02
2.930998504161834717e-01
2.930998504161834717e-01
1.530484855175018311e-01
9.358903765678405762e-02
9.719771891832351685e-02
1.697919368743896484e-01
1.575988978147506714e-01
1.133063435554504395e-01
1.177716329693794250e-01
1.093503013253211975e-01
1.488854736089706421e-01
1.551070064306259155e-01
1.595085263252258301e-01
1.321180462837219238e-01
2.315420061349868774e-01
1.401293426752090454e-01
1.629823446273803711e-01
1.796356290578842163e-01
1.484169065952301025e-01
9.219961613416671753e-02
2.670269906520843506e-01
1.611206978559494019e-01
8.704107254743576050e-02
1.214994415640830994e-01
1.509135812520980835e-01
1.051823571324348450e-01
6.639524549245834351e-02
2.670269906520843506e-01
2.670269906520843506e-01
2.605563700199127197e-01
1.911157369613647461e-01
1.370889842510223389e-01
1.377976536750793457e-01
9.261696040630340576e-02
1.093880161643028259e-01
7.638737559318542480e-02
2.670269906520843506e-01
2.670269906520843506e-01
1.158384829759597778e-01
1.357225179672241211e-01
6.870500743389129639e-02
1.172500699758529663e-01
1.505432575941085815e-01
1.943500339984893799e-01
1.512175649404525757e-01
1.418614238500595093e-01
1.461911201477050781e-01
2.652665972709655762e-01
1.474601775407791138e-01
2.154534608125686646e-01
9.311717003583908081e-02
1.467902809381484985e-01
1.758638918399810791e-01
1.444398015737533569e-01
2.652665972709655762e-01
2.652665972709655762e-01
1.746924668550491333e-01
1.949652880430221558e-01
1.329529881477355957e-01
8.941815048456192017e-02
7.812315970659255981e-02
1.206478849053382874e-01
1.030428335070610046e-01
1.448422521352767944e-01
1.346736550331115723e-01
1.471508443355560303e-01
2.117206305265426636e-01
1.807806789875030518e-01
1.228682473301887512e-01
8.833691477775573730e-02
1.517831683158874512e-01
1.704217046499252319e-01
2.277447283267974854e-01
2.652665972709655762e-01
2.566964626312255859e-01
1.689063757658004761e-01
1.352217495441436768e-01
8.952939510345458984e-02
4.965839907526969910e-02
6.515479087829589844e-02
1.545867323875427246e-01
2.546024918556213379e-01
2.566964626312255859e-01
2.566964626312255859e-01
1.433847397565841675e-01
3.927841410040855408e-02
1.202229782938957214e-01
6.425153464078903198e-02
1.209178045392036438e-01
1.511162817478179932e-01
1.935334503650665283e-01
2.566964626312255859e-01
1.172864288091659546e-01
1.033174917101860046e-01
6.618051975965499878e-02
8.556855469942092896e-02
4.535446688532829285e-02
8.768676221370697021e-02
1.662255227565765381e-01
2.384596168994903564e-01
2.219590097665786743e-01
2.303363382816314697e-01
8.874772489070892334e-02
3.089683875441551208e-02
4.710544273257255554e-02
6.091264635324478149e-02
2.062754333019256592e-01
2.149813771247863770e-01
2.566964626312255859e-01
2.566964626312255859e-01
2.623512446880340576e-01
4.314467310905456543e-02
2.157099172472953796e-02
8.908522129058837891e-02
1.136889308691024780e-01
9.903691709041595459e-02
8.527743816375732422e-02
1.126708313822746277e-01
2.623512446880340576e-01
2.623512446880340576e-01
9.349984675645828247e-02
7.283273339271545410e-02
6.558809429407119751e-02
1.064164489507675171e-01
3.342741355299949646e-02
1.330092549324035645e-01
1.237858757376670837e-01
2.623512446880340576e-01
2.623512446880340576e-01
8.589895069599151611e-02
2.995979599654674530e-02
2.917636558413505554e-02
9.454047679901123047e-02
2.623512446880340576e-01
2.039712369441986084e-01
2.623512446880340576e-01
2.623512446880340576e-01
2.623512446880340576e-01
1.100653260946273804e-01
7.436440140008926392e-02
4.185404628515243530e-02
9.966458380222320557e-02
1.722296774387359619e-01
1.723284870386123657e-01
2.096882462501525879e-01
2.623512446880340576e-01
2.594896554946899414e-01
1.529586464166641235e-01
1.241001561284065247e-01
8.432918787002563477e-02
1.251708716154098511e-01
6.165087223052978516e-02
1.798605620861053467e-01
1.692796349525451660e-01
2.594896554946899414e-01
2.594896554946899414e-01
1.677820086479187012e-01
8.287402987480163574e-02
1.115349084138870239e-01
1.541130542755126953e-01
1.416070014238357544e-01
9.668739140033721924e-02
2.572344541549682617e-01
2.594896554946899414e-01
2.266903966665267944e-01
8.124307543039321899e-02
6.745865941047668457e-02
5.981373041868209839e-02
7.931504398584365845e-02
1.069627627730369568e-01
1.624349355697631836e-01
1.714075952768325806e-01
2.271824926137924194e-01
2.295907139778137207e-01
5.428108200430870056e-02
4.851738736033439636e-02
1.098952293395996094e-01
1.188978627324104309e-01
1.362999379634857178e-01
1.093854606151580811e-01
2.481407076120376587e-01
2.594896554946899414e-01
2.586565613746643066e-01
8.732709288597106934e-02
2.992865815758705139e-02
5.322418734431266785e-02
5.218768864870071411e-02
8.129986375570297241e-02
7.850538939237594604e-02
2.807281911373138428e-01
2.807281911373138428e-01
2.807281911373138428e-01
8.648180961608886719e-02
2.617903798818588257e-02
1.963430829346179962e-02
2.385284192860126495e-02
3.764709830284118652e-02
5.269286409020423889e-02
2.807281911373138428e-01
2.807281911373138428e-01
2.211202681064605713e-01
2.958031557500362396e-02
2.672402188181877136e-02
9.055566787719726562e-02
7.042213529348373413e-02
8.977326005697250366e-02
1.450955271720886230e-01
2.658485472202301025e-01
2.807281911373138428e-01
2.569020092487335205e-01
4.588089138269424438e-02
1.909841038286685944e-02
4.601076990365982056e-02
2.625931985676288605e-02
7.369947433471679688e-02
1.464502811431884766e-01
2.772811949253082275e-01
2.807281911373138428e-01
1.748018115758895874e-01
1.667923182249069214e-01
1.057238280773162842e-01
1.390404701232910156e-01
1.780522614717483521e-01
1.509677618741989136e-01
1.297942101955413818e-01
2.080773711204528809e-01
1.500691622495651245e-01
1.480756103992462158e-01
2.056151777505874634e-01
5.740912258625030518e-02
1.008583083748817444e-01
2.152858078479766846e-01
1.336784809827804565e-01
1.246549710631370544e-01
2.543932199478149414e-01
2.543932199478149414e-01
2.543932199478149414e-01
1.379964053630828857e-01
6.492005288600921631e-02
7.184460759162902832e-02
9.288849681615829468e-02
8.113734424114227295e-02
1.098805889487266541e-01
1.722240597009658813e-01
2.543932199478149414e-01
2.543932199478149414e-01
2.164826095104217529e-01
4.238877072930335999e-02
8.331437408924102783e-02
1.154974326491355896e-01
1.280703842639923096e-01
1.566141098737716675e-01
1.745069175958633423e-01
2.543932199478149414e-01
1.825771480798721313e-01
2.177682220935821533e-01
6.523691117763519287e-02
4.573057964444160461e-02
1.443373411893844604e-01
8.615485578775405884e-02
6.905295699834823608e-02
1.827546805143356323e-01
2.650743126869201660e-01
2.650743126869201660e-01
2.308244556188583374e-01
1.542143374681472778e-01
5.980139598250389099e-02
1.801510304212570190e-01
1.501529365777969360e-01
8.290207386016845703e-02
1.173927113413810730e-01
2.650743126869201660e-01
2.650743126869201660e-01
2.143103331327438354e-01
4.601149633526802063e-02
3.617652878165245056e-02
8.500072360038757324e-02
8.653140068054199219e-02
8.343400061130523682e-02
2.001612186431884766e-01
2.650743126869201660e-01
2.650743126869201660e-01
1.832223683595657349e-01
1.093148291110992432e-01
4.655126109719276428e-02
7.608372718095779419e-02
7.510551810264587402e-02
4.271832108497619629e-02
1.537697613239288330e-01
2.650743126869201660e-01
2.079396843910217285e-01
1.649487167596817017e-01
1.527453511953353882e-01
7.654967904090881348e-02
1.591495275497436523e-01
1.478164345026016235e-01
2.031314671039581299e-01
1.476769298315048218e-01
1.561319977045059204e-01
1.512585580348968506e-01
1.433935910463333130e-01
1.712047904729843140e-01
1.698343157768249512e-01
2.456611841917037964e-01
1.638131886720657349e-01
2.015786468982696533e-01
1.709556281566619873e-01
1.240247339010238647e-01
2.456611841917037964e-01
1.556149274110794067e-01
1.276901215314865112e-01
4.764775931835174561e-02
1.256076693534851074e-01
8.571154624223709106e-02
7.921385765075683594e-02
1.229137107729911804e-01
2.456611841917037964e-01
2.177425920963287354e-01
1.497850120067596436e-01
1.218396425247192383e-01
1.419224590063095093e-01
2.456611841917037964e-01
1.051491424441337585e-01
1.502571254968643188e-01
1.539200842380523682e-01
2.423920333385467529e-01
1.892672777175903320e-01
1.635862290859222412e-01
2.130788415670394897e-01
2.245413810014724731e-01
1.573290228843688965e-01
1.064838171005249023e-01
1.128334999084472656e-01
1.046580895781517029e-01
1.684645712375640869e-01
2.163353115320205688e-01
1.546404063701629639e-01
2.084452956914901733e-01
2.363314628601074219e-01
9.676493704319000244e-02
1.364255845546722412e-01
1.528411805629730225e-01
8.989063650369644165e-02
1.733739525079727173e-01
2.279741466045379639e-01
1.561551690101623535e-01
1.077508628368377686e-01
1.661940962076187134e-01
1.488014459609985352e-01
8.748406171798706055e-02
1.307404041290283203e-01
1.539007276296615601e-01
2.363314628601074219e-01
2.092079818248748779e-01
1.537333428859710693e-01
1.832226514816284180e-01
1.412028819322586060e-01
7.630074769258499146e-02
1.089947447180747986e-01
1.623564809560775757e-01
1.695534884929656982e-01
2.363314628601074219e-01
1.648223698139190674e-01
1.027830094099044800e-01
1.179519072175025940e-01
1.296252161264419556e-01
1.621814370155334473e-01
1.370004862546920776e-01
1.554385870695114136e-01
1.058380454778671265e-01
1.245945096015930176e-01
2.084287703037261963e-01
1.121219843626022339e-01
6.380419433116912842e-02
9.132519364356994629e-02
2.513187527656555176e-01
1.824196428060531616e-01
1.669445633888244629e-01
2.513187527656555176e-01
2.420610934495925903e-01
1.096995770931243896e-01
1.420449465513229370e-01
1.277504861354827881e-01
1.184594035148620605e-01
1.577886044979095459e-01
9.751209616661071777e-02
1.616608351469039917e-01
1.328948438167572021e-01
1.492174416780471802e-01
2.513187527656555176e-01
1.076226383447647095e-01
6.718664616346359253e-02
1.099461391568183899e-01
2.513187527656555176e-01
1.911538094282150269e-01
2.050522863864898682e-01
2.435374557971954346e-01
2.513187527656555176e-01
2.183298766613006592e-01
1.058475673198699951e-01
7.557717710733413696e-02
9.352478384971618652e-02
2.129269987344741821e-01
9.359218180179595947e-02
9.883548319339752197e-02
1.808730512857437134e-01
2.099284827709197998e-01
2.316233813762664795e-01
1.094253957271575928e-01
1.330893188714981079e-01
1.211479082703590393e-01
2.511664628982543945e-01
1.193835213780403137e-01
1.005575656890869141e-01
1.527327150106430054e-01
2.144451290369033813e-01
2.683018445968627930e-01
6.896574795246124268e-02
5.550750717520713806e-02
1.239505410194396973e-01
1.694435626268386841e-01
1.048110872507095337e-01
9.123748540878295898e-02
1.567265242338180542e-01
2.683018445968627930e-01
2.683018445968627930e-01
1.979436725378036499e-01
7.003301382064819336e-02
1.388653814792633057e-01
1.692595034837722778e-01
6.362186372280120850e-02
7.191118597984313965e-02
2.087956815958023071e-01
2.683018445968627930e-01
1.501668244600296021e-01
1.292756348848342896e-01
9.421107172966003418e-02
9.091135859489440918e-02
1.463942229747772217e-01
1.419423520565032959e-01
5.327494814991950989e-02
1.465797573328018188e-01
1.803302913904190063e-01
2.321601361036300659e-01
1.816586256027221680e-01
1.142853572964668274e-01
1.111741289496421814e-01
1.154738888144493103e-01
1.934087276458740234e-01
6.658877432346343994e-02
1.863915324211120605e-01
2.579871118068695068e-01
2.579871118068695068e-01
2.579871118068695068e-01
1.013256683945655823e-01
9.985308349132537842e-02
1.047777384519577026e-01
1.055104956030845642e-01
5.576026812195777893e-02
1.624844372272491455e-01
2.389325946569442749e-01
2.579871118068695068e-01
2.579871118068695068e-01
1.253019422292709351e-01
1.106343418359756470e-01
1.310541480779647827e-01
1.571622788906097412e-01
8.715416491031646729e-02
1.861664056777954102e-01
2.579871118068695068e-01
2.224086523056030273e-01
1.265942901372909546e-01
9.488415718078613281e-02
8.025418967008590698e-02
1.158278286457061768e-01
1.097430139780044556e-01
7.477903366088867188e-02
1.409008502960205078e-01
3.076307475566864014e-01
2.390813231468200684e-01
1.195164695382118225e-01
9.848552197217941284e-02
8.398739248514175415e-02
1.228710263967514038e-01
1.284584105014801025e-01
1.438270658254623413e-01
1.528166681528091431e-01
3.076307475566864014e-01
2.510160207748413086e-01
1.509675383567810059e-01
5.719118565320968628e-02
8.643988519906997681e-02
1.177486404776573181e-01
9.625119715929031372e-02
8.318030834197998047e-02
1.700245440006256104e-01
3.076307475566864014e-01
2.079820185899734497e-01
1.149575263261795044e-01
9.118863940238952637e-02
7.861991226673126221e-02
1.421296894550323486e-01
1.253827810287475586e-01
1.311576217412948608e-01
2.076355963945388794e-01
3.076307475566864014e-01
1.661973893642425537e-01
9.574160724878311157e-02
7.073499262332916260e-02
5.372986942529678345e-02
6.934783607721328735e-02
1.030618846416473389e-01
9.247346967458724976e-02
1.587687134742736816e-01
2.597883939743041992e-01
2.597883939743041992e-01
1.631689220666885376e-01
5.147423967719078064e-02
9.320662915706634521e-02
1.145089268684387207e-01
1.376755684614181519e-01
8.121138066053390503e-02
2.428127080202102661e-01
2.597883939743041992e-01
1.983204632997512817e-01
1.243162900209426880e-01
8.135244250297546387e-02
4.984628409147262573e-02
1.048634275794029236e-01
1.250136643648147583e-01
1.300751715898513794e-01
2.486222833395004272e-01
2.597883939743041992e-01
2.597883939743041992e-01
2.575112581253051758e-01
1.165829673409461975e-01
6.556231528520584106e-02
1.140027865767478943e-01
1.226768568158149719e-01
1.272030323743820190e-01
2.556163072586059570e-01
2.597883939743041992e-01
2.518822848796844482e-01
1.437424123287200928e-01
7.596047222614288330e-02
6.036319583654403687e-02
5.202910676598548889e-02
8.068980276584625244e-02
5.244676023721694946e-02
2.518822848796844482e-01
2.518822848796844482e-01
2.518822848796844482e-01
1.490454077720642090e-01
1.985172927379608154e-01
8.041369169950485229e-02
2.067126333713531494e-02
5.760492756962776184e-02
6.079389527440071106e-02
2.400743514299392700e-01
2.518822848796844482e-01
2.518822848796844482e-01
2.063277363777160645e-01
1.290705054998397827e-01
4.942549765110015869e-02
4.019177705049514771e-02
7.013186067342758179e-02
7.357001304626464844e-02
1.748743355274200439e-01
2.518822848796844482e-01
2.518822848796844482e-01
2.050334364175796509e-01
2.518822848796844482e-01
4.299882799386978149e-02
2.229510061442852020e-02
8.569907397031784058e-02
1.007295772433280945e-01
1.474731564521789551e-01
2.518822848796844482e-01
2.581731677055358887e-01
1.371270120143890381e-01
2.345351576805114746e-01
1.039743945002555847e-01
3.945195674896240234e-02
6.956233829259872437e-02
1.162494421005249023e-01
1.540095061063766479e-01
1.966609060764312744e-01
2.026274949312210083e-01
1.453293412923812866e-01
1.577143967151641846e-01
1.199310272932052612e-01
6.582579761743545532e-02
9.748309850692749023e-02
1.443336158990859985e-01
1.151320412755012512e-01
2.273536771535873413e-01
2.581731677055358887e-01
1.446317136287689209e-01
2.581731677055358887e-01
9.253172576427459717e-02
7.122881710529327393e-02
1.202392950654029846e-01
1.398337036371231079e-01
1.253987550735473633e-01
2.581731677055358887e-01
2.581731677055358887e-01
1.244131922721862793e-01
1.708861291408538818e-01
1.444440186023712158e-01
1.443924009799957275e-01
1.767004728317260742e-01
1.373873054981231689e-01
9.350737929344177246e-02
2.581731677055358887e-01
1.967466175556182861e-01
1.153973042964935303e-01
5.909440293908119202e-02
1.001677140593528748e-01
1.069127172231674194e-01
5.819348618388175964e-02
7.197210937738418579e-02
1.055605262517929077e-01
2.155455946922302246e-01
2.435443848371505737e-01
1.411186605691909790e-01
6.708001345396041870e-02
7.634413987398147583e-02
1.140410527586936951e-01
1.368152946233749390e-01
1.439056843519210815e-01
1.543709337711334229e-01
2.687493264675140381e-01
2.687493264675140381e-01
1.105107888579368591e-01
7.347851246595382690e-02
1.225498989224433899e-01
1.942927390336990356e-01
1.164110004901885986e-01
6.585811823606491089e-02
8.159443736076354980e-02
2.687493264675140381e-01
2.687493264675140381e-01
1.705939918756484985e-01
1.325176209211349487e-01
9.555360674858093262e-02
2.687493264675140381e-01
1.409251391887664795e-01
1.232741326093673706e-01
2.630778849124908447e-01
2.687493264675140381e-01
2.019919753074645996e-01
8.830392360687255859e-02
6.730739027261734009e-02
2.369044534862041473e-02
6.021900847554206848e-02
1.537130624055862427e-01
1.202646568417549133e-01
1.376342177391052246e-01
1.859281212091445923e-01
2.286216169595718384e-01
1.447047740221023560e-01
9.223709255456924438e-02
1.649634540081024170e-02
7.114292681217193604e-02
1.233094632625579834e-01
7.290223240852355957e-02
1.795898228883743286e-01
2.227901816368103027e-01
2.647546231746673584e-01
1.511529535055160522e-01
1.705994606018066406e-01
6.642614305019378662e-02
1.644766479730606079e-01
9.029224514961242676e-02
1.267406642436981201e-01
2.647546231746673584e-01
2.647546231746673584e-01
2.647546231746673584e-01
2.337749600410461426e-01
1.826046705245971680e-01
1.114490702748298645e-01
1.153483688831329346e-01
7.372787594795227051e-02
1.479447036981582642e-01
2.445931136608123779e-01
2.647546231746673584e-01
1.368854194879531860e-01
1.026417240500450134e-01
7.115854322910308838e-02
4.476693272590637207e-02
6.286662817001342773e-02
8.327486366033554077e-02
7.912710309028625488e-02
2.131456583738327026e-01
2.484150528907775879e-01
8.534419536590576172e-02
2.276692911982536316e-02
3.411213681101799011e-02
9.791263937950134277e-02
7.201797515153884888e-02
6.350594758987426758e-02
8.111353218555450439e-02
1.535523235797882080e-01
2.138497829437255859e-01
2.932759225368499756e-01
1.785856485366821289e-01
1.165833249688148499e-01
9.927147626876831055e-02
9.331721067428588867e-02
1.404963880777359009e-01
2.624763846397399902e-01
2.932759225368499756e-01
2.932759225368499756e-01
2.932759225368499756e-01
8.886490762233734131e-02
6.412608176469802856e-02
2.083519995212554932e-01
8.504855632781982422e-02
8.571518957614898682e-02
1.639270186424255371e-01
2.305898666381835938e-01
2.932759225368499756e-01
1.962356865406036377e-01
3.242534399032592773e-02
3.004610911011695862e-02
1.199881881475448608e-01
8.044517040252685547e-02
9.614465385675430298e-02
1.935342401266098022e-01
1.774897277355194092e-01
2.223393321037292480e-01
2.336658984422683716e-01
6.553171575069427490e-02
4.436812177300453186e-02
1.267245709896087646e-01
5.634995177388191223e-02
1.469709873199462891e-01
2.403141707181930542e-01
2.713584899902343750e-01
2.008871883153915405e-01
2.713584899902343750e-01
1.819117516279220581e-01
6.438428163528442383e-02
1.878592967987060547e-01
1.484546363353729248e-01
1.045291796326637268e-01
1.027398258447647095e-01
1.403700411319732666e-01
2.713584899902343750e-01
2.713584899902343750e-01
2.127392739057540894e-01
8.504457026720046997e-02
1.348263323307037354e-01
1.365097761154174805e-01
1.342867910861968994e-01
1.272069662809371948e-01
1.227383390069007874e-01
1.990955919027328491e-01
