2.556606233119964600e-01
7.984653115272521973e-02
6.654476374387741089e-02
3.775450587272644043e-02
5.187371000647544861e-02
2.330764383077621460e-02
3.855425119400024414e-02
1.179326251149177551e-01
1.385842561721801758e-01
2.608128488063812256e-01
6.391390413045883179e-02
8.403441309928894043e-02
8.405383676290512085e-02
1.041283831000328064e-01
8.106817305088043213e-02
6.464927643537521362e-02
7.746243476867675781e-02
1.562140733003616333e-01
3.910079896450042725e-01
8.668236434459686279e-02
2.193180657923221588e-02
2.650484442710876465e-02
3.375117108225822449e-02
3.339045867323875427e-02
7.089980691671371460e-02
2.687506973743438721e-01
3.910079896450042725e-01
3.910079896450042725e-01
5.586640164256095886e-02
3.874314576387405396e-02
4.509801045060157776e-02
4.442630708217620850e-02
7.639561593532562256e-02
1.105078458786010742e-01
1.265042126178741455e-01
3.910079896450042725e-01
2.179262042045593262e-01
7.049196213483810425e-02
6.411579251289367676e-02
6.306550651788711548e-02
7.238858938217163086e-02
5.613521113991737366e-02
7.245434075593948364e-02
9.586958587169647217e-02
1.485930085182189941e-01
1.325271427631378174e-01
8.056708425283432007e-02
9.215937554836273193e-02
5.658742040395736694e-02
7.219520956277847290e-02
5.360481142997741699e-02
9.314286708831787109e-02
1.207214221358299255e-01
1.517625898122787476e-01
4.146076142787933350e-01
6.513452529907226562e-02
5.337571352720260620e-02
3.511895984411239624e-02
2.909663692116737366e-02
4.238397255539894104e-02
1.000102683901786804e-01
1.447757780551910400e-01
4.146076142787933350e-01
4.146076142787933350e-01
1.014344692230224609e-01
7.435820996761322021e-02
3.396352380514144897e-02
3.526739776134490967e-02
3.117829933762550354e-02
7.986429333686828613e-02
2.125722467899322510e-01
4.146076142787933350e-01
1.085851266980171204e-01
6.852260977029800415e-02
8.470601588487625122e-02
4.311383888125419617e-02
4.554080590605735779e-02
5.535402148962020874e-02
4.750364273786544800e-02
6.827680021524429321e-02
1.556152105331420898e-01
1.519721001386642456e-01
6.584966182708740234e-02
5.169948562979698181e-02
2.866389602422714233e-02
3.282229974865913391e-02
3.987530618906021118e-02
6.927026808261871338e-02
7.532534003257751465e-02
1.737297624349594116e-01
4.382835328578948975e-01
6.416963040828704834e-02
5.160254612565040588e-02
5.240502953529357910e-02
2.250479534268379211e-02
4.136499017477035522e-02
6.451097130775451660e-02
1.574158817529678345e-01
4.382835328578948975e-01
4.382835328578948975e-01
5.538495257496833801e-02
4.764360934495925903e-02
5.818590521812438965e-02
1.181651744991540909e-02
4.534737393260002136e-02
1.368905156850814819e-01
1.444573402404785156e-01
4.382835328578948975e-01
1.349515616893768311e-01
4.666866362094879150e-02
2.487614005804061890e-02
2.637526951730251312e-02
2.744298242032527924e-02
2.660195156931877136e-02
5.789491906762123108e-02
9.561920166015625000e-02
1.664446145296096802e-01
2.080188542604446411e-01
5.558581650257110596e-02
3.278867527842521667e-02
2.562932483851909637e-02
2.346920408308506012e-02
2.998536080121994019e-02
1.830142736434936523e-02
7.461787760257720947e-02
2.639672756195068359e-01
4.239159524440765381e-01
1.016852855682373047e-01
5.427334457635879517e-02
1.997566036880016327e-02
8.478455245494842529e-03
2.587757818400859833e-02
1.075361445546150208e-01
1.595624685287475586e-01
4.239159524440765381e-01
4.239159524440765381e-01
1.371763050556182861e-01
6.781940907239913940e-02
1.597524620592594147e-02
2.200150489807128906e-02
2.251526154577732086e-02
2.951062656939029694e-02
1.071136966347694397e-01
4.239159524440765381e-01
2.294159382581710815e-01
3.879634290933609009e-02
2.493732050061225891e-02
3.462211787700653076e-02
2.063295990228652954e-02
2.910706028342247009e-02
2.306178212165832520e-02
3.346564993262290955e-02
2.072217762470245361e-01
2.424345314502716064e-01
7.897094637155532837e-02
3.570912778377532959e-02
4.522370919585227966e-02
4.389727115631103516e-02
3.809358179569244385e-02
2.263516373932361603e-02
4.785203933715820312e-02
2.033240050077438354e-01
3.821548819541931152e-01
1.806851476430892944e-01
5.431441590189933777e-02
3.151574358344078064e-02
1.608103327453136444e-02
1.512304134666919708e-02
1.762070506811141968e-02
4.527374729514122009e-02
3.821548819541931152e-01
3.821548819541931152e-01
3.031378388404846191e-01
2.206591963768005371e-01
9.873192757368087769e-02
4.507182538509368896e-02
2.512462623417377472e-02
3.017671220004558563e-02
3.154664859175682068e-02
3.821548819541931152e-01
1.780906766653060913e-01
1.468752920627593994e-01
5.387978628277778625e-02
4.870596155524253845e-02
6.943210959434509277e-02
2.047421596944332123e-02
6.721239071339368820e-03
4.479862749576568604e-02
1.388002932071685791e-01
2.901431024074554443e-01
2.164256721735000610e-01
9.626996517181396484e-02
8.164369314908981323e-02
1.114167869091033936e-01
5.606772750616073608e-02
3.428530693054199219e-02
1.250475645065307617e-01
2.801326811313629150e-01
2.901431024074554443e-01
2.901431024074554443e-01
2.656659781932830811e-01
7.393170893192291260e-02
6.749822944402694702e-02
2.214202098548412323e-02
2.139247208833694458e-02
2.341500669717788696e-02
2.896792590618133545e-01
2.901431024074554443e-01
2.901431024074554443e-01
2.046633660793304443e-01
7.422377914190292358e-02
9.878786653280258179e-02
5.822827294468879700e-02
1.840795762836933136e-02
7.979986816644668579e-02
2.901431024074554443e-01
3.096095025539398193e-01
1.367113441228866577e-01
5.544526129961013794e-02
3.671668469905853271e-02
5.026475340127944946e-02
3.546100109815597534e-02
4.461513087153434753e-02
1.506336629390716553e-01
2.548745572566986084e-01
3.096095025539398193e-01
1.720207184553146362e-01
2.766765467822551727e-02
2.202133834362030029e-02
2.534515224397182465e-02
2.568612433969974518e-02
9.168333560228347778e-02
1.086614504456520081e-01
3.096095025539398193e-01
3.096095025539398193e-01
1.972812861204147339e-01
8.494043350219726562e-02
4.375712200999259949e-02
3.185819461941719055e-02
3.441060706973075867e-02
3.561317548155784607e-02
1.242150887846946716e-01
3.096095025539398193e-01
3.096095025539398193e-01
2.420534640550613403e-01
8.849986642599105835e-02
3.222048282623291016e-02
1.382547710090875626e-02
2.778480760753154755e-02
9.051769226789474487e-02
1.159385815262794495e-01
3.096095025539398193e-01
3.406601548194885254e-01
7.210844010114669800e-02
5.162031576037406921e-02
6.766384840011596680e-02
1.740584336221218109e-02
1.098757050931453705e-02
6.413232535123825073e-02
3.217129409313201904e-02
2.835279405117034912e-01
3.406601548194885254e-01
1.231231465935707092e-01
1.053906977176666260e-01
1.354726254940032959e-01
4.205121099948883057e-02
2.959823235869407654e-03
5.226578190922737122e-02
3.314931318163871765e-02
3.406601548194885254e-01
3.406601548194885254e-01
9.587560594081878662e-02
2.113444544374942780e-02
1.933718845248222351e-02
5.403465591371059418e-03
1.027075201272964478e-02
4.890732094645500183e-02
2.638016641139984131e-02
3.406601548194885254e-01
3.406601548194885254e-01
1.326181143522262573e-01
1.432614587247371674e-02
2.108422107994556427e-02
8.885054849088191986e-03
7.924634963274002075e-03
6.040972843766212463e-02
1.891373097896575928e-02
3.406601548194885254e-01
3.459028899669647217e-01
1.068256199359893799e-01
5.401488766074180603e-02
5.454708635807037354e-02
3.367535397410392761e-02
1.574514992535114288e-02
2.661296352744102478e-02
2.600524574518203735e-02
3.459028899669647217e-01
3.459028899669647217e-01
1.020247936248779297e-01
6.901280581951141357e-02
6.631682813167572021e-02
6.217505410313606262e-02
3.732302784919738770e-02
1.657032221555709839e-02
2.744297310709953308e-02
3.049543499946594238e-01
3.459028899669647217e-01
8.152654767036437988e-02
7.644963916391134262e-03
1.367222424596548080e-02
3.771414747461676598e-03
1.263154484331607819e-02
4.895504191517829895e-02
2.520361170172691345e-02
3.459028899669647217e-01
3.459028899669647217e-01
8.688884973526000977e-02
6.302345078438520432e-03
1.307117473334074020e-02
9.512832388281822205e-03
2.944875881075859070e-02
2.103623561561107635e-02
2.862928435206413269e-02
3.459028899669647217e-01
3.155705332756042480e-01
7.371337711811065674e-02
8.278059214353561401e-02
1.304043680429458618e-01
8.920538425445556641e-02
4.280025139451026917e-02
1.524637360125780106e-02
7.061348855495452881e-02
2.329471856355667114e-01
2.081003785133361816e-01
1.450577229261398315e-01
1.366809457540512085e-01
1.475529968738555908e-01
1.358573138713836670e-01
5.405826866626739502e-02
1.713227666914463043e-02
8.219224214553833008e-02
1.600474268198013306e-01
3.260682523250579834e-01
2.678356468677520752e-01
3.195492178201675415e-02
1.573019661009311676e-02
2.615903690457344055e-02
2.602970786392688751e-02
9.867494925856590271e-03
6.500150263309478760e-02
3.260682523250579834e-01
3.260682523250579834e-01
3.260682523250579834e-01
1.515904814004898071e-01
1.785038970410823822e-02
2.657388336956501007e-02
1.493791211396455765e-02
4.501931369304656982e-03
7.217276841402053833e-02
3.260682523250579834e-01
1.970957368612289429e-01
2.547474801540374756e-01
1.469429880380630493e-01
6.485899537801742554e-02
9.698255360126495361e-02
3.185942023992538452e-02
7.171069737523794174e-03
2.427881583571434021e-02
6.666061282157897949e-02
2.036201208829879761e-01
3.502467572689056396e-01
2.164879143238067627e-01
1.432057656347751617e-02
1.018029917031526566e-02
5.022624041885137558e-03
6.123307975940406322e-04
7.404712960124015808e-03
4.310518875718116760e-02
3.502467572689056396e-01
3.502467572689056396e-01
2.165409475564956665e-01
1.241635717451572418e-02
1.341449655592441559e-02
9.291226975619792938e-03
1.364305615425109863e-03
2.016437426209449768e-02
2.147676199674606323e-01
3.502467572689056396e-01
3.502467572689056396e-01
1.755221784114837646e-01
1.213886868208646774e-02
8.030297234654426575e-03
2.908110385760664940e-03
6.535852444358170033e-04
7.537013385444879532e-03
1.502821743488311768e-01
2.623301744461059570e-01
3.351756632328033447e-01
2.103202939033508301e-01
1.149588171392679214e-02
1.277592778205871582e-02
1.665354892611503601e-02
8.850735612213611603e-03
1.591084711253643036e-02
7.122594118118286133e-02
3.351756632328033447e-01
2.778456211090087891e-01
1.217335909605026245e-01
5.401364713907241821e-02
2.921424247324466705e-02
3.931268304586410522e-02
3.313027694821357727e-02
6.238353997468948364e-02
1.495354920625686646e-01
3.351756632328033447e-01
3.351756632328033447e-01
1.263603121042251587e-01
2.235639840364456177e-02
1.866266317665576935e-02
2.055170573294162750e-02
1.062065921723842621e-02
6.689733359962701797e-03
8.283962309360504150e-02
3.351756632328033447e-01
3.351756632328033447e-01
1.030743196606636047e-01
1.390690803527832031e-01
5.156120657920837402e-02
6.239386647939682007e-02
9.158871322870254517e-02
6.171978265047073364e-02
7.687900215387344360e-02
2.617065012454986572e-01
2.408017963171005249e-01
1.368011832237243652e-01
1.073408871889114380e-01
3.755290806293487549e-02
4.393954202532768250e-02
4.710429534316062927e-02
9.160389006137847900e-02
1.520087569952011108e-01
1.836810410022735596e-01
2.617065012454986572e-01
2.617065012454986572e-01
2.533644735813140869e-01
2.397036403417587280e-01
6.564403325319290161e-02
8.008321374654769897e-02
1.188674941658973694e-01
1.668775677680969238e-01
2.617065012454986572e-01
2.617065012454986572e-01
1.095944717526435852e-01
1.757011711597442627e-01
7.265545427799224854e-02
4.627786576747894287e-02
6.837285310029983521e-02
7.725776731967926025e-02
1.139025986194610596e-01
2.418247908353805542e-01
2.617065012454986572e-01
2.524175643920898438e-01
1.843070089817047119e-01
1.264290958642959595e-01
2.380226925015449524e-02
1.789990440011024475e-02
3.323459252715110779e-02
7.081196457147598267e-02
9.410838037729263306e-02
2.861851155757904053e-01
2.861851155757904053e-01
2.861851155757904053e-01
2.861851155757904053e-01
7.710546255111694336e-02
1.423053741455078125e-01
1.444281488656997681e-01
2.861851155757904053e-01
2.442596107721328735e-02
1.903761625289916992e-01
2.861851155757904053e-01
1.799670904874801636e-01
8.578089624643325806e-02
5.341445654630661011e-02
6.291202455759048462e-02
9.189609438180923462e-02
1.756158322095870972e-01
9.855395555496215820e-02
2.861851155757904053e-01
2.861851155757904053e-01
1.992084532976150513e-01
1.152771264314651489e-01
1.076614391058683395e-02
3.156919032335281372e-02
2.757521159946918488e-02
3.466239571571350098e-02
2.269526012241840363e-02
2.095083445310592651e-01
1.987737119197845459e-01
9.487313032150268555e-02
4.380331933498382568e-02
3.572958335280418396e-02
2.841387130320072174e-02
1.984415575861930847e-02
1.589332148432731628e-02
3.233412280678749084e-02
9.097468852996826172e-02
1.637947708368301392e-01
1.339126974344253540e-01
1.613906323909759521e-01
2.061874419450759888e-01
1.300052553415298462e-01
1.030700057744979858e-01
1.138624250888824463e-01
2.053750492632389069e-02
1.347979810088872910e-02
7.030018419027328491e-02
4.688522964715957642e-02
2.178302854299545288e-01
3.377756476402282715e-01
3.377756476402282715e-01
1.127049028873443604e-01
4.785500466823577881e-02
2.514405548572540283e-02
9.169029444456100464e-02
1.551547795534133911e-01
1.883197724819183350e-01
2.258938103914260864e-01
2.350762188434600830e-01
1.113272830843925476e-01
4.420059174299240112e-02
1.423628628253936768e-02
5.120803788304328918e-02
6.227929890155792236e-02
1.483295708894729614e-01
1.527357399463653564e-01
2.682363092899322510e-01
3.352505862712860107e-01
3.015805780887603760e-01
1.275647729635238647e-01
4.803543910384178162e-02
3.263994157314300537e-01
5.810779705643653870e-02
2.098022773861885071e-02
1.297549717128276825e-02
1.565121859312057495e-02
1.152395270764827728e-02
2.128364145755767822e-02
9.019897878170013428e-02
3.263994157314300537e-01
3.263994157314300537e-01
5.242363363504409790e-02
2.197225578129291534e-02
1.006502006202936172e-02
9.429133497178554535e-03
2.008208073675632477e-02
3.272070363163948059e-02
1.093835830688476562e-01
3.263994157314300537e-01
3.263994157314300537e-01
8.196330815553665161e-02
8.019493520259857178e-02
5.056060850620269775e-02
3.528829291462898254e-02
2.649464085698127747e-02
5.454324930906295776e-02
1.346055716276168823e-01
3.263994157314300537e-01
3.263994157314300537e-01
1.545047610998153687e-01
1.629489511251449585e-01
7.263176143169403076e-02
3.265755623579025269e-02
4.252851754426956177e-02
7.715466618537902832e-02
2.150612771511077881e-01
2.676675021648406982e-01
3.637060523033142090e-01
3.592653200030326843e-02
1.537953037768602371e-02
1.119185797870159149e-02
1.159342098981142044e-02
2.222335711121559143e-02
5.435819551348686218e-02
1.292847394943237305e-01
3.637060523033142090e-01
3.637060523033142090e-01
4.070682823657989502e-02
3.335470333695411682e-02
4.497339203953742981e-02
8.648662827908992767e-03
1.357644330710172653e-02
4.420205578207969666e-02
1.228964999318122864e-01
3.637060523033142090e-01
2.766960859298706055e-01
1.336995214223861694e-01
1.281713545322418213e-01
8.363795280456542969e-02
5.988552421331405640e-02
8.005041629076004028e-02
1.065787747502326965e-01
1.970337331295013428e-01
2.176840454339981079e-01
2.487190663814544678e-01
5.633382126688957214e-02
4.739946871995925903e-02
5.587453022599220276e-02
3.581350296735763550e-02
3.892674297094345093e-02
6.579466164112091064e-02
1.078504249453544617e-01
3.295384943485260010e-01
3.594254851341247559e-01
2.776201069355010986e-02
3.476617485284805298e-02
7.060009241104125977e-02
4.746071062982082367e-03
1.725471392273902893e-02
7.001345604658126831e-02
8.938306570053100586e-02
3.594254851341247559e-01
3.594254851341247559e-01
6.748969852924346924e-02
6.178926303982734680e-02
4.981548711657524109e-02
9.495330043137073517e-03
2.252520434558391571e-02
1.165579333901405334e-01
8.665977418422698975e-02
3.594254851341247559e-01
2.200857102870941162e-01
3.472208231687545776e-02
3.069057315587997437e-02
5.373530089855194092e-02
5.684047471731901169e-03
3.196712583303451538e-02
1.668024808168411255e-01
8.425373584032058716e-02
2.082599103450775146e-01
2.106278985738754272e-01
1.014696210622787476e-01
8.005601167678833008e-02
4.859343171119689941e-02
3.311967849731445312e-02
7.260282337665557861e-02
3.438236117362976074e-01
1.592731326818466187e-01
2.841432690620422363e-01
3.330352306365966797e-01
1.029373109340667725e-01
8.469386398792266846e-02
2.729053981602191925e-02
3.998852148652076721e-02
2.343923598527908325e-02
5.516784638166427612e-02
6.378104537725448608e-02
3.330352306365966797e-01
3.330352306365966797e-01
1.119744554162025452e-01
9.866277128458023071e-02
7.403654605150222778e-02
7.779517769813537598e-02
2.369204536080360413e-02
2.348751574754714966e-02
3.203729167580604553e-02
3.330352306365966797e-01
1.906277686357498169e-01
1.740769892930984497e-01
1.447184681892395020e-01
5.134826526045799255e-02
7.439070940017700195e-02
6.985200196504592896e-02
1.449423730373382568e-01
1.382126510143280029e-01
2.557088434696197510e-01
2.420505881309509277e-01
1.845741420984268188e-01
2.105202376842498779e-01
1.657818704843521118e-01
1.529911458492279053e-01
1.102421581745147705e-01
1.124386265873908997e-01
1.181845813989639282e-01
2.377855181694030762e-01
3.184250593185424805e-01
9.382372349500656128e-02
7.402011007070541382e-02
4.176313802599906921e-02
2.289862744510173798e-02
5.113908089697360992e-03
7.555242627859115601e-03
1.304639875888824463e-02
3.184250593185424805e-01
3.184250593185424805e-01
1.647574901580810547e-01
1.385551989078521729e-01
4.941683262586593628e-02
1.480337884277105331e-02
2.934013493359088898e-03
9.582635946571826935e-03
1.796666719019412994e-02
3.184250593185424805e-01
2.880540490150451660e-01
1.442965120077133179e-01
1.829991042613983154e-01
1.341709792613983154e-01
8.404548466205596924e-02
9.338220953941345215e-02
8.849323540925979614e-02
1.053275838494300842e-01
1.983808726072311401e-01
3.184250593185424805e-01
2.397531867027282715e-01
1.372911185026168823e-01
7.443393021821975708e-02
3.741400316357612610e-02
4.503013938665390015e-02
4.380371049046516418e-02
7.518155127763748169e-02
3.184250593185424805e-01
2.786945402622222900e-01
2.448287010192871094e-01
1.687257289886474609e-01
3.782963007688522339e-02
1.563134789466857910e-02
5.139084998518228531e-03
1.371946837753057480e-02
2.627713233232498169e-02
2.264706492424011230e-01
2.786945402622222900e-01
2.786945402622222900e-01
1.947311013936996460e-01
6.130855530500411987e-02
1.938644796609878540e-02
7.923264987766742706e-03
1.654385216534137726e-02
6.718765199184417725e-02
1.920054554939270020e-01
2.786945402622222900e-01
2.431803792715072632e-01
9.492366015911102295e-02
3.039265237748622894e-02
1.784555427730083466e-02
1.428800076246261597e-02
1.435900200158357620e-02
2.987719513475894928e-02
2.443880736827850342e-01
2.786945402622222900e-01
2.786945402622222900e-01
2.292982637882232666e-01
1.861295253038406372e-01
4.621448367834091187e-02
2.093278430402278900e-02
1.955339312553405762e-02
8.290917426347732544e-02
2.786945402622222900e-01
1.767712235450744629e-01
2.658625841140747070e-01
2.048803120851516724e-01
6.145140901207923889e-02
8.765500038862228394e-03
7.170945871621370316e-03
2.950544841587543488e-02
4.756821691989898682e-02
1.383966058492660522e-01
2.853039801120758057e-01
2.853039801120758057e-01
2.097965776920318604e-01
3.797514736652374268e-02
2.652321709319949150e-03
8.136848919093608856e-03
2.818956226110458374e-02
2.483050338923931122e-02
1.703741699457168579e-01
2.853039801120758057e-01
2.853039801120758057e-01
2.523359954357147217e-01
1.188455149531364441e-01
2.033437602221965790e-02
1.397788058966398239e-02
2.648693695664405823e-02
4.405977949500083923e-02
2.853039801120758057e-01
2.853039801120758057e-01
2.403808236122131348e-01
1.970871239900588989e-01
4.333667829632759094e-02
1.286855340003967285e-02
1.816927082836627960e-02
3.122682310640811920e-02
1.640202291309833527e-02
2.853039801120758057e-01
3.625120818614959717e-01
1.442532539367675781e-01
4.601253941655158997e-02
6.937906146049499512e-03
6.023573805578052998e-04
2.727210754528641701e-03
5.058391951024532318e-03
3.096229629591107368e-03
2.260618358850479126e-01
3.625120818614959717e-01
1.566175520420074463e-01
7.538735866546630859e-03
3.733829362317919731e-03
3.722320776432752609e-03
3.280489705502986908e-03
2.244829386472702026e-02
5.400924477726221085e-03
3.051398396492004395e-01
3.625120818614959717e-01
8.179493993520736694e-02
4.056409746408462524e-02
1.705691404640674591e-02
1.927688904106616974e-02
1.241003349423408508e-02
1.068738102912902832e-02
1.920410618185997009e-02
3.444626629352569580e-01
3.625120818614959717e-01
2.159637510776519775e-01
7.172882091253995895e-03
5.781145766377449036e-03
6.408599670976400375e-03
5.875868257135152817e-03
1.240108348429203033e-02
2.697394043207168579e-02
3.199328780174255371e-01
3.319157063961029053e-01
1.824093610048294067e-01
4.465654958039522171e-03
5.256209056824445724e-03
2.067101188004016876e-03
6.202588789165019989e-03
2.114655822515487671e-02
8.771815337240695953e-03
2.419911324977874756e-01
3.319157063961029053e-01
2.229722738265991211e-01
1.852886285632848740e-03
3.422804642468690872e-03
1.437404425814747810e-03
1.475053001195192337e-02
1.036414317786693573e-02
1.296683494001626968e-02
3.242687284946441650e-01
3.319157063961029053e-01
3.319157063961029053e-01
1.291043777018785477e-02
5.023738835006952286e-03
3.663939656689763069e-03
1.519841141998767853e-02
1.222221832722425461e-02
2.078625746071338654e-02
1.762261986732482910e-01
3.319157063961029053e-01
3.319157063961029053e-01
1.377905718982219696e-02
6.699544377624988556e-03
6.767158396542072296e-03
3.972936421632766724e-02
3.862062841653823853e-02
5.736883729696273804e-02
2.216655313968658447e-01
3.446505367755889893e-01
3.072753548622131348e-01
7.951173931360244751e-03
8.813003078103065491e-04
2.234302461147308350e-03
7.469794247299432755e-03
5.805416498333215714e-03
1.764967478811740875e-02
2.898330986499786377e-01
3.446505367755889893e-01
3.446505367755889893e-01
4.544280841946601868e-02
1.473219972103834152e-02
1.983587630093097687e-02
3.300534561276435852e-03
9.979518130421638489e-03
1.757985539734363556e-02
2.401556968688964844e-01
3.446505367755889893e-01
2.163022756576538086e-01
2.204078994691371918e-02
1.726060360670089722e-02
1.482105161994695663e-02
1.922238804399967194e-02
4.275129362940788269e-02
6.544990092515945435e-02
1.789920926094055176e-01
3.446505367755889893e-01
1.865743100643157959e-01
5.400697514414787292e-02
5.513529106974601746e-02
6.453986465930938721e-02
2.112561464309692383e-02
7.437911629676818848e-02
8.961543440818786621e-02
1.331339776515960693e-01
3.336658179759979248e-01
3.336658179759979248e-01
6.971634179353713989e-02
3.281655162572860718e-02
5.652182549238204956e-02
1.182987540960311890e-02
2.212191373109817505e-02
1.244479976594448090e-02
1.986026018857955933e-01
3.336658179759979248e-01
3.336658179759979248e-01
8.260077238082885742e-02
2.374683134257793427e-02
4.272961616516113281e-02
7.133403327316045761e-03
7.665763143450021744e-03
6.703598424792289734e-03
1.151075810194015503e-01
2.963306605815887451e-01
2.114825546741485596e-01
7.644455134868621826e-02
8.181046694517135620e-02
1.792566031217575073e-01
9.625590592622756958e-02
1.603617370128631592e-01
1.067535877227783203e-01
1.199764460325241089e-01
2.320947349071502686e-01
2.986856997013092041e-01
9.752301126718521118e-02
5.929700285196304321e-02
1.648433953523635864e-01
9.199213981628417969e-02
1.047741696238517761e-01
7.825126498937606812e-02
1.803760379552841187e-01
3.683559894561767578e-01
3.683559894561767578e-01
1.555158197879791260e-01
2.935109660029411316e-02
2.543501928448677063e-02
1.848676986992359161e-02
4.485755693167448044e-03
1.222669379785656929e-03
6.988357752561569214e-02
3.683559894561767578e-01
3.683559894561767578e-01
1.265653371810913086e-01
1.089558750391006470e-01
3.718618676066398621e-02
5.394633486866950989e-02
6.620483845472335815e-02
4.820368066430091858e-02
4.565027356147766113e-02
2.314576953649520874e-01
3.408237993717193604e-01
1.102569848299026489e-01
4.316487908363342285e-02
5.892137810587882996e-02
2.938046120107173920e-02
3.312858566641807556e-02
1.323932558298110962e-01
2.739919424057006836e-01
1.856790482997894287e-01
1.601965278387069702e-01
5.486460030078887939e-02
3.021160699427127838e-02
2.457112632691860199e-02
1.351548824459314346e-02
2.289283275604248047e-02
1.073597297072410583e-01
1.515794396400451660e-01
3.353742063045501709e-01
3.353742063045501709e-01
1.181174740195274353e-01
2.277483791112899780e-01
9.738045185804367065e-02
7.686040550470352173e-02
1.301987171173095703e-01
1.663782298564910889e-01
2.038257271051406860e-01
3.353742063045501709e-01
3.353742063045501709e-01
2.601115107536315918e-01
1.441045105457305908e-01
7.369316369295120239e-02
2.063158899545669556e-02
1.342427078634500504e-02
5.001087486743927002e-02
1.302372217178344727e-01
2.990132570266723633e-01
1.675751060247421265e-01
5.127058550715446472e-02
2.562547288835048676e-02
2.642587758600711823e-02
1.912987232208251953e-02
1.926284283399581909e-02
1.241658851504325867e-01
2.200555652379989624e-01
9.975545853376388550e-02
1.045814827084541321e-01
1.110724136233329773e-01
3.860518708825111389e-02
3.467340022325515747e-02
2.664033696055412292e-02
1.367564033716917038e-02
1.341773867607116699e-01
1.567200720310211182e-01
1.509137004613876343e-01
3.658151328563690186e-01
3.658151328563690186e-01
2.547883987426757812e-01
1.548136025667190552e-01
1.685183681547641754e-02
2.456048689782619476e-02
6.709917914122343063e-03
1.466413587331771851e-02
2.031197771430015564e-02
1.692166328430175781e-01
1.600282788276672363e-01
2.152488827705383301e-01
2.229131758213043213e-01
2.102783918380737305e-01
1.370815485715866089e-01
2.414064854383468628e-02
9.015428833663463593e-03
3.328743204474449158e-02
1.010590642690658569e-01
1.935304552316665649e-01
1.576127856969833374e-01
1.780918687582015991e-01
6.909662485122680664e-02
4.306560382246971130e-02
8.831582218408584595e-02
6.887997686862945557e-02
8.961378596723079681e-03
6.468807905912399292e-02
1.410625427961349487e-01
2.421074509620666504e-01
2.914117574691772461e-01
2.614625096321105957e-01
1.842088252305984497e-01
6.749696284532546997e-02
4.988084733486175537e-02
8.548358455300331116e-03
4.816724359989166260e-02
8.528351783752441406e-02
1.371467411518096924e-01
1.922445595264434814e-01
2.609255909919738770e-01
2.032691985368728638e-01
3.353020548820495605e-02
2.247526543214917183e-03
4.272561892867088318e-02
4.974574968218803406e-02
1.297003924846649170e-01
1.937552392482757568e-01
2.128849923610687256e-01
2.550101578235626221e-01
3.266869485378265381e-01
1.288305968046188354e-01
5.332152917981147766e-02
3.096806816756725311e-02
7.528805732727050781e-02
9.927239269018173218e-02
1.525596380233764648e-01
1.867280453443527222e-01
2.102224379777908325e-01
2.294692099094390869e-01
9.216136485338211060e-02
6.305128335952758789e-02
8.713849633932113647e-02
4.374074935913085938e-02
1.154064834117889404e-01
2.251249402761459351e-01
2.235408723354339600e-01
2.137483507394790649e-01
2.578862607479095459e-01
2.680330276489257812e-01
1.846785843372344971e-01
2.471469044685363770e-01
1.051228567957878113e-01
1.088361144065856934e-01
1.041506230831146240e-01
6.013622507452964783e-02
3.069500438868999481e-02
9.605715423822402954e-02
2.272912561893463135e-01
2.472990602254867554e-01
2.464572489261627197e-01
2.135222107172012329e-01
2.048220932483673096e-01
1.121841147541999817e-01
4.380478709936141968e-02
5.754793807864189148e-02
2.171361893415451050e-01
2.472990602254867554e-01
1.962507814168930054e-01
2.247613072395324707e-01
1.371977627277374268e-01
1.319431364536285400e-01
1.052405014634132385e-01
6.691281497478485107e-02
3.363162651658058167e-02
6.487540155649185181e-02
1.544004976749420166e-01
1.888976395130157471e-01
2.472990602254867554e-01
1.843677312135696411e-01
1.517441421747207642e-01
1.226756647229194641e-01
4.601859301328659058e-02
9.319458156824111938e-02
1.914928257465362549e-01
2.327268719673156738e-01
2.472990602254867554e-01
1.345016211271286011e-01
2.072969973087310791e-01
1.691343188285827637e-01
1.101603507995605469e-01
7.002783566713333130e-02
9.487501531839370728e-02
2.061145007610321045e-01
2.409579902887344360e-01
1.467256098985671997e-01
1.096189767122268677e-01
8.871742337942123413e-02
5.418001115322113037e-02
3.962394967675209045e-02
4.100004211068153381e-02
4.409994557499885559e-02
6.010138243436813354e-02
8.871291577816009521e-02
1.938742995262145996e-01
3.126843273639678955e-01
1.921179443597793579e-01
1.052156761288642883e-01
8.755283057689666748e-02
4.705470800399780273e-02
9.070102870464324951e-02
1.805412322282791138e-01
3.003035187721252441e-01
3.126843273639678955e-01
3.126843273639678955e-01
1.684582978487014771e-01
6.982950866222381592e-02
4.739753901958465576e-02
2.534616179764270782e-02
3.931736201047897339e-02
7.080411911010742188e-02
2.436269521713256836e-01
3.126843273639678955e-01
1.250376850366592407e-01
6.711101531982421875e-02
3.070336394011974335e-02
1.358079817146062851e-02
2.984225982800126076e-03
1.842096447944641113e-02
1.073829382658004761e-01
5.946142598986625671e-02
1.543919444084167480e-01
1.895125657320022583e-01
9.080681204795837402e-02
4.117417335510253906e-02
2.524298988282680511e-02
3.238735347986221313e-02
6.530877947807312012e-02
2.905909419059753418e-01
2.712835073471069336e-01
2.817964553833007812e-01
3.494808375835418701e-01
2.137483954429626465e-01
6.487665325403213501e-02
3.053854964673519135e-02
3.535092342644929886e-03
2.368832938373088837e-02
3.318369016051292419e-02
8.795465528964996338e-02
3.494808375835418701e-01
3.494808375835418701e-01
2.581206858158111572e-01
5.428124591708183289e-02
2.299356088042259216e-02
2.614802308380603790e-02
3.413557633757591248e-02
3.582882508635520935e-02
1.572063267230987549e-01
3.494808375835418701e-01
1.294278949499130249e-01
8.007156103849411011e-02
5.358935147523880005e-02
2.725990489125251770e-02
3.641972318291664124e-02
8.407839387655258179e-02
1.523917764425277710e-01
2.389510124921798706e-01
3.040867447853088379e-01
1.466633528470993042e-01
8.789169043302536011e-02
1.004641205072402954e-01
8.671610057353973389e-02
8.984684199094772339e-02
1.792151331901550293e-01
1.715628802776336670e-01
2.364477217197418213e-01
3.040867447853088379e-01
3.040867447853088379e-01
1.352155357599258423e-01
3.469399362802505493e-02
1.900839433073997498e-02
2.265839837491512299e-02
3.002772852778434753e-02
4.143383353948593140e-02
2.007861286401748657e-01
3.040867447853088379e-01
3.040867447853088379e-01
1.269142329692840576e-01
6.777287274599075317e-02
2.916695550084114075e-02
2.853042818605899811e-02
8.313957601785659790e-02
9.093271940946578979e-02
2.311574071645736694e-01
3.040867447853088379e-01
1.555318087339401245e-01
9.126023948192596436e-02
1.329690217971801758e-01
1.427009403705596924e-01
1.158053949475288391e-01
1.721033453941345215e-01
2.208146899938583374e-01
2.539117038249969482e-01
2.136995792388916016e-01
2.539117038249969482e-01
1.869835406541824341e-01
7.997046411037445068e-02
9.629647433757781982e-02
7.503799349069595337e-02
8.898104727268218994e-02
1.466789245605468750e-01
1.850041598081588745e-01
2.175769358873367310e-01
2.539117038249969482e-01
5.832453817129135132e-02
1.106727197766304016e-01
6.224152073264122009e-02
3.777024149894714355e-02
8.063600957393646240e-02
1.788558810949325562e-01
2.281949073076248169e-01
2.539117038249969482e-01
2.539117038249969482e-01
1.643301397562026978e-01
1.513666808605194092e-01
7.683330774307250977e-02
3.725817799568176270e-02
5.386176332831382751e-02
1.588476896286010742e-01
1.962101757526397705e-01
2.539117038249969482e-01
3.055677115917205811e-01
1.414630860090255737e-01
2.493192069232463837e-02
2.057537809014320374e-02
3.160236403346061707e-02
3.800621256232261658e-02
2.786120958626270294e-02
4.902122169733047485e-02
2.493905127048492432e-01
3.055677115917205811e-01
1.344757080078125000e-01
8.121259510517120361e-02
9.484690427780151367e-02
3.970642015337944031e-02
4.974820464849472046e-02
3.372848406434059143e-02
9.330237656831741333e-02
3.055677115917205811e-01
3.055677115917205811e-01
2.468737363815307617e-01
1.225973069667816162e-01
2.863470651209354401e-02
3.270692750811576843e-02
2.291726134717464447e-02
3.013391979038715363e-02
7.317414879798889160e-02
3.055677115917205811e-01
3.055677115917205811e-01
3.055677115917205811e-01
1.405167728662490845e-01
5.052039865404367447e-03
1.289172098040580750e-02
2.921060472726821899e-02
3.098094649612903595e-02
8.441111445426940918e-02
3.055677115917205811e-01
3.020704686641693115e-01
1.314570009708404541e-01
7.233113050460815430e-02
5.534837022423744202e-02
1.304293423891067505e-02
3.088988177478313446e-02
5.055603757500648499e-02
7.229806482791900635e-02
3.020704686641693115e-01
3.020704686641693115e-01
1.059304401278495789e-01
5.620247125625610352e-02
3.249899297952651978e-02
2.833834476768970490e-02
4.810542985796928406e-02
6.502829492092132568e-02
7.233073562383651733e-02
3.020704686641693115e-01
3.020704686641693115e-01
3.020704686641693115e-01
1.030786707997322083e-01
3.728175535798072815e-03
1.766457804478704929e-03
2.551174536347389221e-02
3.899721801280975342e-02
5.970912054181098938e-02
2.817582488059997559e-01
3.020704686641693115e-01
3.020704686641693115e-01
8.559912443161010742e-02
8.289498277008533478e-03
2.045120112597942352e-02
4.094529151916503906e-02
4.669209942221641541e-02
7.633874565362930298e-02
3.020704686641693115e-01
3.321785330772399902e-01
4.765337333083152771e-02
2.161319740116596222e-02
1.950725726783275604e-02
3.661477193236351013e-02
2.785309776663780212e-02
3.555535152554512024e-02
7.988288998603820801e-02
3.321785330772399902e-01
3.321785330772399902e-01
1.619952619075775146e-01
2.323859930038452148e-02
1.381433103233575821e-02
2.832877449691295624e-02
2.556250616908073425e-02
4.749560728669166565e-02
1.120941191911697388e-01
2.982146143913269043e-01
3.321785330772399902e-01
1.486166119575500488e-01
2.344513498246669769e-02
6.183183752000331879e-03
2.160746976733207703e-02
2.120835706591606140e-02
4.637651517987251282e-02
8.750579506158828735e-02
3.321785330772399902e-01
3.321785330772399902e-01
9.871311485767364502e-02
2.836167812347412109e-02
9.177335537970066071e-03
4.126405715942382812e-02
3.399263694882392883e-02
6.269357353448867798e-02
1.685206145048141479e-01
3.321785330772399902e-01
2.969950437545776367e-01
2.969950437545776367e-01
6.277369707822799683e-02
2.000267989933490753e-02
3.831280022859573364e-02
4.305770248174667358e-02
3.828594833612442017e-02
8.497588336467742920e-02
1.834832876920700073e-01
2.969950437545776367e-01
2.924059927463531494e-01
7.553743571043014526e-02
4.658498615026473999e-02
4.255959764122962952e-02
7.751663029193878174e-02
6.578759104013442993e-02
1.399005353450775146e-01
2.150060981512069702e-01
2.969950437545776367e-01
1.438549160957336426e-01
5.165810137987136841e-02
1.811950840055942535e-02
6.561341881752014160e-02
5.907950177788734436e-02
5.362155288457870483e-02
1.836324334144592285e-01
2.969950437545776367e-01
2.148387879133224487e-01
1.308576017618179321e-01
6.620729714632034302e-02
6.115227565169334412e-02
6.290150433778762817e-02
8.218246698379516602e-02
8.974228054285049438e-02
2.969950437545776367e-01
2.969950437545776367e-01
2.153701782226562500e-01
1.492912620306015015e-01
7.862772792577743530e-02
9.231572598218917847e-02
8.913670480251312256e-02
5.810572206974029541e-02
1.108376458287239075e-01
2.157877981662750244e-01
2.182852476835250854e-01
7.763081043958663940e-02
9.327955543994903564e-02
1.314586400985717773e-01
1.499418020248413086e-01
1.894332617521286011e-01
5.394723266363143921e-02
2.078032940626144409e-01
2.655851244926452637e-01
8.091443032026290894e-02
1.902117282152175903e-01
1.311285644769668579e-01
6.692802160978317261e-02
1.097357124090194702e-01
7.689514011144638062e-02
6.273581087589263916e-02
1.549634784460067749e-01
2.886264920234680176e-01
2.886264920234680176e-01
1.533232778310775757e-01
1.001775562763214111e-01
5.538586527109146118e-02
1.336809694766998291e-01
1.357282251119613647e-01
4.759466648101806641e-02
2.749980092048645020e-01
2.886264920234680176e-01
2.791065573692321777e-01
5.278111621737480164e-02
6.097753718495368958e-02
7.855401188135147095e-02
8.901325613260269165e-02
1.605347096920013428e-01
1.367527544498443604e-01
2.827466726303100586e-01
2.827466726303100586e-01
7.684578001499176025e-02
1.622940748929977417e-01
6.760274618864059448e-02
4.242173954844474792e-02
3.904718905687332153e-02
1.171185970306396484e-01
1.260818541049957275e-01
2.695825994014739990e-01
2.827466726303100586e-01
2.827466726303100586e-01
1.059624254703521729e-01
4.460528492927551270e-02
2.676033042371273041e-02
8.290927857160568237e-02
7.574637979269027710e-02
6.280697137117385864e-02
2.827466726303100586e-01
2.827466726303100586e-01
1.170300394296646118e-01
1.177073642611503601e-01
7.484423369169235229e-02
1.670496165752410889e-02
5.556204542517662048e-02
8.278069645166397095e-02
1.052155345678329468e-01
2.827466726303100586e-01
2.827466726303100586e-01
2.553021013736724854e-01
1.619094610214233398e-01
3.952626883983612061e-02
2.299268171191215515e-02
1.817857660353183746e-02
3.814640641212463379e-02
3.751702234148979187e-02
9.227070212364196777e-02
2.946655750274658203e-01
2.946655750274658203e-01
2.946655750274658203e-01
4.246265068650245667e-02
9.847309440374374390e-03
9.319204837083816528e-03
1.779995113611221313e-02
1.150343101471662521e-02
9.479406476020812988e-02
2.946655750274658203e-01
2.946655750274658203e-01
1.022791936993598938e-01
4.817249625921249390e-02
1.920889131724834442e-02
2.628047205507755280e-02
6.256657838821411133e-02
8.215309679508209229e-02
2.107094377279281616e-01
2.946655750274658203e-01
2.946655750274658203e-01
2.493344992399215698e-01
2.767896465957164764e-02
1.702695898711681366e-02
1.537739858031272888e-02
2.700386382639408112e-02
5.283462256193161011e-02
1.681852489709854126e-01
2.946655750274658203e-01
2.946655750274658203e-01
3.056035935878753662e-01
2.946503646671772003e-02
4.354972857981920242e-03
2.015163423493504524e-03
5.437363870441913605e-03
2.700781682506203651e-03
3.197745978832244873e-02
2.342102825641632080e-01
3.161909282207489014e-01
1.134045720100402832e-01
9.716055355966091156e-03
1.020235288888216019e-02
3.695627674460411072e-03
7.398389745503664017e-03
1.229918655008077621e-02
2.608076110482215881e-02
3.161909282207489014e-01
3.161909282207489014e-01
3.090368509292602539e-01
1.387771777808666229e-02
1.109762489795684814e-02
1.195633504539728165e-02
1.466394774615764618e-02
2.797537483274936676e-02
6.541164219379425049e-02
3.161909282207489014e-01
3.161909282207489014e-01
1.410442739725112915e-01
1.035397988744080067e-03
5.353427492082118988e-03
6.890683434903621674e-03
9.717400185763835907e-03
2.016969211399555206e-02
1.055245324969291687e-01
3.161909282207489014e-01
3.161909282207489014e-01
8.756665512919425964e-03
7.765880320221185684e-03
1.536532025784254074e-02
1.616465486586093903e-02
2.823386713862419128e-02
3.101486340165138245e-02
7.125528901815414429e-02
3.502305746078491211e-01
1.812849938869476318e-01
3.827478736639022827e-03
5.886680912226438522e-03
1.676314324140548706e-02
2.831811085343360901e-02
5.249514430761337280e-02
6.686108559370040894e-02
9.805910289287567139e-02
1.285569071769714355e-01
5.385231226682662964e-02
8.146990090608596802e-03
2.589078394521493465e-05
9.521963656879961491e-04
4.756009206175804138e-03
6.912874057888984680e-03
2.903646044433116913e-02
3.502921462059020996e-01
3.819438517093658447e-01
3.819438517093658447e-01
6.676747463643550873e-03
8.507015299983322620e-04
2.591944532468914986e-03
6.366291083395481110e-03
2.490847744047641754e-02
4.060735180974006653e-02
3.819438517093658447e-01
3.819438517093658447e-01
2.936240434646606445e-01
2.816941402852535248e-02
2.077116072177886963e-02
2.526022493839263916e-02
4.361460730433464050e-02
8.733139187097549438e-02
1.099779829382896423e-01
2.100546807050704956e-01
1.905492246150970459e-01
1.014759242534637451e-01
9.570736438035964966e-02
1.842484064400196075e-02
2.674017660319805145e-02
4.430044814944267273e-02
8.197695761919021606e-02
6.839378923177719116e-02
1.835781186819076538e-01
3.013896942138671875e-01
2.077319771051406860e-01
3.288160264492034912e-02
4.960059188306331635e-03
1.187349297106266022e-02
5.611973814666271210e-03
6.521075218915939331e-02
6.090765818953514099e-02
3.917525112628936768e-01
3.917525112628936768e-01
3.138696551322937012e-01
6.647395342588424683e-02
9.572322480380535126e-03
2.767156995832920074e-02
3.898911178112030029e-02
1.340618729591369629e-01
8.186476677656173706e-02
2.429760992527008057e-01
3.917525112628936768e-01
1.786982566118240356e-01
2.814216315746307373e-01
2.083001732826232910e-01
1.592106074094772339e-01
1.399476081132888794e-01
6.826350837945938110e-02
5.752900615334510803e-02
3.418881446123123169e-02
1.205410286784172058e-01
2.260242104530334473e-01
2.814216315746307373e-01
2.189412862062454224e-01
1.482559144496917725e-01
1.721285134553909302e-01
6.575364619493484497e-02
9.369820356369018555e-02
1.127605289220809937e-01
1.821055114269256592e-01
2.814216315746307373e-01
2.413211613893508911e-01
1.331860870122909546e-01
1.162403225898742676e-01
1.087420731782913208e-01
7.316769659519195557e-02
2.044523209333419800e-01
1.343981027603149414e-01
5.465009436011314392e-02
1.501733660697937012e-01
2.814216315746307373e-01
1.778081804513931274e-01
8.636157959699630737e-02
8.092012256383895874e-02
5.515209957957267761e-02
1.368419080972671509e-01
1.087862104177474976e-01
9.113064408302307129e-02
2.814216315746307373e-01
2.944485247135162354e-01
1.350431740283966064e-01
6.862535327672958374e-02
7.882018387317657471e-02
4.350639507174491882e-02
5.703146755695343018e-02
9.810601174831390381e-02
2.187090814113616943e-01
2.944485247135162354e-01
2.944485247135162354e-01
1.569616496562957764e-01
6.642706692218780518e-02
4.751158878207206726e-02
1.812027767300605774e-02
5.534812062978744507e-02
1.186190992593765259e-01
2.536162436008453369e-01
2.944485247135162354e-01
2.944485247135162354e-01
1.678618341684341431e-01
5.080550909042358398e-02
4.142664000391960144e-02
5.030150339007377625e-02
3.906175866723060608e-02
7.336954772472381592e-02
8.498129248619079590e-02
2.355475127696990967e-01
2.944485247135162354e-01
2.115196287631988525e-01
1.207532584667205811e-01
4.086558520793914795e-02
2.400973252952098846e-02
3.955857083201408386e-02
8.251319080591201782e-02
1.036580428481101990e-01
2.944485247135162354e-01
3.016096055507659912e-01
1.779985278844833374e-01
5.646777898073196411e-02
3.707805275917053223e-02
6.256817374378442764e-03
5.120601505041122437e-02
5.693799257278442383e-02
1.136219426989555359e-01
3.016096055507659912e-01
3.016096055507659912e-01
2.137866616249084473e-01
7.596120238304138184e-02
2.961548417806625366e-02
3.884528577327728271e-02
6.733530759811401367e-02
3.883841261267662048e-02
1.298312991857528687e-01
3.016096055507659912e-01
3.016096055507659912e-01
1.675286144018173218e-01
7.366725802421569824e-02
3.387710079550743103e-02
5.974479019641876221e-03
3.293998539447784424e-02
3.532952442765235901e-02
8.479865640401840210e-02
2.950724959373474121e-01
3.016096055507659912e-01
2.388292402029037476e-01
9.663418680429458618e-02
3.673272579908370972e-02
4.824963584542274475e-02
7.220309227705001831e-02
4.273266345262527466e-02
1.415139585733413696e-01
3.016096055507659912e-01
2.318291813135147095e-01
1.540839672088623047e-01
6.231994181871414185e-02
2.646369300782680511e-02
4.359209537506103516e-02
3.316818550229072571e-02
2.198378741741180420e-02
1.485199481248855591e-01
2.651310861110687256e-01
2.329823970794677734e-01
1.591234356164932251e-01
1.283726394176483154e-01
6.217455863952636719e-02
5.341498926281929016e-02
5.355452373623847961e-02
4.144940897822380066e-02
1.400652378797531128e-01
2.692168653011322021e-01
2.692168653011322021e-01
2.692168653011322021e-01
1.022749170660972595e-01
3.021158464252948761e-02
5.841163918375968933e-02
5.685664340853691101e-02
4.934681579470634460e-02
1.729874163866043091e-01
2.692168653011322021e-01
2.692168653011322021e-01
2.692168653011322021e-01
2.251913249492645264e-01
1.274459809064865112e-01
8.372178673744201660e-02
5.842327699065208435e-02
1.004455685615539551e-01
2.172829955816268921e-01
2.692168653011322021e-01
1.459399908781051636e-01
1.125441119074821472e-01
1.848532706499099731e-01
5.271073430776596069e-02
3.663309291005134583e-02
4.946566745638847351e-02
3.996973112225532532e-02
6.161043420433998108e-02
1.576158553361892700e-01
2.837555706501007080e-01
3.043718934059143066e-01
3.043718934059143066e-01
8.199182152748107910e-02
1.974426396191120148e-02
2.925384603440761566e-02
3.098823316395282745e-02
4.650017246603965759e-02
1.272708624601364136e-01
1.923408210277557373e-01
3.043718934059143066e-01
3.043718934059143066e-01
1.560478061437606812e-01
6.884133815765380859e-02
6.739789247512817383e-02
5.673068016767501831e-02
8.509758114814758301e-02
1.131403222680091858e-01
3.043718934059143066e-01
3.043718934059143066e-01
3.043718934059143066e-01
1.488762646913528442e-01
4.653738066554069519e-02
5.115192010998725891e-02
2.733014337718486786e-02
6.403276324272155762e-02
1.001819521188735962e-01
2.826652228832244873e-01
2.826652228832244873e-01
2.332143932580947876e-01
6.140111014246940613e-02
1.231788191944360733e-02
8.491882123053073883e-03
5.539592355489730835e-03
3.671002388000488281e-02
1.933868229389190674e-01
2.826652228832244873e-01
2.826652228832244873e-01
1.604206711053848267e-01
3.406997770071029663e-02
6.617856211960315704e-03
1.153353229165077209e-02
6.502386182546615601e-03
4.039133340120315552e-02
2.826652228832244873e-01
2.826652228832244873e-01
2.826652228832244873e-01
2.826652228832244873e-01
9.042116999626159668e-02
2.687663584947586060e-02
2.016601897776126862e-02
9.213712997734546661e-03
3.586281463503837585e-02
1.144624948501586914e-01
2.826652228832244873e-01
2.082567214965820312e-01
1.530624777078628540e-01
8.812419325113296509e-02
2.743385545909404755e-02
2.104421518743038177e-02
3.514381498098373413e-02
6.926233321428298950e-02
2.158759236335754395e-01
3.004089891910552979e-01
3.004089891910552979e-01
1.492854952812194824e-01
2.082117460668087006e-02
4.526287317276000977e-03
1.151285506784915924e-02
1.327870320528745651e-02
1.883723400533199310e-02
2.428087890148162842e-01
3.004089891910552979e-01
3.004089891910552979e-01
1.076125055551528931e-01
1.690161041915416718e-02
1.397864799946546555e-02
1.478155795484781265e-02
1.593670994043350220e-02
2.040929161012172699e-02
2.564929723739624023e-01
3.004089891910552979e-01
2.023337483406066895e-01
9.353681653738021851e-02
7.962283492088317871e-02
3.239149600267410278e-02
1.955932378768920898e-02
1.109435185790061951e-01
1.006632223725318909e-01
2.494781315326690674e-01
3.004089891910552979e-01
1.278116852045059204e-01
6.155625730752944946e-02
3.359441086649894714e-02
1.831902004778385162e-02
2.870366163551807404e-02
1.257503777742385864e-01
1.543157696723937988e-01
3.004089891910552979e-01
3.220110833644866943e-01
1.619474291801452637e-01
3.594971448183059692e-02
1.398555282503366470e-02
2.069734223186969757e-02
1.288977265357971191e-02
2.063170261681079865e-02
3.464030101895332336e-02
3.220110833644866943e-01
3.220110833644866943e-01
6.964401900768280029e-02
3.689220920205116272e-02
3.243289887905120850e-02
2.336911857128143311e-02
1.454200409352779388e-02
2.718011476099491119e-02
8.876869082450866699e-02
3.220110833644866943e-01
3.220110833644866943e-01
7.271499931812286377e-02
2.965070493519306183e-02
1.249162852764129639e-02
1.768907159566879272e-02
1.930397562682628632e-02
9.687699377536773682e-02
2.146827131509780884e-01
3.220110833644866943e-01
3.007028102874755859e-01
9.601149708032608032e-02
6.212897971272468567e-02
4.071035608649253845e-02
1.745558343827724457e-02
1.555977109819650650e-02
1.073972806334495544e-01
2.113038450479507446e-01
3.220110833644866943e-01
2.539551258087158203e-01
6.871816515922546387e-02
2.926755510270595551e-02
1.725360751152038574e-02
1.941741630434989929e-02
1.956651732325553894e-02
2.659330330789089203e-02
1.275338083505630493e-01
3.241403996944427490e-01
2.677325904369354248e-01
1.319964975118637085e-01
2.096908167004585266e-02
1.783387176692485809e-02
1.624739728868007660e-02
2.755643427371978760e-02
7.680263370275497437e-02
3.149119913578033447e-01
3.241403996944427490e-01
2.202260345220565796e-01
2.089745253324508667e-01
1.604936569929122925e-01
4.322061687707901001e-02
1.770696975290775299e-02
1.682798378169536591e-02
5.287334695458412170e-02
1.022227481007575989e-01
2.373394370079040527e-01
3.241403996944427490e-01
3.241403996944427490e-01
1.482267379760742188e-01
2.800712175667285919e-02
2.995523624122142792e-02
1.462669577449560165e-02
4.796669259667396545e-02
1.342590451240539551e-01
2.414071410894393921e-01
1.947033405303955078e-01
1.152783781290054321e-01
2.045783959329128265e-02
1.481245364993810654e-02
4.800316412001848221e-03
9.051196277141571045e-03
7.075966149568557739e-02
2.762850224971771240e-01
2.762850224971771240e-01
2.373661696910858154e-01
8.672627061605453491e-02
1.538183540105819702e-02
1.693725585937500000e-02
6.464272271841764450e-03
1.179464440792798996e-02
1.810982078313827515e-01
2.762850224971771240e-01
2.762850224971771240e-01
2.762850224971771240e-01
2.762850224971771240e-01
4.328767582774162292e-02
5.999951157718896866e-03
1.350007671862840652e-02
9.628438390791416168e-03
3.398362174630165100e-02
1.391523778438568115e-01
2.762850224971771240e-01
2.762850224971771240e-01
1.845811009407043457e-01
2.632336691021919250e-02
1.103093754500150681e-02
1.790591701865196228e-02
2.962399646639823914e-02
1.442409753799438477e-01
2.762850224971771240e-01
2.762850224971771240e-01
1.853332668542861938e-01
4.983049258589744568e-02
6.068029906600713730e-03
1.943818852305412292e-02
1.739953085780143738e-02
5.486984923481941223e-02
2.793196141719818115e-01
2.793196141719818115e-01
1.459129154682159424e-01
4.564159363508224487e-02
2.652024477720260620e-02
7.586401887238025665e-03
2.060587704181671143e-02
4.807563871145248413e-02
1.161628141999244690e-01
2.793196141719818115e-01
2.793196141719818115e-01
4.396298527717590332e-02
2.793196141719818115e-01
1.339721083641052246e-01
1.619619131088256836e-02
1.693998090922832489e-02
2.930456213653087616e-02
1.232093721628189087e-01
2.793196141719818115e-01
2.793196141719818115e-01
2.793196141719818115e-01
7.529864460229873657e-02
4.939420148730278015e-02
4.807381331920623779e-02
3.991439566016197205e-02
4.564517736434936523e-02
2.736718356609344482e-01
2.793196141719818115e-01
2.793196141719818115e-01
1.030868887901306152e-01
3.013928793370723724e-02
2.714253403246402740e-02
1.536452490836381912e-02
3.644115850329399109e-02
9.832129627466201782e-02
1.702122539281845093e-01
2.971130013465881348e-01
2.971130013465881348e-01
7.977988570928573608e-02
6.307092308998107910e-02
1.444624550640583038e-02
2.989648468792438507e-02
5.681059882044792175e-02
1.044814437627792358e-01
1.387559175491333008e-01
1.866236329078674316e-01
2.375271469354629517e-01
9.916090220212936401e-02
4.467004165053367615e-02
4.107928276062011719e-02
1.320980936288833618e-01
2.420806735754013062e-01
1.921315342187881470e-01
2.971130013465881348e-01
2.971130013465881348e-01
2.971130013465881348e-01
6.901221722364425659e-02
1.388835757970809937e-01
1.082962751388549805e-01
1.125647649168968201e-01
2.569872736930847168e-01
2.210505753755569458e-01
1.497685164213180542e-01
1.803150027990341187e-01
1.391877233982086182e-01
1.164282485842704773e-01
1.269686222076416016e-01
1.381986495107412338e-02
5.798866227269172668e-02
7.609384506940841675e-02
7.815724611282348633e-02
1.139303669333457947e-01
1.272715479135513306e-01
3.134830296039581299e-01
2.048815488815307617e-01
6.799653172492980957e-02
8.697022683918476105e-03
2.612069807946681976e-02
3.920277580618858337e-02
2.993129752576351166e-02
8.594658970832824707e-02
2.325559556484222412e-01
3.165833652019500732e-01
3.165833652019500732e-01
2.307535409927368164e-01
1.724340915679931641e-01
1.315067708492279053e-01
1.321870237588882446e-01
1.611468940973281860e-01
9.385754168033599854e-02
1.418774873018264771e-01
1.768445670604705811e-01
1.978275626897811890e-01
1.208971142768859863e-01
1.045260205864906311e-01
1.291079372167587280e-01
1.130989193916320801e-01
1.262118667364120483e-01
1.314999610185623169e-01
2.304904460906982422e-01
3.165833652019500732e-01
2.036273181438446045e-01
4.045043140649795532e-03
2.127621555700898170e-03
3.008514177054166794e-03
7.762808352708816528e-03
4.321488551795482635e-03
4.916500300168991089e-02
3.255904316902160645e-01
3.765774071216583252e-01
2.099365293979644775e-01
3.660055343061685562e-03
4.880471096839755774e-04
1.506520085968077183e-03
1.347520155832171440e-03
5.209015216678380966e-03
2.157828211784362793e-02
3.765774071216583252e-01
3.765774071216583252e-01
2.302665114402770996e-01
3.903082758188247681e-02
2.452824078500270844e-02
2.150645293295383453e-02
3.476807102560997009e-02
5.766582116484642029e-02
7.941371202468872070e-02
1.462887972593307495e-01
1.750609278678894043e-01
8.343663066625595093e-02
2.569935657083988190e-02
2.019658125936985016e-02
1.050986442714929581e-02
5.116506479680538177e-03
2.563381008803844452e-02
5.378064513206481934e-02
3.765774071216583252e-01
3.765774071216583252e-01
6.206668540835380554e-02
7.179933134466409683e-03
9.993702406063675880e-04
2.573487814515829086e-03
5.142388399690389633e-04
8.409174159169197083e-03
7.864104583859443665e-03
3.581205606460571289e-01
3.581205606460571289e-01
9.272521734237670898e-02
1.933789625763893127e-02
3.855870105326175690e-03
8.139427751302719116e-03
2.469259500503540039e-02
5.003700405359268188e-02
2.630135789513587952e-02
2.474774271249771118e-01
3.482490777969360352e-01
5.467479303479194641e-02
7.126983720809221268e-03
4.921110346913337708e-03
3.199008293449878693e-03
6.381638231687247753e-04
6.328193470835685730e-03
4.842282831668853760e-02
3.581205606460571289e-01
3.581205606460571289e-01
4.659437015652656555e-02
2.759154886007308960e-02
3.544677281752228737e-03
2.183171221986413002e-03
1.239920314401388168e-02
2.334619127213954926e-02
3.433767706155776978e-02
3.581205606460571289e-01
3.581205606460571289e-01
1.451203078031539917e-01
9.821936488151550293e-02
1.282333284616470337e-01
1.271344721317291260e-01
8.920550346374511719e-02
5.407536402344703674e-02
1.580733954906463623e-01
1.326838582754135132e-01
3.957086801528930664e-02
9.362718462944030762e-02
3.130107820034027100e-01
3.130107820034027100e-01
1.303487122058868408e-01
4.633070155978202820e-02
3.341977298259735107e-02
8.841616660356521606e-02
8.460771292448043823e-02
7.871268689632415771e-02
2.537001073360443115e-01
1.295940279960632324e-01
2.139490097761154175e-01
2.043837606906890869e-01
1.390231996774673462e-01
4.666729643940925598e-02
1.045519113540649414e-01
9.644904732704162598e-02
8.451186865568161011e-02
1.477308273315429688e-01
3.130107820034027100e-01
3.130107820034027100e-01
2.030563503503799438e-01
6.920807063579559326e-02
2.852639183402061462e-02
6.068753823637962341e-02
8.011620491743087769e-02
2.513168752193450928e-01
3.130107820034027100e-01
2.790823578834533691e-01
2.857813835144042969e-01
6.479103118181228638e-02
9.791254065930843353e-03
1.942917518317699432e-02
5.684990901499986649e-03
2.571687661111354828e-02
2.493503317236900330e-02
1.696045398712158203e-01
3.251282274723052979e-01
2.657670974731445312e-01
1.094518899917602539e-01
9.221256710588932037e-03
7.170802447944879532e-03
2.276652259752154350e-03
1.896772347390651703e-02
2.366668358445167542e-02
2.177034318447113037e-01
3.251282274723052979e-01
2.999439835548400879e-01
6.012865900993347168e-02
4.421362187713384628e-03
7.570937275886535645e-03
3.816695651039481163e-03
1.657030545175075531e-02
7.880815118551254272e-02
3.251282274723052979e-01
3.251282274723052979e-01
1.980487555265426636e-01
5.503662303090095520e-02
5.898412200622260571e-04
1.815751777030527592e-03
1.561653218232095242e-03
1.300762873142957687e-02
1.564999297261238098e-02
3.251282274723052979e-01
3.568932712078094482e-01
1.706651002168655396e-01
5.291879922151565552e-02
6.466787774115800858e-03
1.708118361420929432e-03
3.136820625513792038e-03
1.280088163912296295e-02
3.653723746538162231e-02
2.073895186185836792e-01
3.568932712078094482e-01
1.802722662687301636e-01
3.381953015923500061e-02
8.588837459683418274e-03
2.140650525689125061e-02
1.662326976656913757e-02
1.529376301914453506e-02
7.776875048875808716e-02
2.738838195800781250e-01
3.568932712078094482e-01
1.182769909501075745e-01
3.198373690247535706e-02
4.781173192895948887e-04
2.763421973213553429e-03
5.826086737215518951e-03
1.369889546185731888e-02
3.518068790435791016e-02
3.568932712078094482e-01
3.568932712078094482e-01
1.336549371480941772e-01
3.209928423166275024e-02
1.552263507619500160e-03
1.471623964607715607e-02
1.370158605277538300e-02
1.540486514568328857e-02
6.280771642923355103e-02
3.568932712078094482e-01
2.817929685115814209e-01
2.502832114696502686e-01
5.578218400478363037e-02
1.086938939988613129e-02
2.000874280929565430e-02
1.537287328392267227e-02
2.778238244354724884e-02
8.903273195028305054e-02
2.025371640920639038e-01
2.799114882946014404e-01
2.817929685115814209e-01
2.313025146722793579e-01
7.989641278982162476e-02
3.765042871236801147e-02
2.188040874898433685e-02
7.290325313806533813e-02
1.280262321233749390e-01
2.014608681201934814e-01
2.817929685115814209e-01
2.556544244289398193e-01
5.638521909713745117e-02
4.584582988172769547e-03
8.262068964540958405e-03
8.967095986008644104e-03
1.319828070700168610e-02
3.038229793310165405e-02
2.817929685115814209e-01
2.817929685115814209e-01
2.817929685115814209e-01
2.186057269573211670e-01
8.285492658615112305e-02
8.226746320724487305e-02
5.612177401781082153e-02
3.997549787163734436e-02
3.827362135052680969e-02
2.542629539966583252e-01
1.507215648889541626e-01
2.714735269546508789e-01
2.714735269546508789e-01
2.590532004833221436e-01
7.686766982078552246e-02
6.132226437330245972e-02
7.269147783517837524e-02
8.127454668283462524e-02
1.095942854881286621e-01
1.933256536722183228e-01
2.714735269546508789e-01
2.714735269546508789e-01
2.032248526811599731e-01
5.621677264571189880e-02
4.942793399095535278e-02
3.794472292065620422e-02
7.313991338014602661e-02
8.028220385313034058e-02
1.553936302661895752e-01
2.714735269546508789e-01
2.714735269546508789e-01
2.611512243747711182e-01
2.006814181804656982e-01
1.702218353748321533e-01
6.677673012018203735e-02
4.918296262621879578e-02
1.752594560384750366e-01
8.815015852451324463e-02
1.401863247156143188e-01
1.863676309585571289e-01
1.952600479125976562e-01
9.237067401409149170e-02
1.233505979180335999e-01
6.163723394274711609e-02
5.871409177780151367e-02
6.103957816958427429e-02
2.904443442821502686e-01
2.904443442821502686e-01
2.904443442821502686e-01
1.314117908477783203e-01
7.058127969503402710e-02
5.403171107172966003e-02
5.222416296601295471e-02
8.913972973823547363e-02
1.233531162142753601e-01
2.904443442821502686e-01
2.338137775659561157e-01
2.001273334026336670e-01
2.084107846021652222e-01
9.993834048509597778e-02
8.794998377561569214e-02
1.970722079277038574e-01
1.493707895278930664e-01
1.667689830064773560e-01
1.869778633117675781e-01
2.678555846214294434e-01
1.942033767700195312e-01
1.063002794981002808e-01
5.646625906229019165e-02
5.601521581411361694e-02
5.693631619215011597e-02
7.171998172998428345e-02
8.184017986059188843e-02
1.528353691101074219e-01
2.142953872680664062e-01
1.390924006700515747e-01
2.111078649759292603e-01
1.268160492181777954e-01
1.289131790399551392e-01
1.150733232498168945e-01
6.955856084823608398e-02
5.158277601003646851e-02
1.912187933921813965e-01
9.608591347932815552e-02
5.892612040042877197e-02
1.186925992369651794e-01
6.339786201715469360e-02
6.754487007856369019e-02
2.997496426105499268e-01
2.197474986314773560e-01
1.950058341026306152e-01
3.056424558162689209e-01
8.332994580268859863e-02
3.517050296068191528e-02
4.969494417309761047e-02
5.214633047580718994e-02
8.725252747535705566e-02
3.056424558162689209e-01
3.056424558162689209e-01
3.056424558162689209e-01
1.867208816111087799e-02
2.075102552771568298e-02
3.254370391368865967e-02
1.024676784873008728e-01
7.392159104347229004e-02
9.547899663448333740e-02
1.538845598697662354e-01
1.336071044206619263e-01
5.019138753414154053e-02
1.293594986200332642e-01
1.330594439059495926e-02
1.018676254898309708e-02
5.559025332331657410e-02
1.392949521541595459e-01
1.160435304045677185e-01
2.251593172550201416e-01
3.056424558162689209e-01
2.934822440147399902e-01
2.694420516490936279e-01
2.027282677590847015e-02
2.182407677173614502e-02
1.409114431589841843e-02
4.685465991497039795e-02
4.036758095026016235e-02
1.746003329753875732e-01
2.694420516490936279e-01
2.694420516490936279e-01
1.744348853826522827e-01
4.953322559595108032e-02
7.285907864570617676e-02
3.635550290346145630e-02
5.950444564223289490e-02
9.289918094873428345e-02
2.233210206031799316e-01
2.694420516490936279e-01
2.694420516490936279e-01
2.169894874095916748e-01
2.885023318231105804e-02
2.385483868420124054e-02
2.454831264913082123e-02
1.141751259565353394e-01
5.993777513504028320e-02
1.117792651057243347e-01
2.603010237216949463e-01
2.694420516490936279e-01
2.694420516490936279e-01
1.076893359422683716e-01
9.638843685388565063e-02
4.279187694191932678e-02
1.270636767148971558e-01
1.222818195819854736e-01
1.542910635471343994e-01
2.365884035825729370e-01
2.694420516490936279e-01
1.400644928216934204e-01
1.492646038532257080e-01
1.739955097436904907e-01
6.447540968656539917e-02
3.901280090212821960e-02
7.425007969141006470e-02
1.124404296278953552e-01
1.778941899538040161e-01
1.968575417995452881e-01
2.778923213481903076e-01
2.778923213481903076e-01
1.549258530139923096e-01
4.228643327951431274e-02
5.650793388485908508e-02
2.764897234737873077e-02
5.582932010293006897e-02
2.391580343246459961e-01
2.778923213481903076e-01
2.020385116338729858e-01
9.437238425016403198e-02
9.839390218257904053e-02
7.776441425085067749e-02
9.687680751085281372e-02
1.293543428182601929e-01
1.353950649499893188e-01
1.942234784364700317e-01
2.115213572978973389e-01
2.778923213481903076e-01
1.213002726435661316e-01
1.039791107177734375e-01
8.057363331317901611e-02
8.676391839981079102e-02
7.450568675994873047e-02
1.998642235994338989e-01
2.778923213481903076e-01
2.778923213481903076e-01
2.771894931793212891e-01
2.375286966562271118e-01
3.726219013333320618e-02
7.256256416440010071e-03
4.124736040830612183e-02
2.430887334048748016e-02
2.968269400298595428e-02
1.125286221504211426e-01
2.771894931793212891e-01
2.771894931793212891e-01
2.474986016750335693e-01
3.019702993333339691e-02
2.051576226949691772e-02
3.280209004878997803e-02
3.446757793426513672e-02
4.903685301542282104e-02
7.908725738525390625e-02
2.771894931793212891e-01
2.771894931793212891e-01
7.744286209344863892e-02
7.705039530992507935e-02
3.378226608037948608e-02
4.028079286217689514e-02
2.869938500225543976e-02
1.357509493827819824e-01
2.771894931793212891e-01
2.771894931793212891e-01
2.771894931793212891e-01
2.728076577186584473e-01
1.121185347437858582e-01
9.531524032354354858e-02
3.353593498468399048e-02
2.495271712541580200e-02
4.789903387427330017e-02
1.563456207513809204e-01
2.771894931793212891e-01
2.585730254650115967e-01
2.585730254650115967e-01
6.640589982271194458e-02
5.942484363913536072e-02
5.960100889205932617e-02
9.364267438650131226e-02
1.895396113395690918e-01
1.887358874082565308e-01
2.585730254650115967e-01
1.026296466588973999e-01
9.226167201995849609e-02
1.245732083916664124e-01
1.587642580270767212e-01
1.155945658683776855e-01
1.967646479606628418e-01
2.585730254650115967e-01
2.298338711261749268e-01
1.266793906688690186e-01
2.585730254650115967e-01
2.585730254650115967e-01
2.248270809650421143e-01
1.399431675672531128e-01
8.331877738237380981e-02
6.955504417419433594e-02
6.985288858413696289e-02
9.336798638105392456e-02
2.585730254650115967e-01
1.007005646824836731e-01
1.615845710039138794e-01
2.244415879249572754e-01
1.566789150238037109e-01
1.274101436138153076e-01
8.205734938383102417e-02
1.104102283716201782e-01
1.068161949515342712e-01
6.016812846064567566e-02
1.063155382871627808e-01
8.628349006175994873e-02
2.001286894083023071e-01
2.641684412956237793e-01
2.605293393135070801e-01
2.641684412956237793e-01
2.401592284440994263e-01
1.756964921951293945e-01
1.427615284919738770e-01
2.522627413272857666e-01
2.133282124996185303e-01
1.432952135801315308e-01
2.170838117599487305e-01
1.489212960004806519e-01
1.095340922474861145e-01
1.284911483526229858e-01
1.052144318819046021e-01
2.641684412956237793e-01
8.035250753164291382e-02
6.418316811323165894e-02
1.169791445136070251e-01
1.510762870311737061e-01
1.672135740518569946e-01
8.398929983377456665e-02
1.384167671203613281e-01
1.257708370685577393e-01
1.563853025436401367e-01
1.139219626784324646e-01
7.429291307926177979e-02
3.882209584116935730e-02
3.654433041810989380e-02
7.891097664833068848e-02
8.670605719089508057e-02
1.631782799959182739e-01
2.020255625247955322e-01
2.641684412956237793e-01
2.041953057050704956e-01
1.679598838090896606e-01
9.446633607149124146e-02
5.291393771767616272e-02
1.291747987270355225e-01
1.044388338923454285e-01
2.059814929962158203e-01
1.907779574394226074e-01
2.310430854558944702e-01
8.543451130390167236e-02
7.577069103717803955e-02
9.873034805059432983e-02
7.308068126440048218e-02
1.199223175644874573e-01
8.471725136041641235e-02
2.551672458648681641e-01
3.234812319278717041e-01
1.759221106767654419e-01
5.980864539742469788e-02
4.089374467730522156e-02
2.514137886464595795e-02
1.692091114819049835e-02
9.482506662607192993e-02
9.644658863544464111e-02
3.050771355628967285e-01
3.234812319278717041e-01
1.777183860540390015e-01
2.433171682059764862e-02
1.122975815087556839e-02
1.482823770493268967e-02
1.687122136354446411e-02
5.054264143109321594e-02
4.022438451647758484e-02
3.234812319278717041e-01
3.234812319278717041e-01
1.911011487245559692e-01
1.178501397371292114e-01
5.632009729743003845e-02
4.087444767355918884e-02
8.573317527770996094e-02
1.194721385836601257e-01
8.850728720426559448e-02
1.275177597999572754e-01
2.879445552825927734e-01
2.236091345548629761e-01
1.489705145359039307e-01
5.520185083150863647e-02
4.448610916733741760e-02
6.284388899803161621e-02
9.922752529382705688e-02
1.700884997844696045e-01
1.753731220960617065e-01
2.031953930854797363e-01
1.938311159610748291e-01
7.122647017240524292e-02
2.196172066032886505e-02
1.553118973970413208e-02
4.943172261118888855e-02
4.913362860679626465e-02
4.628358408808708191e-02
2.874687612056732178e-01
3.376286923885345459e-01
2.494285553693771362e-01
1.936302334070205688e-01
4.948481544852256775e-02
7.935552299022674561e-02
9.977636486291885376e-02
1.298185735940933228e-01
1.824840158224105835e-01
2.457831501960754395e-01
3.376286923885345459e-01
2.594478428363800049e-01
6.132439896464347839e-02
1.662700437009334564e-02
2.990255504846572876e-02
1.791607588529586792e-02
3.217326477169990540e-02
1.392252445220947266e-01
3.000864982604980469e-01
3.285710215568542480e-01
1.106593608856201172e-01
4.545207321643829346e-02
4.790465347468852997e-03
1.102940645068883896e-02
5.450908094644546509e-03
1.138675212860107422e-02
8.640304952859878540e-02
3.475104570388793945e-01
3.475104570388793945e-01
2.066899091005325317e-01
1.428406238555908203e-01
4.036700353026390076e-02
6.467284262180328369e-02
4.661114141345024109e-02
1.069677248597145081e-01
1.537110358476638794e-01
2.226520031690597534e-01
1.659720838069915771e-01
1.428027004003524780e-01
1.030789241194725037e-01
2.768957242369651794e-02
3.164711594581604004e-02
2.318382635712623596e-02
7.986611872911453247e-02
1.590176522731781006e-01
3.475104570388793945e-01
3.332416713237762451e-01
1.706957668066024780e-01
1.504668146371841431e-01
1.408659219741821289e-01
7.615526765584945679e-02
5.831274390220642090e-02
7.387459278106689453e-02
6.203791126608848572e-02
7.319056242704391479e-02
7.912857830524444580e-02
1.414886713027954102e-01
3.232848346233367920e-01
2.473922222852706909e-01
7.235801964998245239e-02
2.650541439652442932e-02
5.076712369918823242e-02
5.029927194118499756e-02
8.004377782344818115e-02
2.167797684669494629e-01
3.232848346233367920e-01
3.232848346233367920e-01
2.889855206012725830e-01
8.899781852960586548e-02
1.871972531080245972e-02
4.889193549752235413e-02
1.769806817173957825e-02
3.398563712835311890e-02
6.247718632221221924e-02
2.584125399589538574e-01
3.232848346233367920e-01
3.232848346233367920e-01
2.334546744823455811e-01
5.683853104710578918e-02
5.816553533077239990e-02
1.836495660245418549e-02
2.622284740209579468e-02
5.977066978812217712e-02
1.545753926038742065e-01
3.420768678188323975e-01
1.976469010114669800e-01
4.135221615433692932e-02
6.564095150679349899e-03
1.628185249865055084e-02
1.321861892938613892e-02
1.518505159765481949e-02
9.686464071273803711e-02
3.420768678188323975e-01
3.420768678188323975e-01
1.045414283871650696e-01
3.891804069280624390e-02
6.899010855704545975e-03
8.674242533743381500e-03
8.242443203926086426e-03
7.816630415618419647e-03
4.283354431390762329e-02
3.420768678188323975e-01
2.854783833026885986e-01
3.379401862621307373e-01
1.907781511545181274e-01
8.632685989141464233e-02
5.543211102485656738e-02
2.235641516745090485e-02
2.049053646624088287e-02
2.679209969937801361e-02
1.073809340596199036e-01
3.069092929363250732e-01
1.654135733842849731e-01
1.287170350551605225e-01
7.017571479082107544e-02
4.427162930369377136e-02
2.391328103840351105e-02
5.147574841976165771e-02
7.664319872856140137e-02
2.306964844465255737e-01
3.524965643882751465e-01
7.276060432195663452e-02
2.165606990456581116e-02
2.070723799988627434e-03
1.577944867312908173e-02
2.750689350068569183e-02
2.904419973492622375e-02
4.928616061806678772e-02
3.524965643882751465e-01
3.524965643882751465e-01
1.075536757707595825e-01
2.785902470350265503e-02
1.005391473881900311e-03
3.734277188777923584e-02
6.827666610479354858e-02
8.050643652677536011e-02
1.003904789686203003e-01
3.524965643882751465e-01
2.321263551712036133e-01
8.166011422872543335e-02
4.880925267934799194e-02
2.104733511805534363e-02
4.313483461737632751e-02
6.497854739427566528e-02
1.463583260774612427e-01
1.172707751393318176e-01
2.643701732158660889e-01
1.660646349191665649e-01
6.392761319875717163e-02
4.238982498645782471e-02
4.146932065486907959e-02
1.373210549354553223e-01
1.949861645698547363e-01
2.688727974891662598e-01
1.751210987567901611e-01
2.914021313190460205e-01
3.073296546936035156e-01
2.208721637725830078e-01
5.652125924825668335e-02
1.232082862406969070e-02
4.103938490152359009e-02
4.908622801303863525e-02
8.630690723657608032e-02
8.497513085603713989e-02
3.073296546936035156e-01
3.073296546936035156e-01
3.073296546936035156e-01
1.522712409496307373e-01
6.855444610118865967e-02
1.181416437029838562e-01
1.118340045213699341e-01
1.223555877804756165e-01
1.045293807983398438e-01
3.073296546936035156e-01
1.527481079101562500e-01
6.721650809049606323e-02
7.173344492912292480e-02
1.538515388965606689e-01
1.752403229475021362e-01
1.655431240797042847e-01
2.089594304561614990e-01
1.269796788692474365e-01
1.500234454870223999e-01
1.625252366065979004e-01
9.172824025154113770e-02
1.205044388771057129e-01
1.626019775867462158e-01
1.175626143813133240e-01
8.866024762392044067e-02
1.482730358839035034e-01
1.650697141885757446e-01
1.724848598241806030e-01
1.888007670640945435e-01
1.669733226299285889e-01
1.120205894112586975e-01
1.077152490615844727e-01
1.906775087118148804e-01
2.266047745943069458e-01
1.626808643341064453e-01
1.505821198225021362e-01
2.595286369323730469e-01
1.561272293329238892e-01
9.614092111587524414e-02
6.758231669664382935e-02
8.667926490306854248e-02
9.476950764656066895e-02
1.775790601968765259e-01
1.671450287103652954e-01
2.317507416009902954e-01
2.557073831558227539e-01
7.565849274396896362e-02
5.357038229703903198e-02
7.272209972143173218e-02
5.441249907016754150e-02
1.329197734594345093e-01
1.491578966379165649e-01
1.121172383427619934e-01
1.482597887516021729e-01
1.436608135700225830e-01
2.286036908626556396e-01
1.116190627217292786e-01
5.866247788071632385e-02
7.032676786184310913e-02
2.606367170810699463e-01
2.606367170810699463e-01
1.244513019919395447e-01
2.606367170810699463e-01
2.606367170810699463e-01
1.298742294311523438e-01
9.113051742315292358e-02
5.487347766757011414e-02
2.960004471242427826e-02
1.761850155889987946e-02
2.732579410076141357e-02
3.879225254058837891e-02
1.256009340286254883e-01
2.040817141532897949e-01
1.086784824728965759e-01
6.152666732668876648e-02
4.169794544577598572e-02
4.867358133196830750e-02
3.707464784383773804e-02
4.214300960302352905e-02
5.772237479686737061e-02
1.061260700225830078e-01
1.827222257852554321e-01
3.369397222995758057e-01
1.184806227684020996e-01
3.433506190776824951e-02
2.691969461739063263e-02
9.449509531259536743e-02
1.107298508286476135e-01
1.662939488887786865e-01
3.369397222995758057e-01
3.369397222995758057e-01
3.369397222995758057e-01
8.644118905067443848e-02
3.481274098157882690e-02
2.817753143608570099e-02
7.637862581759691238e-03
4.008815065026283264e-02
2.822255194187164307e-01
3.369397222995758057e-01
3.369397222995758057e-01
4.317320510745048523e-02
1.046897098422050476e-02
1.529188267886638641e-02
3.928742557764053345e-02
4.173157736659049988e-02
6.652185320854187012e-02
1.027528122067451477e-01
1.269852519035339355e-01
1.336064040660858154e-01
1.240850836038589478e-01
2.695904858410358429e-02
1.600522920489311218e-02
2.495591714978218079e-02
6.734020262956619263e-02
7.381906360387802124e-02
1.561844646930694580e-01
1.877834498882293701e-01
1.989488899707794189e-01
3.329208791255950928e-01
1.301909703761339188e-02
1.045300904661417007e-02
2.515329048037528992e-02
1.301812194287776947e-02
3.963951766490936279e-02
1.585084646940231323e-01
3.526422083377838135e-01
3.526422083377838135e-01
3.526422083377838135e-01
7.561555504798889160e-02
3.751579672098159790e-02
3.908115625381469727e-02
4.967541620135307312e-02
1.480694562196731567e-01
1.495343148708343506e-01
3.526422083377838135e-01
3.526422083377838135e-01
2.199491709470748901e-01
6.875182688236236572e-02
2.953794039785861969e-02
2.517713792622089386e-02
5.236079171299934387e-02
4.725122451782226562e-02
8.713719248771667480e-02
1.306293904781341553e-01
2.371688038110733032e-01
3.148691952228546143e-01
1.767722964286804199e-01
1.460464894771575928e-01
7.998692244291305542e-02
7.756862044334411621e-02
6.519078463315963745e-02
6.861031055450439453e-02
1.294394135475158691e-01
2.833491861820220947e-01
3.148691952228546143e-01
2.689029872417449951e-01
8.546955883502960205e-02
6.936930865049362183e-02
3.341200202703475952e-02
1.100327298045158386e-01
1.098884120583534241e-01
1.373137384653091431e-01
2.559642791748046875e-01
3.148691952228546143e-01
3.148691952228546143e-01
2.164530605077743530e-01
1.178836897015571594e-01
5.231206491589546204e-02
4.807817935943603516e-02
4.823777452111244202e-02
5.043840035796165466e-02
1.550342589616775513e-01
1.737080067396163940e-01
9.690295159816741943e-02
8.820796757936477661e-02
7.244542241096496582e-02
8.177967369556427002e-02
8.863424509763717651e-02
1.052167564630508423e-01
1.649626791477203369e-01
1.467185616493225098e-01
2.110724598169326782e-01
1.312661170959472656e-01
9.253854304552078247e-02
6.195114925503730774e-02
7.382853329181671143e-02
8.118980377912521362e-02
2.372328042984008789e-01
2.971624433994293213e-01
2.971624433994293213e-01
2.971624433994293213e-01
2.971624433994293213e-01
9.555480629205703735e-02
6.062705069780349731e-02
4.278092831373214722e-02
2.881878800690174103e-02
5.444974452257156372e-02
9.589902311563491821e-02
1.182796731591224670e-01
2.971624433994293213e-01
2.971624433994293213e-01
6.028486043214797974e-02
1.701136119663715363e-02
2.092708647251129150e-02
2.292025461792945862e-02
1.020028665661811829e-01
2.971624433994293213e-01
2.291925698518753052e-01
1.581308394670486450e-01
1.227387636899948120e-01
1.374620050191879272e-01
3.919561952352523804e-02
4.001854360103607178e-02
4.507272690534591675e-02
1.889635026454925537e-01
2.756151258945465088e-01
2.756151258945465088e-01
1.478445529937744141e-01
1.729987710714340210e-01
2.160005271434783936e-01
1.460580974817276001e-01
4.569611698389053345e-02
4.097861424088478088e-02
6.141706928610801697e-02
2.319669425487518311e-01
2.756151258945465088e-01
2.756151258945465088e-01
2.756151258945465088e-01
1.864502578973770142e-01
1.940499804913997650e-02
3.459880873560905457e-02
3.197025135159492493e-02
8.686952292919158936e-02
2.756151258945465088e-01
2.203190773725509644e-01
1.070560067892074585e-01
2.025322616100311279e-01
2.422658503055572510e-01
7.640466094017028809e-02
9.844072163105010986e-02
7.557519525289535522e-02
6.649907678365707397e-02
1.181954145431518555e-01
1.274586617946624756e-01
3.174656331539154053e-01
3.174656331539154053e-01
3.174656331539154053e-01
3.139001429080963135e-01
1.110007613897323608e-01
8.969000726938247681e-02
6.805749237537384033e-02
1.015176922082901001e-01
3.174656331539154053e-01
1.131978332996368408e-01
1.881480067968368530e-01
2.700340151786804199e-01
1.220508813858032227e-01
1.654842793941497803e-01
9.923191368579864502e-02
8.858215063810348511e-02
8.371870964765548706e-02
6.668101996183395386e-02
8.972644805908203125e-02
1.216871961951255798e-01
2.876397669315338135e-01
1.429043114185333252e-01
1.664676517248153687e-01
1.435131877660751343e-01
1.573611646890640259e-01
1.018966659903526306e-01
9.650225192308425903e-02
3.535727411508560181e-02
7.537071406841278076e-02
1.306003034114837646e-01
5.896003916859626770e-02
9.004911780357360840e-02
6.637783348560333252e-02
7.213044911623001099e-02
4.360067471861839294e-02
3.777227923274040222e-02
5.728246271610260010e-02
5.409566313028335571e-02
1.242130473256111145e-01
7.584928721189498901e-02
2.583389878273010254e-01
1.584817469120025635e-01
2.753489017486572266e-01
2.025565356016159058e-01
1.502132415771484375e-01
4.820091649889945984e-02
1.765144616365432739e-02
4.633539915084838867e-02
3.158275783061981201e-02
1.696496754884719849e-01
1.981496512889862061e-01
3.600670397281646729e-01
3.726979196071624756e-01
2.147049158811569214e-01
5.399122834205627441e-02
8.837128430604934692e-02
1.298985332250595093e-01
8.418428897857666016e-02
2.256856262683868408e-01
1.369524747133255005e-01
1.438815891742706299e-01
7.929080724716186523e-02
4.790766537189483643e-02
4.851036891341209412e-02
4.299205541610717773e-02
4.723863303661346436e-02
5.257993191480636597e-02
1.893299072980880737e-01
2.008898854255676270e-01
3.133875131607055664e-01
1.684415787458419800e-01
5.919001623988151550e-02
4.677007347345352173e-02
1.184270810335874557e-02
2.245935238897800446e-02
1.729884184896945953e-02
9.714961051940917969e-02
9.014789015054702759e-02
2.658171355724334717e-01
3.884840607643127441e-01
1.487437337636947632e-01
5.408079549670219421e-02
7.344304583966732025e-03
3.038449911400675774e-03
3.955972846597433090e-03
4.168374091386795044e-02
5.096518620848655701e-02
3.884840607643127441e-01
3.884840607643127441e-01
3.065886497497558594e-01
5.195866525173187256e-02
4.056274518370628357e-02
2.280495315790176392e-02
1.669836603105068207e-02
6.882736831903457642e-02
8.331385999917984009e-02
2.000158280134201050e-01
1.560187190771102905e-01
8.362549543380737305e-02
1.158066391944885254e-01
3.984362259507179260e-02
2.252988331019878387e-02
1.348227355629205704e-02
4.439295083284378052e-02
7.637963443994522095e-02
2.046962529420852661e-01
3.542474210262298584e-01
2.224781215190887451e-01
1.874202489852905273e-02
3.001376986503601074e-03
2.103018108755350113e-03
4.291720688343048096e-03
5.475950893014669418e-03
2.078474499285221100e-02
2.677325606346130371e-01
3.795627951622009277e-01
1.608364582061767578e-01
6.322791427373886108e-02
3.045742772519588470e-02
1.835277304053306580e-02
2.592374570667743683e-02
4.387019574642181396e-02
4.375103488564491272e-02
2.388933449983596802e-01
3.795627951622009277e-01
2.386903166770935059e-01
5.366067960858345032e-02
1.161873247474431992e-02
6.880326196551322937e-03
4.345908761024475098e-03
2.550386451184749603e-02
3.191732615232467651e-02
1.284775286912918091e-01
3.795627951622009277e-01
1.622470915317535400e-01
3.464451432228088379e-02
1.372388843446969986e-02
1.704962807707488537e-03
1.938489382155239582e-03
2.349429763853549957e-02
1.647378318011760712e-02
1.571388393640518188e-01
3.795627951622009277e-01
3.510475158691406250e-01
8.799920976161956787e-02
4.789920151233673096e-02
2.370562404394149780e-02
2.787685580551624298e-02
7.774279266595840454e-02
6.548462063074111938e-02
1.473893821239471436e-01
3.791587650775909424e-01
1.762742847204208374e-01
1.219975799322128296e-01
3.712479770183563232e-02
2.332373149693012238e-02
2.867127954959869385e-02
1.173407286405563354e-01
1.479224711656570435e-01
1.385154277086257935e-01
2.937190234661102295e-01
1.609058678150177002e-01
2.845316566526889801e-02
1.650089398026466370e-02
2.628326416015625000e-03
5.358792841434478760e-03
1.832505501806735992e-02
1.160881668329238892e-02
1.082082092761993408e-01
3.791587650775909424e-01
3.401994705200195312e-01
7.331229001283645630e-02
1.405877713114023209e-02
5.346424411982297897e-03
1.049561053514480591e-02
4.525724053382873535e-02
4.598157852888107300e-02
1.697088778018951416e-01
3.791587650775909424e-01
3.716034889221191406e-01
2.854065895080566406e-01
2.854065895080566406e-01
2.854065895080566406e-01
5.774945020675659180e-02
2.240234799683094025e-02
1.122805383056402206e-02
3.229362517595291138e-02
5.598699674010276794e-02
1.532723456621170044e-01
2.854065895080566406e-01
2.854065895080566406e-01
2.854065895080566406e-01
7.991287112236022949e-02
6.037116423249244690e-02
5.101678147912025452e-02
1.998529210686683655e-02
4.378751292824745178e-02
6.596625596284866333e-02
1.310379356145858765e-01
2.040963172912597656e-01
2.854065895080566406e-01
1.640095412731170654e-01
5.548295378684997559e-02
5.985959246754646301e-02
8.419755846261978149e-02
8.780412375926971436e-02
8.293820172548294067e-02
2.603465318679809570e-01
2.854065895080566406e-01
2.382205724716186523e-01
6.730776280164718628e-02
7.683289796113967896e-02
8.271180093288421631e-02
4.040463268756866455e-02
9.690985828638076782e-02
1.663285791873931885e-01
1.826258599758148193e-01
3.022409081459045410e-01
3.022409081459045410e-01
1.202860772609710693e-01
6.954950839281082153e-02
6.747370213270187378e-02
2.622455731034278870e-02
6.063993647694587708e-02
6.856913119554519653e-02
1.906252652406692505e-01
2.555327415466308594e-01
1.967346072196960449e-01
7.816831022500991821e-02
6.656557321548461914e-02
4.345920309424400330e-02
8.029726892709732056e-02
1.022624149918556213e-01
1.506689786911010742e-01
2.245463579893112183e-01
3.022409081459045410e-01
2.967899143695831299e-01
6.715793162584304810e-02
7.564946264028549194e-02
7.761117070913314819e-02
2.995669655501842499e-02
1.293746083974838257e-01
1.340952068567276001e-01
2.131079584360122681e-01
3.022409081459045410e-01
2.576127052307128906e-01
9.576042741537094116e-02
1.593358069658279419e-01
7.533687353134155273e-02
3.461738675832748413e-02
1.331520676612854004e-01
1.077452078461647034e-01
1.241924166679382324e-01
1.391117274761199951e-01
1.313664168119430542e-01
4.677256941795349121e-02
8.368492126464843750e-02
7.941903173923492432e-02
1.680750995874404907e-01
1.221371144056320190e-01
1.604774743318557739e-01
1.114442497491836548e-01
1.724703162908554077e-01
2.029606997966766357e-01
1.616829782724380493e-01
2.303450256586074829e-01
2.062872499227523804e-01
2.015615552663803101e-01
1.059581190347671509e-01
1.395922899246215820e-01
2.226533442735671997e-01
2.802066504955291748e-01
2.190730124711990356e-01
8.493217825889587402e-02
1.494612246751785278e-01
7.824088633060455322e-02
3.471693396568298340e-02
7.398999482393264771e-02
1.448358893394470215e-01
2.802066504955291748e-01
2.802066504955291748e-01
2.712020277976989746e-01
1.238021627068519592e-01
1.493902206420898438e-01
1.304059773683547974e-01
2.994366548955440521e-02
6.133844703435897827e-02
2.344993650913238525e-01
1.097316369414329529e-01
1.206237152218818665e-01
2.403407990932464600e-01
2.788612544536590576e-01
2.395495921373367310e-01
1.663109660148620605e-01
1.245915442705154419e-01
6.433434039354324341e-02
7.621309161186218262e-02
1.240795403718948364e-01
1.566345691680908203e-01
2.393652498722076416e-01
2.788612544536590576e-01
9.277111291885375977e-02
6.596018373966217041e-02
6.987647712230682373e-02
1.439248770475387573e-01
1.813893020153045654e-01
2.297790199518203735e-01
2.040235251188278198e-01
2.788612544536590576e-01
2.027889043092727661e-01
1.142475530505180359e-01
9.073120355606079102e-02
2.903522923588752747e-02
5.847753211855888367e-02
1.632758975028991699e-01
1.449227482080459595e-01
2.528802156448364258e-01
2.788612544536590576e-01
1.312623172998428345e-01
7.009332627058029175e-02
4.220205917954444885e-02
4.504777491092681885e-02
7.476624101400375366e-02
1.355003863573074341e-01
1.152344495058059692e-01
1.184459924697875977e-01
7.511272281408309937e-02
5.489902198314666748e-02
1.149716228246688843e-01
1.466580331325531006e-01
4.579516127705574036e-02
1.224182099103927612e-01
2.211109995841979980e-01
2.454243749380111694e-01
1.346251517534255981e-01
4.189909249544143677e-02
7.378312200307846069e-02
2.932218611240386963e-01
2.932218611240386963e-01
1.411431580781936646e-01
2.331194132566452026e-01
2.932218611240386963e-01
1.497483402490615845e-01
1.854887306690216064e-01
1.283017843961715698e-01
5.253257229924201965e-02
7.818011194467544556e-02
4.483391717076301575e-02
2.422156557440757751e-02
9.405013173818588257e-02
1.993084251880645752e-01
2.804508805274963379e-01
1.616739630699157715e-01
8.339101076126098633e-02
6.413220614194869995e-02
2.004832923412322998e-01
1.841006577014923096e-01
1.237240508198738098e-01
1.344766169786453247e-01
2.932218611240386963e-01
2.447621971368789673e-01
5.946217104792594910e-02
1.565803401172161102e-02
2.442930825054645538e-02
9.075269103050231934e-02
1.190105676651000977e-01
1.863934695720672607e-01
2.189610451459884644e-01
2.980038225650787354e-01
2.980038225650787354e-01
3.877889364957809448e-02
1.386484690010547638e-02
4.147990420460700989e-02
1.791744865477085114e-02
4.486840963363647461e-02
2.980038225650787354e-01
2.980038225650787354e-01
2.980038225650787354e-01
1.664611995220184326e-01
4.895254969596862793e-02
4.040494561195373535e-02
2.979529649019241333e-02
5.678875744342803955e-02
7.452604174613952637e-02
9.450431168079376221e-02
6.549159437417984009e-02
2.184253036975860596e-01
1.582396328449249268e-01
4.684148356318473816e-02
3.866798803210258484e-02
6.584429740905761719e-02
7.795267552137374878e-02
4.047528654336929321e-02
2.980038225650787354e-01
2.699609398841857910e-01
2.703111469745635986e-01
1.693090796470642090e-01
7.838252000510692596e-03
4.261818248778581619e-03
3.029140457510948181e-02
2.428417280316352844e-02
3.795957937836647034e-02
2.482245266437530518e-01
2.914331257343292236e-01
2.914331257343292236e-01
1.782660484313964844e-01
5.732910707592964172e-02
2.539485134184360504e-02
3.992126137018203735e-02
8.007422089576721191e-02
2.466516941785812378e-01
2.017811834812164307e-01
2.914331257343292236e-01
2.914331257343292236e-01
7.216583937406539917e-02
2.698043547570705414e-02
1.632765866816043854e-02
3.581579402089118958e-02
4.788435623049736023e-02
4.384676367044448853e-02
2.914331257343292236e-01
2.614934444427490234e-01
1.375657767057418823e-01
5.077654495835304260e-02
2.427629567682743073e-02
1.181576587259769440e-02
2.804529480636119843e-02
6.541579961776733398e-02
2.241986989974975586e-01
2.914331257343292236e-01
2.914331257343292236e-01
7.959701865911483765e-02
2.854929864406585693e-01
1.925063580274581909e-01
5.782582610845565796e-02
6.341162323951721191e-02
4.882247745990753174e-02
2.111029028892517090e-01
1.965945363044738770e-01
1.776971518993377686e-01
1.688145697116851807e-01
2.854929864406585693e-01
2.854929864406585693e-01
8.619413524866104126e-02
5.437005311250686646e-02
2.308867126703262329e-02
4.622210562229156494e-02
7.208377122879028320e-02
7.593694329261779785e-02
1.538793593645095825e-01
6.995390355587005615e-02
3.405708819627761841e-02
1.809429377317428589e-02
2.629852481186389923e-02
6.153966486454010010e-02
2.233644574880599976e-01
2.854929864406585693e-01
2.854929864406585693e-01
9.399682283401489258e-02
1.952089518308639526e-01
8.599206805229187012e-02
9.685927629470825195e-02
6.357532739639282227e-02
8.810882270336151123e-02
1.066355332732200623e-01
2.854929864406585693e-01
2.854929864406585693e-01
2.028927654027938843e-01
3.093806207180023193e-01
3.093806207180023193e-01
7.584407180547714233e-02
3.410591557621955872e-02
1.688008755445480347e-02
7.089568302035331726e-03
1.284656301140785217e-02
2.786188945174217224e-02
1.892011463642120361e-01
3.093806207180023193e-01
3.093806207180023193e-01
6.869270652532577515e-02
2.092635259032249451e-02
1.074291765689849854e-02
1.927957683801651001e-02
1.555851940065622330e-02
2.623754180967807770e-02
1.719994843006134033e-01
2.843324840068817139e-01
2.012746185064315796e-01
1.612329334020614624e-01
8.073739707469940186e-02
8.190137892961502075e-02
4.428611323237419128e-02
4.031691700220108032e-02
9.213782101869583130e-02
2.310722917318344116e-01
2.973811626434326172e-01
3.093806207180023193e-01
1.771281957626342773e-01
9.324413537979125977e-02
1.209622994065284729e-01
1.301448941230773926e-01
8.830346912145614624e-02
3.946961462497711182e-02
2.066424936056137085e-01
2.612046599388122559e-01
2.612046599388122559e-01
1.601171642541885376e-01
4.375880584120750427e-02
2.569042146205902100e-02
5.676484853029251099e-02
3.663283586502075195e-02
4.200103506445884705e-02
1.135274395346641541e-01
1.625137925148010254e-01
1.579996496438980103e-01
1.739585399627685547e-01
7.822852581739425659e-02
9.759065508842468262e-02
1.822492629289627075e-01
1.135809719562530518e-01
9.652749449014663696e-02
1.168654263019561768e-01
1.902675479650497437e-01
2.048531323671340942e-01
1.329370588064193726e-01
8.838468044996261597e-02
1.368809044361114502e-01
2.612046599388122559e-01
2.529633641242980957e-01
8.713982999324798584e-02
1.458005309104919434e-01
1.958115845918655396e-01
6.657575070858001709e-02
8.088506758213043213e-02
1.308523863554000854e-01
2.010925859212875366e-01
2.612046599388122559e-01
2.612046599388122559e-01
2.612046599388122559e-01
2.282913178205490112e-01
1.162638813257217407e-01
6.308051198720932007e-02
8.479601889848709106e-02
8.213458210229873657e-02
1.384768337011337280e-01
2.607649862766265869e-01
1.867692619562149048e-01
1.062879934906959534e-01
1.370920687913894653e-01
4.183747619390487671e-02
2.834538370370864868e-02
5.997862666845321655e-02
3.791172057390213013e-02
4.189712181687355042e-02
7.546148449182510376e-02
5.027177929878234863e-02
1.958491094410419464e-02
4.797814413905143738e-02
3.158219754695892334e-01
6.119475886225700378e-02
7.362475991249084473e-02
2.450650036334991455e-01
3.158219754695892334e-01
3.158219754695892334e-01
3.158219754695892334e-01
2.656121551990509033e-01
3.158219754695892334e-01
1.455971002578735352e-01
3.016709536314010620e-02
4.525857418775558472e-02
7.497350126504898071e-02
2.418241500854492188e-01
1.639300733804702759e-01
5.712116882205009460e-02
4.394994676113128662e-02
1.849268227815628052e-01
1.504779756069183350e-01
8.806297183036804199e-02
1.738858520984649658e-01
1.209747940301895142e-01
1.591701656579971313e-01
1.664128601551055908e-01
1.599960923194885254e-01
9.891786426305770874e-02
1.306933611631393433e-01
1.017196476459503174e-01
6.172977015376091003e-02
4.822681471705436707e-02
7.440810650587081909e-02
1.596722751855850220e-01
1.548867076635360718e-01
3.729778230190277100e-01
2.092933952808380127e-01
1.151933670043945312e-01
2.365307956933975220e-01
1.052955687046051025e-01
1.429119557142257690e-01
1.394305080175399780e-01
1.916437298059463501e-01
1.026277691125869751e-01
1.769385933876037598e-01
1.817785948514938354e-01
2.637758851051330566e-01
1.485667079687118530e-01
1.030486673116683960e-01
1.281846314668655396e-01
1.080673336982727051e-01
2.774491012096405029e-01
9.905733913183212280e-02
2.220092415809631348e-01
1.877817660570144653e-01
1.636472940444946289e-01
1.281268298625946045e-01
1.036131531000137329e-01
4.014028236269950867e-02
3.693936020135879517e-02
7.456141710281372070e-02
1.056579798460006714e-01
3.195207118988037109e-01
2.343792319297790527e-01
1.289897114038467407e-01
2.589459419250488281e-01
1.591951996088027954e-01
6.426828354597091675e-02
2.623392082750797272e-02
5.915053561329841614e-02
1.185276061296463013e-01
2.256227284669876099e-01
3.516340553760528564e-01
2.289380282163619995e-01
1.583926081657409668e-01
1.327379345893859863e-01
1.063462644815444946e-01
7.286577671766281128e-02
1.785049289464950562e-01
9.950139373540878296e-02
1.609701663255691528e-01
1.383111923933029175e-01
1.144571825861930847e-01
2.104666382074356079e-01
2.383811771869659424e-01
1.278470754623413086e-01
6.707701086997985840e-02
1.275452971458435059e-01
1.241697967052459717e-01
1.887198090553283691e-01
2.388660758733749390e-01
1.672331392765045166e-01
1.491215974092483521e-01
7.650180160999298096e-02
3.545022755861282349e-02
1.070079673081636429e-02
7.658481597900390625e-02
9.875297546386718750e-02
1.519324630498886108e-01
3.442960381507873535e-01
2.158608436584472656e-01
1.189232692122459412e-01
6.533613055944442749e-02
3.585432842373847961e-02
4.286735784262418747e-03
7.588797062635421753e-02
9.206467866897583008e-02
2.308941483497619629e-01
4.333607256412506104e-01
4.333607256412506104e-01
1.224659532308578491e-01
1.499170660972595215e-01
1.027829274535179138e-01
5.841408669948577881e-02
7.368842512369155884e-02
1.082212477922439575e-01
1.271150112152099609e-01
1.810645461082458496e-01
1.023518815636634827e-01
1.330099403858184814e-01
1.244917884469032288e-01
1.310131996870040894e-01
7.568349689245223999e-02
1.206787452101707458e-01
1.216462180018424988e-01
1.377612799406051636e-01
1.873493790626525879e-01
1.788208782672882080e-01
4.010195657610893250e-02
2.377291023731231689e-02
1.919196173548698425e-02
3.906163154169917107e-03
1.354480255395174026e-02
2.440329268574714661e-02
9.868684411048889160e-02
4.363946020603179932e-01
3.445052802562713623e-01
6.393361091613769531e-02
6.885555107146501541e-03
7.394804619252681732e-03
2.653378294780850410e-03
1.120242103934288025e-02
1.449368707835674286e-02
1.852965354919433594e-01
4.363946020603179932e-01
4.363946020603179932e-01
4.620297625660896301e-02
5.178611353039741516e-02
5.724131688475608826e-02
2.481441386044025421e-02
4.816756397485733032e-02
5.287992209196090698e-02
6.403936445713043213e-02
1.254684180021286011e-01
1.038944050669670105e-01
5.646975338459014893e-02
3.408882394433021545e-02
3.322954475879669189e-02
1.562030520290136337e-02
4.466631636023521423e-02
3.658357262611389160e-02
1.046105250716209412e-01
4.061495065689086914e-01
1.558791249990463257e-01
