1.785719692707061768e-01
1.881442368030548096e-01
1.845325231552124023e-01
2.018764615058898926e-01
1.612653434276580811e-01
8.314263075590133667e-02
1.370511204004287720e-01
9.287968277931213379e-02
1.320149749517440796e-01
2.126545310020446777e-01
2.272821664810180664e-01
2.272821664810180664e-01
2.272821664810180664e-01
1.689167171716690063e-01
7.280102372169494629e-02
6.291258335113525391e-02
6.231301650404930115e-02
1.506576836109161377e-01
1.633544713258743286e-01
1.679765731096267700e-01
1.574559211730957031e-01
1.757495999336242676e-01
1.546521335840225220e-01
1.602687239646911621e-01
1.997525095939636230e-01
1.914205998182296753e-01
9.187897294759750366e-02
1.841879934072494507e-01
2.272821664810180664e-01
2.272821664810180664e-01
2.272821664810180664e-01
1.232213526964187622e-01
1.391021013259887695e-01
1.293904483318328857e-01
1.008264943957328796e-01
1.334447413682937622e-01
2.131735384464263916e-01
2.305860966444015503e-01
2.154119908809661865e-01
2.305860966444015503e-01
1.331168264150619507e-01
4.534706473350524902e-02
6.014403700828552246e-02
4.389199614524841309e-02
9.887669980525970459e-02
2.305860966444015503e-01
2.305860966444015503e-01
2.305860966444015503e-01
2.305860966444015503e-01
1.162876710295677185e-01
6.744516640901565552e-02
1.385593861341476440e-01
7.931068539619445801e-02
1.366529911756515503e-01
1.194885224103927612e-01
2.305860966444015503e-01
2.305860966444015503e-01
2.305860966444015503e-01
9.400819242000579834e-02
4.753389582037925720e-02
1.201567947864532471e-01
6.757967919111251831e-02
9.683405607938766479e-02
1.733204126358032227e-01
2.305860966444015503e-01
2.305860966444015503e-01
2.166175991296768188e-01
1.491308361291885376e-01
1.025482714176177979e-01
1.642219424247741699e-01
9.504805505275726318e-02
1.554702520370483398e-01
1.796447038650512695e-01
2.037232965230941772e-01
2.469435483217239380e-01
1.671626418828964233e-01
6.834565848112106323e-02
6.014864146709442139e-02
6.425675004720687866e-02
4.969817772507667542e-02
9.219777584075927734e-02
2.378192842006683350e-01
2.469435483217239380e-01
2.469435483217239380e-01
2.469435483217239380e-01
7.288450747728347778e-02
8.153216540813446045e-02
6.102788075804710388e-02
5.127528309822082520e-02
7.153344154357910156e-02
1.570666283369064331e-01
2.469435483217239380e-01
2.469435483217239380e-01
1.952774375677108765e-01
1.433196812868118286e-01
1.124819591641426086e-01
8.739688247442245483e-02
5.297275632619857788e-02
9.016444534063339233e-02
2.233091890811920166e-01
2.469435483217239380e-01
2.469435483217239380e-01
2.469435483217239380e-01
2.179948389530181885e-01
1.027347370982170105e-01
6.719854474067687988e-02
7.374166697263717651e-02
1.055473014712333679e-01
1.687407195568084717e-01
1.812068521976470947e-01
2.456319183111190796e-01
2.235369235277175903e-01
6.672981381416320801e-02
7.144694030284881592e-02
6.682741641998291016e-02
6.227696314454078674e-02
5.153158679604530334e-02
1.393189430236816406e-01
1.736673861742019653e-01
2.011287808418273926e-01
8.548059314489364624e-02
6.161199510097503662e-02
1.121440678834915161e-01
8.515737950801849365e-02
1.264147162437438965e-01
1.273467689752578735e-01
2.456319183111190796e-01
2.359912693500518799e-01
2.456319183111190796e-01
2.456319183111190796e-01
1.282615363597869873e-01
1.124717444181442261e-01
7.340170443058013916e-02
1.064639613032341003e-01
1.517995744943618774e-01
2.456319183111190796e-01
2.456319183111190796e-01
2.456319183111190796e-01
2.031789422035217285e-01
6.913730502128601074e-02
1.653506606817245483e-01
1.219056025147438049e-01
1.305977106094360352e-01
2.456319183111190796e-01
9.366606175899505615e-02
9.519861638545989990e-02
9.800546616315841675e-02
4.789464175701141357e-02
5.134335532784461975e-02
1.385556757450103760e-01
7.810860127210617065e-02
1.367657780647277832e-01
1.679858118295669556e-01
1.232564300298690796e-01
1.509371548891067505e-01
1.320170462131500244e-01
5.139075964689254761e-02
8.378650993108749390e-02
1.334097534418106079e-01
5.901689082384109497e-02
8.844777941703796387e-02
1.447748392820358276e-01
2.961440980434417725e-01
2.961440980434417725e-01
2.726243436336517334e-01
1.392783522605895996e-01
8.210413157939910889e-02
1.318277418613433838e-01
9.109328687191009521e-02
9.027660638093948364e-02
2.961440980434417725e-01
2.961440980434417725e-01
2.961440980434417725e-01
1.863074600696563721e-01
1.175280660390853882e-01
1.095418706536293030e-01
1.750212162733078003e-01
1.037455573678016663e-01
1.220774129033088684e-01
2.961440980434417725e-01
1.311163157224655151e-01
1.271176636219024658e-01
9.069580584764480591e-02
3.744006156921386719e-02
7.670045644044876099e-02
6.930469721555709839e-02
3.260857239365577698e-02
3.738734126091003418e-02
9.000170230865478516e-02
3.022820949554443359e-01
2.343513518571853638e-01
1.221949756145477295e-01
8.790872991085052490e-02
9.643828868865966797e-02
8.638030290603637695e-02
6.305605918169021606e-02
4.081071168184280396e-02
1.135934293270111084e-01
3.022820949554443359e-01
3.022820949554443359e-01
1.121270731091499329e-01
5.625691264867782593e-02
5.833611264824867249e-02
1.122848019003868103e-01
3.679325059056282043e-02
9.932532161474227905e-02
3.022820949554443359e-01
3.022820949554443359e-01
3.022820949554443359e-01
2.404957860708236694e-01
1.299549937248229980e-01
6.946802139282226562e-02
9.315557032823562622e-02
1.493862718343734741e-01
1.649375110864639282e-01
3.014990985393524170e-01
2.953282892704010010e-01
1.721715629100799561e-01
7.398971915245056152e-02
4.989477619528770447e-02
4.682441428303718567e-02
4.959911853075027466e-02
5.597566440701484680e-02
4.785774275660514832e-02
1.169164627790451050e-01
2.953282892704010010e-01
2.544296681880950928e-01
1.284286081790924072e-01
1.142151840031147003e-02
4.615942761301994324e-02
5.484669283032417297e-02
5.171898007392883301e-02
1.111575961112976074e-01
2.045254558324813843e-01
2.953282892704010010e-01
2.953282892704010010e-01
1.472330689430236816e-01
9.776421636343002319e-02
4.883929342031478882e-02
6.239534541964530945e-02
1.189423352479934692e-01
1.441921889781951904e-01
2.484627962112426758e-01
2.953282892704010010e-01
2.953282892704010010e-01
1.343754380941390991e-01
4.149455204606056213e-02
3.553390875458717346e-02
3.523324057459831238e-02
5.595652014017105103e-02
1.490142941474914551e-01
2.953282892704010010e-01
2.856227457523345947e-01
1.966606229543685913e-01
1.308857202529907227e-01
9.022687561810016632e-03
3.029285371303558350e-02
3.569044917821884155e-02
4.941569268703460693e-02
1.527006328105926514e-01
2.856227457523345947e-01
2.856227457523345947e-01
1.454174220561981201e-01
4.644589498639106750e-02
1.562613621354103088e-02
1.714185252785682678e-02
2.772952988743782043e-02
5.039875954389572144e-02
1.555130183696746826e-01
2.856227457523345947e-01
2.856227457523345947e-01
2.678810060024261475e-01
1.430776715278625488e-01
1.639352925121784210e-02
1.519272383302450180e-02
1.330501772463321686e-02
3.727180138230323792e-02
1.855172365903854370e-01
2.856227457523345947e-01
2.856227457523345947e-01
1.835470795631408691e-01
5.482494458556175232e-02
3.926240280270576477e-02
5.124896019697189331e-02
2.315876632928848267e-02
3.373783826828002930e-02
1.951350718736648560e-01
2.856227457523345947e-01
2.595350742340087891e-01
1.579216867685317993e-01
4.379349201917648315e-02
3.094432689249515533e-02
2.475825883448123932e-02
3.112616576254367828e-02
3.489559516310691833e-02
7.456473261117935181e-02
2.423701286315917969e-01
2.595350742340087891e-01
2.595350742340087891e-01
1.102120056748390198e-01
5.685922503471374512e-02
4.430250450968742371e-02
7.404887676239013672e-02
1.071202680468559265e-01
1.434969455003738403e-01
2.039385437965393066e-01
2.595350742340087891e-01
2.470479905605316162e-01
8.425933122634887695e-02
1.048178076744079590e-01
1.126354336738586426e-01
4.959193989634513855e-02
3.981501609086990356e-02
7.706941664218902588e-02
2.595350742340087891e-01
2.595350742340087891e-01
2.595350742340087891e-01
2.359453737735748291e-01
1.366243809461593628e-01
1.172111928462982178e-01
1.734398156404495239e-01
1.486862450838088989e-01
1.583818346261978149e-01
2.595350742340087891e-01
2.286013364791870117e-01
1.715299487113952637e-01
1.035202518105506897e-01
6.707370281219482422e-02
6.958653032779693604e-02
8.713322877883911133e-02
1.247715875506401062e-01
1.544763296842575073e-01
1.359404772520065308e-01
2.468498498201370239e-01
1.420067250728607178e-01
8.705943077802658081e-02
8.603833615779876709e-02
9.854459762573242188e-02
7.637092471122741699e-02
7.597447931766510010e-02
1.007331758737564087e-01
1.796455681324005127e-01
2.468498498201370239e-01
2.468498498201370239e-01
1.792393177747726440e-01
1.132895350456237793e-01
6.610290706157684326e-02
2.072783857583999634e-01
2.140235751867294312e-01
2.324829846620559692e-01
1.860060691833496094e-01
2.468498498201370239e-01
2.468498498201370239e-01
9.067630767822265625e-02
1.111509799957275391e-01
1.053077206015586853e-01
1.548495143651962280e-01
1.909305155277252197e-01
2.166839241981506348e-01
2.468498498201370239e-01
2.192414700984954834e-01
1.155739128589630127e-01
3.733506798744201660e-02
5.264699459075927734e-02
6.222457438707351685e-02
6.126764044165611267e-02
8.846791088581085205e-02
1.676815152168273926e-01
2.409529089927673340e-01
1.312118768692016602e-01
7.096627354621887207e-02
4.616599157452583313e-02
4.545593634247779846e-02
7.021287828683853149e-02
8.635329455137252808e-02
1.073504835367202759e-01
2.089536935091018677e-01
2.714538574218750000e-01
2.792093157768249512e-01
1.719400435686111450e-01
3.578738495707511902e-02
1.269283741712570190e-01
9.176743775606155396e-02
1.576500087976455688e-01
1.493672728538513184e-01
2.031503021717071533e-01
2.792093157768249512e-01
2.792093157768249512e-01
1.108229160308837891e-01
6.541156768798828125e-02
1.823747903108596802e-01
1.125627309083938599e-01
1.788318008184432983e-01
1.849616914987564087e-01
2.792093157768249512e-01
2.792093157768249512e-01
1.186401471495628357e-01
1.006406769156455994e-01
1.262371540069580078e-01
6.352580338716506958e-02
9.902048110961914062e-02
1.026896834373474121e-01
1.041000559926033020e-01
1.611487120389938354e-01
2.067985385656356812e-01
1.374640017747879028e-01
1.569762825965881348e-01
1.468050032854080200e-01
4.794302582740783691e-02
5.282799899578094482e-02
6.834704428911209106e-02
8.615307509899139404e-02
8.109012991189956665e-02
1.660870462656021118e-01
2.655388414859771729e-01
1.797788292169570923e-01
1.675384193658828735e-01
1.112851276993751526e-01
1.353971213102340698e-01
2.632453143596649170e-01
2.403934895992279053e-01
2.655388414859771729e-01
2.655388414859771729e-01
2.655388414859771729e-01
2.655388414859771729e-01
1.320420801639556885e-01
1.121447607874870300e-01
7.005104422569274902e-02
1.361658275127410889e-01
1.263528168201446533e-01
1.616564691066741943e-01
2.655388414859771729e-01
1.925459802150726318e-01
2.030266672372817993e-01
9.365151822566986084e-02
7.343790680170059204e-02
8.473571389913558960e-02
7.844714075326919556e-02
7.300040125846862793e-02
8.402641862630844116e-02
1.470521837472915649e-01
2.211962789297103882e-01
1.677515208721160889e-01
1.035948023200035095e-01
9.686002135276794434e-02
1.127975508570671082e-01
1.696580201387405396e-01
1.485599875450134277e-01
1.848834306001663208e-01
1.577304452657699585e-01
2.697328925132751465e-01
2.697328925132751465e-01
7.604480534791946411e-02
1.336845606565475464e-01
1.079075857996940613e-01
1.011013984680175781e-01
6.197876855731010437e-02
1.326225250959396362e-01
2.697328925132751465e-01
2.697328925132751465e-01
2.672277390956878662e-01
1.418486237525939941e-01
1.281399130821228027e-01
1.259714961051940918e-01
1.677376478910446167e-01
1.458279341459274292e-01
1.836512684822082520e-01
2.697328925132751465e-01
2.108664363622665405e-01
9.469401091337203979e-02
1.221870779991149902e-01
6.804418563842773438e-02
8.055990934371948242e-02
1.618845760822296143e-01
1.218985691666603088e-01
1.789945065975189209e-01
1.677801012992858887e-01
2.298026084899902344e-01
9.866524487733840942e-02
9.550765901803970337e-02
8.414881676435470581e-02
9.061463922262191772e-02
1.460275948047637939e-01
7.749667763710021973e-02
1.522755771875381470e-01
1.698770225048065186e-01
2.865579426288604736e-01
1.481859833002090454e-01
1.291380375623703003e-01
5.387157201766967773e-02
7.324955612421035767e-02
1.275666058063507080e-01
1.746549010276794434e-01
2.505100071430206299e-01
2.865579426288604736e-01
2.865579426288604736e-01
8.171498030424118042e-02
8.718366175889968872e-02
5.369589105248451233e-02
7.598550617694854736e-02
1.523177921772003174e-01
1.921378523111343384e-01
2.865579426288604736e-01
2.865579426288604736e-01
1.947332620620727539e-01
1.101073250174522400e-01
8.638333529233932495e-02
1.050485968589782715e-01
1.050273701548576355e-01
9.031054377555847168e-02
1.151223555207252502e-01
1.384275406599044800e-01
2.177978157997131348e-01
1.733119338750839233e-01
1.133999899029731750e-01
6.352021545171737671e-02
8.243627846240997314e-02
8.138462156057357788e-02
9.520342200994491577e-02
1.403852105140686035e-01
1.674186289310455322e-01
2.792397737503051758e-01
2.792397737503051758e-01
8.993912488222122192e-02
7.327055186033248901e-02
5.976495891809463501e-02
9.503313153982162476e-02
1.717570424079895020e-01
2.165287435054779053e-01
2.792397737503051758e-01
2.792397737503051758e-01
2.074738144874572754e-01
1.389280855655670166e-01
3.825791552662849426e-02
5.295667052268981934e-02
1.209216415882110596e-01
1.481792926788330078e-01
1.974578797817230225e-01
2.792397737503051758e-01
2.792397737503051758e-01
1.001419723033905029e-01
1.046750918030738831e-01
1.265459507703781128e-01
7.799273729324340820e-02
1.250564157962799072e-01
1.672518253326416016e-01
1.054025441408157349e-01
1.012067198753356934e-01
5.399176850914955139e-02
1.527179032564163208e-01
1.761228144168853760e-01
1.842737793922424316e-01
1.435588747262954712e-01
1.158663034439086914e-01
1.569564640522003174e-01
7.623413950204849243e-02
8.663182705640792847e-02
1.751644462347030640e-01
1.086584106087684631e-01
1.315427124500274658e-01
1.839130967855453491e-01
1.530931293964385986e-01
1.640614569187164307e-01
1.920795887708663940e-01
1.057667210698127747e-01
9.037090837955474854e-02
6.209896132349967957e-02
2.443507760763168335e-01
2.443507760763168335e-01
2.443507760763168335e-01
2.443507760763168335e-01
2.443507760763168335e-01
2.443507760763168335e-01
2.173954099416732788e-01
2.387977093458175659e-01
2.443507760763168335e-01
8.041892200708389282e-02
8.408351242542266846e-02
9.285813570022583008e-02
8.084202557802200317e-02
6.283262372016906738e-02
4.483601823449134827e-02
4.140940681099891663e-02
4.547759518027305603e-02
9.798882901668548584e-02
1.231054663658142090e-01
1.138591989874839783e-01
1.325452923774719238e-01
1.074736341834068298e-01
9.622618556022644043e-02
7.588451355695724487e-02
5.199998989701271057e-02
8.228347450494766235e-02
1.287469416856765747e-01
2.483094930648803711e-01
2.483094930648803711e-01
2.030059248208999634e-01
2.293882071971893311e-01
2.207185178995132446e-01
1.368324309587478638e-01
1.298431009054183960e-01
1.514454334974288940e-01
1.961563527584075928e-01
2.483094930648803711e-01
2.483094930648803711e-01
2.190753966569900513e-01
2.067804783582687378e-01
2.483094930648803711e-01
2.370564341545104980e-01
1.818806678056716919e-01
2.483094930648803711e-01
2.483094930648803711e-01
9.363650530576705933e-02
1.156512424349784851e-01
8.435008674860000610e-02
7.056088745594024658e-02
8.373861014842987061e-02
7.310251146554946899e-02
5.244964361190795898e-02
6.121808663010597229e-02
9.113157540559768677e-02
1.418049931526184082e-01
1.459966301918029785e-01
1.488345116376876831e-01
1.083993911743164062e-01
1.205243319272994995e-01
4.925391450524330139e-02
1.214060634374618530e-01
1.964823752641677856e-01
1.182981431484222412e-01
2.574910223484039307e-01
2.574910223484039307e-01
2.120926380157470703e-01
9.857530891895294189e-02
1.431556642055511475e-01
1.504561305046081543e-01
1.164171397686004639e-01
1.749033182859420776e-01
2.047534435987472534e-01
2.574910223484039307e-01
2.574910223484039307e-01
2.574910223484039307e-01
1.314133107662200928e-01
1.655806005001068115e-01
1.319646686315536499e-01
2.574910223484039307e-01
2.574910223484039307e-01
2.574910223484039307e-01
1.535203307867050171e-01
1.067603230476379395e-01
8.826775103807449341e-02
1.007534638047218323e-01
5.565276369452476501e-02
3.683013096451759338e-02
9.575013816356658936e-02
1.358525604009628296e-01
1.207132190465927124e-01
1.956585198640823364e-01
1.900448948144912720e-01
1.186101958155632019e-01
1.036008298397064209e-01
3.786613419651985168e-02
8.239659667015075684e-02
1.087570860981941223e-01
1.469315588474273682e-01
1.811434924602508545e-01
2.588049173355102539e-01
1.112410649657249451e-01
1.181456074118614197e-01
9.672051668167114258e-02
7.994252443313598633e-02
1.493805199861526489e-01
2.588049173355102539e-01
2.588049173355102539e-01
2.588049173355102539e-01
2.588049173355102539e-01
1.562693268060684204e-01
1.357579827308654785e-01
1.574456393718719482e-01
6.346352398395538330e-02
2.286955416202545166e-01
2.588049173355102539e-01
2.588049173355102539e-01
2.588049173355102539e-01
2.247287482023239136e-01
1.438141018152236938e-01
1.463411003351211548e-01
1.149020120501518250e-01
6.751084327697753906e-02
6.426696479320526123e-02
1.029495969414710999e-01
1.443273127079010010e-01
1.775224655866622925e-01
2.418426573276519775e-01
1.709468662738800049e-01
7.888104766607284546e-02
1.131477877497673035e-01
9.208267927169799805e-02
1.152528002858161926e-01
1.172813102602958679e-01
1.232554689049720764e-01
2.042608559131622314e-01
2.165089249610900879e-01
8.799177408218383789e-02
1.639894098043441772e-01
2.241102308034896851e-01
1.091324239969253540e-01
1.396960318088531494e-01
2.418426573276519775e-01
2.418426573276519775e-01
2.418426573276519775e-01
2.418426573276519775e-01
7.109382748603820801e-02
9.334361553192138672e-02
1.200464069843292236e-01
1.210650727152824402e-01
1.433678418397903442e-01
2.085732370615005493e-01
2.418426573276519775e-01
2.418426573276519775e-01
2.446734458208084106e-01
2.446734458208084106e-01
8.092236518859863281e-02
9.356169402599334717e-02
7.485821098089218140e-02
1.467065066099166870e-01
7.077779620885848999e-02
1.441682428121566772e-01
2.446734458208084106e-01
2.446734458208084106e-01
2.446734458208084106e-01
1.807721853256225586e-01
1.582700312137603760e-01
9.140420705080032349e-02
7.968733459711074829e-02
1.005255356431007385e-01
1.970940083265304565e-01
2.306630164384841919e-01
2.446734458208084106e-01
1.108549758791923523e-01
1.275871396064758301e-01
7.952287048101425171e-02
8.991181850433349609e-02
1.298132389783859253e-01
1.226122304797172546e-01
1.759046018123626709e-01
2.446734458208084106e-01
2.446734458208084106e-01
1.385248005390167236e-01
2.018501162528991699e-01
1.423217058181762695e-01
1.116534247994422913e-01
1.139588579535484314e-01
6.994925439357757568e-02
1.373913437128067017e-01
2.015148103237152100e-01
2.294545620679855347e-01
2.086736410856246948e-01
1.749081313610076904e-01
1.603698581457138062e-01
1.297187954187393188e-01
9.880233556032180786e-02
9.620554000139236450e-02
2.160656005144119263e-01
1.715955287218093872e-01
2.294545620679855347e-01
2.114346772432327271e-01
1.566902548074722290e-01
1.040904745459556580e-01
9.527909755706787109e-02
6.919569522142410278e-02
6.800930202007293701e-02
1.688735336065292358e-01
2.120582759380340576e-01
2.294545620679855347e-01
1.488941907882690430e-01
2.223513126373291016e-01
1.148012727499008179e-01
1.451648622751235962e-01
1.283449977636337280e-01
6.808522343635559082e-02
1.412988901138305664e-01
1.395922005176544189e-01
2.294545620679855347e-01
2.294545620679855347e-01
2.294545620679855347e-01
7.776430249214172363e-02
9.365949034690856934e-02
6.626161187887191772e-02
8.355295658111572266e-02
2.294545620679855347e-01
2.294545620679855347e-01
2.504575550556182861e-01
1.288654059171676636e-01
1.229625269770622253e-01
6.142088770866394043e-02
1.974390447139739990e-02
2.474876493215560913e-02
8.722097426652908325e-02
2.357949763536453247e-01
2.504575550556182861e-01
2.383522391319274902e-01
1.223497092723846436e-01
5.700234323740005493e-02
5.359631404280662537e-02
8.122731000185012817e-02
2.896707132458686829e-02
6.646224111318588257e-02
2.504575550556182861e-01
2.504575550556182861e-01
2.504575550556182861e-01
2.504575550556182861e-01
1.738476753234863281e-01
4.542270302772521973e-02
1.326289959251880646e-02
2.116820961236953735e-02
9.638529270887374878e-02
2.504575550556182861e-01
2.504575550556182861e-01
2.113264203071594238e-01
2.259572446346282959e-01
1.541696488857269287e-01
4.708462208509445190e-02
3.604168072342872620e-02
5.382599309086799622e-02
1.124492436647415161e-01
2.504575550556182861e-01
2.504575550556182861e-01
1.856004744768142700e-01
1.713224351406097412e-01
8.444180339574813843e-02
9.844113141298294067e-02
1.536985933780670166e-01
4.476511478424072266e-02
2.647221088409423828e-02
1.584075838327407837e-01
2.378746271133422852e-01
2.378746271133422852e-01
2.378746271133422852e-01
2.143735289573669434e-01
2.230898886919021606e-01
1.753309369087219238e-01
1.044303625822067261e-01
1.611578464508056641e-01
1.404196918010711670e-01
2.378746271133422852e-01
7.878097146749496460e-02
1.041689217090606689e-01
8.240168541669845581e-02
4.482796415686607361e-02
8.281688392162322998e-02
4.544462263584136963e-02
5.370188131928443909e-02
2.378746271133422852e-01
2.378746271133422852e-01
1.304666697978973389e-01
1.535552293062210083e-01
1.143184900283813477e-01
1.831213980913162231e-01
1.739429235458374023e-01
1.753796786069869995e-01
2.378746271133422852e-01
2.096754163503646851e-01
2.378746271133422852e-01
2.461024969816207886e-01
2.461024969816207886e-01
1.461789906024932861e-01
1.213306337594985962e-01
5.316272005438804626e-02
5.977672338485717773e-02
1.536832153797149658e-01
8.238425105810165405e-02
1.201992779970169067e-01
2.461024969816207886e-01
2.461024969816207886e-01
8.139491826295852661e-02
5.500793084502220154e-02
3.380891308188438416e-02
5.244139209389686584e-02
1.039512604475021362e-01
1.233389824628829956e-01
2.461024969816207886e-01
1.311363428831100464e-01
1.750568896532058716e-01
1.047414541244506836e-01
1.401382982730865479e-01
1.919076740741729736e-01
2.461024969816207886e-01
2.461024969816207886e-01
7.841712236404418945e-02
6.422742456197738647e-02
2.454611659049987793e-01
1.593851149082183838e-01
6.941466033458709717e-02
7.242128252983093262e-02
1.935744136571884155e-01
2.389687448740005493e-01
2.454396933317184448e-01
1.000704690814018250e-01
2.461024969816207886e-01
2.708400785923004150e-01
7.466077804565429688e-02
1.175727508962154388e-02
4.552092030644416809e-02
2.648981660604476929e-02
6.935400515794754028e-02
1.059517860412597656e-01
1.791800856590270996e-01
2.708400785923004150e-01
1.924764215946197510e-01
4.482533410191535950e-02
3.764184191823005676e-02
8.124732971191406250e-02
8.225806802511215210e-02
1.215151473879814148e-01
2.312167733907699585e-01
2.503142058849334717e-01
2.708400785923004150e-01
1.393619626760482788e-01
4.256671667098999023e-02
4.083361104130744934e-02
2.818472497165203094e-02
8.062291890382766724e-02
8.738182485103607178e-02
1.521599292755126953e-01
1.908663064241409302e-01
2.708400785923004150e-01
1.358211040496826172e-01
7.076583057641983032e-02
1.202102303504943848e-01
5.546163022518157959e-02
2.010998129844665527e-01
2.522376775741577148e-01
2.708400785923004150e-01
2.708400785923004150e-01
2.708400785923004150e-01
2.197455167770385742e-01
9.330619126558303833e-02
7.976900041103363037e-02
9.212522953748703003e-02
9.579274058341979980e-02
1.189483180642127991e-01
1.591612547636032104e-01
1.396865993738174438e-01
1.478522866964340210e-01
2.197455167770385742e-01
1.649186164140701294e-01
8.241712301969528198e-02
1.614690870046615601e-01
6.827825307846069336e-02
7.312470674514770508e-02
8.997339755296707153e-02
1.197354272007942200e-01
2.161983847618103027e-01
2.197455167770385742e-01
1.877960711717605591e-01
1.729370355606079102e-01
1.120662167668342590e-01
1.881475895643234253e-01
2.147554904222488403e-01
2.197455167770385742e-01
2.197455167770385742e-01
2.197455167770385742e-01
2.197455167770385742e-01
2.009354978799819946e-01
1.471636742353439331e-01
2.102569341659545898e-01
1.223389804363250732e-01
1.248383969068527222e-01
2.053320109844207764e-01
1.698913574218750000e-01
1.997158676385879517e-01
2.310543060302734375e-01
1.859301775693893433e-01
5.541153252124786377e-02
1.224730983376502991e-01
1.630026549100875854e-01
1.461700201034545898e-01
1.383469402790069580e-01
1.236144602298736572e-01
2.310543060302734375e-01
2.310543060302734375e-01
1.572164744138717651e-01
4.361710697412490845e-02
1.793546415865421295e-02
8.787637948989868164e-02
1.189005523920059204e-01
1.764494776725769043e-01
1.380217224359512329e-01
2.310543060302734375e-01
2.310543060302734375e-01
1.462761014699935913e-01
1.181391254067420959e-01
1.952664703130722046e-01
2.085206359624862671e-01
2.007663697004318237e-01
2.310543060302734375e-01
1.812511533498764038e-01
1.951479315757751465e-01
1.687750667333602905e-01
9.999878704547882080e-02
5.360483005642890930e-02
3.096123598515987396e-02
8.549997210502624512e-02
1.231894046068191528e-01
2.310543060302734375e-01
2.088368982076644897e-01
2.310543060302734375e-01
2.526342570781707764e-01
9.286502748727798462e-02
3.967702016234397888e-02
1.048998069018125534e-02
5.299104005098342896e-02
1.013894975185394287e-01
2.090062350034713745e-01
1.922936886548995972e-01
2.526342570781707764e-01
2.526342570781707764e-01
3.469395264983177185e-02
2.297555655241012573e-02
5.119854956865310669e-02
1.287550479173660278e-01
2.044378817081451416e-01
2.262377738952636719e-01
2.526342570781707764e-01
2.526342570781707764e-01
2.076065689325332642e-01
6.879941374063491821e-02
4.074307158589363098e-02
1.518926769495010376e-02
4.360532760620117188e-02
7.081810384988784790e-02
2.127087563276290894e-01
2.526342570781707764e-01
2.526342570781707764e-01
2.526342570781707764e-01
1.087715923786163330e-01
6.352478265762329102e-02
1.002498716115951538e-01
1.099419817328453064e-01
1.069329977035522461e-01
1.219660937786102295e-01
1.972113400697708130e-01
2.526342570781707764e-01
2.227167934179306030e-01
5.807370319962501526e-02
5.210754275321960449e-02
5.390813574194908142e-02
9.561514854431152344e-02
2.300654798746109009e-01
2.450197935104370117e-01
2.477814704179763794e-01
2.477814704179763794e-01
7.946491241455078125e-02
5.741914361715316772e-02
3.729928657412528992e-02
2.252097427845001221e-02
5.837350338697433472e-02
1.774022430181503296e-01
2.477814704179763794e-01
2.477814704179763794e-01
2.477814704179763794e-01
2.477814704179763794e-01
2.140220999717712402e-01
1.173299849033355713e-01
1.142471358180046082e-01
1.095384135842323303e-01
1.541621237993240356e-01
1.296546161174774170e-01
1.896723061800003052e-01
1.466515213251113892e-01
1.232979968190193176e-01
1.762566715478897095e-01
1.207505017518997192e-01
9.990847855806350708e-02
7.704889029264450073e-02
1.488010734319686890e-01
1.878390312194824219e-01
2.477814704179763794e-01
1.542306542396545410e-01
8.491209149360656738e-02
9.012597054243087769e-02
1.266667693853378296e-01
1.445171386003494263e-01
1.489508152008056641e-01
1.068232357501983643e-01
8.112755417823791504e-02
1.118628829717636108e-01
7.565436512231826782e-02
2.202010899782180786e-01
2.225817739963531494e-01
2.225817739963531494e-01
2.225817739963531494e-01
2.225817739963531494e-01
1.796342283487319946e-01
2.225817739963531494e-01
2.225817739963531494e-01
1.413539201021194458e-01
7.912670820951461792e-02
1.101732999086380005e-01
8.399267494678497314e-02
2.077859342098236084e-01
1.797311753034591675e-01
1.002433449029922485e-01
1.067111715674400330e-01
1.457448899745941162e-01
1.471877396106719971e-01
1.156312674283981323e-01
2.218015491962432861e-01
1.513976156711578369e-01
2.225817739963531494e-01
2.169176638126373291e-01
2.214433699846267700e-01
2.153658121824264526e-01
1.758990585803985596e-01
1.240375638008117676e-01
2.123802304267883301e-01
2.355170249938964844e-01
1.265465468168258667e-01
1.639089733362197876e-01
1.268737316131591797e-01
1.054136902093887329e-01
2.040435075759887695e-01
1.513874232769012451e-01
1.269029229879379272e-01
2.373149842023849487e-01
2.373149842023849487e-01
1.248394846916198730e-01
1.450423598289489746e-01
2.373149842023849487e-01
2.373149842023849487e-01
2.373149842023849487e-01
2.263773530721664429e-01
2.373149842023849487e-01
8.090248703956604004e-02
1.143203601241111755e-01
7.210274040699005127e-02
7.620289176702499390e-02
7.067169994115829468e-02
1.083158180117607117e-01
1.454311907291412354e-01
8.219173550605773926e-02
8.499898761510848999e-02
2.300496697425842285e-01
1.347847133874893188e-01
8.919794112443923950e-02
6.792205572128295898e-02
1.198218017816543579e-01
1.872664988040924072e-01
1.645069122314453125e-01
1.469220370054244995e-01
2.373149842023849487e-01
2.307113856077194214e-01
2.307113856077194214e-01
1.332131624221801758e-01
8.951692283153533936e-02
1.294285655021667480e-01
1.856371164321899414e-01
1.354732960462570190e-01
1.551770865917205811e-01
2.307113856077194214e-01
2.307113856077194214e-01
1.391388922929763794e-01
1.569456756114959717e-01
1.503646224737167358e-01
1.766479015350341797e-01
1.685038954019546509e-01
2.307113856077194214e-01
2.307113856077194214e-01
2.307113856077194214e-01
2.212063521146774292e-01
7.637977600097656250e-02
8.054885268211364746e-02
5.106234550476074219e-02
1.027842313051223755e-01
1.304172128438949585e-01
7.555006444454193115e-02
1.181968450546264648e-01
2.307113856077194214e-01
2.041414231061935425e-01
5.438060313463211060e-02
8.837440609931945801e-02
9.826714545488357544e-02
1.400190591812133789e-01
1.246747151017189026e-01
1.558205634355545044e-01
2.009997367858886719e-01
2.307113856077194214e-01
2.226116359233856201e-01
8.263017237186431885e-02
9.925394505262374878e-02
8.612702786922454834e-02
1.061539724469184875e-01
2.282004505395889282e-01
2.401037514209747314e-01
2.401037514209747314e-01
2.401037514209747314e-01
2.401037514209747314e-01
1.101176813244819641e-01
1.774773448705673218e-01
2.401037514209747314e-01
1.111980527639389038e-01
2.401037514209747314e-01
2.401037514209747314e-01
2.401037514209747314e-01
2.401037514209747314e-01
1.565130650997161865e-01
6.753807514905929565e-02
8.487243205308914185e-02
4.755251482129096985e-02
7.708774507045745850e-02
1.140417605638504028e-01
1.025064736604690552e-01
1.107892915606498718e-01
1.913506984710693359e-01
2.086050063371658325e-01
9.360925853252410889e-02
1.073112338781356812e-01
1.015147194266319275e-01
9.752695262432098389e-02
1.078402921557426453e-01
6.193103641271591187e-02
1.103301718831062317e-01
2.401037514209747314e-01
1.847658157348632812e-01
7.168273627758026123e-02
1.674884110689163208e-01
2.695535421371459961e-01
1.142562627792358398e-01
9.275281429290771484e-02
1.713732481002807617e-01
2.695535421371459961e-01
2.695535421371459961e-01
2.518264353275299072e-01
6.143445149064064026e-02
6.927606463432312012e-02
7.385493069887161255e-02
5.180099606513977051e-02
5.032386258244514465e-02
1.356820762157440186e-01
2.695535421371459961e-01
2.695535421371459961e-01
2.074718624353408813e-01
7.680597901344299316e-02
7.948493957519531250e-02
1.034813597798347473e-01
5.886784568428993225e-02
2.904913015663623810e-02
5.544223636388778687e-02
1.870683878660202026e-01
2.695535421371459961e-01
1.989682018756866455e-01
8.008100837469100952e-02
4.293187707662582397e-02
2.955309115350246429e-02
2.116508781909942627e-02
4.559786617755889893e-02
1.923935860395431519e-01
2.695535421371459961e-01
2.695535421371459961e-01
2.615354657173156738e-01
7.891682535409927368e-02
7.881611585617065430e-02
1.364735607057809830e-02
3.046944551169872284e-02
4.909397661685943604e-02
1.077960580587387085e-01
2.336198538541793823e-01
2.664635181427001953e-01
1.775648295879364014e-01
1.135580688714981079e-01
1.097349002957344055e-01
4.113600030541419983e-02
5.006003752350807190e-02
7.792842388153076172e-02
5.396866798400878906e-02
1.082841530442237854e-01
1.399039626121520996e-01
1.743662506341934204e-01
1.128401756286621094e-01
5.622132867574691772e-02
3.037481755018234253e-02
3.388671576976776123e-02
1.142885312438011169e-01
2.809216976165771484e-01
2.809216976165771484e-01
2.809216976165771484e-01
2.809216976165771484e-01
2.809216976165771484e-01
1.309722959995269775e-01
3.990875929594039917e-02
6.496098637580871582e-02
1.414492279291152954e-01
1.336192637681961060e-01
2.809216976165771484e-01
2.809216976165771484e-01
1.244845464825630188e-01
4.976915940642356873e-02
7.658486813306808472e-02
3.402781486511230469e-02
5.890204384922981262e-02
6.208994239568710327e-02
4.060041904449462891e-02
5.863597989082336426e-02
9.795106947422027588e-02
3.051292896270751953e-01
2.043395936489105225e-01
8.497979491949081421e-02
8.934701234102249146e-02
1.126964092254638672e-01
4.388890042901039124e-02
9.249373525381088257e-02
1.595780104398727417e-01
2.542050778865814209e-01
3.127202689647674561e-01
1.562484949827194214e-01
8.508452028036117554e-02
2.649932727217674255e-02
5.301932245492935181e-02
4.841945320367813110e-02
3.196173161268234253e-02
9.960371255874633789e-02
3.127202689647674561e-01
3.127202689647674561e-01
2.613529264926910400e-01
1.650568991899490356e-01
1.194039061665534973e-01
1.373160630464553833e-01
7.077204436063766479e-02
1.697278320789337158e-01
2.905779778957366943e-01
3.127202689647674561e-01
2.470387071371078491e-01
2.470387071371078491e-01
1.023020520806312561e-01
7.832065224647521973e-02
7.126716524362564087e-02
1.982131972908973694e-02
8.948793262243270874e-02
1.391646862030029297e-01
2.470387071371078491e-01
9.811326116323471069e-02
2.155383676290512085e-01
1.550959944725036621e-01
6.626243144273757935e-02
3.451463207602500916e-02
3.433869406580924988e-02
7.292870432138442993e-02
1.125916242599487305e-01
1.237901225686073303e-01
2.470387071371078491e-01
2.470387071371078491e-01
2.013485729694366455e-01
1.279471665620803833e-01
1.077422276139259338e-01
9.092003852128982544e-02
2.088828533887863159e-01
2.470387071371078491e-01
2.470387071371078491e-01
2.470387071371078491e-01
2.470387071371078491e-01
2.243233621120452881e-01
9.922116249799728394e-02
5.213737115263938904e-02
6.079510599374771118e-02
1.340209692716598511e-01
1.123589724302291870e-01
2.470387071371078491e-01
2.891774289309978485e-02
1.504976898431777954e-01
1.312950849533081055e-01
9.843049943447113037e-02
5.279552191495895386e-02
6.536018848419189453e-02
6.398610025644302368e-02
1.604280620813369751e-01
9.634390473365783691e-02
1.200125291943550110e-01
1.720209568738937378e-01
1.750099509954452515e-01
8.749481290578842163e-02
1.165627539157867432e-01
1.506465673446655273e-01
1.178267300128936768e-01
1.261306852102279663e-01
1.143180429935455322e-01
2.840160131454467773e-01
2.616347968578338623e-01
2.021938711404800415e-01
1.813730895519256592e-01
4.636479541659355164e-02
3.585543856024742126e-02
7.543517649173736572e-02
9.617061167955398560e-02
2.780503034591674805e-01
2.840160131454467773e-01
2.840160131454467773e-01
2.840160131454467773e-01
2.487035244703292847e-01
9.368182718753814697e-02
2.844389528036117554e-02
4.886727035045623779e-02
1.551970690488815308e-01
2.840160131454467773e-01
1.004866361618041992e-01
1.027413904666900635e-01
8.970734477043151855e-02
6.797214597463607788e-02
2.229118794202804565e-01
2.577793598175048828e-01
2.577793598175048828e-01
5.556072667241096497e-02
9.155967086553573608e-02
1.490979194641113281e-01
5.605835095047950745e-02
3.347302600741386414e-02
6.627065688371658325e-02
2.340767830610275269e-01
2.577793598175048828e-01
2.577793598175048828e-01
1.337069720029830933e-01
2.472133487462997437e-01
2.577793598175048828e-01
1.891170144081115723e-01
1.890847086906433105e-01
7.788964360952377319e-02
7.200106978416442871e-02
6.663586944341659546e-02
1.116300150752067566e-01
1.197518035769462585e-01
2.577793598175048828e-01
2.577793598175048828e-01
9.109113365411758423e-02
4.071709886193275452e-02
5.982183292508125305e-02
6.468311697244644165e-02
8.143389970064163208e-02
1.809433102607727051e-01
1.886033415794372559e-01
2.577793598175048828e-01
2.696103155612945557e-01
6.590186804533004761e-02
3.090570680797100067e-02
3.025811724364757538e-02
8.059504628181457520e-02
6.143449991941452026e-02
1.300103366374969482e-01
1.323780715465545654e-01
2.792979776859283447e-01
2.792979776859283447e-01
1.920285522937774658e-01
1.420662403106689453e-01
7.008677721023559570e-02
1.672443002462387085e-01
1.336028277873992920e-01
2.470737993717193604e-01
1.749194860458374023e-01
2.792979776859283447e-01
2.792979776859283447e-01
1.128692477941513062e-01
1.563203893601894379e-02
2.534672431647777557e-02
2.755352295935153961e-02
2.158048003911972046e-02
6.027149781584739685e-02
1.384839415550231934e-01
2.792979776859283447e-01
2.792979776859283447e-01
2.538947165012359619e-01
1.162522360682487488e-01
6.956502050161361694e-02
4.607664793729782104e-02
1.872462406754493713e-02
3.248813375830650330e-02
6.417028605937957764e-02
2.792979776859283447e-01
2.350007742643356323e-01
2.350007742643356323e-01
2.295093536376953125e-01
1.276348680257797241e-01
1.272773742675781250e-01
1.312740743160247803e-01
1.975259035825729370e-01
1.413360685110092163e-01
2.350007742643356323e-01
2.158753424882888794e-01
2.008027732372283936e-01
1.519915759563446045e-01
1.705754250288009644e-01
7.862605154514312744e-02
7.996514439582824707e-02
1.425277441740036011e-01
1.088043451309204102e-01
1.813612580299377441e-01
2.350007742643356323e-01
1.889376938343048096e-01
2.011689841747283936e-01
1.521641314029693604e-01
6.128033995628356934e-02
2.379740215837955475e-02
5.202102288603782654e-02
9.694679826498031616e-02
2.350007742643356323e-01
2.350007742643356323e-01
1.551589220762252808e-01
1.192838251590728760e-01
1.655389964580535889e-01
8.361333608627319336e-02
3.852689638733863831e-02
1.060066670179367065e-01
1.782572865486145020e-01
2.350007742643356323e-01
1.204403713345527649e-01
8.664797246456146240e-02
7.375188171863555908e-02
9.081228077411651611e-02
6.261069327592849731e-02
6.730974465608596802e-02
1.388293355703353882e-01
1.522204428911209106e-01
1.162160038948059082e-01
1.236454322934150696e-01
5.581993982195854187e-02
5.488735809922218323e-02
3.224803879857063293e-02
4.162770509719848633e-02
3.824029490351676941e-02
9.214030206203460693e-02
1.350238621234893799e-01
1.278423517942428589e-01
3.021033704280853271e-01
2.798578739166259766e-01
9.587200731039047241e-02
5.975102633237838745e-02
4.941366240382194519e-02
4.958038404583930969e-02
1.711402833461761475e-01
3.007113635540008545e-01
3.021033704280853271e-01
3.021033704280853271e-01
3.021033704280853271e-01
2.429908365011215210e-01
3.962260112166404724e-02
2.766044065356254578e-02
4.493147134780883789e-02
1.160483211278915405e-01
2.815436124801635742e-01
3.021033704280853271e-01
1.930206418037414551e-01
6.718651950359344482e-02
4.940628260374069214e-02
4.663686081767082214e-02
3.078822046518325806e-02
1.434575300663709641e-02
8.771937340497970581e-02
2.053869962692260742e-01
2.368967980146408081e-01
2.354477643966674805e-01
1.167039871215820312e-01
6.724232435226440430e-02
7.947058975696563721e-02
4.780149087309837341e-02
2.161013521254062653e-02
4.896176233887672424e-02
1.328700631856918335e-01
1.938767433166503906e-01
3.098792731761932373e-01
2.709161639213562012e-01
2.842104732990264893e-01
7.862031459808349609e-02
9.165557473897933960e-02
1.443039774894714355e-01
1.026204600930213928e-01
3.098792731761932373e-01
3.098792731761932373e-01
1.556463837623596191e-01
1.493976563215255737e-01
1.256157904863357544e-01
9.830205887556076050e-02
1.051909103989601135e-01
1.255042254924774170e-01
9.094112366437911987e-02
1.764564365148544312e-01
2.769207954406738281e-01
2.300508022308349609e-01
2.300508022308349609e-01
1.618555337190628052e-01
1.566742211580276489e-01
9.982732683420181274e-02
7.263642549514770508e-02
9.598141908645629883e-02
1.141919419169425964e-01
1.766827255487442017e-01
2.044073492288589478e-01
2.300508022308349609e-01
1.879256516695022583e-01
2.212965339422225952e-01
1.069655790925025940e-01
5.170021206140518188e-02
1.032717600464820862e-01
1.366855353116989136e-01
1.277328431606292725e-01
2.300508022308349609e-01
2.300508022308349609e-01
1.714872717857360840e-01
2.300508022308349609e-01
9.226259589195251465e-02
6.894877552986145020e-02
1.047896221280097961e-01
1.345546096563339233e-01
1.579001247882843018e-01
2.300508022308349609e-01
1.889251619577407837e-01
1.708512157201766968e-01
2.300508022308349609e-01
1.365317553281784058e-01
7.194449752569198608e-02
1.521786302328109741e-01
1.407086998224258423e-01
2.016458213329315186e-01
8.514118939638137817e-02
1.553209424018859863e-01
1.112692654132843018e-01
2.201098650693893433e-01
1.322343796491622925e-01
8.483340591192245483e-02
1.345546394586563110e-01
1.397398263216018677e-01
1.347548514604568481e-01
9.015139192342758179e-02
1.718134582042694092e-01
1.740613132715225220e-01
2.201098650693893433e-01
2.079432606697082520e-01
2.163864672183990479e-01
1.897086948156356812e-01
1.397845447063446045e-01
1.642010658979415894e-01
1.816918700933456421e-01
1.739176213741302490e-01
1.407579481601715088e-01
1.281445622444152832e-01
1.077513024210929871e-01
2.102491110563278198e-01
2.201098650693893433e-01
1.865967512130737305e-01
9.663356095552444458e-02
8.867325633764266968e-02
1.970223039388656616e-01
1.613488197326660156e-01
1.327669769525527954e-01
1.627163887023925781e-01
2.201098650693893433e-01
2.201098650693893433e-01
2.201098650693893433e-01
1.615563482046127319e-01
9.067130833864212036e-02
1.082899719476699829e-01
9.548838436603546143e-02
1.165922507643699646e-01
1.758839935064315796e-01
2.148925065994262695e-01
1.536170542240142822e-01
1.248902752995491028e-01
1.123943030834197998e-01
2.148925065994262695e-01
1.266197860240936279e-01
1.660935878753662109e-01
1.371287852525711060e-01
1.994290053844451904e-01
1.808984130620956421e-01
1.075766384601593018e-01
1.870935112237930298e-01
2.148925065994262695e-01
8.054398000240325928e-02
1.150796040892601013e-01
1.141781881451606750e-01
9.645927697420120239e-02
1.965298056602478027e-01
2.148925065994262695e-01
2.148925065994262695e-01
2.148925065994262695e-01
1.331776827573776245e-01
2.044699788093566895e-01
1.180391609668731689e-01
1.533548533916473389e-01
1.746682077646255493e-01
2.148925065994262695e-01
2.148925065994262695e-01
1.447216123342514038e-01
2.148925065994262695e-01
2.148925065994262695e-01
1.821434944868087769e-01
6.719759106636047363e-02
1.851529479026794434e-01
7.682332396507263184e-02
1.868152618408203125e-01
1.664790213108062744e-01
8.335529267787933350e-02
1.532118618488311768e-01
2.292886525392532349e-01
2.080659568309783936e-01
1.345447152853012085e-01
2.303077280521392822e-01
1.127892136573791504e-01
2.303077280521392822e-01
1.917248964309692383e-01
1.398229002952575684e-01
1.610356569290161133e-01
2.278736531734466553e-01
1.078697666525840759e-01
6.461739540100097656e-02
1.212116032838821411e-01
1.013375371694564819e-01
1.284479200839996338e-01
1.317109316587448120e-01
1.471428871154785156e-01
1.457940489053726196e-01
1.814564317464828491e-01
1.585020422935485840e-01
1.342639029026031494e-01
2.303077280521392822e-01
8.510418236255645752e-02
2.303077280521392822e-01
1.368357390165328979e-01
2.303077280521392822e-01
2.303077280521392822e-01
1.676616370677947998e-01
1.304041743278503418e-01
1.767597943544387817e-01
2.352210581302642822e-01
4.362112283706665039e-02
8.933398127555847168e-02
4.667699337005615234e-02
6.559662520885467529e-02
5.936361104249954224e-02
1.091653779149055481e-01
2.352210581302642822e-01
1.972192823886871338e-01
1.625103950500488281e-01
6.832594424486160278e-02
1.830184906721115112e-01
7.160970568656921387e-02
4.939199611544609070e-02
1.016299575567245483e-01
2.352210581302642822e-01
1.618189513683319092e-01
1.497778445482254028e-01
2.352210581302642822e-01
3.221125155687332153e-02
1.673598289489746094e-01
4.803125187754631042e-02
2.352210581302642822e-01
2.201911658048629761e-01
1.277670860290527344e-01
2.352210581302642822e-01
1.385286450386047363e-01
2.013611644506454468e-01
8.620643615722656250e-02
2.352210581302642822e-01
1.760386824607849121e-01
2.352210581302642822e-01
2.352210581302642822e-01
2.352210581302642822e-01
2.416768074035644531e-01
1.004776209592819214e-01
3.992632403969764709e-02
7.686029374599456787e-02
1.535414159297943115e-01
4.921185970306396484e-02
6.323314458131790161e-02
1.253278255462646484e-01
2.416768074035644531e-01
1.926491111516952515e-01
9.448085725307464600e-02
5.508497357368469238e-02
6.414899230003356934e-02
1.048552170395851135e-01
9.016349911689758301e-02
1.591981053352355957e-01
2.416768074035644531e-01
2.416768074035644531e-01
2.416768074035644531e-01
8.718589693307876587e-02
1.181288212537765503e-01
9.948551654815673828e-02
2.416768074035644531e-01
1.949947029352188110e-01
1.333867013454437256e-01
2.416768074035644531e-01
2.416768074035644531e-01
2.416768074035644531e-01
1.215128153562545776e-01
6.773544102907180786e-02
9.330166876316070557e-02
1.762865632772445679e-01
1.767660677433013916e-01
1.345844715833663940e-01
2.383010983467102051e-01
2.416768074035644531e-01
2.061554193496704102e-01
1.023458093404769897e-01
6.621076911687850952e-02
7.124963402748107910e-02
5.676228553056716919e-02
9.923961758613586426e-02
1.200510486960411072e-01
2.065065801143646240e-01
2.685350179672241211e-01
2.685350179672241211e-01
2.598481476306915283e-01
1.506500542163848877e-01
9.626282006502151489e-02
5.947288498282432556e-02
9.093222767114639282e-02
6.690181791782379150e-02
1.545085906982421875e-01
2.685350179672241211e-01
2.685350179672241211e-01
1.452515572309494019e-01
7.602553069591522217e-02
8.762940019369125366e-02
9.084565937519073486e-02
1.238698661327362061e-01
7.720448076725006104e-02
9.536609053611755371e-02
2.685350179672241211e-01
2.685350179672241211e-01
2.223937362432479858e-01
1.608771085739135742e-01
1.196096688508987427e-01
7.830736041069030762e-02
8.818094432353973389e-02
1.103954538702964783e-01
1.771667003631591797e-01
2.685350179672241211e-01
2.764475643634796143e-01
1.896445900201797485e-01
1.126515492796897888e-01
4.646233469247817993e-02
5.201383307576179504e-02
4.797758534550666809e-02
2.874441072344779968e-02
1.335981041193008423e-01
2.764475643634796143e-01
2.764475643634796143e-01
1.408611536026000977e-01
1.188201755285263062e-01
5.071061849594116211e-02
4.552802070975303650e-02
4.159542173147201538e-02
6.722156703472137451e-02
2.292763739824295044e-01
2.764475643634796143e-01
2.319309115409851074e-01
2.547173798084259033e-01
1.621605008840560913e-01
8.498493582010269165e-02
7.178499549627304077e-02
7.169302552938461304e-02
8.659441024065017700e-02
2.092670947313308716e-01
2.764475643634796143e-01
2.197847664356231689e-01
2.299119234085083008e-01
1.789725422859191895e-01
8.182143419981002808e-02
5.366806313395500183e-02
7.131535559892654419e-02
8.504471927881240845e-02
1.512895524501800537e-01
2.268268167972564697e-01
2.629184722900390625e-01
1.523909866809844971e-01
1.394524872303009033e-01
8.321874588727951050e-02
7.485056668519973755e-02
9.991532564163208008e-02
1.464572101831436157e-01
2.146098464727401733e-01
2.629184722900390625e-01
2.629184722900390625e-01
1.658837795257568359e-01
1.254117488861083984e-01
6.479487568140029907e-02
5.447365343570709229e-02
8.575904369354248047e-02
1.646464169025421143e-01
1.296933889389038086e-01
2.629184722900390625e-01
2.629184722900390625e-01
1.762587279081344604e-01
1.619288623332977295e-01
8.837213367223739624e-02
9.260167926549911499e-02
1.158693805336952209e-01
1.098115071654319763e-01
9.225519001483917236e-02
2.288090884685516357e-01
2.629184722900390625e-01
2.603755891323089600e-01
1.442349851131439209e-01
7.726611196994781494e-02
7.882382720708847046e-02
8.415817469358444214e-02
1.330514252185821533e-01
7.311546802520751953e-02
2.393693178892135620e-01
3.082205057144165039e-01
1.631951928138732910e-01
8.840222656726837158e-02
6.692226231098175049e-02
2.376567944884300232e-02
1.857041753828525543e-02
6.939620524644851685e-02
9.084711223840713501e-02
3.082205057144165039e-01
3.082205057144165039e-01
1.859652996063232422e-01
1.313608139753341675e-01
1.104863509535789490e-01
4.346545040607452393e-02
1.403509546071290970e-02
4.274431243538856506e-02
2.022900283336639404e-01
3.082205057144165039e-01
3.082205057144165039e-01
2.120620757341384888e-01
9.145610779523849487e-02
3.603350743651390076e-02
2.251318097114562988e-02
2.730822004377841949e-02
6.719265133142471313e-02
5.548745021224021912e-02
2.454198449850082397e-01
3.082205057144165039e-01
1.360968351364135742e-01
3.871963545680046082e-02
2.169369347393512726e-02
2.386321313679218292e-02
3.637159615755081177e-02
6.466788798570632935e-02
1.536878347396850586e-01
3.020577430725097656e-01
3.253407478332519531e-01
9.025775641202926636e-02
6.800767779350280762e-02
4.565227776765823364e-02
2.414733543992042542e-02
1.101567316800355911e-02
2.551488950848579407e-02
1.766774505376815796e-01
3.253407478332519531e-01
3.253407478332519531e-01
6.179144605994224548e-02
2.858451753854751587e-02
3.038375452160835266e-02
1.548128016293048859e-02
1.390063483268022537e-02
1.747628115117549896e-02
2.013461887836456299e-01
3.253407478332519531e-01
2.751675248146057129e-01
7.588165998458862305e-02
2.549664303660392761e-02
1.953301392495632172e-02
2.604156173765659332e-02
3.126928955316543579e-02
5.659986287355422974e-02
1.337362974882125854e-01
3.253407478332519531e-01
3.253407478332519531e-01
8.665848523378372192e-02
4.159235954284667969e-02
2.210771292448043823e-02
1.696982793509960175e-02
3.963385894894599915e-02
4.450130462646484375e-02
2.067383229732513428e-01
3.253407478332519531e-01
3.124786913394927979e-01
8.729716390371322632e-02
2.154312841594219208e-02
2.008198946714401245e-02
1.496493909507989883e-02
2.279516495764255524e-02
2.001227624714374542e-02
1.695480197668075562e-01
3.124786913394927979e-01
3.124786913394927979e-01
1.520070582628250122e-01
6.678426265716552734e-02
3.483753278851509094e-02
1.875792816281318665e-02
1.750676892697811127e-02
3.880212455987930298e-02
1.330125927925109863e-01
3.124786913394927979e-01
3.124786913394927979e-01
1.040123850107192993e-01
4.347905516624450684e-02
2.435894124209880829e-02
1.101262681186199188e-02
3.693978115916252136e-02
5.906498432159423828e-02
2.077928632497787476e-01
3.124786913394927979e-01
3.124786913394927979e-01
1.076160147786140442e-01
4.477032646536827087e-02
2.451496385037899017e-02
4.917467478662729263e-03
1.672704517841339111e-02
6.794241815805435181e-02
2.194491773843765259e-01
3.124786913394927979e-01
2.553449869155883789e-01
9.033638983964920044e-02
6.741221994161605835e-02
6.734392046928405762e-02
3.300599381327629089e-02
1.238851156085729599e-02
9.155203402042388916e-02
1.877560317516326904e-01
2.312627881765365601e-01
2.737046182155609131e-01
9.103796631097793579e-02
5.255359411239624023e-02
8.807591348886489868e-02
4.994537308812141418e-02
3.343443199992179871e-02
2.150787711143493652e-01
2.737046182155609131e-01
2.737046182155609131e-01
2.737046182155609131e-01
7.126411050558090210e-02
3.147118166089057922e-02
2.829341962933540344e-02
1.296176854521036148e-02
1.300098095089197159e-02
9.237091988325119019e-02
2.269325852394104004e-01
2.737046182155609131e-01
2.737046182155609131e-01
1.903941929340362549e-01
7.931486517190933228e-02
7.123993337154388428e-02
1.722610369324684143e-02
2.323087677359580994e-02
1.810583025217056274e-01
2.737046182155609131e-01
2.737046182155609131e-01
3.195196688175201416e-01
1.347478181123733521e-01
3.390141949057579041e-02
1.500071212649345398e-02
1.128154341131448746e-02
1.669741049408912659e-02
8.802735060453414917e-02
1.327844709157943726e-01
3.195196688175201416e-01
3.195196688175201416e-01
1.644375622272491455e-01
8.412288129329681396e-02
7.565308827906847000e-03
4.360641352832317352e-03
1.691807992756366730e-02
4.711155965924263000e-02
1.438784450292587280e-01
3.195196688175201416e-01
3.195196688175201416e-01
1.660190820693969727e-01
3.790008649230003357e-02
2.576802112162113190e-02
3.168875118717551231e-03
1.238467451184988022e-02
5.638184398412704468e-02
9.269718825817108154e-02
3.195196688175201416e-01
3.195196688175201416e-01
1.096908375620841980e-01
1.273633819073438644e-02
4.171852488070726395e-03
6.022507790476083755e-03
1.193375047296285629e-02
3.142408654093742371e-02
1.495718061923980713e-01
3.195196688175201416e-01
3.303691148757934570e-01
1.267712712287902832e-01
1.290468871593475342e-01
1.086042542010545731e-02
2.581870183348655701e-02
5.425457283854484558e-02
6.231828778982162476e-02
1.404286175966262817e-01
3.389208018779754639e-01
1.953975558280944824e-01
9.911842644214630127e-02
1.178301721811294556e-01
2.346558123826980591e-02
2.755938842892646790e-02
4.099721834063529968e-02
5.596995726227760315e-02
6.844049692153930664e-02
2.551319599151611328e-01
3.389208018779754639e-01
1.124531179666519165e-01
7.590746134519577026e-02
6.896192673593759537e-03
1.025606971234083176e-02
1.803529635071754456e-02
4.743766784667968750e-02
1.610838621854782104e-01
3.389208018779754639e-01
3.389208018779754639e-01
1.565505415201187134e-01
1.827144771814346313e-01
3.459415584802627563e-02
1.308573409914970398e-02
1.437912229448556900e-02
4.807414487004280090e-02
8.016451448202133179e-02
3.389208018779754639e-01
3.236288428306579590e-01
1.103879436850547791e-01
9.017096459865570068e-02
8.033064007759094238e-02
5.478838831186294556e-02
2.728532440960407257e-02
8.969439566135406494e-02
5.781518295407295227e-02
3.236288428306579590e-01
1.626344025135040283e-01
6.102215498685836792e-02
5.471923947334289551e-02
8.365615457296371460e-02
8.446633815765380859e-02
3.884410485625267029e-02
8.264070004224777222e-02
3.608011826872825623e-02
1.063606217503547668e-01
3.236288428306579590e-01
2.540263831615447998e-01
2.602019608020782471e-01
1.564553976058959961e-01
1.345380097627639771e-01
7.606732100248336792e-02
1.659837067127227783e-01
7.108110934495925903e-02
3.236288428306579590e-01
2.820812165737152100e-01
1.313515454530715942e-01
1.497129797935485840e-01
1.304256767034530640e-01
1.718579083681106567e-01
1.018633544445037842e-01
1.395002752542495728e-01
6.664434820413589478e-02
2.332459390163421631e-01
2.238085269927978516e-01
2.238085269927978516e-01
2.127222567796707153e-01
1.287623643875122070e-01
1.133174151182174683e-01
1.766189187765121460e-01
1.704411059617996216e-01
1.090673431754112244e-01
7.840433716773986816e-02
1.440588235855102539e-01
1.906414628028869629e-01
1.268596798181533813e-01
7.156512141227722168e-02
1.030790060758590698e-01
1.388496160507202148e-01
2.238085269927978516e-01
2.051219046115875244e-01
1.027125865221023560e-01
2.238085269927978516e-01
2.238085269927978516e-01
2.238085269927978516e-01
2.087865322828292847e-01
1.390041559934616089e-01
1.009505540132522583e-01
9.190545976161956787e-02
8.799411356449127197e-02
1.533775031566619873e-01
1.975323110818862915e-01
2.238085269927978516e-01
1.642270237207412720e-01
1.128020286560058594e-01
1.304165124893188477e-01
7.629191875457763672e-02
1.370721906423568726e-01
2.238085269927978516e-01
2.238085269927978516e-01
1.043424829840660095e-01
1.826377063989639282e-01
1.654030382633209229e-01
7.835174351930618286e-02
9.102718532085418701e-02
1.002901792526245117e-01
2.194891721010208130e-01
2.194891721010208130e-01
1.250296235084533691e-01
1.843093633651733398e-01
2.194891721010208130e-01
1.886573582887649536e-01
1.536362022161483765e-01
1.183902472257614136e-01
1.427782475948333740e-01
1.345988810062408447e-01
2.194891721010208130e-01
2.194891721010208130e-01
1.495714932680130005e-01
2.194891721010208130e-01
1.739764064550399780e-01
7.464413344860076904e-02
8.351048827171325684e-02
7.738646864891052246e-02
1.595954447984695435e-01
2.194891721010208130e-01
1.844862401485443115e-01
2.098681330680847168e-01
2.194891721010208130e-01
1.902555078268051147e-01
1.706204712390899658e-01
6.780936568975448608e-02
7.226249575614929199e-02
1.340374648571014404e-01
1.974994540214538574e-01
2.194891721010208130e-01
1.737872213125228882e-01
1.486530005931854248e-01
1.054374650120735168e-01
1.521289795637130737e-01
1.055724173784255981e-01
1.309143155813217163e-01
1.538380682468414307e-01
1.394334733486175537e-01
2.098510861396789551e-01
2.251992076635360718e-01
9.660822898149490356e-02
1.312593519687652588e-01
9.737103432416915894e-02
2.251992076635360718e-01
1.771407872438430786e-01
2.251992076635360718e-01
2.251992076635360718e-01
2.241155654191970825e-01
1.824764758348464966e-01
2.171948105096817017e-01
1.327667683362960815e-01
1.956664621829986572e-01
8.822447806596755981e-02
7.229062169790267944e-02
1.186901777982711792e-01
1.407074481248855591e-01
1.859460324048995972e-01
2.251992076635360718e-01
1.118209511041641235e-01
1.077865511178970337e-01
1.355085819959640503e-01
1.482913643121719360e-01
1.191942840814590454e-01
2.105691879987716675e-01
1.823083907365798950e-01
2.245525717735290527e-01
2.463655769824981689e-01
7.647293806076049805e-02
8.016588538885116577e-02
2.934527397155761719e-02
1.315987557172775269e-01
7.500318437814712524e-02
2.690276205539703369e-01
2.690276205539703369e-01
2.038796991109848022e-01
2.690276205539703369e-01
9.909389913082122803e-02
1.967499852180480957e-01
4.214920848608016968e-02
1.748780906200408936e-01
1.995780766010284424e-01
2.690276205539703369e-01
2.690276205539703369e-01
2.690276205539703369e-01
1.471551209688186646e-01
8.973164856433868408e-02
4.619814082980155945e-02
4.039496928453445435e-02
1.057538166642189026e-01
6.114733219146728516e-02
9.033186733722686768e-02
1.257942169904708862e-01
1.287916600704193115e-01
1.672203242778778076e-01
1.111097037792205811e-01
8.337069302797317505e-02
4.478415846824645996e-02
7.924871146678924561e-02
6.861665844917297363e-02
1.217295825481414795e-01
2.599614262580871582e-01
2.690276205539703369e-01
2.816190123558044434e-01
9.410250931978225708e-02
2.111958116292953491e-01
5.232319608330726624e-02
1.245254799723625183e-01
2.339468747377395630e-01
1.588401645421981812e-01
2.816190123558044434e-01
2.816190123558044434e-01
2.816190123558044434e-01
1.499568969011306763e-01
9.659994393587112427e-02
7.573156058788299561e-02
8.884585648775100708e-02
1.445708721876144409e-01
1.000599488615989685e-01
1.731653660535812378e-01
2.816190123558044434e-01
2.288752347230911255e-01
7.688847184181213379e-02
9.402798861265182495e-02
4.744483530521392822e-02
2.054018899798393250e-02
8.393815904855728149e-02
5.417929589748382568e-02
1.138096675276756287e-01
2.188007533550262451e-01
2.816190123558044434e-01
9.986395388841629028e-02
8.768693357706069946e-02
4.426482319831848145e-02
2.280519902706146240e-02
1.020831689238548279e-01
6.760277599096298218e-02
9.088537096977233887e-02
2.816190123558044434e-01
2.788666784763336182e-01
2.788666784763336182e-01
7.218621671199798584e-02
8.889098465442657471e-02
7.228798419237136841e-02
9.980962425470352173e-02
1.185869500041007996e-01
1.016855090856552124e-01
2.788666784763336182e-01
2.788666784763336182e-01
2.788666784763336182e-01
1.328874230384826660e-01
1.023737117648124695e-01
7.815957069396972656e-02
9.831039607524871826e-02
1.789969503879547119e-01
2.703396081924438477e-01
2.788666784763336182e-01
2.788666784763336182e-01
1.466895788908004761e-01
8.542355895042419434e-02
5.109112709760665894e-02
2.168451249599456787e-02
6.738203763961791992e-02
8.680385351181030273e-02
9.108320623636245728e-02
2.190152257680892944e-01
1.470416188240051270e-01
1.752108484506607056e-01
1.094271615147590637e-01
8.261398226022720337e-02
5.184450373053550720e-02
7.954103499650955200e-02
8.567655831575393677e-02
1.494395434856414795e-01
2.026477903127670288e-01
2.557775080204010010e-01
2.557775080204010010e-01
1.670671254396438599e-01
8.467027544975280762e-02
7.460481673479080200e-02
7.605933398008346558e-02
1.117539331316947937e-01
2.557775080204010010e-01
2.557775080204010010e-01
2.557775080204010010e-01
2.557775080204010010e-01
1.713115721940994263e-01
8.294488489627838135e-02
8.900108933448791504e-02
1.122848764061927795e-01
1.319214105606079102e-01
2.544316351413726807e-01
2.557775080204010010e-01
1.470259428024291992e-01
7.036739587783813477e-02
7.914932817220687866e-02
7.913487404584884644e-02
7.715165615081787109e-02
7.620516419410705566e-02
4.174003750085830688e-02
1.931250840425491333e-01
2.305663228034973145e-01
2.557775080204010010e-01
1.002368703484535217e-01
6.003791838884353638e-02
8.619859814643859863e-02
8.089368790388107300e-02
8.395703136920928955e-02
7.582415640354156494e-02
1.653780639171600342e-01
2.557775080204010010e-01
2.691937386989593506e-01
2.579276859760284424e-01
1.334231197834014893e-01
7.583720237016677856e-02
8.447989076375961304e-02
1.640070527791976929e-01
1.573708355426788330e-01
8.384674042463302612e-02
2.691937386989593506e-01
2.691937386989593506e-01
2.691937386989593506e-01
1.495947986841201782e-01
8.272790163755416870e-02
5.801233276724815369e-02
1.068498939275741577e-01
1.376981884241104126e-01
4.916965216398239136e-02
2.691937386989593506e-01
2.506243884563446045e-01
1.388937830924987793e-01
5.651546642184257507e-02
9.002995491027832031e-02
5.117735266685485840e-02
9.278281778097152710e-02
1.101674064993858337e-01
1.374400705099105835e-01
2.169108539819717407e-01
2.691937386989593506e-01
1.670158207416534424e-01
6.751180440187454224e-02
9.108377993106842041e-02
6.892650574445724487e-02
8.851917833089828491e-02
1.108675822615623474e-01
1.429135650396347046e-01
2.691937386989593506e-01
2.874196171760559082e-01
2.874196171760559082e-01
7.795616984367370605e-02
3.148568794131278992e-02
2.394269406795501709e-02
4.594955220818519592e-02
5.228309333324432373e-02
3.643034398555755615e-02
2.874196171760559082e-01
2.874196171760559082e-01
2.258417904376983643e-01
2.329869568347930908e-02
2.036586962640285492e-02
2.884720824658870697e-02
5.525939911603927612e-02
1.189519613981246948e-01
1.117579415440559387e-01
2.874196171760559082e-01
2.874196171760559082e-01
2.101002782583236694e-01
8.478772640228271484e-02
6.139363348484039307e-02
9.214958548545837402e-02
8.138838410377502441e-02
7.869625836610794067e-02
8.600785583257675171e-02
2.720805406570434570e-01
2.874196171760559082e-01
1.689264327287673950e-01
1.276079565286636353e-01
8.738044649362564087e-02
8.005498349666595459e-02
8.789947628974914551e-02
1.419677436351776123e-01
1.178834661841392517e-01
2.531414330005645752e-01
2.749144434928894043e-01
1.325219571590423584e-01
2.657986246049404144e-02
1.363703142851591110e-02
1.866876706480979919e-02
4.258508235216140747e-02
1.472324877977371216e-01
1.782454997301101685e-01
2.749144434928894043e-01
2.749144434928894043e-01
1.312115490436553955e-01
7.069312036037445068e-02
1.370607037097215652e-02
1.386483572423458099e-02
6.848680227994918823e-02
1.578301787376403809e-01
2.749144434928894043e-01
2.749144434928894043e-01
2.749144434928894043e-01
6.865010410547256470e-02
7.274898886680603027e-02
7.304709404706954956e-02
4.862763360142707825e-02
5.468691512942314148e-02
1.505212783813476562e-01
1.692672967910766602e-01
2.539610564708709717e-01
2.749144434928894043e-01
7.516227662563323975e-02
7.096754759550094604e-02
4.611625149846076965e-02
3.970421850681304932e-02
6.316320598125457764e-02
1.895038038492202759e-01
2.749144434928894043e-01
2.749144434928894043e-01
2.895329296588897705e-01
1.288777738809585571e-01
7.570595294237136841e-02
1.488817296922206879e-02
4.387490451335906982e-03
2.560257725417613983e-02
7.522935420274734497e-02
1.681488603353500366e-01
2.895329296588897705e-01
2.895329296588897705e-01
2.215728163719177246e-01
1.077966764569282532e-01
1.902116090059280396e-02
1.877231057733297348e-03
5.806512665003538132e-03
6.053612008690834045e-02
1.473817974328994751e-01
2.895329296588897705e-01
2.895329296588897705e-01
1.317310333251953125e-01
6.103302910923957825e-02
1.542739383876323700e-02
1.511346548795700073e-02
2.499981597065925598e-02
7.885446399450302124e-02
1.979194432497024536e-01
2.895329296588897705e-01
2.895329296588897705e-01
2.895329296588897705e-01
1.038312986493110657e-01
1.281565800309181213e-02
1.772644557058811188e-02
1.970362477004528046e-02
8.292197436094284058e-02
1.135302558541297913e-01
2.895329296588897705e-01
2.721281945705413818e-01
2.721281945705413818e-01
1.562232077121734619e-01
1.517566572874784470e-02
5.393880419433116913e-03
6.866479758173227310e-03
3.603709116578102112e-02
1.312280297279357910e-01
2.721281945705413818e-01
2.721281945705413818e-01
2.721281945705413818e-01
2.564937770366668701e-01
6.322868168354034424e-02
1.458353176712989807e-02
1.548845041543245316e-02
2.774401195347309113e-02
1.248814687132835388e-01
2.721281945705413818e-01
2.721281945705413818e-01
2.721281945705413818e-01
1.773698329925537109e-01
2.296509034931659698e-02
1.527965627610683441e-02
2.207436412572860718e-02
4.889305308461189270e-02
1.013415306806564331e-01
1.703064590692520142e-01
2.470413595438003540e-01
2.721281945705413818e-01
1.865404844284057617e-01
3.916200995445251465e-02
4.354074224829673767e-02
4.834604635834693909e-02
3.011751919984817505e-02
8.410876244306564331e-02
1.304315924644470215e-01
3.506464958190917969e-01
3.506464958190917969e-01
2.292749881744384766e-01
8.413473516702651978e-02
2.050413191318511963e-02
4.921172931790351868e-02
3.341097757220268250e-02
1.139006838202476501e-01
3.506464958190917969e-01
3.506464958190917969e-01
2.015796303749084473e-01
5.644990876317024231e-02
3.223452717065811157e-02
3.397295251488685608e-02
5.910624563694000244e-02
3.704947978258132935e-02
1.334506422281265259e-01
3.506464958190917969e-01
2.108302712440490723e-01
2.296151667833328247e-01
1.321686208248138428e-01
6.170351058244705200e-02
7.683946192264556885e-02
7.828224450349807739e-02
5.889851972460746765e-02
1.076680198311805725e-01
9.181528538465499878e-02
1.434090435504913330e-01
1.488885432481765747e-01
6.813736259937286377e-02
5.179499834775924683e-02
9.032428264617919922e-02
8.660116791725158691e-02
6.468170136213302612e-02
7.887507230043411255e-02
7.981237769126892090e-02
4.174159169197082520e-01
1.303529590368270874e-01
6.375988572835922241e-02
3.832580894231796265e-02
3.899020701646804810e-02
4.824075475335121155e-02
4.894409328699111938e-02
1.386451870203018188e-01
4.174159169197082520e-01
4.174159169197082520e-01
1.813857853412628174e-01
1.530869752168655396e-01
7.328692823648452759e-02
4.498517513275146484e-02
4.528436437249183655e-02
7.429220527410507202e-02
1.198910698294639587e-01
4.174159169197082520e-01
1.401810199022293091e-01
8.710244297981262207e-02
5.172043293714523315e-02
7.731430977582931519e-02
9.301099926233291626e-02
6.560501456260681152e-02
4.841771721839904785e-02
4.964985325932502747e-02
1.087176278233528137e-01
1.458928585052490234e-01
7.851114124059677124e-02
3.701846301555633545e-02
9.131766110658645630e-02
1.146594211459159851e-01
7.749883085489273071e-02
9.370998293161392212e-02
1.008827462792396545e-01
1.564477831125259399e-01
3.194505870342254639e-01
2.612185478210449219e-01
2.228562682867050171e-01
1.528050452470779419e-01
1.269212663173675537e-01
1.029600650072097778e-01
1.404742896556854248e-01
8.814637362957000732e-02
3.194505870342254639e-01
3.194505870342254639e-01
1.822412908077239990e-01
1.557237207889556885e-01
1.466396450996398926e-01
1.572701632976531982e-01
1.344326883554458618e-01
1.187162846326828003e-01
9.239852428436279297e-02
2.707674205303192139e-01
1.601591706275939941e-01
1.012820526957511902e-01
3.240129351615905762e-02
9.176900982856750488e-02
1.197566837072372437e-01
1.585341989994049072e-01
1.367495954036712646e-01
1.088799014687538147e-01
1.334804743528366089e-01
2.165764719247817993e-01
8.903621137142181396e-02
7.394212484359741211e-02
1.282883286476135254e-01
1.153470426797866821e-01
1.524749249219894409e-01
7.906359434127807617e-02
8.670777827501296997e-02
1.310517489910125732e-01
1.262465417385101318e-01
1.987415403127670288e-01
1.855770945549011230e-01
1.999678909778594971e-01
1.125219389796257019e-01
9.692417085170745850e-02
1.056252419948577881e-01
1.111278757452964783e-01
1.635364294052124023e-01
1.446524113416671753e-01
1.624799817800521851e-01
1.750812977552413940e-01
1.434277743101119995e-01
1.894120723009109497e-01
1.036980897188186646e-01
1.352683305740356445e-01
2.169946432113647461e-01
1.848792135715484619e-01
1.661313176155090332e-01
1.865805238485336304e-01
1.435512602329254150e-01
1.717189848423004150e-01
1.242914348840713501e-01
1.192893534898757935e-01
1.546773910522460938e-01
1.777234524488449097e-01
1.736130267381668091e-01
1.903135925531387329e-01
1.708761453628540039e-01
1.183247715234756470e-01
1.726119220256805420e-01
2.169946432113647461e-01
2.169946432113647461e-01
1.802053898572921753e-01
2.169946432113647461e-01
2.003371119499206543e-01
1.175506412982940674e-01
1.578162461519241333e-01
1.337151080369949341e-01
7.738642394542694092e-02
1.525164693593978882e-01
1.381163150072097778e-01
2.104316800832748413e-01
2.104316800832748413e-01
1.429832279682159424e-01
1.296448707580566406e-01
1.814876198768615723e-01
1.456837803125381470e-01
1.524147987365722656e-01
1.120812073349952698e-01
1.247181221842765808e-01
1.940960288047790527e-01
1.590643078088760376e-01
1.167615056037902832e-01
2.104316800832748413e-01
1.687553524971008301e-01
1.026619374752044678e-01
1.379442214965820312e-01
2.068986445665359497e-01
2.104316800832748413e-01
2.041427493095397949e-01
2.104316800832748413e-01
1.691407412290573120e-01
1.970082968473434448e-01
1.186659261584281921e-01
1.131211444735527039e-01
1.010284647345542908e-01
2.062158137559890747e-01
2.104316800832748413e-01
2.006347924470901489e-01
2.084145396947860718e-01
1.861722767353057861e-01
9.496525675058364868e-02
1.936449855566024780e-01
1.721353381872177124e-01
1.646535843610763550e-01
1.152660027146339417e-01
9.315159916877746582e-02
1.815735250711441040e-01
1.782541871070861816e-01
1.323368549346923828e-01
1.737935543060302734e-01
1.398109048604965210e-01
1.214991286396980286e-01
1.480531543493270874e-01
1.835205256938934326e-01
1.622970104217529297e-01
2.153291553258895874e-01
2.130320221185684204e-01
1.824560761451721191e-01
1.113701611757278442e-01
9.267123043537139893e-02
1.307753920555114746e-01
6.691642105579376221e-02
2.030034065246582031e-01
1.679577976465225220e-01
2.153291553258895874e-01
2.153291553258895874e-01
1.490245312452316284e-01
1.573387384414672852e-01
1.322345137596130371e-01
2.087308913469314575e-01
1.109202504158020020e-01
1.955056041479110718e-01
2.008358240127563477e-01
2.153291553258895874e-01
2.110069841146469116e-01
1.561492532491683960e-01
2.139815539121627808e-01
1.583444029092788696e-01
5.525762215256690979e-02
1.017408967018127441e-01
2.139815539121627808e-01
1.589314639568328857e-01
1.630440205335617065e-01
1.591246277093887329e-01
1.114142462611198425e-01
2.139815539121627808e-01
1.949994415044784546e-01
8.236475288867950439e-02
1.070845648646354675e-01
2.139815539121627808e-01
1.555640697479248047e-01
1.610500663518905640e-01
2.057443112134933472e-01
1.464398056268692017e-01
1.875646114349365234e-01
1.853082180023193359e-01
1.238190308213233948e-01
9.374825656414031982e-02
2.139815539121627808e-01
1.930417120456695557e-01
1.691038310527801514e-01
1.621235162019729614e-01
1.166224107146263123e-01
2.139815539121627808e-01
2.139815539121627808e-01
9.848134219646453857e-02
9.654531627893447876e-02
2.139815539121627808e-01
2.139815539121627808e-01
1.795626580715179443e-01
1.718788594007492065e-01
8.564960956573486328e-02
1.634138375520706177e-01
1.516725569963455200e-01
1.300777196884155273e-01
1.284100264310836792e-01
1.178931295871734619e-01
1.298937797546386719e-01
1.331259161233901978e-01
1.540747284889221191e-01
1.333977729082107544e-01
2.019392848014831543e-01
1.985844969749450684e-01
2.155811339616775513e-01
1.811171174049377441e-01
1.019384339451789856e-01
1.889227479696273804e-01
1.759257763624191284e-01
1.529018580913543701e-01
1.363858878612518311e-01
2.155811339616775513e-01
2.004877626895904541e-01
1.399127542972564697e-01
1.027055531740188599e-01
1.630662977695465088e-01
1.599736213684082031e-01
1.289900541305541992e-01
1.143420934677124023e-01
1.101509258151054382e-01
2.155811339616775513e-01
2.155811339616775513e-01
2.155811339616775513e-01
1.561356186866760254e-01
1.890205144882202148e-01
1.769511550664901733e-01
2.155811339616775513e-01
1.553808748722076416e-01
1.841384321451187134e-01
2.012193202972412109e-01
1.058405935764312744e-01
2.059737443923950195e-01
1.508401483297348022e-01
8.352789282798767090e-02
1.263225078582763672e-01
1.552216410636901855e-01
1.279516667127609253e-01
2.006253153085708618e-01
1.504974067211151123e-01
1.222484186291694641e-01
2.014924287796020508e-01
1.379529684782028198e-01
1.218360587954521179e-01
1.653497070074081421e-01
1.480644047260284424e-01
2.119581550359725952e-01
2.119581550359725952e-01
2.119581550359725952e-01
1.453463435173034668e-01
1.647675782442092896e-01
1.557734608650207520e-01
1.871161609888076782e-01
1.017723977565765381e-01
2.119581550359725952e-01
1.594492197036743164e-01
1.657353937625885010e-01
2.060004323720932007e-01
9.424331784248352051e-02
8.577670902013778687e-02
1.146380975842475891e-01
1.823779493570327759e-01
1.698773801326751709e-01
2.119581550359725952e-01
2.042873650789260864e-01
2.119581550359725952e-01
9.632539004087448120e-02
1.208319216966629028e-01
1.176286712288856506e-01
1.385585069656372070e-01
1.573897451162338257e-01
1.630462706089019775e-01
1.208630353212356567e-01
1.569903790950775146e-01
2.123253345489501953e-01
1.136602535843849182e-01
1.716814786195755005e-01
1.210861802101135254e-01
1.781542897224426270e-01
1.642966866493225098e-01
1.654256582260131836e-01
1.895996928215026855e-01
1.386267691850662231e-01
2.123253345489501953e-01
1.362334936857223511e-01
1.377833783626556396e-01
3.912432864308357239e-02
1.468126773834228516e-01
1.665194183588027954e-01
1.698335856199264526e-01
1.753766834735870361e-01
1.620217114686965942e-01
2.123253345489501953e-01
1.799368113279342651e-01
2.123253345489501953e-01
1.114336103200912476e-01
2.123253345489501953e-01
2.123253345489501953e-01
1.722838878631591797e-01
2.123253345489501953e-01
2.066265642642974854e-01
2.123253345489501953e-01
9.923493862152099609e-02
1.704020649194717407e-01
1.295424103736877441e-01
1.408253908157348633e-01
1.354469507932662964e-01
8.887270838022232056e-02
1.503181010484695435e-01
1.781578958034515381e-01
1.424575448036193848e-01
1.265940666198730469e-01
1.817799806594848633e-01
1.341343373060226440e-01
1.504878103733062744e-01
1.638174802064895630e-01
9.006480127573013306e-02
1.418352723121643066e-01
2.114254981279373169e-01
1.867390573024749756e-01
2.114254981279373169e-01
1.912899166345596313e-01
1.331263929605484009e-01
1.337033808231353760e-01
2.114254981279373169e-01
1.383673995733261108e-01
1.714637577533721924e-01
1.856921613216400146e-01
2.090363055467605591e-01
2.079494297504425049e-01
2.114254981279373169e-01
1.743781864643096924e-01
1.357235610485076904e-01
2.114254981279373169e-01
1.255163252353668213e-01
1.577238887548446655e-01
2.114254981279373169e-01
2.050579786300659180e-01
1.383263319730758667e-01
2.310239970684051514e-01
1.950045824050903320e-01
1.339105516672134399e-01
1.683169454336166382e-01
9.974876791238784790e-02
1.750847399234771729e-01
1.924741715192794800e-01
1.563788205385208130e-01
2.058758437633514404e-01
2.322072982788085938e-01
2.322072982788085938e-01
1.755948662757873535e-01
1.373108476400375366e-01
1.077348366379737854e-01
1.640879213809967041e-01
1.077220737934112549e-01
1.094224378466606140e-01
1.974812597036361694e-01
2.322072982788085938e-01
2.044667452573776245e-01
1.463299840688705444e-01
1.444318145513534546e-01
7.909764349460601807e-02
1.340274214744567871e-01
1.674360334873199463e-01
1.452184766530990601e-01
2.322072982788085938e-01
2.322072982788085938e-01
2.322072982788085938e-01
1.374150663614273071e-01
1.154616177082061768e-01
6.949254125356674194e-02
9.140817821025848389e-02
9.163045883178710938e-02
1.042063608765602112e-01
1.951645314693450928e-01
1.597007662057876587e-01
1.997470855712890625e-01
1.599162518978118896e-01
1.215764433145523071e-01
7.807650417089462280e-02
1.394152641296386719e-01
1.216609999537467957e-01
1.754924952983856201e-01
2.240147590637207031e-01
1.631416976451873779e-01
1.369570642709732056e-01
1.363101154565811157e-01
1.349449008703231812e-01
9.804420918226242065e-02
2.045377641916275024e-01
2.240147590637207031e-01
2.240147590637207031e-01
1.889608949422836304e-01
2.240147590637207031e-01
2.240147590637207031e-01
1.296036839485168457e-01
1.077647954225540161e-01
7.921998202800750732e-02
8.574327081441879272e-02
6.646194308996200562e-02
1.203129068017005920e-01
2.240147590637207031e-01
2.240147590637207031e-01
2.193695604801177979e-01
1.965873241424560547e-01
2.051979750394821167e-01
8.307696878910064697e-02
1.176488175988197327e-01
1.580113023519515991e-01
1.633106470108032227e-01
2.549270093441009521e-01
2.549270093441009521e-01
1.050575077533721924e-01
6.958452612161636353e-02
9.218849986791610718e-02
7.705219089984893799e-02
1.431654095649719238e-01
2.235506623983383179e-01
2.549270093441009521e-01
2.549270093441009521e-01
2.549270093441009521e-01
9.731681644916534424e-02
3.464476391673088074e-02
1.157086789608001709e-01
1.253748536109924316e-01
2.044256329536437988e-01
1.900145411491394043e-01
2.549270093441009521e-01
1.944178640842437744e-01
1.875819563865661621e-01
9.125932306051254272e-02
9.475104510784149170e-02
1.382862925529479980e-01
8.614255487918853760e-02
1.227733790874481201e-01
1.337122172117233276e-01
1.257018893957138062e-01
1.408523619174957275e-01
1.878628283739089966e-01
1.038348972797393799e-01
3.824986517429351807e-02
8.808929473161697388e-02
1.962693929672241211e-01
1.959843188524246216e-01
1.929743885993957520e-01
1.848538964986801147e-01
2.236883938312530518e-01
2.236883938312530518e-01
9.242805838584899902e-02
4.670709371566772461e-02
6.154787540435791016e-02
1.411081850528717041e-01
1.714096218347549438e-01
2.078881710767745972e-01
2.236883938312530518e-01
2.236883938312530518e-01
1.798764169216156006e-01
1.047607958316802979e-01
7.613550126552581787e-02
1.325242817401885986e-01
1.806458979845046997e-01
1.569402664899826050e-01
1.854124814271926880e-01
2.236883938312530518e-01
1.417184621095657349e-01
1.436653584241867065e-01
8.267326653003692627e-02
3.319130837917327881e-02
4.998218640685081482e-02
2.090259641408920288e-01
2.092200070619583130e-01
2.236883938312530518e-01
2.236883938312530518e-01
1.988457441329956055e-01
1.223440691828727722e-01
1.116946488618850708e-01
8.153768628835678101e-02
1.410652697086334229e-01
1.588182151317596436e-01
1.817519813776016235e-01
2.042232602834701538e-01
2.236883938312530518e-01
1.691244244575500488e-01
1.370396018028259277e-01
8.414660394191741943e-02
8.181151747703552246e-02
1.760759502649307251e-01
1.716912686824798584e-01
2.123007774353027344e-01
2.123007774353027344e-01
1.360097676515579224e-01
1.620311290025711060e-01
1.938406229019165039e-01
7.532878220081329346e-02
8.934346586465835571e-02
2.123007774353027344e-01
1.829521358013153076e-01
2.123007774353027344e-01
2.123007774353027344e-01
8.994568139314651489e-02
1.392834186553955078e-01
1.299845129251480103e-01
1.034180149435997009e-01
1.027552783489227295e-01
1.979849040508270264e-01
1.752959638833999634e-01
1.877515017986297607e-01
1.585794687271118164e-01
1.554050892591476440e-01
2.123007774353027344e-01
1.865288764238357544e-01
1.230792775750160217e-01
1.035720184445381165e-01
2.123007774353027344e-01
2.123007774353027344e-01
2.123007774353027344e-01
1.772199571132659912e-01
1.701465249061584473e-01
2.260802090167999268e-01
1.278831362724304199e-01
8.868126571178436279e-02
1.487811803817749023e-01
2.260802090167999268e-01
1.256470978260040283e-01
9.630763530731201172e-02
1.118392050266265869e-01
1.664117276668548584e-01
2.260802090167999268e-01
1.523883044719696045e-01
7.527014613151550293e-02
1.728504747152328491e-01
2.260802090167999268e-01
1.413480490446090698e-01
1.007695123553276062e-01
1.236027255654335022e-01
2.088371515274047852e-01
2.260802090167999268e-01
1.351774930953979492e-01
8.189807087182998657e-02
1.337439864873886108e-01
2.260802090167999268e-01
1.674477905035018921e-01
9.915018081665039062e-02
1.674381196498870850e-01
2.260802090167999268e-01
2.260802090167999268e-01
1.778381019830703735e-01
7.219710946083068848e-02
1.520438492298126221e-01
2.260802090167999268e-01
1.453215181827545166e-01
6.013558059930801392e-02
1.837049424648284912e-01
2.260802090167999268e-01
1.967864930629730225e-01
1.795327812433242798e-01
4.967862740159034729e-02
1.555898785591125488e-01
1.697029769420623779e-01
1.368116438388824463e-01
1.260249614715576172e-01
9.395781159400939941e-02
1.265271753072738647e-01
2.236916571855545044e-01
1.184178814291954041e-01
9.141541272401809692e-02
1.871915608644485474e-01
2.236916571855545044e-01
2.236916571855545044e-01
1.692124605178833008e-01
1.290452331304550171e-01
1.876915097236633301e-01
2.236916571855545044e-01
1.888951212167739868e-01
7.706911861896514893e-02
1.530790776014328003e-01
1.667992621660232544e-01
9.124323725700378418e-02
1.354987323284149170e-01
9.485798329114913940e-02
1.372872292995452881e-01
2.236916571855545044e-01
1.574886441230773926e-01
7.840493321418762207e-02
1.815043985843658447e-01
2.236916571855545044e-01
2.236916571855545044e-01
2.236916571855545044e-01
1.394288390874862671e-01
2.071617245674133301e-01
1.608209609985351562e-01
1.177756637334823608e-01
1.353718638420104980e-01
2.103488743305206299e-01
1.331415027379989624e-01
8.333988487720489502e-02
1.433110088109970093e-01
1.186471581459045410e-01
1.581315547227859497e-01
2.103488743305206299e-01
1.467004865407943726e-01
1.002376899123191833e-01
1.963493525981903076e-01
2.043095827102661133e-01
2.033394873142242432e-01
1.295354515314102173e-01
2.103488743305206299e-01
1.805512905120849609e-01
2.103488743305206299e-01
8.841478079557418823e-02
1.474532634019851685e-01
2.071216404438018799e-01
1.887918859720230103e-01
1.267954707145690918e-01
1.900735199451446533e-01
1.394814550876617432e-01
1.630108207464218140e-01
2.103488743305206299e-01
1.393286734819412231e-01
1.447747498750686646e-01
1.868701428174972534e-01
2.101007103919982910e-01
1.320483237504959106e-01
1.262113451957702637e-01
2.086718976497650146e-01
1.704205274581909180e-01
2.276056110858917236e-01
1.344002634286880493e-01
9.829078614711761475e-02
1.696384102106094360e-01
1.763684153556823730e-01
1.653263568878173828e-01
7.349680364131927490e-02
1.821906864643096924e-01
1.378702819347381592e-01
2.276056110858917236e-01
8.722985535860061646e-02
9.557925909757614136e-02
1.123089343309402466e-01
1.866639852523803711e-01
1.700479239225387573e-01
1.453429460525512695e-01
1.440294981002807617e-01
1.315730661153793335e-01
2.276056110858917236e-01
1.634643673896789551e-01
1.315653771162033081e-01
1.927849948406219482e-01
2.245473563671112061e-01
1.020915433764457703e-01
8.134049922227859497e-02
1.345014572143554688e-01
1.521486639976501465e-01
2.276056110858917236e-01
2.152815312147140503e-01
2.276056110858917236e-01
1.916477233171463013e-01
2.257938683032989502e-01
1.538561284542083740e-01
1.433816701173782349e-01
6.305753439664840698e-02
2.042091637849807739e-01
2.123470604419708252e-01
6.879089772701263428e-02
1.046386063098907471e-01
5.982163920998573303e-02
1.828073561191558838e-01
1.718718856573104858e-01
1.534553319215774536e-01
1.847072839736938477e-01
1.219428926706314087e-01
1.740856766700744629e-01
9.866011887788772583e-02
2.116253376007080078e-01
6.949756294488906860e-02
1.296490877866744995e-01
1.549837589263916016e-01
1.304429322481155396e-01
1.717943996191024780e-01
1.188918352127075195e-01
2.123470604419708252e-01
2.104227840900421143e-01
2.123470604419708252e-01
1.528159528970718384e-01
2.022567093372344971e-01
2.094390690326690674e-01
1.087114289402961731e-01
1.538077294826507568e-01
1.788956820964813232e-01
2.123470604419708252e-01
2.123470604419708252e-01
2.123470604419708252e-01
1.407509148120880127e-01
1.689175963401794434e-01
1.687723994255065918e-01
1.251227110624313354e-01
2.008904367685317993e-01
1.694284677505493164e-01
1.712326705455780029e-01
1.191204711794853210e-01
1.606733202934265137e-01
7.108650356531143188e-02
1.387198269367218018e-01
1.404776275157928467e-01
1.337722986936569214e-01
1.691507250070571899e-01
1.146731227636337280e-01
2.241133451461791992e-01
1.604781746864318848e-01
1.152013987302780151e-01
9.759341180324554443e-02
1.581865251064300537e-01
1.784161180257797241e-01
1.557505875825881958e-01
2.241133451461791992e-01
1.041305586695671082e-01
2.038812637329101562e-01
1.575988084077835083e-01
2.241133451461791992e-01
1.408783644437789917e-01
1.266918331384658813e-01
1.482552140951156616e-01
1.541966348886489868e-01
1.453068852424621582e-01
1.643435508012771606e-01
2.135381996631622314e-01
9.884499013423919678e-02
2.220415025949478149e-01
1.575724631547927856e-01
1.503734737634658813e-01
1.859722435474395752e-01
2.241133451461791992e-01
2.241133451461791992e-01
2.241133451461791992e-01
1.650243699550628662e-01
2.005607634782791138e-01
1.075162738561630249e-01
6.904304027557373047e-02
8.972527831792831421e-02
1.891643106937408447e-01
1.649512499570846558e-01
1.534904092550277710e-01
9.781545400619506836e-02
1.935002356767654419e-01
2.215985357761383057e-01
1.659200936555862427e-01
9.324717521667480469e-02
9.337274730205535889e-02
2.099858224391937256e-01
2.215985357761383057e-01
1.698942333459854126e-01
1.329625844955444336e-01
1.311600506305694580e-01
1.414452046155929565e-01
1.104560419917106628e-01
8.919964730739593506e-02
1.269176900386810303e-01
1.903329491615295410e-01
2.215985357761383057e-01
2.215985357761383057e-01
1.859724521636962891e-01
1.674160659313201904e-01
2.215985357761383057e-01
1.821929365396499634e-01
1.502780318260192871e-01
1.498886793851852417e-01
1.960054039955139160e-01
2.215985357761383057e-01
2.144445329904556274e-01
8.490391820669174194e-02
1.799237430095672607e-01
1.942350417375564575e-01
9.930774569511413574e-02
1.061172038316726685e-01
1.343501508235931396e-01
9.475658088922500610e-02
1.931487768888473511e-01
1.891548335552215576e-01
9.720423072576522827e-02
2.177747339010238647e-01
1.403481811285018921e-01
6.121018156409263611e-02
1.168257445096969604e-01
1.937510371208190918e-01
1.661544144153594971e-01
1.901776492595672607e-01
1.634694486856460571e-01
1.895797550678253174e-01
1.784611195325851440e-01
1.672810465097427368e-01
1.111509129405021667e-01
1.632692664861679077e-01
1.844682544469833374e-01
8.657636493444442749e-02
1.974622458219528198e-01
1.986464112997055054e-01
9.669189155101776123e-02
2.177747339010238647e-01
1.492481231689453125e-01
7.757043093442916870e-02
1.978327929973602295e-01
2.177747339010238647e-01
1.260270029306411743e-01
2.177747339010238647e-01
2.176193147897720337e-01
2.177747339010238647e-01
1.516924351453781128e-01
9.468889981508255005e-02
3.054161742329597473e-02
1.122369840741157532e-01
1.620918065309524536e-01
1.389762014150619507e-01
1.408348381519317627e-01
1.759144365787506104e-01
1.951872855424880981e-01
1.604120582342147827e-01
1.080840155482292175e-01
6.678480654954910278e-02
1.514010429382324219e-01
1.722304224967956543e-01
1.413074284791946411e-01
1.486600786447525024e-01
2.209514826536178589e-01
2.209514826536178589e-01
2.190938740968704224e-01
7.456383109092712402e-02
5.246634408831596375e-02
1.545757651329040527e-01
2.209514826536178589e-01
1.086315512657165527e-01
2.209514826536178589e-01
2.209514826536178589e-01
2.209514826536178589e-01
1.660950332880020142e-01
1.343711018562316895e-01
1.075172051787376404e-01
1.704965382814407349e-01
1.967407763004302979e-01
1.578819304704666138e-01
2.209514826536178589e-01
2.209514826536178589e-01
2.209514826536178589e-01
1.894560754299163818e-01
1.386607289314270020e-01
1.124923750758171082e-01
1.246477365493774414e-01
1.874046474695205688e-01
1.320977509021759033e-01
1.041466444730758667e-01
1.562230139970779419e-01
1.783590614795684814e-01
2.209320068359375000e-01
1.806555688381195068e-01
1.490051895380020142e-01
1.509955525398254395e-01
1.931923776865005493e-01
1.066955178976058960e-01
9.841855615377426147e-02
1.589140743017196655e-01
2.209320068359375000e-01
1.620234102010726929e-01
2.209320068359375000e-01
2.209320068359375000e-01
1.274212300777435303e-01
1.417434066534042358e-01
1.361852884292602539e-01
1.150565892457962036e-01
1.519460529088973999e-01
2.209320068359375000e-01
2.209320068359375000e-01
2.209320068359375000e-01
2.209320068359375000e-01
1.512206047773361206e-01
1.373645812273025513e-01
9.955182671546936035e-02
6.203136965632438660e-02
1.459961235523223877e-01
2.209320068359375000e-01
2.342969924211502075e-01
2.078279107809066772e-01
1.703504770994186401e-01
1.446983814239501953e-01
9.995490312576293945e-02
5.683812499046325684e-02
5.138319358229637146e-02
9.974598884582519531e-02
1.510006338357925415e-01
2.342969924211502075e-01
2.342969924211502075e-01
2.342969924211502075e-01
1.515891700983047485e-01
7.340591400861740112e-02
6.665640324354171753e-02
4.119505360722541809e-02
8.588515222072601318e-02
1.494231373071670532e-01
2.342969924211502075e-01
2.342969924211502075e-01
1.619031578302383423e-01
9.422932565212249756e-02
8.409410715103149414e-02
8.677093684673309326e-02
8.429620414972305298e-02
1.297001838684082031e-01
2.048037201166152954e-01
2.342969924211502075e-01
2.342969924211502075e-01
2.146416604518890381e-01
1.944634616374969482e-01
1.377332806587219238e-01
1.288553625345230103e-01
1.426936239004135132e-01
2.055277675390243530e-01
2.342969924211502075e-01
1.324063539505004883e-01
1.785188466310501099e-01
1.780829876661300659e-01
1.135539263486862183e-01
7.588140666484832764e-02
1.123838722705841064e-01
1.127394661307334900e-01
1.173472106456756592e-01
1.202323362231254578e-01
1.494870930910110474e-01
1.408978849649429321e-01
1.414871811866760254e-01
1.629582792520523071e-01
1.531109362840652466e-01
1.310602426528930664e-01
1.483103334903717041e-01
1.418038606643676758e-01
1.394327729940414429e-01
2.074723541736602783e-01
1.194400638341903687e-01
1.148991212248802185e-01
2.112542092800140381e-01
1.802315413951873779e-01
1.827127039432525635e-01
2.168522626161575317e-01
2.168522626161575317e-01
1.973912119865417480e-01
1.971983015537261963e-01
8.459072560071945190e-02
1.685937345027923584e-01
1.730578839778900146e-01
2.168522626161575317e-01
2.168522626161575317e-01
2.168522626161575317e-01
2.168522626161575317e-01
2.168522626161575317e-01
1.806523948907852173e-01
1.084527447819709778e-01
7.223475724458694458e-02
8.679775893688201904e-02
1.232126280665397644e-01
1.044643893837928772e-01
1.578590124845504761e-01
1.778474897146224976e-01
1.611302345991134644e-01
1.537760943174362183e-01
1.020861938595771790e-01
9.673932939767837524e-02
2.679518237709999084e-02
5.359679833054542542e-02
1.405927240848541260e-01
2.078697979450225830e-01
2.282435894012451172e-01
1.752662360668182373e-01
2.282435894012451172e-01
1.050288826227188110e-01
1.796746402978897095e-01
1.361629813909530640e-01
2.282435894012451172e-01
2.040309756994247437e-01
2.282435894012451172e-01
2.282435894012451172e-01
2.282435894012451172e-01
2.282435894012451172e-01
8.865801990032196045e-02
1.228442192077636719e-01
6.274883449077606201e-02
1.440219730138778687e-01
1.385146081447601318e-01
2.282435894012451172e-01
2.282435894012451172e-01
2.282435894012451172e-01
1.435883343219757080e-01
1.108611002564430237e-01
1.032279953360557556e-01
3.454245999455451965e-02
6.361760199069976807e-02
1.526741534471511841e-01
1.856537163257598877e-01
2.296777516603469849e-01
2.296777516603469849e-01
1.864946484565734863e-01
1.114205345511436462e-01
1.434510648250579834e-01
1.205283403396606445e-01
1.402784734964370728e-01
1.293731629848480225e-01
1.640185266733169556e-01
2.296777516603469849e-01
2.296777516603469849e-01
1.775038391351699829e-01
1.171294525265693665e-01
1.017562448978424072e-01
4.423480853438377380e-02
9.095064550638198853e-02
1.333609819412231445e-01
2.156892120838165283e-01
2.296777516603469849e-01
2.296777516603469849e-01
1.830449700355529785e-01
1.627662479877471924e-01
1.710662543773651123e-01
8.712519705295562744e-02
1.079066023230552673e-01
1.792361140251159668e-01
2.296777516603469849e-01
2.296777516603469849e-01
2.296777516603469849e-01
1.439400911331176758e-01
1.161978915333747864e-01
1.458315998315811157e-01
1.002251133322715759e-01
1.192487999796867371e-01
1.022137776017189026e-01
9.095111489295959473e-02
1.192353144288063049e-01
1.203868538141250610e-01
2.342100590467453003e-01
1.935414224863052368e-01
1.628983318805694580e-01
1.310918480157852173e-01
1.201375573873519897e-01
2.181886285543441772e-01
2.078523486852645874e-01
1.309143900871276855e-01
2.342100590467453003e-01
1.365509480237960815e-01
1.113265082240104675e-01
1.443985253572463989e-01
9.089893847703933716e-02
7.912593334913253784e-02
1.392097771167755127e-01
2.307860553264617920e-01
2.342100590467453003e-01
2.305957078933715820e-01
1.762441694736480713e-01
1.296090334653854370e-01
1.280344575643539429e-01
1.320873200893402100e-01
9.489895403385162354e-02
2.342100590467453003e-01
2.342100590467453003e-01
2.342100590467453003e-01
2.342100590467453003e-01
2.232278138399124146e-01
1.073611155152320862e-01
6.284859031438827515e-02
1.430009901523590088e-01
1.046801954507827759e-01
1.621584743261337280e-01
1.183089911937713623e-01
1.879125237464904785e-01
2.232278138399124146e-01
1.656809151172637939e-01
1.209450960159301758e-01
5.690655112266540527e-02
1.422002911567687988e-01
1.330082416534423828e-01
1.131398752331733704e-01
7.061140984296798706e-02
2.232278138399124146e-01
2.118520140647888184e-01
2.075750678777694702e-01
1.296031028032302856e-01
8.475188910961151123e-02
1.356743127107620239e-01
1.014213934540748596e-01
1.862825304269790649e-01
2.232278138399124146e-01
2.232278138399124146e-01
2.232278138399124146e-01
2.088098675012588501e-01
1.984009742736816406e-01
1.552905440330505371e-01
2.232278138399124146e-01
1.718359887599945068e-01
1.344465166330337524e-01
1.044364199042320251e-01
2.232278138399124146e-01
1.862472295761108398e-01
2.173340022563934326e-01
1.755016446113586426e-01
1.055583655834197998e-01
1.529426127672195435e-01
1.070726811885833740e-01
5.833194404840469360e-02
1.037563532590866089e-01
1.455385386943817139e-01
1.470725089311599731e-01
2.197650521993637085e-01
2.197650521993637085e-01
1.055473089218139648e-01
1.273033618927001953e-01
1.589121967554092407e-01
2.196272760629653931e-01
1.403652429580688477e-01
1.366133242845535278e-01
1.574596911668777466e-01
2.197650521993637085e-01
1.924977749586105347e-01
1.661816239356994629e-01
2.197650521993637085e-01
1.548634469509124756e-01
1.181348785758018494e-01
1.287638992071151733e-01
1.561119407415390015e-01
1.488641798496246338e-01
2.197650521993637085e-01
2.197650521993637085e-01
1.516650021076202393e-01
1.811287552118301392e-01
1.276753395795822144e-01
2.077628076076507568e-01
1.161003410816192627e-01
2.035166174173355103e-01
1.646784543991088867e-01
