2.160121947526931763e-01
9.727650880813598633e-02
1.361905783414840698e-01
1.289346814155578613e-01
2.443162351846694946e-01
1.337161362171173096e-01
1.291847079992294312e-01
1.224483996629714966e-01
2.204622924327850342e-01
1.077868044376373291e-01
9.111792594194412231e-02
1.476037204265594482e-01
1.172807887196540833e-01
2.839151918888092041e-01
2.839151918888092041e-01
1.652928888797760010e-01
1.262197345495223999e-01
3.573459386825561523e-02
2.204686105251312256e-01
1.246722489595413208e-01
1.143790706992149353e-01
1.513788998126983643e-01
2.839151918888092041e-01
1.591933518648147583e-01
1.495583653450012207e-01
7.559462636709213257e-02
8.016335219144821167e-02
5.858939141035079956e-02
6.977050751447677612e-02
1.423987895250320435e-01
1.726110577583312988e-01
2.839151918888092041e-01
2.539905607700347900e-01
1.721517443656921387e-01
1.087891608476638794e-01
3.511619195342063904e-02
2.105553895235061646e-01
1.143302246928215027e-01
8.541235327720642090e-02
1.461323797702789307e-01
3.256984949111938477e-01
2.690628767013549805e-01
9.659843146800994873e-02
9.532528370618820190e-02
1.418754011392593384e-01
1.582791358232498169e-01
5.822816491127014160e-02
8.723343163728713989e-02
2.256055027246475220e-01
3.256984949111938477e-01
1.671995222568511963e-01
3.445979207754135132e-02
7.746575772762298584e-02
2.024044990539550781e-01
7.369652390480041504e-02
7.627074420452117920e-02
1.163554415106773376e-01
1.106046512722969055e-01
2.979099750518798828e-01
2.239476889371871948e-01
1.134266406297683716e-01
1.297826021909713745e-01
1.070616394281387329e-01
9.171765297651290894e-02
1.576727777719497681e-01
1.563185155391693115e-01
1.475185155868530273e-01
3.047884702682495117e-01
9.960459917783737183e-02
6.772720068693161011e-02
7.780005037784576416e-02
1.204430833458900452e-01
7.762121409177780151e-02
3.994753584265708923e-02
6.623183935880661011e-02
2.608282566070556641e-01
3.460779190063476562e-01
1.888386011123657227e-01
3.588622808456420898e-02
4.743140563368797302e-02
8.724403381347656250e-02
4.160549864172935486e-02
7.031729072332382202e-02
1.041379794478416443e-01
2.646843194961547852e-01
3.460779190063476562e-01
1.570438444614410400e-01
7.462184876203536987e-02
5.380456894636154175e-02
3.861391171813011169e-02
6.436379253864288330e-02
1.433785557746887207e-01
1.169483885169029236e-01
2.658002078533172607e-01
3.232671320438385010e-01
1.733384132385253906e-01
8.166022598743438721e-02
4.142194986343383789e-02
1.135037094354629517e-01
6.583136320114135742e-02
9.513054788112640381e-02
1.105049476027488708e-01
3.119598925113677979e-01
1.957886517047882080e-01
2.051494717597961426e-01
1.383289694786071777e-01
7.267259061336517334e-02
1.239661648869514465e-01
3.241460025310516357e-02
5.374471470713615417e-02
7.143168896436691284e-02
1.489721238613128662e-01
3.027226924896240234e-01
1.223013848066329956e-01
7.252378016710281372e-02
2.348714880645275116e-02
1.326809730380773544e-02
3.943671658635139465e-02
2.526495605707168579e-02
1.013457402586936951e-01
3.043358623981475830e-01
3.658397197723388672e-01
2.514973282814025879e-01
4.406959936022758484e-02
9.283027611672878265e-03
1.878843456506729126e-02
4.380922019481658936e-02
6.532728672027587891e-02
1.159585043787956238e-01
1.649150103330612183e-01
2.324310243129730225e-01
1.370109915733337402e-01
1.020229533314704895e-01
3.265695646405220032e-02
4.016166925430297852e-02
4.645274579524993896e-02
5.783162638545036316e-02
2.296505719423294067e-01
3.658397197723388672e-01
3.658397197723388672e-01
2.865395843982696533e-01
7.207705080509185791e-02
1.217961031943559647e-02
4.343648627400398254e-02
1.167092937976121902e-02
1.835500076413154602e-02
1.215613707900047302e-01
1.476318091154098511e-01
1.951550990343093872e-01
7.207709550857543945e-02
1.326949615031480789e-02
7.834305055439472198e-03
7.644666358828544617e-03
1.518935859203338623e-01
2.298995405435562134e-01
2.916495501995086670e-01
2.916495501995086670e-01
1.882903277873992920e-01
6.471096724271774292e-02
3.804700076580047607e-02
1.095273252576589584e-02
6.572325527667999268e-02
1.604953780770301819e-02
3.813942149281501770e-02
2.916495501995086670e-01
2.916495501995086670e-01
2.916495501995086670e-01
7.745869457721710205e-02
1.241928804665803909e-02
2.551970304921269417e-03
1.365481689572334290e-02
9.296637028455734253e-02
2.916495501995086670e-01
2.916495501995086670e-01
2.916495501995086670e-01
2.916495501995086670e-01
7.786044478416442871e-02
5.495654419064521790e-02
3.835182264447212219e-02
4.711660742759704590e-02
2.609010040760040283e-01
2.402305901050567627e-01
2.609010040760040283e-01
2.252910733222961426e-01
1.835933029651641846e-01
3.994114696979522705e-02
1.994926482439041138e-02
4.013660550117492676e-02
2.114497870206832886e-01
2.609010040760040283e-01
8.276355266571044922e-02
1.799891293048858643e-01
1.327252835035324097e-01
2.442596405744552612e-01
8.906894177198410034e-02
5.786919966340065002e-02
1.514442712068557739e-01
2.609010040760040283e-01
1.630240976810455322e-01
2.609010040760040283e-01
2.609010040760040283e-01
2.013690769672393799e-01
1.549853831529617310e-01
3.253568336367607117e-02
4.633861407637596130e-02
5.841096863150596619e-02
9.775605052709579468e-02
1.638442873954772949e-01
6.577174365520477295e-02
1.966543048620223999e-01
1.141163706779479980e-01
7.217524200677871704e-02
3.878167644143104553e-02
6.596329808235168457e-02
1.354628950357437134e-01
1.677626520395278931e-01
9.590122848749160767e-02
7.837554812431335449e-02
1.144678965210914612e-01
9.624790400266647339e-02
2.362362593412399292e-01
1.026796773076057434e-01
1.395627409219741821e-01
2.362362593412399292e-01
1.893358528614044189e-01
2.209154218435287476e-01
2.232503741979598999e-01
2.362362593412399292e-01
1.927803605794906616e-01
2.362362593412399292e-01
5.367663130164146423e-02
2.236065268516540527e-01
2.362362593412399292e-01
1.744144856929779053e-01
7.724799215793609619e-02
2.682189829647541046e-02
1.435488760471343994e-01
1.513012200593948364e-01
1.498137563467025757e-01
1.073740497231483459e-01
8.353747427463531494e-02
1.505229473114013672e-01
1.256612986326217651e-01
1.506851315498352051e-01
7.540280371904373169e-02
2.277836203575134277e-01
2.184039503335952759e-01
2.009891718626022339e-01
1.428706049919128418e-01
1.179663017392158508e-01
2.181565612554550171e-01
1.266366243362426758e-01
2.571806311607360840e-01
1.149575561285018921e-01
1.078142225742340088e-01
1.201397031545639038e-01
2.084284573793411255e-01
6.086429208517074585e-02
2.571806311607360840e-01
1.606151014566421509e-01
2.571806311607360840e-01
2.571806311607360840e-01
3.637749701738357544e-02
3.683488070964813232e-02
3.295442461967468262e-02
5.908618867397308350e-02
8.183275163173675537e-02
2.571806311607360840e-01
2.571806311607360840e-01
2.571806311607360840e-01
1.973828226327896118e-01
9.427095949649810791e-02
9.351883083581924438e-02
1.065129041671752930e-01
9.022951871156692505e-02
6.898031383752822876e-02
1.430462300777435303e-01
2.055901437997817993e-01
1.875906139612197876e-01
1.991423964500427246e-01
8.997314423322677612e-02
8.346372097730636597e-02
9.376097470521926880e-02
7.311551272869110107e-02
8.469362556934356689e-02
1.923885792493820190e-01
2.243314832448959351e-01
2.571806311607360840e-01
2.127577513456344604e-01
1.044676229357719421e-01
2.817274034023284912e-01
7.269298285245895386e-02
6.386292725801467896e-02
3.293262422084808350e-02
1.664615273475646973e-01
2.817274034023284912e-01
2.817274034023284912e-01
1.934542357921600342e-01
1.459864377975463867e-01
2.817274034023284912e-01
9.828466922044754028e-02
1.035990118980407715e-01
4.617244005203247070e-02
7.988491654396057129e-02
1.413577497005462646e-01
2.817274034023284912e-01
1.436267197132110596e-01
9.839779883623123169e-02
1.981657594442367554e-01
1.077756807208061218e-01
6.662492454051971436e-02
5.374528840184211731e-02
1.325941830873489380e-01
2.362286746501922607e-01
2.817274034023284912e-01
8.350510895252227783e-02
9.775412827730178833e-02
2.025098502635955811e-01
1.023856028914451599e-01
1.118590533733367920e-01
7.256778329610824585e-02
9.706258028745651245e-02
1.616774350404739380e-01
1.890292465686798096e-01
3.129827678203582764e-01
1.394041925668716431e-01
3.129827678203582764e-01
6.791932135820388794e-02
8.690754324197769165e-02
8.624596148729324341e-02
1.152799576520919800e-01
1.783810853958129883e-01
3.129827678203582764e-01
3.129827678203582764e-01
1.280343383550643921e-01
1.081592813134193420e-01
7.703062146902084351e-02
6.743735820055007935e-02
7.294526696205139160e-02
7.260857522487640381e-02
2.197114974260330200e-01
3.129827678203582764e-01
8.202456682920455933e-02
5.977870523929595947e-02
1.417046785354614258e-01
1.291734278202056885e-01
1.552354097366333008e-01
1.639253348112106323e-01
1.667026579380035400e-01
1.509952396154403687e-01
1.361279934644699097e-01
9.244163334369659424e-02
6.319241970777511597e-02
9.925661981105804443e-02
1.217505782842636108e-01
1.149862036108970642e-01
1.547036617994308472e-01
1.764409244060516357e-01
1.613629758358001709e-01
1.637074947357177734e-01
2.896239757537841797e-01
1.793918013572692871e-01
1.263492554426193237e-01
1.298562139272689819e-01
9.617604315280914307e-02
7.208698242902755737e-02
6.062600016593933105e-02
2.112744003534317017e-01
2.896239757537841797e-01
2.632465362548828125e-01
1.588708758354187012e-01
1.262539327144622803e-01
1.053541526198387146e-01
9.485676884651184082e-02
1.962934434413909912e-01
1.849344223737716675e-01
2.518875598907470703e-01
2.896239757537841797e-01
8.855397999286651611e-02
1.339605003595352173e-01
9.862644225358963013e-02
1.212431192398071289e-01
1.003173738718032837e-01
8.789554238319396973e-02
1.135452240705490112e-01
1.567970365285873413e-01
1.645569205284118652e-01
1.354353278875350952e-01
2.539913058280944824e-01
1.815728545188903809e-01
1.018667966127395630e-01
7.503075152635574341e-02
1.536861360073089600e-01
1.137430220842361450e-01
1.250629723072052002e-01
1.853380948305130005e-01
8.775142580270767212e-02
5.903247371315956116e-02
6.065278872847557068e-02
5.315865576267242432e-02
8.296308666467666626e-02
1.610920280218124390e-01
2.136338353157043457e-01
1.704827547073364258e-01
2.032074630260467529e-01
2.056158185005187988e-01
1.999217718839645386e-01
6.362263113260269165e-02
1.118912994861602783e-01
2.367738336324691772e-01
2.460570037364959717e-01
2.528833746910095215e-01
2.426967769861221313e-01
1.680522561073303223e-01
9.344565868377685547e-02
1.135331764817237854e-01
8.580733090639114380e-02
7.572749257087707520e-02
5.077977105975151062e-02
1.536022126674652100e-01
1.822219192981719971e-01
1.172498613595962524e-01
1.199271604418754578e-01
1.201211065053939819e-01
1.818250715732574463e-01
1.057665273547172546e-01
1.512939035892486572e-01
1.841248273849487305e-01
2.214703261852264404e-01
2.528833746910095215e-01
2.528833746910095215e-01
2.231499850749969482e-01
1.269652694463729858e-01
1.566730737686157227e-01
9.548319876194000244e-02
9.591945260763168335e-02
1.542798578739166260e-01
2.014186233282089233e-01
1.534962505102157593e-01
1.765753030776977539e-01
7.766661792993545532e-02
1.523379236459732056e-01
1.225924491882324219e-01
2.274619638919830322e-01
1.963588744401931763e-01
1.611243933439254761e-01
1.603281497955322266e-01
1.576196104288101196e-01
2.365441322326660156e-01
1.456898897886276245e-01
8.083084970712661743e-02
1.450358033180236816e-01
1.162685900926589966e-01
1.159370169043540955e-01
1.948902159929275513e-01
1.321006715297698975e-01
2.006440758705139160e-01
2.342180907726287842e-01
1.460946500301361084e-01
1.268971264362335205e-01
1.582135409116744995e-01
2.365441322326660156e-01
1.918862015008926392e-01
2.365441322326660156e-01
1.411035358905792236e-01
1.449526101350784302e-01
2.365441322326660156e-01
1.346504241228103638e-01
1.297600418329238892e-01
1.270542442798614502e-01
2.207823842763900757e-01
1.473702937364578247e-01
8.705571293830871582e-02
8.399757742881774902e-02
1.600124537944793701e-01
2.229170501232147217e-01
1.975387185811996460e-01
1.496238112449645996e-01
1.982960253953933716e-01
2.381716966629028320e-01
8.672722429037094116e-02
8.119698613882064819e-02
1.119341552257537842e-01
1.869732290506362915e-01
1.507915854454040527e-01
2.139816135168075562e-01
1.820699572563171387e-01
1.725284904241561890e-01
2.381716966629028320e-01
1.381706744432449341e-01
9.908562898635864258e-02
9.007313102483749390e-02
1.273095607757568359e-01
1.445523202419281006e-01
1.474263519048690796e-01
2.381716966629028320e-01
2.381716966629028320e-01
2.381716966629028320e-01
9.861361235380172729e-02
4.530057311058044434e-02
9.883381426334381104e-02
1.725658774375915527e-01
1.652627289295196533e-01
2.287948727607727051e-01
2.017484903335571289e-01
1.885674595832824707e-01
2.119776457548141479e-01
1.222849041223526001e-01
1.336906254291534424e-01
1.421479284763336182e-01
1.176533401012420654e-01
1.349134594202041626e-01
1.360773742198944092e-01
2.356229275465011597e-01
1.988700181245803833e-01
1.190432980656623840e-01
1.382467895746231079e-01
1.720162332057952881e-01
1.161204725503921509e-01
1.248813271522521973e-01
1.750389486551284790e-01
1.755387336015701294e-01
2.356229275465011597e-01
2.332598567008972168e-01
2.165668457746505737e-01
1.244251206517219543e-01
9.101464599370956421e-02
1.090511307120323181e-01
1.186133474111557007e-01
1.104205399751663208e-01
2.030310332775115967e-01
2.356229275465011597e-01
1.411702334880828857e-01
1.209731176495552063e-01
1.146530956029891968e-01
1.390465646982192993e-01
1.532737016677856445e-01
1.268545389175415039e-01
2.162174433469772339e-01
2.356229275465011597e-01
1.232935711741447449e-01
7.363854348659515381e-02
3.326915949583053589e-02
1.140178665518760681e-01
1.919150948524475098e-01
9.988168627023696899e-02
1.038596332073211670e-01
5.325927212834358215e-02
1.251196712255477905e-01
1.615266650915145874e-01
6.067163124680519104e-02
4.962076619267463684e-02
1.086199581623077393e-01
1.688452363014221191e-01
1.048232838511466980e-01
9.878840297460556030e-02
8.604648709297180176e-02
1.976818740367889404e-01
4.222869575023651123e-01
7.666765898466110229e-02
3.962493315339088440e-02
4.430655390024185181e-02
4.899051785469055176e-02
3.314838558435440063e-02
3.613712266087532043e-02
5.630365759134292603e-02
4.222869575023651123e-01
4.222869575023651123e-01
4.596832394599914551e-02
5.117704346776008606e-02
3.278001025319099426e-02
4.077048972249031067e-02
2.541550062596797943e-02
2.114963345229625702e-02
7.707875967025756836e-02
4.222869575023651123e-01
2.032940238714218140e-01
7.635260373353958130e-02
4.403105005621910095e-02
3.444270417094230652e-02
6.935898959636688232e-02
6.073263660073280334e-02
5.757801979780197144e-02
1.101526319980621338e-01
2.134266048669815063e-01
2.107985913753509521e-01
1.422655731439590454e-01
7.438451796770095825e-02
4.272524639964103699e-02
7.010455429553985596e-02
2.744683064520359039e-02
5.017525702714920044e-02
9.218059480190277100e-02
1.707437634468078613e-01
4.220223128795623779e-01
7.110798358917236328e-02
3.196765109896659851e-02
1.690368540585041046e-02
1.389928348362445831e-02
1.263050921261310577e-02
1.593947783112525940e-02
9.289512038230895996e-02
4.220223128795623779e-01
4.220223128795623779e-01
1.303092986345291138e-01
3.111374378204345703e-02
4.611721262335777283e-02
1.896600238978862762e-02
9.384779259562492371e-03
3.636543825268745422e-02
9.096479415893554688e-02
4.220223128795623779e-01
1.483646929264068604e-01
1.459330469369888306e-01
8.146261423826217651e-02
9.414696693420410156e-02
1.047330200672149658e-01
4.902085289359092712e-02
6.663833558559417725e-02
6.624358892440795898e-02
1.356634795665740967e-01
1.700627207756042480e-01
1.010394766926765442e-01
8.535104244947433472e-02
1.283612102270126343e-01
8.078625053167343140e-02
8.292528986930847168e-02
7.434987276792526245e-02
8.708141744136810303e-02
1.862228512763977051e-01
4.070477187633514404e-01
1.686778217554092407e-01
6.916283816099166870e-02
5.959007516503334045e-02
4.025870189070701599e-02
1.041561458259820938e-02
6.799482554197311401e-02
9.756932407617568970e-02
4.070477187633514404e-01
4.070477187633514404e-01
1.428454518318176270e-01
9.291153401136398315e-02
7.498020678758621216e-02
5.482441559433937073e-02
1.949176937341690063e-02
4.091222211718559265e-02
1.315514743328094482e-01
4.070477187633514404e-01
1.061272621154785156e-01
6.401696056127548218e-02
7.053909450769424438e-02
6.756049394607543945e-02
6.372903287410736084e-02
4.624366015195846558e-02
2.997474372386932373e-02
3.235467895865440369e-02
8.814454823732376099e-02
1.179473549127578735e-01
8.930385857820510864e-02
2.628384232521057129e-01
3.208098113536834717e-01
2.850998640060424805e-01
9.227213263511657715e-02
5.009255930781364441e-02
2.047745697200298309e-02
6.161294877529144287e-02
3.208098113536834717e-01
1.094622537493705750e-01
6.059539318084716797e-02
6.190815567970275879e-02
3.858692944049835205e-02
2.148865908384323120e-02
2.034512348473072052e-02
5.236184597015380859e-02
3.208098113536834717e-01
3.208098113536834717e-01
1.525241285562515259e-01
3.208098113536834717e-01
3.208098113536834717e-01
1.963795721530914307e-01
4.500122740864753723e-02
7.395783811807632446e-02
4.382253065705299377e-02
2.348122000694274902e-01
2.576712332665920258e-02
3.858956694602966309e-02
2.797443568706512451e-01
2.797443568706512451e-01
2.487470060586929321e-01
8.006954938173294067e-02
2.272491157054901123e-02
5.963656120002269745e-03
1.451707631349563599e-02
4.392397403717041016e-02
1.505513936281204224e-01
2.358105480670928955e-01
2.797443568706512451e-01
2.797443568706512451e-01
2.514976263046264648e-01
1.106759011745452881e-01
6.476085633039474487e-02
3.186068311333656311e-02
5.360789597034454346e-02
3.909761458635330200e-02
2.648599445819854736e-01
2.797443568706512451e-01
1.800507605075836182e-01
5.933402478694915771e-02
2.620648778975009918e-02
8.258107118308544159e-03
2.484548464417457581e-02
6.284505873918533325e-02
5.310232564806938171e-02
1.282058954238891602e-01
2.638888955116271973e-01
2.797443568706512451e-01
2.797443568706512451e-01
7.192329317331314087e-02
5.323658138513565063e-02
6.766340136528015137e-02
1.309241205453872681e-01
2.080503851175308228e-01
1.748676300048828125e-01
1.690204590559005737e-01
2.617196142673492432e-01
2.050017714500427246e-01
1.552809774875640869e-01
1.001085191965103149e-01
9.375268220901489258e-02
1.453532278537750244e-01
7.679816335439682007e-02
1.425351351499557495e-01
1.452839225530624390e-01
1.260317564010620117e-01
4.654135555028915405e-02
8.512888103723526001e-02
1.006318032741546631e-01
1.582357287406921387e-01
2.247445732355117798e-01
1.054809466004371643e-01
1.372958272695541382e-01
1.537171602249145508e-01
2.617196142673492432e-01
2.617196142673492432e-01
1.346467137336730957e-01
1.365264952182769775e-01
2.243552356958389282e-01
2.617196142673492432e-01
1.526945829391479492e-01
1.964914202690124512e-01
1.137526556849479675e-01
1.179002821445465088e-01
1.193073317408561707e-01
9.591797739267349243e-02
1.343358755111694336e-01
2.617196142673492432e-01
8.437199145555496216e-02
3.011677972972393036e-02
7.847052067518234253e-02
1.262664347887039185e-01
1.494101136922836304e-01
8.174539357423782349e-02
7.743123918771743774e-02
1.129403039813041687e-01
1.080940440297126770e-01
2.494256049394607544e-01
3.997839614748954773e-02
8.876977860927581787e-02
2.331542372703552246e-01
2.562084496021270752e-01
1.710261702537536621e-01
1.877387911081314087e-01
2.562084496021270752e-01
1.694987267255783081e-01
1.271986216306686401e-01
6.796064972877502441e-02
8.412037044763565063e-02
8.017385751008987427e-02
1.750973761081695557e-01
7.015053927898406982e-02
1.177999377250671387e-01
1.970096677541732788e-01
2.323198765516281128e-01
1.628001034259796143e-01
5.296892300248146057e-02
6.161679327487945557e-02
2.316508144140243530e-01
2.562084496021270752e-01
1.772692203521728516e-01
2.562084496021270752e-01
2.562084496021270752e-01
2.562084496021270752e-01
2.463663071393966675e-01
9.375412762165069580e-02
4.104775562882423401e-02
1.034734547138214111e-01
1.112332046031951904e-01
7.807606458663940430e-02
2.157541513442993164e-01
2.463663071393966675e-01
1.988246291875839233e-01
2.463663071393966675e-01
1.343141794204711914e-01
3.835960105061531067e-02
5.202791839838027954e-02
3.920755162835121155e-02
8.589572459459304810e-02
2.463663071393966675e-01
2.257402986288070679e-01
2.463663071393966675e-01
2.076167315244674683e-01
6.191439926624298096e-02
2.916163019835948944e-02
9.457959979772567749e-02
2.349707931280136108e-01
8.561583608388900757e-02
2.369551360607147217e-01
1.928146332502365112e-01
1.660923212766647339e-01
2.463663071393966675e-01
1.553342044353485107e-01
5.987745150923728943e-02
5.078687518835067749e-02
9.352082014083862305e-02
1.224006786942481995e-01
2.463663071393966675e-01
2.014501094818115234e-01
1.733457595109939575e-01
2.061197906732559204e-01
9.922629594802856445e-02
8.926401287317276001e-02
8.590265363454818726e-02
6.677880883216857910e-02
7.261667400598526001e-02
2.253718525171279907e-01
1.941899359226226807e-01
2.582214772701263428e-01
1.701119244098663330e-01
1.329758912324905396e-01
1.315220445394515991e-01
1.047384068369865417e-01
7.094594091176986694e-02
6.660422682762145996e-02
9.703128039836883545e-02
1.517921686172485352e-01
1.680978387594223022e-01
2.527188658714294434e-01
1.991233527660369873e-01
1.332846730947494507e-01
1.440037041902542114e-01
2.412570118904113770e-01
2.148139774799346924e-01
2.582214772701263428e-01
2.082037180662155151e-01
1.528003215789794922e-01
2.582214772701263428e-01
2.206683307886123657e-01
1.335808485746383667e-01
1.187059655785560608e-01
1.338004916906356812e-01
1.087170392274856567e-01
1.494915932416915894e-01
1.303309053182601929e-01
1.537823081016540527e-01
1.761468052864074707e-01
1.463634520769119263e-01
1.944125443696975708e-01
1.388487368822097778e-01
1.089477837085723877e-01
1.611752510070800781e-01
1.843621879816055298e-01
1.914027333259582520e-01
1.545701622962951660e-01
8.401226997375488281e-02
8.000884950160980225e-02
1.559132337570190430e-01
1.640560477972030640e-01
1.067107096314430237e-01
1.306846141815185547e-01
2.094127237796783447e-01
1.462786048650741577e-01
1.688564270734786987e-01
2.608281075954437256e-01
2.530714571475982666e-01
1.857000440359115601e-01
1.188468560576438904e-01
8.684533834457397461e-02
1.453001946210861206e-01
1.757688522338867188e-01
2.155160605907440186e-01
1.791702210903167725e-01
7.212050259113311768e-02
2.158064842224121094e-01
2.608281075954437256e-01
2.179991900920867920e-01
1.083952784538269043e-01
1.269861459732055664e-01
1.400696188211441040e-01
1.518886536359786987e-01
1.091590449213981628e-01
6.207135319709777832e-02
1.383465975522994995e-01
1.609791517257690430e-01
2.017770409584045410e-01
6.977213174104690552e-02
5.315177887678146362e-02
1.068041995167732239e-01
7.141095399856567383e-02
1.226775124669075012e-01
1.151071861386299133e-01
2.344041764736175537e-01
2.429036051034927368e-01
2.687326669692993164e-01
5.586971342563629150e-02
8.072114735841751099e-02
6.305468827486038208e-02
3.287093713879585266e-02
6.168527156114578247e-02
5.844688788056373596e-02
3.087496757507324219e-01
3.206229507923126221e-01
3.206229507923126221e-01
7.699837535619735718e-02
5.101654306054115295e-02
7.628789544105529785e-02
6.207322329282760620e-02
6.538096070289611816e-02
8.526492863893508911e-02
3.170142769813537598e-01
3.206229507923126221e-01
3.206229507923126221e-01
6.888509541749954224e-02
5.673744529485702515e-02
2.676866576075553894e-02
1.848195865750312805e-02
2.835910208523273468e-02
1.154686361551284790e-01
1.233086958527565002e-01
1.271262168884277344e-01
1.247192546725273132e-01
4.545808956027030945e-02
1.235869228839874268e-01
1.127283722162246704e-01
6.633809208869934082e-02
9.219595789909362793e-02
1.060810238122940063e-01
1.231142729520797729e-01
1.418622136116027832e-01
2.077824026346206665e-01
1.544861793518066406e-01
1.815183758735656738e-01
2.136864960193634033e-01
2.053470611572265625e-01
1.962114870548248291e-01
1.087985709309577942e-01
2.666102647781372070e-01
2.734151184558868408e-01
2.734151184558868408e-01
5.800792574882507324e-02
6.081236526370048523e-02
4.464816302061080933e-02
3.408332541584968567e-02
4.907514154911041260e-02
1.627826839685440063e-01
2.734151184558868408e-01
2.734151184558868408e-01
2.734151184558868408e-01
2.429105043411254883e-01
1.175558418035507202e-01
1.553090065717697144e-01
1.269809901714324951e-01
1.110011488199234009e-01
1.041977778077125549e-01
9.110528230667114258e-02
9.255947917699813843e-02
1.710829883813858032e-01
2.027446478605270386e-01
1.059001833200454712e-01
1.479073017835617065e-01
1.890939921140670776e-01
1.640140563249588013e-01
1.724469363689422607e-01
1.167311817407608032e-01
1.321986466646194458e-01
1.696750670671463013e-01
2.355714291334152222e-01
1.394153684377670288e-01
1.189771369099617004e-01
2.205399423837661743e-01
1.833877414464950562e-01
1.716588735580444336e-01
1.513256728649139404e-01
1.383441537618637085e-01
2.130623310804367065e-01
2.126307636499404907e-01
1.290188431739807129e-01
1.406651288270950317e-01
1.328862905502319336e-01
1.267897486686706543e-01
2.355714291334152222e-01
1.849963366985321045e-01
7.782717794179916382e-02
1.807653307914733887e-01
2.050226479768753052e-01
1.720986962318420410e-01
1.172858998179435730e-01
2.140516042709350586e-01
2.255121618509292603e-01
2.101584970951080322e-01
1.523823887109756470e-01
1.564749032258987427e-01
1.410140544176101685e-01
9.818867594003677368e-02
1.359516680240631104e-01
1.152049303054809570e-01
1.679712384939193726e-01
1.786230951547622681e-01
2.224818617105484009e-01
2.284931391477584839e-01
1.590076386928558350e-01
1.110427826642990112e-01
5.473031103610992432e-02
1.417796909809112549e-01
1.117678359150886536e-01
1.904354691505432129e-01
2.535220384597778320e-01
2.535220384597778320e-01
1.541067659854888916e-01
5.763746425509452820e-02
1.393906027078628540e-01
1.431634426116943359e-01
1.635113805532455444e-01
1.000726148486137390e-01
1.678144633769989014e-01
2.503895461559295654e-01
2.535220384597778320e-01
1.048919633030891418e-01
9.127147495746612549e-02
1.196938157081604004e-01
9.007244557142257690e-02
1.712471544742584229e-01
1.112606227397918701e-01
1.945339143276214600e-01
2.535220384597778320e-01
1.828109920024871826e-01
1.419098675251007080e-01
1.404719054698944092e-01
9.644693881273269653e-02
8.298585563898086548e-02
1.032093465328216553e-01
1.126743778586387634e-01
1.434258520603179932e-01
2.469318956136703491e-01
1.865856945514678955e-01
1.315606236457824707e-01
1.367226988077163696e-01
1.285747140645980835e-01
1.278272718191146851e-01
1.230550035834312439e-01
1.602557003498077393e-01
2.469318956136703491e-01
2.469318956136703491e-01
1.810667812824249268e-01
9.470123052597045898e-02
1.168759539723396301e-01
1.194645240902900696e-01
1.198934465646743774e-01
1.298524141311645508e-01
1.255013048648834229e-01
1.743869632482528687e-01
2.469318956136703491e-01
2.469318956136703491e-01
1.531733870506286621e-01
1.103539764881134033e-01
1.573380529880523682e-01
1.398382484912872314e-01
1.756847500801086426e-01
1.868085563182830811e-01
2.469318956136703491e-01
2.469318956136703491e-01
3.580900132656097412e-01
1.986462622880935669e-02
9.759925305843353271e-03
6.087335059419274330e-04
3.215019591152667999e-03
3.413851838558912277e-03
5.286624189466238022e-03
4.717851057648658752e-03
3.580900132656097412e-01
3.580900132656097412e-01
1.128413435071706772e-02
1.527650468051433563e-02
2.317924052476882935e-03
5.228988360613584518e-03
2.150133950635790825e-03
1.845846767537295818e-03
7.512316573411226273e-03
3.580900132656097412e-01
3.580900132656097412e-01
8.439210243523120880e-03
1.387277734465897083e-03
4.826028307434171438e-04
1.370804663747549057e-02
9.342129342257976532e-03
6.844869349151849747e-03
1.203296473249793053e-03
3.172882199287414551e-01
3.580900132656097412e-01
6.040357518941164017e-03
3.051451407372951508e-03
3.269491018727421761e-03
1.326874084770679474e-02
7.940878160297870636e-03
8.455174975097179413e-03
1.882814569398760796e-03
3.529755175113677979e-01
3.297156989574432373e-01
7.041795179247856140e-03
9.173512458801269531e-03
7.539125625044107437e-03
8.155068382620811462e-03
3.701004898175597191e-03
2.994025824591517448e-03
1.088368427008390427e-02
3.297156989574432373e-01
3.297156989574432373e-01
4.233770072460174561e-02
2.207041345536708832e-02
7.476735115051269531e-02
8.364776521921157837e-02
1.832939498126506805e-02
1.411776896566152573e-02
1.810430362820625305e-02
3.297156989574432373e-01
3.211065530776977539e-01
1.819964847527444363e-03
2.660905942320823669e-03
7.105766795575618744e-03
3.273951634764671326e-02
1.174156181514263153e-02
7.665756624191999435e-03
2.678391057997941971e-03
2.540867328643798828e-01
3.297156989574432373e-01
4.538709297776222229e-02
5.462407693266868591e-02
1.701058745384216309e-01
3.297156989574432373e-01
6.533805280923843384e-02
1.054653301835060120e-01
3.482215106487274170e-02
3.297156989574432373e-01
2.933658659458160400e-01
3.706585988402366638e-02
2.115065045654773712e-02
5.894830822944641113e-02
8.954294770956039429e-02
2.414121665060520172e-02
3.118051402270793915e-02
3.533959388732910156e-02
2.933658659458160400e-01
2.933658659458160400e-01
1.969259046018123627e-02
9.921302087604999542e-03
2.811108715832233429e-02
1.156216561794281006e-01
3.693063557147979736e-02
2.205250412225723267e-02
3.236157447099685669e-02
2.933658659458160400e-01
2.933658659458160400e-01
6.004343554377555847e-02
7.887893170118331909e-02
1.688356250524520874e-01
2.933658659458160400e-01
1.102852448821067810e-01
1.188457831740379333e-01
5.302317440509796143e-02
2.933658659458160400e-01
2.933658659458160400e-01
5.636368319392204285e-02
6.044363602995872498e-02
8.433084189891815186e-02
2.933658659458160400e-01
1.300253123044967651e-01
5.791758000850677490e-02
3.374599665403366089e-02
2.933658659458160400e-01
2.750912010669708252e-01
5.367696657776832581e-02
2.349519543349742889e-02
3.232930600643157959e-02
9.203073382377624512e-02
4.050780087709426880e-02
1.072886958718299866e-02
1.697170361876487732e-02
2.750912010669708252e-01
2.750912010669708252e-01
1.112530007958412170e-01
1.891018003225326538e-01
2.301453500986099243e-01
1.011367216706275940e-01
1.694966480135917664e-02
5.715682357549667358e-02
4.101638123393058777e-02
2.547602057456970215e-01
2.750912010669708252e-01
1.651214659214019775e-01
1.932437419891357422e-01
8.912454545497894287e-02
2.160774171352386475e-01
7.265855371952056885e-02
6.803949177265167236e-02
3.749518841505050659e-02
2.750912010669708252e-01
2.523965537548065186e-01
2.056926190853118896e-01
2.750912010669708252e-01
1.844050586223602295e-01
1.495627611875534058e-01
2.189357578754425049e-02
9.130330383777618408e-02
5.563050135970115662e-02
2.046528458595275879e-01
1.046779304742813110e-01
7.959979027509689331e-02
1.799891591072082520e-01
2.693531811237335205e-01
1.872760951519012451e-01
2.802807465195655823e-02
3.542640805244445801e-02
2.869739383459091187e-02
5.233220383524894714e-02
1.823819428682327271e-01
1.761776655912399292e-01
1.380603313446044922e-01
2.210492044687271118e-01
2.693531811237335205e-01
1.065412610769271851e-01
1.761898957192897797e-02
4.574073478579521179e-02
1.569298952817916870e-01
1.077965870499610901e-01
1.790613830089569092e-01
2.231566458940505981e-01
2.418996840715408325e-01
1.653237789869308472e-01
1.965590193867683411e-02
4.410307481884956360e-02
5.670214444398880005e-02
7.468778640031814575e-02
2.693531811237335205e-01
2.693531811237335205e-01
1.613554805517196655e-01
2.545168697834014893e-01
2.693531811237335205e-01
4.155417159199714661e-02
5.135657638311386108e-02
1.240883022546768188e-01
2.693531811237335205e-01
3.047120273113250732e-01
1.309684962034225464e-01
9.468719363212585449e-02
8.347449451684951782e-02
1.727887541055679321e-01
7.406388968229293823e-02
1.782394573092460632e-02
4.655270278453826904e-02
3.047120273113250732e-01
3.047120273113250732e-01
6.015902385115623474e-02
5.013809725642204285e-02
1.875092461705207825e-02
3.252382203936576843e-02
4.682693257927894592e-02
2.442430518567562103e-02
4.537383094429969788e-02
3.047120273113250732e-01
3.047120273113250732e-01
2.165081351995468140e-01
5.755561217665672302e-02
6.149274110794067383e-02
1.613224297761917114e-01
2.099988795816898346e-02
1.420584022998809814e-01
1.269299387931823730e-01
3.047120273113250732e-01
3.047120273113250732e-01
2.760573104023933411e-02
7.341437973082065582e-03
2.670267783105373383e-02
1.887213252484798431e-02
1.190442219376564026e-02
1.997676491737365723e-01
1.104324683547019958e-01
3.047120273113250732e-01
2.359120845794677734e-01
3.977439552545547485e-02
2.969883196055889130e-02
2.758041024208068848e-02
6.802357733249664307e-02
4.820571839809417725e-02
8.807622641324996948e-02
1.060221418738365173e-01
2.775571048259735107e-01
1.712815165519714355e-01
3.814117982983589172e-02
2.427292428910732269e-02
1.171425431966781616e-01
2.775571048259735107e-01
1.699213534593582153e-01
2.775571048259735107e-01
2.494075298309326172e-01
2.764605879783630371e-01
2.742646336555480957e-01
2.178780175745487213e-02
8.475375361740589142e-03
3.045336715877056122e-02
2.898861095309257507e-02
2.180601842701435089e-02
8.767359703779220581e-02
3.662825003266334534e-02
2.775571048259735107e-01
2.775571048259735107e-01
1.397313363850116730e-02
9.758002124726772308e-03
3.780078142881393433e-02
1.260566115379333496e-01
1.317540258169174194e-01
2.775571048259735107e-01
1.962472200393676758e-01
2.775571048259735107e-01
8.340433984994888306e-02
1.589518226683139801e-02
2.087587490677833557e-02
4.689254239201545715e-02
1.842076927423477173e-01
7.229620218276977539e-02
2.847037017345428467e-01
1.057773083448410034e-01
9.390296041965484619e-02
9.192723780870437622e-02
1.467272043228149414e-01
1.608360558748245239e-01
5.758294090628623962e-02
2.860322296619415283e-01
6.868466734886169434e-02
1.687593460083007812e-01
4.339526966214179993e-02
4.502059891819953918e-02
2.361503392457962036e-01
1.428628619760274887e-02
1.918117888271808624e-02
1.906514726579189301e-02
2.256656438112258911e-01
7.843415439128875732e-02
2.862260937690734863e-01
2.619560956954956055e-01
2.436040937900543213e-01
1.479402035474777222e-01
1.417305022478103638e-01
1.967726349830627441e-01
4.333094507455825806e-02
2.862260937690734863e-01
1.007906571030616760e-01
2.862260937690734863e-01
2.337612211704254150e-01
1.846497207880020142e-01
1.961210668087005615e-01
2.800622880458831787e-01
2.800622880458831787e-01
1.684458553791046143e-01
2.800622880458831787e-01
1.935596615076065063e-01
2.582190930843353271e-01
5.807757750153541565e-02
6.323327869176864624e-02
1.882509291172027588e-01
1.698994934558868408e-01
1.223803237080574036e-01
1.063529923558235168e-01
1.334235370159149170e-01
9.405348449945449829e-02
6.494669616222381592e-02
5.653301253914833069e-02
9.474450349807739258e-02
1.262459009885787964e-01
2.315391302108764648e-01
2.780127823352813721e-01
8.678947389125823975e-02
2.800622880458831787e-01
1.704815924167633057e-01
2.477515041828155518e-01
1.223836168646812439e-01
1.092646643519401550e-01
1.267437636852264404e-01
1.935570538043975830e-01
1.232317313551902771e-01
7.275329530239105225e-02
9.637703001499176025e-02
6.992801278829574585e-02
4.042216762900352478e-02
5.281148478388786316e-02
8.448461443185806274e-02
1.059748232364654541e-01
1.382934302091598511e-01
1.475681662559509277e-01
8.624544739723205566e-02
8.588377386331558228e-02
5.197331309318542480e-02
5.456233024597167969e-02
1.107014864683151245e-01
9.268017113208770752e-02
3.211765736341476440e-02
3.089542090892791748e-01
3.498100340366363525e-01
1.404328793287277222e-01
6.437037885189056396e-02
5.298843607306480408e-02
5.498713254928588867e-02
8.337838947772979736e-02
3.402775153517723083e-02
9.774597734212875366e-02
3.258176147937774658e-01
3.498100340366363525e-01
1.509073674678802490e-01
9.543236345052719116e-02
5.294707417488098145e-02
3.989965841174125671e-02
8.842141926288604736e-02
9.732745587825775146e-02
8.619599044322967529e-02
3.498100340366363525e-01
3.498100340366363525e-01
2.983155846595764160e-01
8.764973282814025879e-02
4.266527667641639709e-02
3.524098917841911316e-02
3.936036676168441772e-02
3.582265973091125488e-02
2.067683078348636627e-02
2.941524982452392578e-01
3.124696910381317139e-01
1.259263455867767334e-01
2.182224206626415253e-02
1.614374481141567230e-02
1.944269798696041107e-02
2.706001512706279755e-02
9.781949222087860107e-03
5.501855537295341492e-02
2.426551580429077148e-01
3.124696910381317139e-01
1.872147619724273682e-01
3.951957821846008301e-02
3.833425417542457581e-02
1.445595547556877136e-02
2.337200939655303955e-02
4.708813875913619995e-02
1.208021193742752075e-01
2.869722247123718262e-01
3.124696910381317139e-01
1.372724026441574097e-01
1.103816553950309753e-01
4.248823970556259155e-02
4.474316537380218506e-02
2.926581911742687225e-02
4.681630060076713562e-02
2.399342805147171021e-01
2.615960836410522461e-01
3.124696910381317139e-01
1.482850015163421631e-01
2.152895629405975342e-01
1.010513603687286377e-01
1.084210947155952454e-01
8.563090115785598755e-02
2.003634721040725708e-01
7.962362468242645264e-02
1.985247284173965454e-01
2.480929195880889893e-01
1.883611232042312622e-01
4.708291217684745789e-02
3.648408874869346619e-02
1.962218619883060455e-02
2.353130280971527100e-02
7.079625874757766724e-02
1.037452891469001770e-01
2.096592932939529419e-01
2.480929195880889893e-01
2.096997946500778198e-01
1.954989284276962280e-01
7.429254800081253052e-02
8.795518428087234497e-02
9.505544602870941162e-02
7.604283094406127930e-02
2.116984575986862183e-01
2.480929195880889893e-01
2.480929195880889893e-01
1.880747526884078979e-01
1.248775050044059753e-01
1.081188246607780457e-01
1.086848527193069458e-01
5.502474308013916016e-02
2.174539566040039062e-01
1.616265028715133667e-01
2.480929195880889893e-01
2.480929195880889893e-01
2.480929195880889893e-01
1.116186305880546570e-01
1.576358228921890259e-01
1.394015997648239136e-01
1.340908408164978027e-01
2.012684941291809082e-01
1.040564328432083130e-01
1.225056499242782593e-01
1.371395140886306763e-01
1.588702797889709473e-01
1.967282444238662720e-01
1.301891207695007324e-01
1.343147605657577515e-01
1.698235571384429932e-01
1.164897456765174866e-01
1.750999242067337036e-01
1.879167407751083374e-01
9.569496661424636841e-02
9.501274675130844116e-02
1.526489555835723877e-01
1.844985485076904297e-01
1.137167438864707947e-01
2.029329836368560791e-01
2.128507643938064575e-01
1.022816598415374756e-01
1.047412306070327759e-01
1.550921797752380371e-01
1.699426919221878052e-01
1.391944289207458496e-01
1.972974538803100586e-01
2.586395144462585449e-01
2.586395144462585449e-01
1.935216933488845825e-01
1.216549351811408997e-01
1.196293085813522339e-01
7.891879975795745850e-02
8.686369657516479492e-02
1.181513741612434387e-01
1.782732307910919189e-01
2.586395144462585449e-01
2.586395144462585449e-01
2.102188318967819214e-01
2.395000606775283813e-01
1.616332828998565674e-01
7.002732902765274048e-02
5.626485869288444519e-02
1.080229505896568298e-01
1.439594179391860962e-01
9.921747446060180664e-02
1.502654850482940674e-01
2.321152389049530029e-01
2.449004203081130981e-01
1.517602950334548950e-01
9.479646384716033936e-02
1.167412698268890381e-01
1.481271386146545410e-01
1.171797141432762146e-01
1.203874051570892334e-01
1.495679020881652832e-01
2.449004203081130981e-01
2.056857794523239136e-01
1.774054318666458130e-01
8.086737245321273804e-02
5.295937508344650269e-02
7.954282313585281372e-02
1.088551357388496399e-01
1.950642168521881104e-01
2.449004203081130981e-01
2.257524877786636353e-01
2.097424715757369995e-01
2.111630439758300781e-01
1.261737197637557983e-01
1.004033982753753662e-01
2.160400301218032837e-01
1.449180543422698975e-01
1.739234030246734619e-01
1.624644845724105835e-01
2.449004203081130981e-01
1.746108233928680420e-01
8.911938965320587158e-02
7.777724415063858032e-02
1.408995240926742554e-01
1.723511666059494019e-01
1.255214214324951172e-01
1.241156607866287231e-01
1.862418502569198608e-01
2.219563722610473633e-01
2.434655427932739258e-01
8.075843751430511475e-02
4.702572152018547058e-02
8.844475448131561279e-02
1.163538694381713867e-01
1.738197654485702515e-01
1.530508249998092651e-01
2.175287604331970215e-01
2.434655427932739258e-01
1.454221308231353760e-01
1.332799345254898071e-01
8.660919964313507080e-02
1.073286384344100952e-01
2.278132140636444092e-01
1.498872041702270508e-01
1.786848008632659912e-01
1.926001161336898804e-01
2.380027920007705688e-01
2.434655427932739258e-01
1.379054188728332520e-01
6.902929395437240601e-02
6.256175786256790161e-02
1.814884841442108154e-01
1.246360242366790771e-01
1.638758778572082520e-01
2.434655427932739258e-01
2.434655427932739258e-01
1.859423071146011353e-01
4.049012064933776855e-02
6.412754766643047333e-03
7.175490609370172024e-04
1.211221329867839813e-02
8.211359381675720215e-03
6.721659097820520401e-03
4.051546566188335419e-03
1.452353149652481079e-01
2.404910922050476074e-01
3.418913111090660095e-02
8.618801832199096680e-03
5.611832719296216965e-03
1.172428485006093979e-02
1.269552670419216156e-02
1.878436468541622162e-02
1.890337094664573669e-02
2.276790440082550049e-01
3.245101273059844971e-01
3.245101273059844971e-01
2.276639342308044434e-01
4.652456566691398621e-02
3.657339885830879211e-02
2.912887930870056152e-02
3.070656768977642059e-02
2.820614166557788849e-02
3.245101273059844971e-01
3.245101273059844971e-01
2.936199307441711426e-01
3.245101273059844971e-01
1.502355635166168213e-01
6.603211909532546997e-02
8.044407516717910767e-02
8.711455762386322021e-02
1.010494083166122437e-01
3.245101273059844971e-01
1.570775657892227173e-01
6.270650774240493774e-03
7.968189194798469543e-03
6.736054550856351852e-03
2.482385933399200439e-02
2.224086411297321320e-02
3.077409602701663971e-02
2.969550527632236481e-02
1.827281117439270020e-01
3.013368248939514160e-01
2.678389474749565125e-02
2.476851455867290497e-02
7.308714836835861206e-02
2.736023664474487305e-01
3.949958458542823792e-02
1.151978820562362671e-01
4.892804846167564392e-02
2.948670089244842529e-01
3.013368248939514160e-01
9.119012206792831421e-02
2.544655203819274902e-01
1.003197804093360901e-01
5.166099220514297485e-02
1.576116979122161865e-01
1.330538243055343628e-01
1.917640119791030884e-01
3.013368248939514160e-01
3.013368248939514160e-01
5.750942602753639221e-02
3.500656038522720337e-02
7.246514409780502319e-02
7.028332352638244629e-02
1.816516667604446411e-01
1.300097107887268066e-01
2.576307654380798340e-01
3.013368248939514160e-01
2.607304751873016357e-01
4.874128848314285278e-02
5.292568355798721313e-02
8.406649529933929443e-02
2.501124739646911621e-01
5.496986955404281616e-02
8.749844133853912354e-02
3.508871421217918396e-02
2.607304751873016357e-01
2.063918709754943848e-01
1.403839290142059326e-01
2.607304751873016357e-01
1.676464229822158813e-01
2.291914671659469604e-01
6.270999461412429810e-02
4.479713365435600281e-02
2.531164512038230896e-02
1.575848758220672607e-01
2.607304751873016357e-01
8.392983675003051758e-02
6.560539454221725464e-02
4.885454103350639343e-02
4.408691823482513428e-02
6.842637062072753906e-02
6.178335845470428467e-02
1.608058959245681763e-01
2.607304751873016357e-01
2.607304751873016357e-01
2.565739452838897705e-01
2.607304751873016357e-01
2.452898174524307251e-01
1.375446021556854248e-01
3.307665139436721802e-02
3.971190378069877625e-02
1.178173720836639404e-01
2.212823033332824707e-01
1.059401333332061768e-01
2.174717485904693604e-01
2.575497031211853027e-01
1.833287626504898071e-01
1.038873195648193359e-01
1.809278875589370728e-02
1.807879358530044556e-01
1.368670016527175903e-01
7.736077159643173218e-02
1.058258339762687683e-01
1.305404156446456909e-01
2.573077082633972168e-01
1.402323693037033081e-01
4.891378432512283325e-02
9.805697947740554810e-03
2.368100732564926147e-01
2.575497031211853027e-01
1.621658653020858765e-01
1.170611083507537842e-01
1.968679428100585938e-01
2.575497031211853027e-01
2.163580805063247681e-01
1.163373962044715881e-01
1.435681525617837906e-02
1.492421925067901611e-01
1.644812226295471191e-01
8.575225621461868286e-02
1.837582886219024658e-01
9.029936045408248901e-02
1.327089518308639526e-01
8.642395585775375366e-02
5.035513266921043396e-02
2.406935952603816986e-02
2.575497031211853027e-01
2.575497031211853027e-01
2.575497031211853027e-01
7.944896817207336426e-02
9.541774541139602661e-02
1.823654621839523315e-01
1.401486694812774658e-01
6.037073582410812378e-02
1.676683872938156128e-02
7.242796570062637329e-02
1.306383162736892700e-01
1.147570312023162842e-01
2.348287403583526611e-01
2.348287403583526611e-01
2.348287403583526611e-01
2.158268839120864868e-01
1.560928374528884888e-01
4.225728288292884827e-02
7.960340380668640137e-02
7.352846115827560425e-02
1.790181845426559448e-01
1.816272139549255371e-01
7.450502365827560425e-02
2.174922227859497070e-01
1.202480047941207886e-01
1.530800610780715942e-01
5.170417949557304382e-02
1.488008946180343628e-01
2.348287403583526611e-01
2.348287403583526611e-01
1.563690304756164551e-01
1.237816810607910156e-01
2.348287403583526611e-01
2.348287403583526611e-01
2.348287403583526611e-01
1.512079387903213501e-01
2.348287403583526611e-01
2.032240331172943115e-01
1.569067090749740601e-01
2.360308915376663208e-01
1.360817551612854004e-01
1.043340712785720825e-01
8.697927743196487427e-02
1.212336495518684387e-01
3.381228819489479065e-02
2.238359898328781128e-01
1.280045956373214722e-01
2.048214823007583618e-01
1.776901632547378540e-01
6.982190161943435669e-02
7.063876837491989136e-02
8.692979812622070312e-02
1.166769638657569885e-01
6.113434582948684692e-02
2.360308915376663208e-01
1.546875834465026855e-01
1.326315253973007202e-01
1.801982820034027100e-01
8.587734401226043701e-02
1.883653402328491211e-01
1.570572257041931152e-01
1.765824705362319946e-01
1.737341433763504028e-01
2.360308915376663208e-01
1.738509833812713623e-01
1.012725904583930969e-01
2.201273739337921143e-01
1.717716306447982788e-01
2.360308915376663208e-01
2.222935110330581665e-01
1.886926442384719849e-01
2.080829441547393799e-01
2.360308915376663208e-01
1.658218055963516235e-01
1.198181286454200745e-01
1.842076033353805542e-01
7.778272777795791626e-02
6.971447914838790894e-02
1.013082563877105713e-01
1.698206663131713867e-01
8.108290284872055054e-02
2.499081939458847046e-01
9.224239736795425415e-02
1.476116627454757690e-01
1.093809977173805237e-01
1.173865143209695816e-02
1.609713025391101837e-02
2.470282092690467834e-02
1.456649899482727051e-01
5.566560849547386169e-02
2.499081939458847046e-01
8.338627219200134277e-02
1.155117824673652649e-01
2.214087098836898804e-01
1.975140124559402466e-01
1.970180124044418335e-01
1.938729584217071533e-01
2.499081939458847046e-01
2.499081939458847046e-01
2.499081939458847046e-01
1.985991001129150391e-01
1.686898022890090942e-01
1.122219786047935486e-01
6.167463958263397217e-02
6.385499984025955200e-02
6.261575967073440552e-02
2.499081939458847046e-01
2.499081939458847046e-01
2.499081939458847046e-01
1.736689060926437378e-01
1.804907023906707764e-01
1.273882240056991577e-01
2.641880698502063751e-02
3.220523521304130554e-02
9.302862919867038727e-03
1.696621328592300415e-01
2.997330948710441589e-02
2.685807645320892334e-01
2.139749079942703247e-01
1.651772856712341309e-01
1.211940422654151917e-01
1.672231107950210571e-01
1.838467121124267578e-01
6.496632844209671021e-02
2.685807645320892334e-01
7.165278494358062744e-02
2.685807645320892334e-01
2.685807645320892334e-01
2.685807645320892334e-01
6.645634770393371582e-02
1.683613657951354980e-01
2.544082999229431152e-01
4.178537428379058838e-02
8.971495926380157471e-02
5.757677555084228516e-02
8.822177350521087646e-02
1.111682206392288208e-01
1.236935034394264221e-01
7.629768550395965576e-02
2.685807645320892334e-01
2.685807645320892334e-01
8.568987250328063965e-02
9.924987703561782837e-02
5.314685031771659851e-02
1.316034793853759766e-01
2.536942362785339355e-01
1.794504970312118530e-01
7.183670997619628906e-02
1.524868309497833252e-01
1.746594905853271484e-01
9.372040629386901855e-02
2.453985959291458130e-01
9.388232231140136719e-02
2.017609328031539917e-01
2.057993859052658081e-01
1.382771134376525879e-01
1.491531431674957275e-01
2.327812016010284424e-01
1.145846620202064514e-01
9.612022340297698975e-02
8.957605808973312378e-02
6.324110180139541626e-02
5.219594016671180725e-02
5.070726945996284485e-02
6.274696439504623413e-02
1.174861341714859009e-01
1.797506511211395264e-01
2.453985959291458130e-01
1.395318955183029175e-01
1.422456353902816772e-01
8.630936592817306519e-02
1.897847503423690796e-01
2.453985959291458130e-01
1.763494312763214111e-01
2.453985959291458130e-01
2.141420394182205200e-01
1.572857797145843506e-01
1.837055236101150513e-01
2.265470176935195923e-01
1.637264490127563477e-01
8.864200860261917114e-02
2.167378813028335571e-01
2.453985959291458130e-01
1.047970131039619446e-01
2.470841407775878906e-01
1.940438449382781982e-01
7.041830569505691528e-02
4.355775564908981323e-02
3.319017216563224792e-02
1.938046701252460480e-02
1.996017619967460632e-02
4.569805413484573364e-02
9.389494359493255615e-02
2.744167149066925049e-01
2.744167149066925049e-01
2.068560272455215454e-01
1.026375666260719299e-01
5.164290592074394226e-02
4.808042943477630615e-02
2.343536540865898132e-02
4.742131009697914124e-02
1.687206625938415527e-01
1.858267188072204590e-01
1.486303508281707764e-01
8.849404752254486084e-02
2.105787247419357300e-01
1.737119704484939575e-01
5.059324949979782104e-02
8.027421683073043823e-02
1.999859213829040527e-01
1.721995621919631958e-01
2.744167149066925049e-01
2.744167149066925049e-01
2.488614469766616821e-01
2.744167149066925049e-01
2.084074169397354126e-01
1.821877956390380859e-01
1.533210575580596924e-01
1.488507986068725586e-01
9.389528632164001465e-02
1.567720025777816772e-01
2.501990795135498047e-01
1.237291693687438965e-01
1.116661727428436279e-01
5.796537548303604126e-02
6.635491549968719482e-02
4.067959636449813843e-02
6.926749646663665771e-02
1.366468667984008789e-01
2.274006158113479614e-01
2.909249067306518555e-01
8.956247568130493164e-02
1.535652130842208862e-01
6.487111747264862061e-02
7.771473377943038940e-02
5.001889541745185852e-02
9.699773043394088745e-02
2.382242530584335327e-01
2.909249067306518555e-01
2.909249067306518555e-01
1.793236285448074341e-01
1.279191225767135620e-01
9.355909377336502075e-02
2.002977579832077026e-01
1.268460005521774292e-01
1.271354109048843384e-01
2.248699218034744263e-01
2.909249067306518555e-01
2.909249067306518555e-01
1.443182379007339478e-01
9.547203034162521362e-02
4.608986899256706238e-02
1.710982620716094971e-01
6.523118913173675537e-02
9.598680585622787476e-02
1.367404907941818237e-01
2.832088470458984375e-01
2.832088470458984375e-01
1.072319820523262024e-01
1.140899732708930969e-01
6.501109898090362549e-02
7.207679748535156250e-02
3.374934196472167969e-02
1.027433127164840698e-01
9.850582480430603027e-02
2.061721831560134888e-01
2.554048597812652588e-01
1.807115674018859863e-01
9.370422363281250000e-02
6.717037409543991089e-02
8.415245264768600464e-02
6.711755692958831787e-02
1.415026783943176270e-01
1.186022311449050903e-01
2.832088470458984375e-01
2.832088470458984375e-01
1.585826873779296875e-01
1.268741041421890259e-01
7.199250161647796631e-02
7.873025536537170410e-02
3.196117654442787170e-02
9.322838485240936279e-02
9.970639646053314209e-02
2.244099527597427368e-01
2.832088470458984375e-01
2.832088470458984375e-01
2.823178470134735107e-01
1.606253534555435181e-01
7.539800554513931274e-02
3.567219153046607971e-02
8.618077635765075684e-02
8.659342676401138306e-02
1.082367002964019775e-01
2.748666703701019287e-01
2.228935956954956055e-01
1.052224934101104736e-01
7.480950653553009033e-02
2.125833779573440552e-01
2.352603077888488770e-01
1.369321048259735107e-01
7.171939313411712646e-02
6.447942554950714111e-02
8.707109093666076660e-02
1.061187237501144409e-01
6.919497251510620117e-02
1.081835031509399414e-01
2.748666703701019287e-01
2.748666703701019287e-01
1.379296034574508667e-01
1.017319858074188232e-01
1.786123961210250854e-01
2.748666703701019287e-01
2.748666703701019287e-01
2.264329493045806885e-01
9.874225407838821411e-02
9.044916182756423950e-02
9.958674013614654541e-02
4.495961591601371765e-02
9.948774427175521851e-02
1.025825068354606628e-01
1.261404901742935181e-01
1.422250270843505859e-01
8.311568945646286011e-02
9.691711515188217163e-02
2.540348768234252930e-01
2.748666703701019287e-01
1.210014447569847107e-01
1.278349757194519043e-01
1.146717667579650879e-01
3.898362815380096436e-02
1.114917844533920288e-01
9.923137724399566650e-02
1.113593876361846924e-01
2.755523622035980225e-01
2.755523622035980225e-01
2.009937912225723267e-01
1.057683154940605164e-01
1.068560257554054260e-01
7.720150798559188843e-02
7.781618088483810425e-02
1.374217271804809570e-01
1.283469796180725098e-01
1.742324233055114746e-01
1.365894377231597900e-01
2.037404626607894897e-01
1.535099744796752930e-01
8.905252814292907715e-02
4.212116077542304993e-02
1.221228837966918945e-01
8.800256997346878052e-02
1.166412755846977234e-01
2.755523622035980225e-01
2.755523622035980225e-01
2.755523622035980225e-01
1.637514829635620117e-01
6.214205920696258545e-02
5.265728011727333069e-02
5.918986350297927856e-02
8.919983357191085815e-02
9.370680153369903564e-02
2.755523622035980225e-01
2.755523622035980225e-01
2.755523622035980225e-01
1.374330520629882812e-01
1.111571714282035828e-01
9.379381686449050903e-02
6.183026731014251709e-02
1.608347296714782715e-01
1.449910998344421387e-01
1.524209976196289062e-01
9.703239053487777710e-02
2.005255818367004395e-01
2.527006566524505615e-01
1.919344812631607056e-01
1.285733580589294434e-01
8.345278352499008179e-02
1.788717210292816162e-01
8.924333006143569946e-02
1.034965589642524719e-01
1.636411696672439575e-01
2.527006566524505615e-01
1.597879827022552490e-01
1.100363358855247498e-01
1.168431192636489868e-01
4.254915192723274231e-02
9.823996573686599731e-02
1.277942359447479248e-01
2.269063889980316162e-01
2.048984020948410034e-01
2.202586680650711060e-01
2.527006566524505615e-01
2.255965173244476318e-01
2.527006566524505615e-01
8.213797211647033691e-02
1.740313023328781128e-01
1.083428636193275452e-01
1.523319631814956665e-01
1.812482774257659912e-01
2.527006566524505615e-01
1.890543252229690552e-01
2.164491564035415649e-01
2.196464687585830688e-01
8.292434364557266235e-02
7.325803488492965698e-02
4.645521566271781921e-02
8.837046474218368530e-02
3.777653351426124573e-02
1.240312531590461731e-01
2.188384532928466797e-01
1.536775082349777222e-01
2.458395510911941528e-01
1.632998138666152954e-01
1.211929023265838623e-01
1.285855472087860107e-01
2.283872663974761963e-01
1.941697746515274048e-01
2.249150276184082031e-01
7.610942423343658447e-02
5.008219927549362183e-02
8.168501406908035278e-02
7.535844296216964722e-02
9.316035360097885132e-02
4.923224449157714844e-02
2.458395510911941528e-01
1.344138383865356445e-01
1.412866860628128052e-01
2.458395510911941528e-01
9.067929536104202271e-02
1.131126210093498230e-01
2.114232629537582397e-01
1.806779056787490845e-01
1.645365208387374878e-01
2.458395510911941528e-01
2.458395510911941528e-01
2.458395510911941528e-01
1.752477288246154785e-01
8.230223506689071655e-02
2.051188200712203979e-01
1.014746502041816711e-01
8.168917894363403320e-02
1.549870967864990234e-01
1.965501606464385986e-01
2.177737802267074585e-01
2.512389123439788818e-01
1.636945754289627075e-01
5.179513618350028992e-02
5.834294110536575317e-02
6.983241438865661621e-02
6.485188007354736328e-02
1.582800745964050293e-01
1.042095720767974854e-01
2.025733143091201782e-01
2.512389123439788818e-01
2.512389123439788818e-01
1.098566353321075439e-01
7.826448976993560791e-02
2.274003177881240845e-01
1.195892989635467529e-01
1.397690922021865845e-01
2.512389123439788818e-01
2.512389123439788818e-01
2.512389123439788818e-01
2.251511067152023315e-01
7.653711736202239990e-02
5.419172719120979309e-02
1.061569973826408386e-01
8.422339707612991333e-02
1.006944626569747925e-01
1.216942965984344482e-01
1.535583883523941040e-01
2.512389123439788818e-01
2.009403705596923828e-01
9.179835021495819092e-02
9.388031810522079468e-02
7.474720478057861328e-02
8.508780598640441895e-02
1.566617488861083984e-01
1.373898088932037354e-01
2.529332935810089111e-01
2.529332935810089111e-01
2.529332935810089111e-01
2.082170546054840088e-01
2.529332935810089111e-01
1.146818101406097412e-01
1.101139187812805176e-01
1.095207259058952332e-01
1.605179309844970703e-01
2.529332935810089111e-01
2.529332935810089111e-01
1.025936156511306763e-01
5.478503927588462830e-02
7.067077606916427612e-02
6.927371770143508911e-02
8.339209854602813721e-02
1.179472431540489197e-01
1.124894171953201294e-01
2.066733241081237793e-01
1.743721812963485718e-01
2.529332935810089111e-01
9.972956031560897827e-02
9.812113642692565918e-02
7.994934916496276855e-02
7.787238061428070068e-02
1.006917953491210938e-01
1.712066233158111572e-01
2.529332935810089111e-01
2.529332935810089111e-01
2.289525419473648071e-01
1.006432399153709412e-01
1.783606708049774170e-01
6.962230056524276733e-02
9.178989380598068237e-02
3.623740002512931824e-02
9.775714576244354248e-02
1.808197945356369019e-01
2.386847138404846191e-01
1.330967843532562256e-01
7.814916968345642090e-02
1.061315387487411499e-01
5.217825621366500854e-02
1.191104874014854431e-01
6.617390364408493042e-02
1.169083267450332642e-01
1.991921067237854004e-01
2.177194952964782715e-01
2.456571310758590698e-01
9.475672990083694458e-02
1.047577634453773499e-01
7.430811971426010132e-02
2.456571310758590698e-01
1.238593310117721558e-01
2.050207108259201050e-01
2.456571310758590698e-01
2.456571310758590698e-01
1.188791245222091675e-01
7.536856085062026978e-02
1.068949028849601746e-01
8.270785212516784668e-02
2.456571310758590698e-01
2.389634251594543457e-01
2.456571310758590698e-01
2.456571310758590698e-01
1.782951951026916504e-01
1.361469626426696777e-01
7.144785672426223755e-02
1.851046234369277954e-01
1.133684068918228149e-01
2.338830530643463135e-01
8.970184624195098877e-02
9.399328380823135376e-02
2.082420140504837036e-01
2.338830530643463135e-01
1.846141070127487183e-01
1.068797111511230469e-01
2.338830530643463135e-01
2.245096862316131592e-01
2.338830530643463135e-01
1.905138641595840454e-01
2.324792444705963135e-01
2.338830530643463135e-01
2.098892629146575928e-01
5.497628450393676758e-02
4.422844201326370239e-02
1.242537423968315125e-01
8.987097442150115967e-02
2.007962018251419067e-01
1.354628354310989380e-01
1.852581650018692017e-01
1.822012215852737427e-01
1.217356920242309570e-01
1.399199515581130981e-01
1.435599625110626221e-01
1.817442625761032104e-01
1.788849830627441406e-01
1.008440181612968445e-01
8.854012191295623779e-02
1.053599044680595398e-01
1.566951423883438110e-01
1.856492012739181519e-01
2.209321707487106323e-01
1.100910678505897522e-01
1.373882144689559937e-01
1.471883505582809448e-01
1.021310836076736450e-01
2.360897809267044067e-01
2.360897809267044067e-01
2.003564685583114624e-01
1.430176347494125366e-01
2.360897809267044067e-01
1.896335184574127197e-01
1.998095810413360596e-01
1.765576750040054321e-01
8.440404385328292847e-02
2.360897809267044067e-01
1.778295934200286865e-01
2.360897809267044067e-01
2.360897809267044067e-01
1.698988229036331177e-01
1.379190534353256226e-01
8.335428684949874878e-02
9.860517829656600952e-02
4.560394212603569031e-02
8.135689795017242432e-02
8.188913762569427490e-02
1.507569849491119385e-01
1.708509922027587891e-01
2.360897809267044067e-01
1.492274105548858643e-01
8.557253330945968628e-02
5.947507545351982117e-02
4.383951053023338318e-02
7.626205682754516602e-02
7.031910866498947144e-02
2.360897809267044067e-01
2.360897809267044067e-01
2.081735581159591675e-01
2.067060321569442749e-01
1.150907725095748901e-01
8.154480159282684326e-02
1.208203285932540894e-01
1.332895606756210327e-01
8.743415027856826782e-02
2.194687873125076294e-01
1.655894964933395386e-01
1.717838495969772339e-01
1.883109956979751587e-01
1.118650212883949280e-01
1.218769922852516174e-01
1.855587959289550781e-01
1.502106338739395142e-01
1.722145676612854004e-01
2.091673761606216431e-01
2.194687873125076294e-01
2.194687873125076294e-01
1.963076889514923096e-01
1.000189408659934998e-01
6.622299551963806152e-02
4.760751128196716309e-02
3.454293310642242432e-02
3.176691755652427673e-02
1.701167225837707520e-01
1.840205192565917969e-01
1.757707744836807251e-01
2.194687873125076294e-01
1.648878157138824463e-01
2.194687873125076294e-01
2.194687873125076294e-01
1.637019515037536621e-01
2.194687873125076294e-01
1.231481879949569702e-01
2.103937417268753052e-01
9.207038581371307373e-02
1.702785193920135498e-01
2.178851217031478882e-01
1.150894016027450562e-01
9.660390764474868774e-02
8.227203041315078735e-02
1.018094047904014587e-01
1.556371152400970459e-01
2.059656679630279541e-01
6.728870421648025513e-02
1.567196100950241089e-01
2.340558618307113647e-01
6.553851068019866943e-02
7.875695824623107910e-02
9.333397448062896729e-02
6.929404288530349731e-02
2.340558618307113647e-01
1.862297356128692627e-01
1.396274417638778687e-01
1.327624917030334473e-01
1.442001014947891235e-01
1.873321980237960815e-01
1.941770017147064209e-01
1.935609579086303711e-01
2.340558618307113647e-01
1.266168057918548584e-01
2.340558618307113647e-01
2.340558618307113647e-01
9.391106665134429932e-02
1.358009278774261475e-01
9.637534618377685547e-02
1.334262639284133911e-01
2.043460607528686523e-01
2.340558618307113647e-01
2.340558618307113647e-01
2.340558618307113647e-01
8.382476866245269775e-02
7.161030173301696777e-02
1.003068387508392334e-01
9.950866550207138062e-02
9.781072288751602173e-02
9.648431837558746338e-02
1.091978773474693298e-01
2.250691652297973633e-01
1.504731029272079468e-01
1.677937358617782593e-01
9.501976519823074341e-02
5.616941303014755249e-02
1.340742558240890503e-01
1.680583655834197998e-01
1.147531270980834961e-01
1.200412735342979431e-01
2.250691652297973633e-01
2.250691652297973633e-01
1.989757120609283447e-01
1.276987493038177490e-01
1.745044142007827759e-01
1.910583674907684326e-01
2.250691652297973633e-01
2.090022861957550049e-01
1.975673884153366089e-01
2.250691652297973633e-01
1.727956831455230713e-01
1.968676298856735229e-01
1.809065937995910645e-01
1.073101386427879333e-01
2.003250122070312500e-01
2.143479883670806885e-01
1.375197768211364746e-01
1.415909528732299805e-01
2.250691652297973633e-01
2.250691652297973633e-01
1.644598841667175293e-01
1.574298441410064697e-01
9.485380351543426514e-02
8.710653334856033325e-02
1.897411942481994629e-01
1.532196551561355591e-01
1.038348898291587830e-01
1.498831659555435181e-01
2.518326640129089355e-01
2.518326640129089355e-01
2.518326640129089355e-01
2.518326640129089355e-01
7.945710420608520508e-02
1.272699832916259766e-01
1.368346214294433594e-01
1.325077414512634277e-01
1.621730625629425049e-01
1.669484525918960571e-01
2.383298724889755249e-01
2.518326640129089355e-01
1.272139698266983032e-01
8.786007761955261230e-02
8.504234254360198975e-02
6.284848600625991821e-02
8.338625729084014893e-02
1.476570218801498413e-01
2.303373813629150391e-01
2.518326640129089355e-01
2.518326640129089355e-01
2.369292527437210083e-01
5.608922988176345825e-02
3.523467108607292175e-02
3.132014721632003784e-02
5.370514094829559326e-02
7.743178308010101318e-02
1.880390197038650513e-01
2.632322907447814941e-01
2.632322907447814941e-01
2.632322907447814941e-01
1.004415899515151978e-01
6.224810704588890076e-02
5.298426374793052673e-02
1.315089762210845947e-01
1.430090367794036865e-01
1.643155962228775024e-01
2.632322907447814941e-01
2.632322907447814941e-01
2.632322907447814941e-01
1.849751323461532593e-01
7.837562263011932373e-02
2.695068717002868652e-02
1.002345234155654907e-01
4.215235263109207153e-02
8.768713474273681641e-02
2.632322907447814941e-01
2.632322907447814941e-01
1.671140640974044800e-01
8.412366360425949097e-02
3.201948851346969604e-02
9.978892281651496887e-03
4.048046469688415527e-02
5.791555345058441162e-02
1.742579489946365356e-01
2.198796272277832031e-01
2.171657532453536987e-01
2.591353952884674072e-01
1.995930820703506470e-01
1.207280233502388000e-01
4.935599491000175476e-02
4.551967233419418335e-02
3.280566632747650146e-02
8.235191553831100464e-02
1.200608313083648682e-01
2.727843523025512695e-01
2.785495519638061523e-01
1.959950923919677734e-01
1.189577504992485046e-01
5.426264926791191101e-02
6.248541176319122314e-02
4.172278940677642822e-02
6.552142649888992310e-02
5.468447506427764893e-02
1.457214206457138062e-01
2.785495519638061523e-01
2.785495519638061523e-01
2.785495519638061523e-01
1.486752033233642578e-01
4.547896981239318848e-02
3.512947261333465576e-02
3.603846207261085510e-02
9.823270887136459351e-02
8.996171504259109497e-02
2.785495519638061523e-01
2.785495519638061523e-01
2.112206667661666870e-01
9.443475306034088135e-02
5.767270177602767944e-02
6.810583919286727905e-02
6.554895639419555664e-02
2.850709669291973114e-02
8.942706137895584106e-02
2.785495519638061523e-01
2.785495519638061523e-01
2.616050839424133301e-01
7.445012032985687256e-02
3.007717989385128021e-02
4.933371394872665405e-02
4.036034643650054932e-02
1.174202859401702881e-01
2.245891690254211426e-01
3.163828253746032715e-01
3.163828253746032715e-01
3.163828253746032715e-01
2.056389749050140381e-01
3.594001010060310364e-02
3.684362024068832397e-02
3.193356096744537354e-02
1.412994563579559326e-01
1.500432640314102173e-01
1.958734095096588135e-01
1.781683117151260376e-01
1.095577850937843323e-01
8.893317729234695435e-02
6.490237265825271606e-02
1.409783363342285156e-01
1.347664445638656616e-01
8.192982524633407593e-02
1.857397109270095825e-01
3.163828253746032715e-01
3.163828253746032715e-01
2.471093684434890747e-01
5.484362691640853882e-02
2.411214634776115417e-02
4.067283123731613159e-02
5.983700603246688843e-02
1.224650517106056213e-01
1.295433640480041504e-01
1.722602695226669312e-01
8.911849558353424072e-02
6.363710761070251465e-02
4.297994077205657959e-02
4.375858604907989502e-02
6.344393640756607056e-02
1.381434798240661621e-01
1.646603941917419434e-01
8.126857131719589233e-02
8.427913486957550049e-02
7.203959673643112183e-02
6.673559546470642090e-02
6.417475640773773193e-02
2.357574999332427979e-01
2.335272431373596191e-01
2.718161940574645996e-01
1.885916143655776978e-01
4.044691845774650574e-02
8.769144117832183838e-02
5.877155065536499023e-02
2.187929749488830566e-01
1.640583872795104980e-01
2.913166582584381104e-01
2.913166582584381104e-01
2.913166582584381104e-01
1.156767308712005615e-01
7.413294166326522827e-02
8.128511160612106323e-02
4.169883579015731812e-02
6.852965056896209717e-02
3.980731591582298279e-02
6.553524732589721680e-02
9.055484086275100708e-02
1.371575295925140381e-01
9.137732535600662231e-02
2.546256966888904572e-02
8.624697476625442505e-02
8.695645630359649658e-02
2.913166582584381104e-01
2.505649924278259277e-01
2.679616212844848633e-01
2.052390575408935547e-01
1.743378937244415283e-01
7.530378550291061401e-02
4.209714010357856750e-02
1.170774847269058228e-01
8.140093088150024414e-02
1.877994090318679810e-01
1.673519611358642578e-01
2.323487848043441772e-01
2.011529654264450073e-01
1.503092348575592041e-01
1.907503604888916016e-01
9.892308712005615234e-02
1.851297318935394287e-01
1.229592487215995789e-01
1.607603430747985840e-01
1.171340346336364746e-01
1.500583142042160034e-01
1.193641126155853271e-01
1.517123878002166748e-01
3.144678846001625061e-02
1.095437910407781601e-02
1.103443950414657593e-01
1.615965664386749268e-01
2.639437913894653320e-01
2.639437913894653320e-01
2.639437913894653320e-01
1.252544820308685303e-01
8.046025782823562622e-02
1.247908547520637512e-01
1.120191961526870728e-01
2.172187715768814087e-01
2.269714772701263428e-01
2.639437913894653320e-01
2.639437913894653320e-01
1.631531268358230591e-01
1.051298454403877258e-01
1.413334608078002930e-01
1.288672089576721191e-01
4.637979716062545776e-02
8.440602570772171021e-02
4.199586808681488037e-02
6.262420862913131714e-02
2.651317790150642395e-02
2.838276922702789307e-01
2.305528968572616577e-01
2.838276922702789307e-01
2.838276922702789307e-01
1.903057545423507690e-01
2.240668088197708130e-01
2.537111341953277588e-01
1.765469461679458618e-01
1.627823561429977417e-01
2.838276922702789307e-01
2.838276922702789307e-01
2.838276922702789307e-01
1.435389667749404907e-01
6.061725318431854248e-02
1.151488348841667175e-01
4.341718181967735291e-02
1.413715444505214691e-02
2.057460695505142212e-02
2.858689054846763611e-02
6.107442453503608704e-02
1.407043784856796265e-01
2.260111123323440552e-01
9.251791983842849731e-02
1.271084249019622803e-01
4.325811564922332764e-02
2.683090046048164368e-02
6.288889795541763306e-02
9.602738171815872192e-02
1.175212115049362183e-01
2.239754498004913330e-01
2.630497515201568604e-01
1.547548472881317139e-01
6.264131516218185425e-02
1.780745983123779297e-01
6.876228749752044678e-02
7.205655425786972046e-02
2.056218385696411133e-01
2.186371535062789917e-01
2.630497515201568604e-01
2.630497515201568604e-01
9.910747408866882324e-02
2.127775363624095917e-02
2.049421519041061401e-01
1.504691094160079956e-01
1.077616140246391296e-01
1.486559808254241943e-01
1.950391829013824463e-01
2.630497515201568604e-01
1.897753924131393433e-01
7.703272998332977295e-02
3.977475315332412720e-02
6.867402791976928711e-02
6.955618411302566528e-02
4.114832356572151184e-02
9.803987294435501099e-02
1.222342625260353088e-01
1.593723297119140625e-01
2.630497515201568604e-01
6.908248364925384521e-02
4.203600436449050903e-02
2.268877476453781128e-01
2.527271509170532227e-01
9.869054704904556274e-02
1.559565514326095581e-01
1.235463172197341919e-01
2.630497515201568604e-01
1.890082657337188721e-01
7.006884366273880005e-02
6.862778961658477783e-02
1.233210787177085876e-01
1.374613195657730103e-01
9.375748038291931152e-02
1.028472036123275757e-01
1.389718204736709595e-01
2.846972346305847168e-01
2.846972346305847168e-01
2.760364115238189697e-01
2.013881504535675049e-01
5.621648952364921570e-02
4.050046578049659729e-02
2.985281124711036682e-02
4.008905589580535889e-02
8.111356198787689209e-02
2.609119415283203125e-01
2.846972346305847168e-01
9.812818467617034912e-02
7.264794409275054932e-02
1.302169263362884521e-01
1.547387689352035522e-01
6.284081935882568359e-02
1.057922318577766418e-01
5.966109782457351685e-02
2.846972346305847168e-01
2.846972346305847168e-01
2.846972346305847168e-01
1.919111311435699463e-01
1.253559626638889313e-02
1.790340431034564972e-02
1.327788643538951874e-02
2.342592552304267883e-02
2.029703557491302490e-02
2.846972346305847168e-01
2.545964419841766357e-01
2.545964419841766357e-01
2.545964419841766357e-01
9.326266497373580933e-02
2.247124463319778442e-01
1.006550937891006470e-01
7.528261095285415649e-02
7.635737955570220947e-02
2.059942632913589478e-01
1.091343164443969727e-01
2.071725428104400635e-01
1.873389333486557007e-01
1.127685755491256714e-01
2.545964419841766357e-01
2.545964419841766357e-01
2.545964419841766357e-01
1.876398622989654541e-01
1.431458145380020142e-01
2.545964419841766357e-01
2.545964419841766357e-01
2.254617661237716675e-01
3.069184161722660065e-02
3.964117169380187988e-02
2.117290161550045013e-02
2.025971747934818268e-02
1.767210476100444794e-02
1.914746612310409546e-01
9.112747013568878174e-02
1.872443854808807373e-01
1.244468614459037781e-01
5.779935419559478760e-02
7.805341482162475586e-02
7.517350465059280396e-02
1.241511180996894836e-01
7.690136134624481201e-02
1.042029112577438354e-01
5.846453458070755005e-02
4.960684850811958313e-02
7.361985743045806885e-02
6.435191631317138672e-02
1.556373983621597290e-01
2.450114041566848755e-01
2.450114041566848755e-01
2.211097031831741333e-01
1.373682767152786255e-01
8.582216501235961914e-02
8.501836657524108887e-02
8.028200268745422363e-02
8.780203759670257568e-02
6.087922677397727966e-02
1.933716088533401489e-01
2.240763753652572632e-01
2.450114041566848755e-01
2.111769467592239380e-01
6.302357465028762817e-02
8.160590380430221558e-02
1.004103422164916992e-01
8.401499688625335693e-02
7.149650156497955322e-02
1.743832677602767944e-01
2.287801802158355713e-01
1.357859075069427490e-01
1.280988603830337524e-01
2.167849391698837280e-01
1.870477050542831421e-01
2.450114041566848755e-01
1.693403571844100952e-01
1.099996790289878845e-01
2.441030591726303101e-01
2.236727327108383179e-01
2.060769498348236084e-01
2.450114041566848755e-01
9.255255758762359619e-02
9.630901366472244263e-02
4.433486610651016235e-02
4.547121748328208923e-02
6.706459075212478638e-02
8.741868287324905396e-02
1.416801065206527710e-01
2.500766813755035400e-01
2.237477004528045654e-01
1.373204886913299561e-01
1.178400889039039612e-01
1.035316213965415955e-01
5.639771372079849243e-02
1.174343675374984741e-01
5.926666408777236938e-02
8.147796243429183960e-02
2.212849855422973633e-01
2.500766813755035400e-01
2.409816831350326538e-01
1.658257991075515747e-01
1.822425425052642822e-01
1.417819261550903320e-01
1.348422169685363770e-01
1.441697627305984497e-01
2.146612554788589478e-01
2.500766813755035400e-01
2.500766813755035400e-01
1.671884059906005859e-01
1.489141136407852173e-01
1.480224132537841797e-01
1.336234509944915771e-01
1.950315982103347778e-01
8.939459919929504395e-02
1.967607438564300537e-01
2.500766813755035400e-01
2.500766813755035400e-01
1.903746277093887329e-01
1.913071572780609131e-01
1.676316559314727783e-01
8.538590371608734131e-02
7.995484024286270142e-02
5.500283837318420410e-02
3.071158006787300110e-02
1.124071851372718811e-01
2.393702715635299683e-01
1.777462065219879150e-01
2.393702715635299683e-01
1.894096136093139648e-01
2.275822758674621582e-01
1.706719547510147095e-01
2.032493501901626587e-01
2.393702715635299683e-01
1.400095671415328979e-01
2.243782132863998413e-01
1.797839701175689697e-01
1.921076029539108276e-01
1.324337571859359741e-01
6.116554886102676392e-02
9.009390324354171753e-02
5.165314674377441406e-02
1.340577602386474609e-01
2.069351524114608765e-01
2.393702715635299683e-01
1.768901050090789795e-01
2.393702715635299683e-01
1.210626289248466492e-01
9.560408443212509155e-02
4.965675994753837585e-02
7.205509394407272339e-02
1.850975453853607178e-01
1.702223867177963257e-01
1.793611049652099609e-01
2.591739296913146973e-01
1.761478483676910400e-01
8.369407057762145996e-02
1.352462023496627808e-01
1.418937742710113525e-01
2.088347226381301880e-01
2.923799455165863037e-01
1.027917638421058655e-01
2.506370842456817627e-01
2.923799455165863037e-01
1.151194199919700623e-01
1.563625633716583252e-01
8.720052242279052734e-02
1.284219771623611450e-01
1.677765697240829468e-01
2.871610820293426514e-01
8.160281926393508911e-02
2.923799455165863037e-01
1.531697958707809448e-01
1.337468922138214111e-01
6.631220132112503052e-02
9.685216099023818970e-02
8.633016794919967651e-02
1.086570620536804199e-01
1.809837371110916138e-01
8.061690628528594971e-02
1.242203116416931152e-01
2.923799455165863037e-01
8.820573985576629639e-02
9.173963963985443115e-02
1.096594557166099548e-01
9.811720252037048340e-02
7.803267985582351685e-02
7.358280569314956665e-02
2.692130394279956818e-02
1.905064135789871216e-01
2.622280418872833252e-01
1.592866778373718262e-01
2.622280418872833252e-01
2.131727039813995361e-01
2.622280418872833252e-01
1.915932595729827881e-01
1.812430173158645630e-01
1.120281293988227844e-01
2.622280418872833252e-01
1.806313097476959229e-01
1.598554551601409912e-01
2.431958466768264771e-01
2.507078349590301514e-01
2.290327101945877075e-01
1.267492175102233887e-01
7.549873739480972290e-02
1.381179839372634888e-01
1.025220528244972229e-01
2.513918280601501465e-01
5.700627341866493225e-02
1.714397519826889038e-01
1.481378525495529175e-01
8.024019002914428711e-02
4.381972178816795349e-02
2.099870517849922180e-02
1.180481072515249252e-02
1.029265969991683960e-01
9.923209249973297119e-02
7.061643898487091064e-02
1.848018020391464233e-01
2.388804405927658081e-01
1.772391796112060547e-01
8.561014384031295776e-02
2.860912494361400604e-02
2.752545662224292755e-02
4.158426821231842041e-02
2.576440572738647461e-01
2.685375809669494629e-01
1.894791722297668457e-01
1.683378964662551880e-01
7.507611066102981567e-02
5.091805011034011841e-02
4.175639897584915161e-02
1.290236562490463257e-01
1.306437700986862183e-01
2.685375809669494629e-01
2.685375809669494629e-01
1.603147238492965698e-01
1.470389813184738159e-01
6.166871637105941772e-02
3.663400188088417053e-02
5.039701238274574280e-02
1.173972040414810181e-01
1.657626479864120483e-01
1.455338448286056519e-01
1.472134292125701904e-01
2.086227089166641235e-01
2.472638636827468872e-01
1.747787743806838989e-01
9.868007153272628784e-02
9.839532524347305298e-02
5.897768586874008179e-02
8.403412252664566040e-02
2.685375809669494629e-01
2.685375809669494629e-01
1.836706846952438354e-01
2.328305542469024658e-01
1.567252874374389648e-01
7.861967384815216064e-02
1.178623661398887634e-01
1.256133019924163818e-01
9.899351000785827637e-02
2.152739167213439941e-01
2.665397822856903076e-01
1.524601429700851440e-01
8.376627415418624878e-02
3.825051710009574890e-02
1.781196705996990204e-02
4.337411746382713318e-02
6.514121592044830322e-02
1.172545850276947021e-01
1.395898014307022095e-01
2.665397822856903076e-01
2.665397822856903076e-01
2.105953544378280640e-01
1.818992346525192261e-01
1.061461269855499268e-01
1.568943262100219727e-01
7.339055836200714111e-02
6.387257575988769531e-02
1.895771622657775879e-01
2.665397822856903076e-01
1.025616601109504700e-01
1.229995861649513245e-01
1.045715436339378357e-01
6.145625934004783630e-02
1.111309528350830078e-01
1.203163117170333862e-01
8.278414607048034668e-02
7.770282030105590820e-02
2.117914110422134399e-01
1.892611980438232422e-01
2.607901692390441895e-01
2.665397822856903076e-01
1.753523349761962891e-01
2.665397822856903076e-01
1.829303354024887085e-01
4.038868099451065063e-02
4.202038049697875977e-02
7.416721433401107788e-02
2.662115693092346191e-01
2.662115693092346191e-01
2.382922768592834473e-01
1.756158024072647095e-01
1.484850496053695679e-01
7.107718288898468018e-02
4.184923693537712097e-02
1.433843933045864105e-02
3.765917196869850159e-02
2.662115693092346191e-01
2.662115693092346191e-01
2.217489182949066162e-01
1.528869867324829102e-01
5.608662962913513184e-02
3.917925804853439331e-02
2.572688087821006775e-02
2.310518920421600342e-02
5.638814717531204224e-02
1.630146503448486328e-01
2.662115693092346191e-01
2.662115693092346191e-01
1.913437992334365845e-01
2.662115693092346191e-01
1.549204885959625244e-01
9.498463943600654602e-03
1.162078790366649628e-02
1.426030602306127548e-02
1.016474366188049316e-01
2.662115693092346191e-01
2.662115693092346191e-01
1.778738796710968018e-01
1.333506703376770020e-01
7.141675055027008057e-02
9.178121574223041534e-03
9.874906390905380249e-02
2.446527779102325439e-01
3.500935137271881104e-01
3.210801482200622559e-01
2.961050570011138916e-01
1.399361342191696167e-01
6.512826681137084961e-02
9.127770364284515381e-02
9.597682207822799683e-02
1.925370991230010986e-01
2.156148701906204224e-01
2.086886763572692871e-01
1.116863265633583069e-01
1.094963997602462769e-01
8.740575611591339111e-02
9.685504436492919922e-02
1.310362517833709717e-01
2.026788145303726196e-01
5.958751216530799866e-02
6.672342121601104736e-02
1.191563382744789124e-01
1.387282907962799072e-01
3.064849078655242920e-01
2.175375670194625854e-01
1.796960532665252686e-01
2.027000337839126587e-01
7.759434729814529419e-02
8.527876436710357666e-02
1.531021445989608765e-01
7.284738868474960327e-02
6.956004351377487183e-02
8.719220757484436035e-02
7.490330934524536133e-02
1.050473377108573914e-01
1.106404438614845276e-01
7.681205123662948608e-02
1.207574158906936646e-01
8.816131949424743652e-02
6.976581364870071411e-02
4.352211207151412964e-02
8.138611912727355957e-02
7.313694804906845093e-02
8.577542006969451904e-02
1.361414343118667603e-01
1.441747397184371948e-01
9.717860817909240723e-02
3.695143759250640869e-02
9.448526054620742798e-02
1.255187988281250000e-01
3.211768567562103271e-01
3.211768567562103271e-01
3.211768567562103271e-01
2.666051387786865234e-01
1.689354479312896729e-01
6.996806710958480835e-02
8.995044231414794922e-02
4.234831035137176514e-02
4.156313464045524597e-02
7.289681583642959595e-02
5.892331898212432861e-02
6.242213398218154907e-02
8.659230917692184448e-02
1.192393749952316284e-01
8.845993131399154663e-02
4.977107793092727661e-02
7.538212090730667114e-02
1.117229834198951721e-01
2.737396061420440674e-01
2.640932202339172363e-01
3.211768567562103271e-01
1.846354156732559204e-01
3.211768567562103271e-01
2.178700082004070282e-02
7.713501807302236557e-03
4.833313450217247009e-02
9.673654288053512573e-02
2.562607228755950928e-01
2.173015177249908447e-01
1.719181984663009644e-01
8.166831731796264648e-02
3.900559619069099426e-02
6.724492460489273071e-02
1.138790324330329895e-01
1.678035557270050049e-01
1.729599237442016602e-01
2.562607228755950928e-01
2.132956087589263916e-01
1.210627034306526184e-01
8.369319140911102295e-02
8.076927065849304199e-02
4.109795019030570984e-02
1.140764821320772171e-02
3.211450204253196716e-02
7.411789894104003906e-02
2.008501440286636353e-01
1.644314676523208618e-01
2.562607228755950928e-01
2.229606956243515015e-01
1.121072322130203247e-01
1.177042052149772644e-01
1.195109486579895020e-01
2.405403554439544678e-01
2.439444065093994141e-01
2.562607228755950928e-01
2.365820109844207764e-01
2.562607228755950928e-01
2.562607228755950928e-01
1.323059499263763428e-01
3.489775359630584717e-01
5.591272935271263123e-02
5.629658326506614685e-02
4.546611756086349487e-02
1.221816707402467728e-02
2.062137983739376068e-02
5.377864930778741837e-03
2.628703974187374115e-02
3.439387381076812744e-01
3.489775359630584717e-01
4.597397893667221069e-02
3.389906138181686401e-02
1.576112024486064911e-02
9.413398802280426025e-03
3.593567758798599243e-02
7.159857545047998428e-03
4.119683802127838135e-02
3.489775359630584717e-01
3.489775359630584717e-01
2.596021443605422974e-02
3.702426562085747719e-03
5.349317099899053574e-03
4.037765786051750183e-03
1.374758780002593994e-03
1.005211612209677696e-03
3.178246319293975830e-02
3.489775359630584717e-01
3.489775359630584717e-01
4.846330359578132629e-02
9.918770752847194672e-03
2.551509533077478409e-03
1.876741182059049606e-03
2.366491826251149178e-03
3.623197844717651606e-04
7.223003357648849487e-02
3.489775359630584717e-01
1.747051328420639038e-01
3.631059452891349792e-02
3.444339334964752197e-02
2.978437393903732300e-02
9.227517992258071899e-02
4.542528092861175537e-02
4.315225780010223389e-02
6.569952517747879028e-02
2.499554157257080078e-01
1.848112344741821289e-01
4.214855283498764038e-02
6.281882524490356445e-02
8.303830027580261230e-02
2.467113286256790161e-01
9.398455172777175903e-02
2.422704398632049561e-01
2.622391879558563232e-01
2.895842492580413818e-01
2.989619672298431396e-01
5.069766566157341003e-02
1.831107027828693390e-02
2.293265890330076218e-03
1.803366281092166901e-02
1.923721842467784882e-02
3.067800588905811310e-02
9.033586084842681885e-02
2.989619672298431396e-01
2.989619672298431396e-01
4.596678912639617920e-02
2.885397151112556458e-02
4.793514963239431381e-03
4.640596732497215271e-02
4.437013715505599976e-02
2.989619672298431396e-01
2.989619672298431396e-01
2.989619672298431396e-01
2.332863658666610718e-01
4.846171289682388306e-02
4.363184422254562378e-02
4.056131467223167419e-02
8.575929701328277588e-02
2.681277692317962646e-02
1.621162295341491699e-01
1.819746941328048706e-01
2.810664474964141846e-01
2.073025107383728027e-01
1.172663867473602295e-01
6.296786665916442871e-02
9.631903842091560364e-03
1.568095572292804718e-02
7.998936809599399567e-03
3.928631171584129333e-02
4.238550364971160889e-02
1.715996414422988892e-01
2.285491675138473511e-01
2.284660935401916504e-02
1.426231395453214645e-02
7.012603804469108582e-03
1.847601309418678284e-02
2.216851711273193359e-02
3.173605203628540039e-01
3.173605203628540039e-01
3.173605203628540039e-01
2.332920283079147339e-01
9.719645977020263672e-02
1.916538774967193604e-01
2.554484829306602478e-02
2.340157516300678253e-02
1.891580596566200256e-02
3.173605203628540039e-01
3.173605203628540039e-01
1.912295073270797729e-01
1.084590703248977661e-01
9.932649135589599609e-02
7.531759142875671387e-02
1.179354451596736908e-02
1.531553268432617188e-02
2.025355584919452667e-02
3.244731947779655457e-02
4.373447969555854797e-02
9.842860698699951172e-02
1.295309811830520630e-01
9.714273363351821899e-02
1.040814593434333801e-01
2.897164039313793182e-02
2.620352245867252350e-02
2.442070282995700836e-02
7.067424058914184570e-02
9.090062230825424194e-02
2.267983555793762207e-01
3.019821941852569580e-01
2.631004750728607178e-01
3.213877975940704346e-01
3.575002774596214294e-02
3.704375401139259338e-02
1.519906707108020782e-02
1.011737138032913208e-01
1.183714270591735840e-01
1.584108769893646240e-01
3.213877975940704346e-01
3.213877975940704346e-01
3.213877975940704346e-01
5.255722627043724060e-02
4.018945619463920593e-02
2.355477586388587952e-02
1.779931783676147461e-01
2.940763235092163086e-01
3.213877975940704346e-01
6.395614147186279297e-02
9.761630743741989136e-02
2.045280635356903076e-01
1.030235514044761658e-01
2.565805055201053619e-02
2.646244131028652191e-02
6.042794138193130493e-02
5.622321739792823792e-02
1.022695377469062805e-01
1.811955869197845459e-01
2.372555285692214966e-01
2.945436537265777588e-01
2.428006678819656372e-01
9.430522471666336060e-02
7.482407242059707642e-02
8.049339801073074341e-02
3.469484671950340271e-02
1.467314958572387695e-01
1.917650103569030762e-01
2.431094497442245483e-01
2.945436537265777588e-01
1.048180460929870605e-01
3.431212902069091797e-02
1.298861112445592880e-02
1.381796598434448242e-01
1.997687816619873047e-01
2.945436537265777588e-01
1.568640321493148804e-01
2.945436537265777588e-01
2.945436537265777588e-01
2.478343397378921509e-01
1.454078853130340576e-01
4.315657168626785278e-02
5.336032062768936157e-02
3.728982806205749512e-02
7.950146496295928955e-02
2.282989174127578735e-01
1.837998330593109131e-01
2.452281266450881958e-01
1.948799043893814087e-01
1.941079795360565186e-01
1.075617372989654541e-01
1.444561034440994263e-01
6.528705358505249023e-02
2.164629548788070679e-01
1.172065734863281250e-01
7.369707524776458740e-02
1.078762039542198181e-01
1.369713693857192993e-01
1.718727797269821167e-01
7.904441654682159424e-02
1.672500073909759521e-01
2.140693068504333496e-01
2.452281266450881958e-01
1.314583867788314819e-01
2.452281266450881958e-01
2.452281266450881958e-01
2.452281266450881958e-01
2.452281266450881958e-01
1.228411719202995300e-01
6.885559856891632080e-02
2.989395894110202789e-02
6.768948584794998169e-02
7.365758717060089111e-02
1.394164711236953735e-01
1.489366739988327026e-01
1.709247231483459473e-01
2.452281266450881958e-01
1.149526908993721008e-01
9.020610153675079346e-02
1.283450722694396973e-01
1.251071989536285400e-01
1.245461851358413696e-01
7.810521870851516724e-02
1.047167778015136719e-01
1.105522215366363525e-01
1.034332141280174255e-01
7.238075137138366699e-02
2.572874128818511963e-01
2.572874128818511963e-01
2.572874128818511963e-01
1.320069134235382080e-01
8.952685445547103882e-02
1.257863789796829224e-01
2.008563578128814697e-01
1.452799737453460693e-01
8.337947726249694824e-02
2.477881908416748047e-01
2.097647637128829956e-01
1.199037060141563416e-01
1.001640930771827698e-01
5.140457674860954285e-02
9.132973104715347290e-02
1.094310656189918518e-01
8.717940002679824829e-02
1.086119711399078369e-01
2.449592798948287964e-01
2.572874128818511963e-01
2.221491783857345581e-01
1.426199972629547119e-01
9.453956037759780884e-02
1.172745451331138611e-01
2.572874128818511963e-01
1.688739210367202759e-01
1.343181580305099487e-01
2.572874128818511963e-01
1.959839463233947754e-01
1.425635367631912231e-01
1.470396816730499268e-01
1.252645999193191528e-01
1.097862645983695984e-01
1.792772263288497925e-01
1.221908330917358398e-01
7.360260933637619019e-02
9.601715952157974243e-02
1.018649935722351074e-01
1.139277368783950806e-01
1.113509759306907654e-01
2.058317661285400391e-01
2.763698399066925049e-01
2.102869451045989990e-01
1.112682297825813293e-01
1.028051450848579407e-01
4.617654159665107727e-02
6.684330105781555176e-02
8.315420150756835938e-02
1.449801176786422729e-01
2.254755944013595581e-01
2.543694972991943359e-01
3.004740774631500244e-01
1.384514123201370239e-01
6.023354083299636841e-02
1.510322690010070801e-01
1.511524021625518799e-01
1.468362957239151001e-01
1.693470776081085205e-01
3.131305873394012451e-01
3.131305873394012451e-01
2.582172751426696777e-01
1.125908568501472473e-01
7.095083594322204590e-02
4.006493836641311646e-02
9.061746299266815186e-02
1.215135008096694946e-01
9.883335232734680176e-02
1.816105246543884277e-01
2.828046977519989014e-01
1.618364304304122925e-01
1.327505409717559814e-01
1.097034513950347900e-01
3.817553445696830750e-02
2.018857747316360474e-02
2.751344256103038788e-02
1.517724394798278809e-01
1.840162277221679688e-01
2.163251787424087524e-01
1.941461116075515747e-01
2.280033826828002930e-01
1.318934559822082520e-01
5.449598655104637146e-02
4.115757346153259277e-02
5.047266557812690735e-02
2.158884257078170776e-01
2.828046977519989014e-01
2.828046977519989014e-01
1.833547800779342651e-01
1.197096034884452820e-01
1.433448046445846558e-01
4.637990891933441162e-02
5.266544967889785767e-02
8.147493749856948853e-02
2.253369688987731934e-01
2.707741558551788330e-01
2.828046977519989014e-01
2.000998705625534058e-01
1.596593260765075684e-01
1.558712720870971680e-01
6.532341986894607544e-02
8.266600966453552246e-02
7.980788499116897583e-02
1.396906673908233643e-01
1.470705121755599976e-01
1.465736329555511475e-01
1.875124126672744751e-01
1.658597290515899658e-01
9.529249370098114014e-02
1.409347653388977051e-01
5.631096661090850830e-02
7.853955030441284180e-02
2.030738294124603271e-01
2.039118707180023193e-01
2.256587445735931396e-01
2.528837621212005615e-01
2.207025289535522461e-01
1.032627448439598083e-01
1.639259457588195801e-01
7.484991103410720825e-02
8.111119270324707031e-02
2.528837621212005615e-01
1.866831183433532715e-01
1.417665332555770874e-01
1.696150302886962891e-01
1.436566710472106934e-01
7.179180532693862915e-02
9.090404212474822998e-02
8.852151036262512207e-02
6.860165297985076904e-02
2.528837621212005615e-01
2.528837621212005615e-01
2.528837621212005615e-01
2.528837621212005615e-01
1.973724663257598877e-01
9.168750792741775513e-02
9.465272724628448486e-02
1.369922757148742676e-01
1.123458147048950195e-01
1.444752663373947144e-01
1.212902143597602844e-01
1.817116886377334595e-01
1.979593634605407715e-01
1.769554913043975830e-01
1.179713085293769836e-01
1.345383524894714355e-01
9.866303205490112305e-02
8.369105309247970581e-02
9.451434761285781860e-02
5.916755273938179016e-02
1.002469062805175781e-01
2.415239661931991577e-01
2.560420930385589600e-01
1.911860555410385132e-01
2.560420930385589600e-01
2.029736042022705078e-01
1.089321523904800415e-01
1.500070095062255859e-01
2.560420930385589600e-01
2.560420930385589600e-01
1.903299987316131592e-01
1.461220234632492065e-01
8.735162764787673950e-02
4.681294038891792297e-02
8.669304847717285156e-02
9.622259438037872314e-02
1.194967478513717651e-01
1.293344199657440186e-01
1.191928088665008545e-01
1.097192242741584778e-01
2.560420930385589600e-01
1.579638868570327759e-01
1.915602982044219971e-01
2.266754508018493652e-01
1.854764670133590698e-01
2.003939077258110046e-02
1.534883491694927216e-02
4.908128455281257629e-02
2.692324519157409668e-01
3.024550676345825195e-01
1.365420669317245483e-01
2.382972538471221924e-01
9.970271587371826172e-02
2.672030031681060791e-02
1.053366716951131821e-02
7.367822341620922089e-03
3.452840447425842285e-02
1.979332566261291504e-01
3.024550676345825195e-01
1.138007342815399170e-01
1.738203018903732300e-01
5.673899874091148376e-02
8.981338702142238617e-03
2.752579189836978912e-02
2.072425000369548798e-02
9.607048705220222473e-03
7.225257158279418945e-02
3.024550676345825195e-01
2.150606662034988403e-01
3.024550676345825195e-01
1.684479713439941406e-01
7.332011312246322632e-02
8.996832184493541718e-03
1.992690563201904297e-02
7.284191902726888657e-03
4.437639191746711731e-02
3.024550676345825195e-01
2.687553465366363525e-01
3.024550676345825195e-01
1.946178674697875977e-01
1.951097138226032257e-02
5.263854563236236572e-02
1.565412431955337524e-02
2.270819991827011108e-02
5.352652817964553833e-02
1.587949544191360474e-01
1.672069132328033447e-01
2.287838160991668701e-01
2.327740043401718140e-01
7.439733296632766724e-02
4.401988908648490906e-02
4.507524520158767700e-02
2.043469808995723724e-02
2.226305939257144928e-02
6.397129595279693604e-02
6.822377443313598633e-02
1.327234208583831787e-01
1.329601556062698364e-01
5.597080290317535400e-02
4.411080107092857361e-02
7.230094820261001587e-02
5.550366267561912537e-02
4.738169535994529724e-02
4.009235799312591553e-01
4.009235799312591553e-01
4.009235799312591553e-01
4.009235799312591553e-01
8.497712016105651855e-02
6.335468590259552002e-02
2.768017910420894623e-02
5.746600031852722168e-02
5.596220865845680237e-02
1.112451329827308655e-01
1.687261313199996948e-01
1.631721258163452148e-01
1.416042894124984741e-01
1.043707057833671570e-01
6.268057972192764282e-02
9.036780148744583130e-02
3.816240653395652771e-02
6.325048953294754028e-02
1.495525538921356201e-01
1.216511651873588562e-01
1.268080025911331177e-01
1.487556248903274536e-01
1.669136881828308105e-01
1.280322819948196411e-01
1.247229129076004028e-01
7.836197316646575928e-02
1.350076198577880859e-01
2.297542691230773926e-01
2.208474427461624146e-01
2.234289199113845825e-01
2.072499245405197144e-01
3.814595043659210205e-01
7.483670115470886230e-02
5.262892693281173706e-02
5.450600758194923401e-02
7.289412617683410645e-02
1.459027975797653198e-01
1.275409907102584839e-01
2.018691152334213257e-01
2.375935912132263184e-01
1.719723790884017944e-01
8.641300350427627563e-02
1.320994347333908081e-01
9.777247160673141479e-02
1.195245385169982910e-01
1.745481491088867188e-01
1.482319682836532593e-01
2.358947098255157471e-01
2.870484888553619385e-01
2.427159398794174194e-01
6.870642304420471191e-02
4.025976359844207764e-02
2.578368410468101501e-02
3.772510960698127747e-02
1.041151955723762512e-01
8.775196969509124756e-02
2.872305512428283691e-01
2.305403351783752441e-01
1.956623345613479614e-01
1.630395054817199707e-01
1.759349405765533447e-01
2.008331418037414551e-01
1.687590330839157104e-01
2.872305512428283691e-01
2.772522568702697754e-01
2.872305512428283691e-01
2.872305512428283691e-01
2.405314892530441284e-01
4.015732184052467346e-02
4.180112853646278381e-02
3.626939654350280762e-02
3.203212469816207886e-02
4.912156611680984497e-02
3.974081575870513916e-02
4.323382675647735596e-02
4.554771259427070618e-02
5.714478343725204468e-02
6.858031451702117920e-02
6.334245204925537109e-02
4.073072969913482666e-02
6.941571086645126343e-02
2.872305512428283691e-01
2.313731908798217773e-01
2.872305512428283691e-01
1.772926300764083862e-01
7.472654432058334351e-02
