5.319087952375411987e-02
3.844810277223587036e-02
7.217714935541152954e-02
5.340058356523513794e-02
1.499309539794921875e-01
2.741177976131439209e-01
2.715479433536529541e-01
1.532490253448486328e-01
7.578916102647781372e-02
9.764610975980758667e-02
8.045779913663864136e-02
7.460800558328628540e-02
8.621938526630401611e-02
2.094217836856842041e-01
2.286439090967178345e-01
1.728845238685607910e-01
1.582310497760772705e-01
1.145846247673034668e-01
1.073235943913459778e-01
1.063014864921569824e-01
7.493095844984054565e-02
9.625792503356933594e-02
1.758780181407928467e-01
2.741177976131439209e-01
2.741177976131439209e-01
2.072302997112274170e-01
1.575138717889785767e-01
8.660115301609039307e-02
9.694924950599670410e-02
5.603880062699317932e-02
6.355805695056915283e-02
1.988190412521362305e-01
2.741177976131439209e-01
2.741177976131439209e-01
2.741177976131439209e-01
1.241265609860420227e-01
1.202030926942825317e-01
8.779621869325637817e-02
7.212743163108825684e-02
9.439419955015182495e-02
1.869530379772186279e-01
2.212615609169006348e-01
1.666612029075622559e-01
1.886641383171081543e-01
1.709060668945312500e-01
1.244848370552062988e-01
5.300414562225341797e-02
7.659585773944854736e-02
1.005142852663993835e-01
2.212168574333190918e-01
1.991401910781860352e-01
2.310534268617630005e-01
2.450497150421142578e-01
2.145988047122955322e-01
8.619493991136550903e-02
7.551665604114532471e-02
7.101735472679138184e-02
9.825894236564636230e-02
1.580240875482559204e-01
2.450497150421142578e-01
2.450497150421142578e-01
2.450497150421142578e-01
1.751405596733093262e-01
7.547354698181152344e-02
8.620571345090866089e-02
8.399976789951324463e-02
1.500747799873352051e-01
1.007870063185691833e-01
1.800930202007293701e-01
2.450497150421142578e-01
2.450497150421142578e-01
1.828006505966186523e-01
9.471928328275680542e-02
7.227745652198791504e-02
3.832430765032768250e-02
5.877906456589698792e-02
1.549126654863357544e-01
1.394626051187515259e-01
1.947721689939498901e-01
2.141555249691009521e-01
1.530936360359191895e-01
1.623532325029373169e-01
1.239994764328002930e-01
4.942530766129493713e-02
1.349252313375473022e-01
1.982198506593704224e-01
2.054580003023147583e-01
2.308554649353027344e-01
2.308554649353027344e-01
2.308554649353027344e-01
5.727875977754592896e-02
4.683753475546836853e-02
3.460508212447166443e-02
9.392883628606796265e-02
5.107137188315391541e-02
1.405463963747024536e-01
2.277904450893402100e-01
1.989544928073883057e-01
1.435350924730300903e-01
1.612633764743804932e-01
1.106922775506973267e-01
1.310997307300567627e-01
2.286332696676254272e-01
2.308554649353027344e-01
2.308554649353027344e-01
2.308554649353027344e-01
2.308554649353027344e-01
2.308554649353027344e-01
8.709152787923812866e-02
3.205724433064460754e-02
2.104336023330688477e-02
7.866848260164260864e-02
1.044367924332618713e-01
7.633194327354431152e-02
1.399950981140136719e-01
1.044353321194648743e-01
1.589598208665847778e-01
1.090558469295501709e-01
4.418294131755828857e-02
2.405292354524135590e-02
7.605858147144317627e-02
1.495105028152465820e-01
1.497919559478759766e-01
1.618152856826782227e-01
1.413375139236450195e-01
1.731517016887664795e-01
1.832980364561080933e-01
5.878680571913719177e-02
1.044584289193153381e-01
1.678513139486312866e-01
1.992911398410797119e-01
1.726386398077011108e-01
2.006767392158508301e-01
1.715454757213592529e-01
2.697992026805877686e-01
2.697992026805877686e-01
1.438679993152618408e-01
1.370498090982437134e-01
1.946279853582382202e-01
2.132695466279983521e-01
2.573871910572052002e-01
2.697992026805877686e-01
2.697992026805877686e-01
2.697992026805877686e-01
4.233377799391746521e-02
3.547950088977813721e-02
3.207310289144515991e-02
3.787093982100486755e-02
1.293949782848358154e-01
1.979244649410247803e-01
1.433231681585311890e-01
1.425916552543640137e-01
9.276825934648513794e-02
1.569646224379539490e-02
3.395440429449081421e-02
6.122758984565734863e-02
4.295929521322250366e-02
1.504698991775512695e-01
1.939960718154907227e-01
1.219703629612922668e-01
1.196688860654830933e-01
7.093074172735214233e-02
2.748542726039886475e-01
1.498823761940002441e-01
7.616987079381942749e-02
8.580195158720016479e-02
1.309952884912490845e-01
1.930998116731643677e-01
2.748542726039886475e-01
2.748542726039886475e-01
2.748542726039886475e-01
2.748542726039886475e-01
5.700109899044036865e-02
7.411398738622665405e-02
6.131993234157562256e-02
1.652108281850814819e-01
2.249735891819000244e-01
2.748542726039886475e-01
2.748542726039886475e-01
2.748542726039886475e-01
4.603341966867446899e-02
4.628380760550498962e-02
5.200899392366409302e-02
5.655018612742424011e-02
1.209007427096366882e-01
1.665985435247421265e-01
1.369581073522567749e-01
9.782455116510391235e-02
7.162986695766448975e-02
6.390245258808135986e-02
7.264095544815063477e-02
7.088963687419891357e-02
9.784550964832305908e-02
1.543267220258712769e-01
2.378289699554443359e-01
2.378289699554443359e-01
1.278189122676849365e-01
7.106837630271911621e-02
1.355196684598922729e-01
3.401405736804008484e-02
1.097681149840354919e-01
1.075957491993904114e-01
2.378289699554443359e-01
2.378289699554443359e-01
2.378289699554443359e-01
2.378289699554443359e-01
2.378289699554443359e-01
2.255881428718566895e-01
1.096373945474624634e-01
2.022321969270706177e-01
1.957145482301712036e-01
2.348571717739105225e-01
2.378289699554443359e-01
1.908388882875442505e-01
2.378289699554443359e-01
2.378289699554443359e-01
3.820645809173583984e-02
5.057546496391296387e-02
8.330066502094268799e-02
9.398096054792404175e-02
1.739619970321655273e-01
2.243051528930664062e-01
2.243051528930664062e-01
1.674999743700027466e-01
3.335055708885192871e-02
4.422553256154060364e-02
7.655841112136840820e-02
1.542565524578094482e-01
1.775939017534255981e-01
2.013804167509078979e-01
2.103485018014907837e-01
1.492265015840530396e-01
1.385560035705566406e-01
4.145304858684539795e-02
2.243051528930664062e-01
9.322077035903930664e-02
1.190180853009223938e-01
9.221789240837097168e-02
1.735144108533859253e-01
2.243051528930664062e-01
1.674331873655319214e-01
2.243051528930664062e-01
1.499012857675552368e-01
2.243051528930664062e-01
1.472559720277786255e-01
2.155690193176269531e-01
1.800945550203323364e-01
2.071902453899383545e-01
2.243051528930664062e-01
1.518310606479644775e-01
2.243051528930664062e-01
2.153107523918151855e-01
1.070637181401252747e-01
1.020318344235420227e-01
1.231785491108894348e-01
1.464194506406784058e-01
1.892690658569335938e-01
1.255989670753479004e-01
1.027417853474617004e-01
7.325164228677749634e-02
1.199083253741264343e-01
2.055499106645584106e-01
1.120836213231086731e-01
5.719542130827903748e-02
1.535951197147369385e-01
1.989553272724151611e-01
1.232869923114776611e-01
1.740384995937347412e-01
6.608882546424865723e-02
1.872815340757369995e-01
2.521937489509582520e-01
1.865732371807098389e-01
2.314986735582351685e-01
2.521937489509582520e-01
1.293615847826004028e-01
1.766577512025833130e-01
1.173979640007019043e-01
1.133179962635040283e-01
2.521937489509582520e-01
2.521937489509582520e-01
1.868291050195693970e-01
1.611194610595703125e-01
1.675193160772323608e-01
1.071710363030433655e-01
1.054394543170928955e-01
2.081472128629684448e-01
1.227830499410629272e-01
2.521937489509582520e-01
1.850926131010055542e-01
1.247712001204490662e-01
8.479528129100799561e-02
1.959922015666961670e-01
1.738481074571609497e-01
7.339283823966979980e-02
7.623253017663955688e-02
4.833156615495681763e-02
1.618521511554718018e-01
1.005635187029838562e-01
1.317996978759765625e-01
1.216949820518493652e-01
2.184980660676956177e-01
1.426645368337631226e-01
9.868068248033523560e-02
6.157683953642845154e-02
1.149350106716156006e-01
1.742726266384124756e-01
2.496208697557449341e-01
1.129948496818542480e-01
1.182524412870407104e-01
1.799304187297821045e-01
1.651075780391693115e-01
1.619822680950164795e-01
1.624764800071716309e-01
1.269373744726181030e-01
2.496208697557449341e-01
2.496208697557449341e-01
1.789400130510330200e-01
2.303550690412521362e-01
2.496208697557449341e-01
1.351644396781921387e-01
2.080500721931457520e-01
1.329708844423294067e-01
1.833425462245941162e-01
2.496208697557449341e-01
6.056848913431167603e-02
1.041954904794692993e-01
9.390328824520111084e-02
1.877970695495605469e-01
1.112634316086769104e-01
1.079914793372154236e-01
1.396191865205764771e-01
1.501744091510772705e-01
1.426887959241867065e-01
1.190313622355461121e-01
9.924196451902389526e-02
3.054345957934856415e-02
7.202860713005065918e-02
1.075512245297431946e-01
9.476082026958465576e-02
1.414271295070648193e-01
1.031947433948516846e-01
1.882286220788955688e-01
2.686011493206024170e-01
2.131730318069458008e-01
1.734580844640731812e-01
2.686011493206024170e-01
1.283030360937118530e-01
1.918124258518218994e-01
1.639925837516784668e-01
1.964069455862045288e-01
2.686011493206024170e-01
2.686011493206024170e-01
1.703897863626480103e-01
3.958432376384735107e-02
1.255676448345184326e-01
7.861564308404922485e-02
1.797190755605697632e-01
2.319041043519973755e-01
2.046443819999694824e-01
2.686011493206024170e-01
1.120805293321609497e-01
7.534955441951751709e-02
4.838550835847854614e-02
6.884204596281051636e-02
8.035602420568466187e-02
1.123417168855667114e-01
1.004293411970138550e-01
6.336314231157302856e-02
2.090788036584854126e-01
6.665295362472534180e-02
9.956213086843490601e-02
1.160641461610794067e-01
1.183468326926231384e-01
1.187237575650215149e-01
1.629454642534255981e-01
1.303535699844360352e-01
1.086342483758926392e-01
2.097442597150802612e-01
2.545696794986724854e-01
9.314578026533126831e-02
4.830959811806678772e-02
4.185917600989341736e-02
4.003430157899856567e-02
1.341809630393981934e-01
2.379916310310363770e-01
1.950616687536239624e-01
2.594957649707794189e-01
2.594957649707794189e-01
2.594957649707794189e-01
2.594957649707794189e-01
1.808917075395584106e-01
1.811985969543457031e-01
2.594957649707794189e-01
2.594957649707794189e-01
1.055650115013122559e-01
2.594957649707794189e-01
1.104778125882148743e-01
1.088563650846481323e-01
5.713963136076927185e-02
1.308150887489318848e-01
1.356135457754135132e-01
6.419589370489120483e-02
4.941747710108757019e-02
3.773007541894912720e-02
9.553282707929611206e-02
1.711892783641815186e-01
1.391628384590148926e-01
4.812332987785339355e-02
1.594856530427932739e-01
2.303409725427627563e-01
6.764831393957138062e-02
6.218592077493667603e-02
3.634295985102653503e-02
1.343837529420852661e-01
2.457637786865234375e-01
2.457637786865234375e-01
2.457637786865234375e-01
1.636894494295120239e-01
2.185326367616653442e-01
2.249041199684143066e-01
1.363148093223571777e-01
6.351273506879806519e-02
2.457637786865234375e-01
2.457637786865234375e-01
2.457637786865234375e-01
1.754799783229827881e-01
1.712968647480010986e-01
2.457637786865234375e-01
1.668410301208496094e-01
1.805692613124847412e-01
9.369862079620361328e-02
2.457637786865234375e-01
1.109415739774703979e-01
9.119962155818939209e-02
6.918510049581527710e-02
9.322843700647354126e-02
1.913480460643768311e-01
1.233161687850952148e-01
9.277848899364471436e-02
7.493219524621963501e-02
1.413663625717163086e-01
9.729259461164474487e-02
5.419954285025596619e-02
1.061268895864486694e-01
9.790837764739990234e-02
1.373388916254043579e-01
6.909324228763580322e-02
3.902944549918174744e-02
1.108934506773948669e-01
1.065019518136978149e-01
3.030072748661041260e-01
2.450976520776748657e-01
2.235574126243591309e-01
1.801893562078475952e-01
1.240190640091896057e-01
1.276372224092483521e-01
2.565822005271911621e-01
1.145938187837600708e-01
3.030072748661041260e-01
3.030072748661041260e-01
3.030072748661041260e-01
2.032756060361862183e-01
9.239631146192550659e-02
2.328930236399173737e-02
6.094977259635925293e-02
8.014157414436340332e-02
1.484146714210510254e-01
3.030072748661041260e-01
7.390405982732772827e-02
3.343287110328674316e-02
5.947783961892127991e-02
1.044781431555747986e-01
1.358723044395446777e-01
3.820813074707984924e-02
3.550388664007186890e-02
8.267245441675186157e-02
4.746551811695098877e-02
2.868683934211730957e-01
1.012557893991470337e-01
4.442078992724418640e-02
2.289153486490249634e-01
2.868683934211730957e-01
7.576072216033935547e-02
7.868769019842147827e-02
7.882179319858551025e-02
2.665166854858398438e-01
2.868683934211730957e-01
2.405169457197189331e-01
1.159468442201614380e-01
6.893475353717803955e-02
6.157898157835006714e-02
4.058269038796424866e-02
2.311637811362743378e-02
7.858411967754364014e-02
2.868683934211730957e-01
2.868683934211730957e-01
2.203969657421112061e-01
1.379523277282714844e-01
1.818072646856307983e-01
2.632346153259277344e-01
1.087395250797271729e-01
8.402496576309204102e-02
1.457304060459136963e-01
2.868683934211730957e-01
2.448730021715164185e-01
1.444377303123474121e-01
9.593187272548675537e-02
1.889927536249160767e-01
2.448730021715164185e-01
1.141822785139083862e-01
1.291709989309310913e-01
7.119528204202651978e-02
2.260994762182235718e-01
4.674923419952392578e-02
7.659997791051864624e-02
1.104505285620689392e-01
1.946869790554046631e-01
2.448730021715164185e-01
1.772085577249526978e-01
1.289885789155960083e-01
4.596946761012077332e-02
2.822916023433208466e-02
2.448730021715164185e-01
1.830479800701141357e-01
1.932454556226730347e-01
2.448730021715164185e-01
2.416262179613113403e-01
1.654697805643081665e-01
1.173543259501457214e-01
1.522011309862136841e-01
2.448730021715164185e-01
6.423275917768478394e-02
1.076446399092674255e-01
1.405311971902847290e-01
2.448730021715164185e-01
2.005195319652557373e-01
1.391575187444686890e-01
1.216006875038146973e-01
7.268645614385604858e-02
9.140400588512420654e-02
6.644729524850845337e-02
4.496875405311584473e-02
2.880783192813396454e-02
4.022441804409027100e-02
4.564593732357025146e-02
1.362557858228683472e-01
2.738681137561798096e-01
1.720705330371856689e-01
1.195830255746841431e-01
4.396660253405570984e-02
3.438285365700721741e-02
2.125087939202785492e-02
1.370402518659830093e-02
6.719435751438140869e-02
2.494928836822509766e-01
3.205996453762054443e-01
3.048355579376220703e-01
4.225562512874603271e-02
1.395375281572341919e-01
5.749555677175521851e-02
5.009365826845169067e-02
1.120797991752624512e-01
9.893864393234252930e-02
1.149008050560951233e-01
2.560940980911254883e-01
2.719836235046386719e-01
1.942609548568725586e-01
9.379170835018157959e-02
4.052139818668365479e-02
4.502593353390693665e-02
2.093894034624099731e-02
1.175046414136886597e-01
3.205996453762054443e-01
3.205996453762054443e-01
3.205996453762054443e-01
8.449499309062957764e-02
2.589279226958751678e-02
2.406187169253826141e-02
1.836577057838439941e-02
1.680706255137920380e-02
5.468684434890747070e-02
1.981960833072662354e-01
3.526796102523803711e-01
2.950977683067321777e-01
3.774795308709144592e-02
2.324530668556690216e-02
3.597580641508102417e-02
3.328891098499298096e-02
3.270414844155311584e-02
3.896772488951683044e-02
8.512788265943527222e-02
1.454230546951293945e-01
1.258512735366821289e-01
4.115792736411094666e-02
2.933017350733280182e-02
3.909019380807876587e-02
1.961263082921504974e-02
7.284914143383502960e-03
8.189221471548080444e-02
3.526796102523803711e-01
3.526796102523803711e-01
3.526796102523803711e-01
4.087790474295616150e-02
1.976075768470764160e-02
3.160506114363670349e-02
3.166523948311805725e-02
1.726370677351951599e-02
5.019679665565490723e-02
2.139170765876770020e-01
3.526796102523803711e-01
3.526796102523803711e-01
6.243398040533065796e-02
6.725279241800308228e-02
4.920171946287155151e-02
3.970262408256530762e-02
8.565538376569747925e-02
6.851647049188613892e-02
1.605944335460662842e-01
2.177755832672119141e-01
1.789806485176086426e-01
1.061174646019935608e-01
1.195385679602622986e-01
7.786459475755691528e-02
1.502970159053802490e-01
2.210417687892913818e-01
2.060972303152084351e-01
2.441945374011993408e-01
2.441945374011993408e-01
2.441945374011993408e-01
2.441945374011993408e-01
4.805390536785125732e-02
3.615477681159973145e-02
4.477128386497497559e-02
5.243438109755516052e-02
1.226321682333946228e-01
2.441945374011993408e-01
2.441945374011993408e-01
2.441945374011993408e-01
1.096988171339035034e-01
8.663241565227508545e-02
7.019586116075515747e-02
6.209770962595939636e-02
1.195674464106559753e-01
1.802641004323959351e-01
2.441945374011993408e-01
2.441945374011993408e-01
2.441945374011993408e-01
1.771625280380249023e-01
7.991451770067214966e-02
5.402632802724838257e-02
9.502235054969787598e-02
1.141211241483688354e-01
1.467420309782028198e-01
1.068980768322944641e-01
1.201125904917716980e-01
1.542307585477828979e-01
2.139450609683990479e-01
2.249046713113784790e-01
1.932006627321243286e-01
2.181596904993057251e-01
2.363021224737167358e-01
2.331945747137069702e-01
1.357253640890121460e-01
2.457273006439208984e-01
2.457273006439208984e-01
2.457273006439208984e-01
3.551279753446578979e-02
5.296988040208816528e-02
4.919180646538734436e-02
6.992512196302413940e-02
1.130027845501899719e-01
1.240918338298797607e-01
7.680116593837738037e-02
1.491638422012329102e-01
8.572865277528762817e-02
6.775382161140441895e-02
1.307133138179779053e-01
1.923225522041320801e-01
2.457273006439208984e-01
2.457273006439208984e-01
2.457273006439208984e-01
1.066630035638809204e-01
2.457273006439208984e-01
1.316805332899093628e-01
1.556253433227539062e-01
9.801046550273895264e-02
7.183142751455307007e-02
6.804707646369934082e-02
5.501379072666168213e-02
4.208415374159812927e-02
2.438119053840637207e-01
2.531387805938720703e-01
2.531387805938720703e-01
2.396706342697143555e-01
5.414644256234169006e-02
3.013523668050765991e-02
4.695869982242584229e-02
6.543671339750289917e-02
5.183000117540359497e-02
2.531387805938720703e-01
2.531387805938720703e-01
2.531387805938720703e-01
5.191607773303985596e-02
4.827554151415824890e-02
8.249534666538238525e-02
1.262437254190444946e-01
1.956022828817367554e-01
2.151605188846588135e-01
1.887639164924621582e-01
2.531387805938720703e-01
1.067896783351898193e-01
1.761331558227539062e-01
5.356097966432571411e-02
5.040071159601211548e-02
1.097180098295211792e-01
1.801921278238296509e-01
1.633002161979675293e-01
2.531387805938720703e-01
2.531387805938720703e-01
1.988931596279144287e-01
1.511206179857254028e-01
3.956342115998268127e-02
4.553178325295448303e-02
7.052005082368850708e-02
1.446646153926849365e-01
1.218848824501037598e-01
2.255846560001373291e-01
2.336141914129257202e-01
2.461057752370834351e-01
1.117082834243774414e-01
5.088874697685241699e-02
9.276583790779113770e-02
7.138174772262573242e-02
1.041096895933151245e-01
1.056073233485221863e-01
1.129036024212837219e-01
1.299832761287689209e-01
1.440464407205581665e-01
1.732840090990066528e-01
6.763559579849243164e-02
9.282840788364410400e-02
1.780817359685897827e-01
1.773515343666076660e-01
1.810015738010406494e-01
2.518028616905212402e-01
2.518028616905212402e-01
2.107139825820922852e-01
1.680356562137603760e-01
7.154924422502517700e-02
1.549650430679321289e-01
1.995788663625717163e-01
1.905749291181564331e-01
2.071304172277450562e-01
2.518028616905212402e-01
2.458326071500778198e-01
2.290138453245162964e-01
1.627261787652969360e-01
6.833574920892715454e-02
1.059976965188980103e-01
6.131408736109733582e-02
8.127140253782272339e-02
1.637978702783584595e-01
1.117313206195831299e-01
1.779322624206542969e-01
1.237236186861991882e-01
1.918029040098190308e-01
5.838780477643013000e-02
1.068100854754447937e-01
9.591470658779144287e-02
1.006550043821334839e-01
2.463207542896270752e-01
1.688156425952911377e-01
2.357373535633087158e-01
2.027425467967987061e-01
1.839784085750579834e-01
9.437730163335800171e-02
1.469375342130661011e-01
7.095582038164138794e-02
1.410584747791290283e-01
1.942284256219863892e-01
2.463207542896270752e-01
2.463207542896270752e-01
2.463207542896270752e-01
1.414009332656860352e-01
1.097555682063102722e-01
1.233729869127273560e-01
4.819870740175247192e-02
7.530264556407928467e-02
2.354152053594589233e-01
2.463207542896270752e-01
2.463207542896270752e-01
2.463207542896270752e-01
2.693394124507904053e-01
6.613696366548538208e-02
9.272679686546325684e-02
1.542848795652389526e-01
8.196119219064712524e-02
1.348925381898880005e-01
1.231730952858924866e-01
1.864541471004486084e-01
2.722406983375549316e-01
2.027973085641860962e-01
7.140206545591354370e-02
8.349546045064926147e-02
8.059012144804000854e-02
5.003087222576141357e-02
6.328547000885009766e-02
8.227582275867462158e-02
1.047990322113037109e-01
2.655918598175048828e-01
2.106529325246810913e-01
9.338614344596862793e-02
5.884020775556564331e-02
9.167627245187759399e-02
9.043898433446884155e-02
1.608345806598663330e-01
2.722406983375549316e-01
2.722406983375549316e-01
2.722406983375549316e-01
2.377955615520477295e-01
6.205981224775314331e-02
2.635746449232101440e-02
5.586784332990646362e-02
6.297280639410018921e-02
7.178274542093276978e-02
2.722406983375549316e-01
2.500263750553131104e-01
2.306265681982040405e-01
1.806193888187408447e-01
7.934445887804031372e-02
8.676242828369140625e-02
8.035948127508163452e-02
9.816698729991912842e-02
1.709277033805847168e-01
1.167699545621871948e-01
1.632756888866424561e-01
2.383996695280075073e-01
2.383996695280075073e-01
1.295960992574691772e-01
1.711322814226150513e-01
2.383996695280075073e-01
1.152858212590217590e-01
2.383996695280075073e-01
1.850568503141403198e-01
2.383996695280075073e-01
2.383996695280075073e-01
2.330034077167510986e-01
1.014526858925819397e-01
5.747308209538459778e-02
6.670543551445007324e-02
4.317577555775642395e-02
8.292129635810852051e-02
1.727182865142822266e-01
1.531268209218978882e-01
2.176600992679595947e-01
2.238096594810485840e-01
9.654631465673446655e-02
1.058236062526702881e-01
1.627486795186996460e-01
9.105616062879562378e-02
1.247249543666839600e-01
1.550626456737518311e-01
2.176827639341354370e-01
2.383996695280075073e-01
2.403831034898757935e-01
1.202499717473983765e-01
9.459663927555084229e-02
2.254063636064529419e-01
9.338884800672531128e-02
1.810579299926757812e-01
1.426221579313278198e-01
1.599392145872116089e-01
2.403831034898757935e-01
2.403831034898757935e-01
1.610872596502304077e-01
6.723897904157638550e-02
1.080686748027801514e-01
4.681024700403213501e-02
2.248960435390472412e-01
2.209256589412689209e-01
1.827125847339630127e-01
2.403831034898757935e-01
2.106055915355682373e-01
7.119124382734298706e-02
6.137709692120552063e-02
1.145557463169097900e-01
7.226370275020599365e-02
1.207325756549835205e-01
1.247569471597671509e-01
1.467639356851577759e-01
1.931043267250061035e-01
2.403831034898757935e-01
1.635024994611740112e-01
7.267812639474868774e-02
6.023671105504035950e-02
3.932315483689308167e-02
2.134719192981719971e-01
1.627267152070999146e-01
2.059033364057540894e-01
2.403831034898757935e-01
2.452064901590347290e-01
1.636334955692291260e-01
8.423244953155517578e-02
5.490627884864807129e-02
8.645191788673400879e-03
9.913488477468490601e-02
1.604750007390975952e-01
1.061168611049652100e-01
2.189567089080810547e-01
2.590297162532806396e-01
2.590297162532806396e-01
2.590297162532806396e-01
1.547787487506866455e-01
8.338183909654617310e-02
1.623071581125259399e-01
1.229492202401161194e-01
3.455402329564094543e-02
1.793903857469558716e-01
2.590297162532806396e-01
2.387510091066360474e-01
1.068714857101440430e-01
7.218317687511444092e-02
2.241719514131546021e-02
1.306361407041549683e-01
1.050325483083724976e-01
1.134641692042350769e-01
1.430204957723617554e-01
2.590297162532806396e-01
2.590297162532806396e-01
2.348703593015670776e-01
1.317248493432998657e-01
6.157717108726501465e-02
1.488893479108810425e-01
9.870865941047668457e-02
1.323034167289733887e-01
1.895617693662643433e-01
2.756958007812500000e-01
2.756958007812500000e-01
2.756958007812500000e-01
8.368612825870513916e-02
1.062938198447227478e-01
1.288827359676361084e-01
6.155698373913764954e-02
3.135119006037712097e-02
2.088704258203506470e-01
2.756958007812500000e-01
2.541303634643554688e-01
1.551272273063659668e-01
5.317082256078720093e-02
7.739450037479400635e-02
7.829419523477554321e-02
1.004715263843536377e-01
5.234672501683235168e-02
2.756958007812500000e-01
2.756958007812500000e-01
2.756958007812500000e-01
1.750732064247131348e-01
4.628432914614677429e-02
5.261160805821418762e-02
5.780567973852157593e-02
4.192129522562026978e-02
8.304384350776672363e-02
2.063272446393966675e-01
2.756958007812500000e-01
1.871012449264526367e-01
9.171520173549652100e-02
2.474109269678592682e-02
3.506370261311531067e-02
3.605572879314422607e-02
4.792880639433860779e-02
6.182594224810600281e-02
2.159464657306671143e-01
3.049397766590118408e-01
1.776225864887237549e-01
1.546266824007034302e-01
8.040501922369003296e-02
2.429121732711791992e-02
2.300217933952808380e-02
9.108475595712661743e-02
4.134365171194076538e-02
3.049397766590118408e-01
3.049397766590118408e-01
2.834061086177825928e-01
1.318802088499069214e-01
3.648542612791061401e-02
1.428627967834472656e-02
1.041864603757858276e-02
2.417055144906044006e-02
4.228853434324264526e-02
2.142391949892044067e-01
3.049397766590118408e-01
2.168785482645034790e-01
1.271607279777526855e-01
4.197150841355323792e-02
2.284920588135719299e-02
2.053221501410007477e-02
5.096844211220741272e-02
5.015098676085472107e-02
1.656059324741363525e-01
2.710961699485778809e-01
3.049397766590118408e-01
3.049397766590118408e-01
1.739270240068435669e-01
8.677452802658081055e-02
2.100153826177120209e-02
1.871070824563503265e-02
2.711329236626625061e-02
8.425356447696685791e-02
2.774890363216400146e-01
2.649636268615722656e-01
1.439507901668548584e-01
2.936054579913616180e-02
2.725429087877273560e-02
1.314591988921165466e-02
1.021283771842718124e-02
2.630594559013843536e-02
1.533821225166320801e-01
2.774890363216400146e-01
2.774890363216400146e-01
2.183515876531600952e-01
1.290925145149230957e-01
6.606322526931762695e-02
4.043685272336006165e-02
5.827347934246063232e-02
7.902149856090545654e-02
1.414358913898468018e-01
1.918722689151763916e-01
2.774890363216400146e-01
2.774890363216400146e-01
2.397202551364898682e-01
1.109542697668075562e-01
2.880592085421085358e-02
9.957480244338512421e-03
3.381813690066337585e-02
9.361099451780319214e-02
1.959948390722274780e-01
2.774890363216400146e-01
2.774890363216400146e-01
2.389807701110839844e-01
1.033244729042053223e-01
3.049513697624206543e-02
8.096545189619064331e-02
6.362041831016540527e-02
7.778476178646087646e-02
2.477395087480545044e-01
2.477395087480545044e-01
2.477395087480545044e-01
2.477395087480545044e-01
1.363602429628372192e-01
1.582304388284683228e-01
1.798650622367858887e-01
2.166673392057418823e-01
2.250438481569290161e-01
9.437561780214309692e-02
1.032941192388534546e-01
1.626133024692535400e-01
2.477395087480545044e-01
1.046639457345008850e-01
9.842735528945922852e-02
8.140699565410614014e-02
9.567765891551971436e-02
1.124577522277832031e-01
2.137615829706192017e-01
2.477395087480545044e-01
2.477395087480545044e-01
2.477395087480545044e-01
1.485317200422286987e-01
7.038453221321105957e-02
1.990687847137451172e-01
1.422034949064254761e-01
7.229901105165481567e-02
1.003784015774726868e-01
1.317442506551742554e-01
1.348147094249725342e-01
1.446408182382583618e-01
1.200252398848533630e-01
5.441152676939964294e-02
6.824929267168045044e-02
8.064386993646621704e-02
7.085093855857849121e-02
1.179315671324729919e-01
5.496879667043685913e-02
4.476530849933624268e-02
1.609389632940292358e-01
1.575211584568023682e-01
1.417795419692993164e-01
1.566778272390365601e-01
1.942779272794723511e-01
1.207418516278266907e-01
1.007900238037109375e-01
4.652441293001174927e-02
4.239214584231376648e-02
6.826628744602203369e-02
1.396290957927703857e-01
2.566559016704559326e-01
2.566559016704559326e-01
2.566559016704559326e-01
6.892020255327224731e-02
1.474479436874389648e-01
8.257694542407989502e-02
9.496203064918518066e-02
2.379622608423233032e-01
2.566559016704559326e-01
2.566559016704559326e-01
1.598026156425476074e-01
8.721703290939331055e-02
7.739243656396865845e-02
1.247387528419494629e-01
7.256745547056198120e-02
9.939251840114593506e-02
1.733511090278625488e-01
2.566559016704559326e-01
2.566559016704559326e-01
2.566559016704559326e-01
2.286770194768905640e-01
1.201059743762016296e-01
2.356501296162605286e-02
1.336663588881492615e-02
2.098925411701202393e-02
1.022128853946924210e-02
4.108641669154167175e-02
2.073456346988677979e-01
3.189866840839385986e-01
3.189866840839385986e-01
3.713745623826980591e-02
8.982218801975250244e-03
5.804043728858232498e-03
1.149992458522319794e-02
4.652586299926042557e-03
1.381600834429264069e-02
1.749937087297439575e-01
3.189866840839385986e-01
3.189866840839385986e-01
4.796417802572250366e-02
4.341645166277885437e-02
2.540032006800174713e-02
4.970604926347732544e-02
3.387926518917083740e-02
7.663702964782714844e-02
2.243723124265670776e-01
3.189866840839385986e-01
2.427694946527481079e-01
1.042433753609657288e-01
2.970104478299617767e-02
1.678773015737533569e-02
2.555388770997524261e-02
1.339383330196142197e-02
4.144873470067977905e-02
2.426950335502624512e-01
3.189866840839385986e-01
3.189866840839385986e-01
9.508086740970611572e-02
2.890875563025474548e-02
8.062124252319335938e-03
1.187165267765522003e-02
1.805499196052551270e-02
4.950566962361335754e-02
1.836692094802856445e-01
3.264058232307434082e-01
3.264058232307434082e-01
7.485901564359664917e-02
4.923105612397193909e-02
2.058269828557968140e-02
2.182849310338497162e-02
3.950228169560432434e-02
6.853244453668594360e-02
1.217298805713653564e-01
1.274787187576293945e-01
1.176268160343170166e-01
7.521636039018630981e-02
1.015544161200523376e-01
5.270223319530487061e-02
2.721741795539855957e-02
3.653857856988906860e-02
1.038155853748321533e-01
3.237654268741607666e-01
3.264058232307434082e-01
3.264058232307434082e-01
1.944998502731323242e-01
9.337490051984786987e-02
6.006008759140968323e-02
3.981926664710044861e-02
4.824104532599449158e-02
9.128744900226593018e-02
1.904479712247848511e-01
3.264058232307434082e-01
3.264058232307434082e-01
1.573295891284942627e-01
4.201909154653549194e-02
5.276426300406455994e-02
5.119357630610466003e-02
8.362260460853576660e-02
1.191738024353981018e-01
1.796999126672744751e-01
7.289597392082214355e-02
1.382364183664321899e-01
1.058742702007293701e-01
3.954260796308517456e-02
8.758677542209625244e-02
9.969183057546615601e-02
2.421802431344985962e-01
3.388542830944061279e-01
3.388542830944061279e-01
1.136910468339920044e-01
1.431818604469299316e-01
1.167759075760841370e-01
4.281166568398475647e-02
4.900574684143066406e-02
6.294122338294982910e-02
6.169343367218971252e-02
8.709339052438735962e-02
1.400834918022155762e-01
2.395737022161483765e-01
2.026856392621994019e-01
1.305697113275527954e-01
6.372892856597900391e-02
6.156854704022407532e-02
7.019185274839401245e-02
1.220881491899490356e-01
3.388542830944061279e-01
3.388542830944061279e-01
3.160491585731506348e-01
1.123028397560119629e-01
1.456965804100036621e-01
1.666965521872043610e-02
1.871755532920360565e-02
3.485138341784477234e-02
8.804960548877716064e-02
2.642866075038909912e-01
3.125911355018615723e-01
1.745728403329849243e-01
8.040980994701385498e-02
3.301040455698966980e-02
7.607559859752655029e-02
3.530510514974594116e-02
8.237872272729873657e-02
8.600920438766479492e-02
1.620133817195892334e-01
2.707571089267730713e-01
3.125911355018615723e-01
3.125911355018615723e-01
7.196064293384552002e-02
1.899855211377143860e-02
1.439602486789226532e-02
1.721423864364624023e-02
4.997785389423370361e-02
2.026131749153137207e-01
3.125911355018615723e-01
2.303508073091506958e-01
4.263351112604141235e-02
4.146391153335571289e-02
4.984895139932632446e-02
2.768141403794288635e-02
6.690149754285812378e-02
7.196380943059921265e-02
8.471145480871200562e-02
3.125911355018615723e-01
3.125911355018615723e-01
2.051132023334503174e-01
6.327051669359207153e-02
9.517750144004821777e-02
8.307862281799316406e-02
2.327405065298080444e-01
2.248146235942840576e-01
1.189545542001724243e-01
1.267375499010086060e-01
2.585881054401397705e-01
2.585881054401397705e-01
8.782596886157989502e-02
1.624258011579513550e-01
9.507317841053009033e-02
2.138312011957168579e-01
2.585881054401397705e-01
1.681953072547912598e-01
1.523899883031845093e-01
2.585881054401397705e-01
1.915838420391082764e-01
2.181266099214553833e-01
9.624409675598144531e-02
7.144767045974731445e-02
1.918568462133407593e-01
1.743175387382507324e-01
6.875704973936080933e-02
1.090724840760231018e-01
2.585881054401397705e-01
1.964520812034606934e-01
8.215387165546417236e-02
9.997939318418502808e-02
9.188421815633773804e-02
1.451114416122436523e-01
1.576901227235794067e-01
1.012445166707038879e-01
8.504202216863632202e-02
1.765396744012832642e-01
1.297140717506408691e-01
1.190480217337608337e-01
1.723813414573669434e-01
6.806465238332748413e-02
9.303940087556838989e-02
6.048827990889549255e-02
1.131138876080513000e-01
1.242593377828598022e-01
2.495990097522735596e-01
2.495990097522735596e-01
2.495990097522735596e-01
1.701296567916870117e-01
1.547264009714126587e-01
1.740695983171463013e-01
6.260091811418533325e-02
7.885646820068359375e-02
2.258546650409698486e-01
2.495990097522735596e-01
2.495990097522735596e-01
2.495990097522735596e-01
8.596867322921752930e-02
6.740427762269973755e-02
5.736248940229415894e-02
6.323295086622238159e-02
9.046173095703125000e-02
1.159630492329597473e-01
1.596847772598266602e-01
1.561415046453475952e-01
1.855464577674865723e-01
1.187899708747863770e-01
1.352598965167999268e-01
1.711611151695251465e-01
1.043823733925819397e-01
1.186438947916030884e-01
2.291995435953140259e-01
1.245407909154891968e-01
2.495990097522735596e-01
2.495990097522735596e-01
1.898468136787414551e-01
7.559174299240112305e-02
6.532308459281921387e-02
4.294799640774726868e-02
3.989555686712265015e-02
1.452565640211105347e-01
2.666049897670745850e-01
2.666049897670745850e-01
2.558144629001617432e-01
2.184764593839645386e-01
4.261996969580650330e-02
1.811123639345169067e-02
1.735148020088672638e-02
2.410689741373062134e-02
1.202741265296936035e-01
2.666049897670745850e-01
2.635459899902343750e-01
2.368123531341552734e-01
1.517394185066223145e-01
8.318828046321868896e-02
8.663211017847061157e-02
5.368397757411003113e-02
4.065788909792900085e-02
1.467868387699127197e-01
1.916439533233642578e-01
1.831438690423965454e-01
2.090427279472351074e-01
2.182649523019790649e-01
6.873627752065658569e-02
3.661029040813446045e-02
2.757805399596691132e-02
1.874957606196403503e-02
1.837406903505325317e-01
2.666049897670745850e-01
2.666049897670745850e-01
2.216009646654129028e-01
1.677173525094985962e-01
5.176287889480590820e-02
2.377017401158809662e-02
1.826703734695911407e-02
2.047019638121128082e-02
1.205730885267257690e-01
3.617278039455413818e-01
2.208445817232131958e-01
1.457937657833099365e-01
6.644383817911148071e-02
3.022945299744606018e-02
1.975340023636817932e-02
1.916270703077316284e-02
2.049842290580272675e-02
5.041071027517318726e-02
1.454548388719558716e-01
1.023092865943908691e-01
5.795504897832870483e-02
1.689558029174804688e-01
6.420473009347915649e-02
3.525127097964286804e-02
1.691858842968940735e-02
4.223910346627235413e-02
3.052328228950500488e-01
3.617278039455413818e-01
3.617278039455413818e-01
1.959661096334457397e-01
6.762749701738357544e-02
5.919442325830459595e-02
3.734743595123291016e-02
1.303460728377103806e-02
6.105050444602966309e-02
1.883148699998855591e-01
3.617278039455413818e-01
2.951331734657287598e-01
9.374847263097763062e-02
1.588516384363174438e-01
4.798859730362892151e-02
2.510075643658638000e-02
3.695803508162498474e-02
7.676999270915985107e-02
1.285511404275894165e-01
2.123073935508728027e-01
2.401085346937179565e-01
2.401085346937179565e-01
2.401085346937179565e-01
1.436669677495956421e-01
4.501790180802345276e-02
3.384590521454811096e-02
6.599292159080505371e-02
1.714610457420349121e-01
1.775525212287902832e-01
2.401085346937179565e-01
2.401085346937179565e-01
2.137671560049057007e-01
1.286402940750122070e-01
5.830792337656021118e-02
4.030638188123703003e-02
1.156239956617355347e-01
2.401085346937179565e-01
2.401085346937179565e-01
2.401085346937179565e-01
2.321713715791702271e-01
2.140580415725708008e-01
1.376124769449234009e-01
2.075982652604579926e-02
4.172506928443908691e-02
5.412697792053222656e-02
1.580036431550979614e-01
1.633111983537673950e-01
1.912506222724914551e-01
2.401085346937179565e-01
2.532480657100677490e-01
1.814015805721282959e-01
7.305513322353363037e-02
5.717897415161132812e-02
6.824330240488052368e-02
1.444338262081146240e-01
1.413581520318984985e-01
2.532480657100677490e-01
1.751938760280609131e-01
2.532480657100677490e-01
2.428428530693054199e-01
1.225552260875701904e-01
1.342813223600387573e-01
1.238150149583816528e-01
1.959378123283386230e-01
2.532480657100677490e-01
2.532480657100677490e-01
2.532480657100677490e-01
1.329910010099411011e-01
8.118049055337905884e-02
1.216194685548543930e-02
3.027522750198841095e-02
5.199300125241279602e-02
8.007588237524032593e-02
1.270314604043960571e-01
2.020151168107986450e-01
1.851488351821899414e-01
9.858940541744232178e-02
8.479025959968566895e-02
5.038349702954292297e-02
8.082014322280883789e-02
1.073747724294662476e-01
1.532073915004730225e-01
2.532480657100677490e-01
2.532480657100677490e-01
1.851350367069244385e-01
1.219651103019714355e-01
2.116210162639617920e-01
8.904174715280532837e-02
7.659915089607238770e-02
7.591161876916885376e-02
8.626270294189453125e-02
1.429070085287094116e-01
1.999573409557342529e-01
2.098412066698074341e-01
2.450867891311645508e-01
2.450867891311645508e-01
1.209569796919822693e-01
6.071969866752624512e-02
8.454982936382293701e-02
1.717421561479568481e-01
1.842577308416366577e-01
1.658426225185394287e-01
2.450867891311645508e-01
3.562803938984870911e-02
1.350586265325546265e-01
4.818870872259140015e-02
5.146036669611930847e-02
6.275482475757598877e-02
1.375164240598678589e-01
2.450867891311645508e-01
1.642090678215026855e-01
8.762618154287338257e-02
2.214822769165039062e-01
2.450867891311645508e-01
8.833409845829010010e-02
4.191389679908752441e-02
9.403584152460098267e-02
2.450867891311645508e-01
2.450867891311645508e-01
2.450867891311645508e-01
2.450867891311645508e-01
1.878521740436553955e-01
2.458052486181259155e-01
1.054391637444496155e-01
4.404091462492942810e-02
3.817386925220489502e-02
6.430679559707641602e-02
5.267415195703506470e-02
5.897476151585578918e-02
1.194976717233657837e-01
1.318458318710327148e-01
2.458052486181259155e-01
2.458052486181259155e-01
1.747490763664245605e-01
1.296072304248809814e-01
8.445927500724792480e-02
2.531656622886657715e-02
3.526240587234497070e-02
6.752806156873703003e-02
2.458052486181259155e-01
2.057730555534362793e-01
8.686061948537826538e-02
6.247879564762115479e-02
1.353175938129425049e-01
2.041116356849670410e-01
2.101854234933853149e-01
1.518699526786804199e-01
2.294174581766128540e-01
2.458052486181259155e-01
2.458052486181259155e-01
2.458052486181259155e-01
1.545057892799377441e-01
2.458052486181259155e-01
2.458052486181259155e-01
1.148178204894065857e-01
8.428651839494705200e-02
1.523063629865646362e-01
1.248967349529266357e-01
2.640015780925750732e-01
2.640015780925750732e-01
2.640015780925750732e-01
2.375386059284210205e-01
1.058705747127532959e-01
1.653013937175273895e-02
5.069880187511444092e-02
1.234334707260131836e-01
5.895797163248062134e-02
1.907409727573394775e-01
2.640015780925750732e-01
2.289039492607116699e-01
1.418763846158981323e-01
5.518514662981033325e-02
5.206287652254104614e-02
5.707069858908653259e-02
8.002488315105438232e-02
1.958080679178237915e-01
2.640015780925750732e-01
2.640015780925750732e-01
1.997718662023544312e-01
2.640015780925750732e-01
2.640015780925750732e-01
7.350924611091613770e-02
4.917928948998451233e-02
9.678307920694351196e-02
9.309574961662292480e-02
6.613591313362121582e-02
1.235266327857971191e-01
1.373202949762344360e-01
1.698152422904968262e-01
1.462290287017822266e-01
5.551546439528465271e-02
7.306437939405441284e-02
9.715158492326736450e-02
8.508838713169097900e-02
1.588118225336074829e-01
1.980249434709548950e-01
1.896654963493347168e-01
1.593890786170959473e-01
7.892587035894393921e-02
1.578251272439956665e-01
1.125769689679145813e-01
9.194573014974594116e-02
1.124367415904998779e-01
1.492242813110351562e-01
1.586976796388626099e-01
1.444587856531143188e-01
1.791729927062988281e-01
1.207714900374412537e-01
1.511659771203994751e-01
9.285884350538253784e-02
7.327266782522201538e-02
2.238863259553909302e-01
1.113882809877395630e-01
1.065568253397941589e-01
9.497077018022537231e-02
1.102663949131965637e-01
1.965849101543426514e-01
1.899286359548568726e-01
2.236929982900619507e-01
2.238863259553909302e-01
2.238863259553909302e-01
1.456353664398193359e-01
2.238863259553909302e-01
1.328829824924468994e-01
2.238863259553909302e-01
2.238863259553909302e-01
2.238863259553909302e-01
1.959179490804672241e-01
2.238863259553909302e-01
1.662914603948593140e-01
1.123071983456611633e-01
1.100195869803428650e-01
1.634330749511718750e-01
2.331346720457077026e-01
2.331346720457077026e-01
1.127087324857711792e-01
9.845154732465744019e-02
1.082607358694076538e-01
9.975641220808029175e-02
1.042551174759864807e-01
1.292465180158615112e-01
1.527456492185592651e-01
2.331346720457077026e-01
2.331346720457077026e-01
1.335907727479934692e-01
1.823073178529739380e-01
1.486894935369491577e-01
1.306863427162170410e-01
7.448539137840270996e-02
1.073760837316513062e-01
2.206291705369949341e-01
2.331346720457077026e-01
2.181522995233535767e-01
1.217211782932281494e-01
1.767514348030090332e-01
1.074125543236732483e-01
1.117708981037139893e-01
1.302677094936370850e-01
1.957549452781677246e-01
2.331346720457077026e-01
2.331346720457077026e-01
2.331346720457077026e-01
1.154845952987670898e-01
1.818593293428421021e-01
1.157614216208457947e-01
3.422259539365768433e-02
5.288345739245414734e-02
1.045318916440010071e-01
9.627891331911087036e-02
1.209807023406028748e-01
2.304059118032455444e-01
2.124509513378143311e-01
1.718366891145706177e-01
1.547644436359405518e-01
3.577205166220664978e-02
3.567812219262123108e-02
9.809504449367523193e-02
1.127928271889686584e-01
8.816286921501159668e-02
2.490237057209014893e-01
2.589644193649291992e-01
2.589644193649291992e-01
1.392918527126312256e-01
3.365435451269149780e-02
9.345481544733047485e-02
2.289651781320571899e-01
2.028629481792449951e-01
2.020981460809707642e-01
1.719562709331512451e-01
1.041257679462432861e-01
1.316584944725036621e-01
9.477671980857849121e-02
3.532143682241439819e-02
6.064554303884506226e-02
2.040127366781234741e-01
2.537979185581207275e-01
2.374138683080673218e-01
2.083453983068466187e-01
2.589644193649291992e-01
2.385892719030380249e-01
1.138504669070243835e-01
4.836043342947959900e-02
4.449594020843505859e-02
3.004104271531105042e-02
3.926095739006996155e-02
4.843668267130851746e-02
1.847907006740570068e-01
3.172870278358459473e-01
3.172870278358459473e-01
1.143672838807106018e-01
3.667868301272392273e-02
3.847972303628921509e-02
1.745343022048473358e-02
1.419402845203876495e-02
5.252819135785102844e-02
1.656198650598526001e-01
3.172870278358459473e-01
3.172870278358459473e-01
1.042452082037925720e-01
4.228429123759269714e-02
5.283858999609947205e-02
6.364805251359939575e-02
7.185344398021697998e-02
7.390253990888595581e-02
1.894505918025970459e-01
3.172870278358459473e-01
2.713081538677215576e-01
8.695713430643081665e-02
4.038237407803535461e-02
2.505740709602832794e-02
1.423379126936197281e-02
5.846005864441394806e-03
4.861111938953399658e-02
2.019484788179397583e-01
3.172870278358459473e-01
3.172870278358459473e-01
9.720848500728607178e-02
2.658893726766109467e-02
2.629329264163970947e-02
3.727998584508895874e-02
1.696192473173141479e-02
6.236519291996955872e-02
1.440015286207199097e-01
3.043439090251922607e-01
2.965624928474426270e-01
1.150378137826919556e-01
3.115729056298732758e-02
4.380898922681808472e-02
4.625562950968742371e-02
4.436518624424934387e-02
1.476966589689254761e-01
3.043439090251922607e-01
3.043439090251922607e-01
1.662960350513458252e-01
8.021372556686401367e-02
4.240965470671653748e-02
1.526673976331949234e-02
2.658752538263797760e-02
8.242079988121986389e-03
6.381034851074218750e-02
2.123123854398727417e-01
3.043439090251922607e-01
3.043439090251922607e-01
1.404158622026443481e-01
1.957905665040016174e-02
3.148650377988815308e-02
3.636042773723602295e-02
2.339978143572807312e-02
8.799165487289428711e-02
2.574601173400878906e-01
3.043439090251922607e-01
3.043439090251922607e-01
8.861627429723739624e-02
1.337624713778495789e-02
2.118017151951789856e-02
2.787650749087333679e-02
4.844892024993896484e-02
1.350593417882919312e-01
2.954267263412475586e-01
2.954267263412475586e-01
9.165813773870468140e-02
2.395915985107421875e-02
1.443615928292274475e-02
1.456607412546873093e-02
3.193454071879386902e-02
6.194128468632698059e-02
1.185686811804771423e-01
2.954267263412475586e-01
2.954267263412475586e-01
1.244434490799903870e-01
2.739662118256092072e-02
4.443483427166938782e-03
1.712975837290287018e-02
3.459915891289710999e-02
6.685433536767959595e-02
1.836202442646026611e-01
2.954267263412475586e-01
2.954267263412475586e-01
1.760355383157730103e-01
1.315052621066570282e-02
4.698124248534440994e-03
1.672503352165222168e-02
3.418882563710212708e-02
1.638023555278778076e-01
2.954267263412475586e-01
2.954267263412475586e-01
2.954267263412475586e-01
2.140191793441772461e-01
7.145488634705543518e-03
7.506752759218215942e-02
5.680559948086738586e-02
9.697721898555755615e-02
1.536362916231155396e-01
1.590354889631271362e-01
2.444900572299957275e-01
2.444900572299957275e-01
1.207274794578552246e-01
8.561405539512634277e-02
2.050559818744659424e-01
1.635317355394363403e-01
1.309483051300048828e-01
1.530115008354187012e-01
1.491221636533737183e-01
1.621400117874145508e-01
1.722926646471023560e-01
8.877729624509811401e-02
1.511740088462829590e-01
3.163246065378189087e-02
6.792233884334564209e-02
6.074378639459609985e-02
2.331925034523010254e-01
2.444900572299957275e-01
2.444900572299957275e-01
2.444900572299957275e-01
1.934436261653900146e-01
3.866681829094886780e-02
1.365355700254440308e-01
1.642096936702728271e-01
1.080250889062881470e-01
2.241621911525726318e-01
2.444900572299957275e-01
2.000032067298889160e-01
2.444900572299957275e-01
1.263056844472885132e-01
7.540882378816604614e-02
1.264043748378753662e-01
1.308559328317642212e-01
1.417690366506576538e-01
1.495407372713088989e-01
1.395707130432128906e-01
1.635050326585769653e-01
7.898537814617156982e-02
5.076027661561965942e-02
9.753268212080001831e-02
5.597348138689994812e-02
2.157406955957412720e-01
2.502225637435913086e-01
2.300065606832504272e-01
1.609110385179519653e-01
1.832102984189987183e-01
3.840970247983932495e-02
7.753870636224746704e-02
9.815437346696853638e-02
7.771586626768112183e-02
1.238594204187393188e-01
1.767602711915969849e-01
2.126736938953399658e-01
2.502225637435913086e-01
2.502225637435913086e-01
2.148970514535903931e-01
7.335601001977920532e-02
4.037211835384368896e-02
9.921919554471969604e-02
2.502225637435913086e-01
2.502225637435913086e-01
2.502225637435913086e-01
2.034304291009902954e-01
2.502225637435913086e-01
1.347642689943313599e-01
1.052380055189132690e-01
9.189070016145706177e-02
7.496533542871475220e-02
1.411705613136291504e-01
2.333134561777114868e-01
1.450277268886566162e-01
9.194617718458175659e-02
1.088487133383750916e-01
5.814064294099807739e-02
9.605976939201354980e-02
9.965376555919647217e-02
1.487043052911758423e-01
9.132330864667892456e-02
1.239376515150070190e-01
1.296903640031814575e-01
9.708131104707717896e-02
1.587626785039901733e-01
2.477888613939285278e-01
2.477888613939285278e-01
1.602037698030471802e-01
2.477888613939285278e-01
2.477888613939285278e-01
2.477888613939285278e-01
1.218934878706932068e-01
1.015831157565116882e-01
1.036824658513069153e-01
5.079113319516181946e-02
1.180801168084144592e-01
1.617899835109710693e-01
2.477888613939285278e-01
2.477888613939285278e-01
2.025937438011169434e-01
1.490685790777206421e-01
1.176397427916526794e-01
8.801750093698501587e-02
1.211009174585342407e-01
2.477888613939285278e-01
2.477888613939285278e-01
6.422670185565948486e-02
5.889252945780754089e-02
8.586311340332031250e-02
8.371784538030624390e-02
9.839418530464172363e-02
1.475602537393569946e-01
2.759199440479278564e-01
2.759199440479278564e-01
1.468266099691390991e-01
3.961434215307235718e-02
9.448261559009552002e-02
1.064390167593955994e-01
9.708359837532043457e-02
1.599847376346588135e-01
1.579331159591674805e-01
2.759199440479278564e-01
2.393219470977783203e-01
9.675953537225723267e-02
2.165982276201248169e-01
5.532808974385261536e-02
1.427878588438034058e-01
1.331120133399963379e-01
1.180956363677978516e-01
5.733767151832580566e-02
2.609373927116394043e-01
2.759199440479278564e-01
2.488553673028945923e-01
3.448149561882019043e-02
6.921798735857009888e-02
9.479434043169021606e-02
1.411441117525100708e-01
1.342732608318328857e-01
1.509764790534973145e-01
2.759199440479278564e-01
2.759199440479278564e-01
7.740920782089233398e-02
1.083874627947807312e-01
1.357101500034332275e-01
1.017940789461135864e-01
1.412997692823410034e-01
2.205585837364196777e-01
2.305702716112136841e-01
2.608669698238372803e-01
2.118448615074157715e-01
1.230614334344863892e-01
9.175428003072738647e-02
1.002184227108955383e-01
1.882696337997913361e-02
1.124052181839942932e-01
7.323582470417022705e-02
1.689975559711456299e-01
1.542537957429885864e-01
9.711486846208572388e-02
1.111498028039932251e-01
3.557551279664039612e-02
1.390355527400970459e-01
1.128114238381385803e-01
2.420953214168548584e-01
2.432214170694351196e-01
2.608669698238372803e-01
2.608669698238372803e-01
2.530151307582855225e-01
6.728433072566986084e-02
4.722289741039276123e-02
9.860315918922424316e-02
4.446941241621971130e-02
1.707350611686706543e-01
1.993202269077301025e-01
2.364052385091781616e-01
2.308699488639831543e-01
1.822262555360794067e-01
1.229695603251457214e-01
1.341743916273117065e-01
9.938893467187881470e-02
2.059113793075084686e-02
1.077044159173965454e-01
8.262383192777633667e-02
2.128530442714691162e-01
1.946978867053985596e-01
1.730038821697235107e-01
1.208978518843650818e-01
9.116107970476150513e-02
4.381304606795310974e-02
5.309178680181503296e-02
9.348593652248382568e-02
9.286594390869140625e-02
2.321057766675949097e-01
2.414814233779907227e-01
2.414814233779907227e-01
6.360302865505218506e-02
1.015261411666870117e-01
1.277450919151306152e-01
8.575996011495590210e-02
2.414814233779907227e-01
2.089013755321502686e-01
2.414814233779907227e-01
2.414814233779907227e-01
2.190306186676025391e-01
1.097155660390853882e-01
8.416981250047683716e-02
7.081060111522674561e-02
1.285635381937026978e-01
2.414814233779907227e-01
2.414814233779907227e-01
2.414814233779907227e-01
2.414814233779907227e-01
2.018867582082748413e-01
5.409061908721923828e-02
2.335190400481224060e-02
4.760227724909782410e-02
1.914302259683609009e-02
3.413519263267517090e-02
4.561235010623931885e-02
1.973401457071304321e-01
3.378922343254089355e-01
1.233438476920127869e-01
2.003340981900691986e-02
1.009509339928627014e-01
9.309531003236770630e-02
2.495450526475906372e-02
4.197032004594802856e-02
1.242649257183074951e-01
3.378922343254089355e-01
3.378922343254089355e-01
2.522809505462646484e-01
1.334661394357681274e-01
1.973856985569000244e-02
3.207960352301597595e-02
4.381550475955009460e-02
8.424683660268783569e-02
1.294306516647338867e-01
1.873720288276672363e-01
1.797951757907867432e-01
5.522111803293228149e-02
1.848878338932991028e-02
2.672774158418178558e-02
3.936486318707466125e-02
6.217173486948013306e-02
1.703112423419952393e-01
3.328171372413635254e-01
3.378922343254089355e-01
3.378922343254089355e-01
5.006985738873481750e-02
1.483850367367267609e-02
1.439025104045867920e-01
7.078954577445983887e-02
2.373099327087402344e-02
4.985360056161880493e-02
1.443965733051300049e-01
2.421883195638656616e-01
2.421883195638656616e-01
1.153677403926849365e-01
1.209288612008094788e-01
2.421883195638656616e-01
2.421883195638656616e-01
1.341935396194458008e-01
1.394474059343338013e-01
2.421883195638656616e-01
2.421883195638656616e-01
2.067814469337463379e-01
9.160751104354858398e-02
1.311206370592117310e-01
6.154367327690124512e-02
6.767638027667999268e-02
3.069370426237583160e-02
6.346791982650756836e-02
2.069232314825057983e-01
2.421883195638656616e-01
1.860945820808410645e-01
2.404480800032615662e-02
2.787586487829685211e-02
1.793035864830017090e-01
2.421883195638656616e-01
1.688440293073654175e-01
2.014583051204681396e-01
2.421883195638656616e-01
2.421883195638656616e-01
1.487069576978683472e-01
7.100427895784378052e-02
8.449351787567138672e-02
1.961003094911575317e-01
2.492440938949584961e-01
1.807737648487091064e-01
2.504149377346038818e-01
2.504149377346038818e-01
2.504149377346038818e-01
1.078049615025520325e-01
4.876794293522834778e-02
7.568575441837310791e-02
1.162606924772262573e-01
7.250066846609115601e-02
5.985857546329498291e-02
1.730710417032241821e-01
2.014779448509216309e-01
1.395311057567596436e-01
5.612166598439216614e-02
8.104955404996871948e-02
1.044262349605560303e-01
1.919186711311340332e-01
2.504149377346038818e-01
2.504149377346038818e-01
2.504149377346038818e-01
2.504149377346038818e-01
1.716328114271163940e-01
7.637766003608703613e-02
6.374084949493408203e-02
9.287910908460617065e-02
8.979489654302597046e-02
1.305365711450576782e-01
1.920332908630371094e-01
2.504149377346038818e-01
2.293980717658996582e-01
6.351901590824127197e-02
3.455856814980506897e-02
3.698327019810676575e-02
6.198350340127944946e-02
2.257214039564132690e-01
1.091573536396026611e-01
1.040671691298484802e-01
1.114357709884643555e-01
4.912672191858291626e-02
1.271473169326782227e-01
1.255527287721633911e-01
2.120748907327651978e-01
2.257214039564132690e-01
1.980394721031188965e-01
1.407582908868789673e-01
2.257214039564132690e-01
2.121950387954711914e-01
1.164343580603599548e-01
1.466150730848312378e-01
1.560095995664596558e-01
2.029192745685577393e-01
2.257214039564132690e-01
1.254481971263885498e-01
1.980222463607788086e-01
2.257214039564132690e-01
2.257214039564132690e-01
9.416539222002029419e-02
8.047973364591598511e-02
6.904743611812591553e-02
1.155201122164726257e-01
8.942157030105590820e-02
1.101594194769859314e-01
2.006139755249023438e-01
2.257214039564132690e-01
2.257214039564132690e-01
1.455761343240737915e-01
1.246753931045532227e-01
1.521767377853393555e-01
2.159009873867034912e-01
1.254661977291107178e-01
1.247184574604034424e-01
2.311267331242561340e-02
8.060315996408462524e-02
1.548571139574050903e-01
2.175924777984619141e-01
2.204828113317489624e-01
1.936003714799880981e-01
2.179939150810241699e-01
1.158008202910423279e-01
1.609919071197509766e-01
1.345895975828170776e-01
1.617826819419860840e-01
2.204828113317489624e-01
2.204828113317489624e-01
2.204828113317489624e-01
1.863557547330856323e-01
1.923054754734039307e-01
1.543731987476348877e-01
9.142021089792251587e-02
1.604924350976943970e-02
4.010205343365669250e-02
8.876750618219375610e-02
1.032928824424743652e-01
2.096445709466934204e-01
2.204828113317489624e-01
2.204828113317489624e-01
1.280964314937591553e-01
1.362770497798919678e-01
7.072590291500091553e-02
8.132983744144439697e-02
1.523188948631286621e-01
1.175092309713363647e-01
2.204828113317489624e-01
2.204828113317489624e-01
2.204828113317489624e-01
2.141964435577392578e-01
8.653964847326278687e-02
1.294184327125549316e-01
1.747451573610305786e-01
1.616998016834259033e-01
2.114939242601394653e-01
2.044217288494110107e-01
1.299912631511688232e-01
1.730997115373611450e-01
1.672848463058471680e-01
8.174493163824081421e-02
8.907524496316909790e-02
1.400418430566787720e-01
1.598460227251052856e-01
2.236833423376083374e-01
2.236833423376083374e-01
2.236833423376083374e-01
2.236833423376083374e-01
1.770563572645187378e-01
1.265693306922912598e-01
6.642656028270721436e-02
7.662168145179748535e-02
7.173217833042144775e-02
9.368652850389480591e-02
1.893897652626037598e-01
1.882377564907073975e-01
1.756577491760253906e-01
2.236833423376083374e-01
1.180171892046928406e-01
8.762742578983306885e-02
9.332806617021560669e-02
1.062043085694313049e-01
1.733908653259277344e-01
2.236833423376083374e-01
2.236833423376083374e-01
2.236833423376083374e-01
2.236833423376083374e-01
7.790575176477432251e-02
6.354536116123199463e-02
5.492344126105308533e-02
5.055646598339080811e-02
1.092037856578826904e-01
1.977993696928024292e-01
2.520623505115509033e-01
2.171129733324050903e-01
1.131979450583457947e-01
9.402632713317871094e-02
2.041152492165565491e-02
1.252710726112127304e-02
1.306466665118932724e-02
9.260486066341400146e-02
2.239099889993667603e-01
2.520623505115509033e-01
2.520623505115509033e-01
1.541632115840911865e-01
9.760364890098571777e-02
8.092657476663589478e-02
9.498047828674316406e-02
7.245998084545135498e-02
1.646108627319335938e-01
2.041129171848297119e-01
2.520623505115509033e-01
2.281001508235931396e-01
1.930947005748748779e-01
1.620488017797470093e-01
1.008047685027122498e-01
9.532459825277328491e-02
8.000484108924865723e-02
1.735589206218719482e-01
2.520623505115509033e-01
2.520623505115509033e-01
2.520623505115509033e-01
2.520623505115509033e-01
5.115627869963645935e-02
4.321095533668994904e-03
3.195017110556364059e-03
1.084462832659482956e-02
5.612592771649360657e-02
1.431722640991210938e-01
2.789647579193115234e-01
2.789647579193115234e-01
7.789651304483413696e-02
2.425832301378250122e-02
7.119130808860063553e-03
7.400139700621366501e-03
8.257498033344745636e-03
3.255841881036758423e-02
1.465945988893508911e-01
2.789647579193115234e-01
2.789647579193115234e-01
3.813142329454421997e-02
1.698865443468093872e-01
7.683873176574707031e-02
5.456965789198875427e-02
7.645255327224731445e-02
9.363200515508651733e-02
2.144112884998321533e-01
2.789647579193115234e-01
2.666397690773010254e-01
2.789647579193115234e-01
1.981101334095001221e-01
9.081657975912094116e-02
2.691548131406307220e-02
4.771341010928153992e-02
6.356758624315261841e-02
1.249512583017349243e-01
2.789647579193115234e-01
2.789647579193115234e-01
2.789647579193115234e-01
1.279169321060180664e-02
5.611316300928592682e-03
2.968992292881011963e-02
5.475084856152534485e-02
1.245740056037902832e-01
1.491599082946777344e-01
2.556860148906707764e-01
1.918822526931762695e-01
1.741662807762622833e-02
2.051931247115135193e-02
7.372572552412748337e-03
6.889268010854721069e-02
2.146460711956024170e-01
2.556860148906707764e-01
2.556860148906707764e-01
2.556860148906707764e-01
2.556860148906707764e-01
2.263216115534305573e-02
8.869602531194686890e-02
1.031724587082862854e-01
1.251291781663894653e-01
8.184310793876647949e-02
6.210959330201148987e-02
7.218414545059204102e-02
2.212992608547210693e-01
1.861482858657836914e-01
1.297769248485565186e-01
4.987761378288269043e-02
9.283381700515747070e-02
2.556860148906707764e-01
2.556860148906707764e-01
2.556860148906707764e-01
2.556860148906707764e-01
2.556860148906707764e-01
2.131209522485733032e-01
7.741167396306991577e-02
2.426582202315330505e-02
1.757594384253025055e-02
4.112670943140983582e-02
1.847164630889892578e-01
2.553032934665679932e-01
2.553032934665679932e-01
2.553032934665679932e-01
1.962665021419525146e-01
2.613774687051773071e-02
2.636287361383438110e-02
4.778793826699256897e-02
7.389056682586669922e-02
1.136106848716735840e-01
2.393742799758911133e-01
1.507506370544433594e-01
2.553032934665679932e-01
1.330373734235763550e-01
2.821534313261508942e-02
2.957285568118095398e-02
2.822507917881011963e-02
1.961962580680847168e-01
2.553032934665679932e-01
2.553032934665679932e-01
2.553032934665679932e-01
2.553032934665679932e-01
1.612982004880905151e-01
4.942827671766281128e-02
7.738500833511352539e-02
4.330797493457794189e-02
1.298407316207885742e-01
1.430315375328063965e-01
2.075019329786300659e-01
1.550455391407012939e-01
2.553032934665679932e-01
1.599817872047424316e-01
9.249600768089294434e-02
6.602411717176437378e-02
1.124725416302680969e-01
1.972301602363586426e-01
6.100572273135185242e-02
1.078775525093078613e-01
1.338770538568496704e-01
1.364080905914306641e-01
7.922296971082687378e-02
3.063807450234889984e-02
1.907484233379364014e-01
2.641055285930633545e-01
2.641055285930633545e-01
4.667807370424270630e-02
6.709971278905868530e-02
1.263972520828247070e-01
7.976748049259185791e-02
7.631398737430572510e-02
8.800534904003143311e-02
2.313590645790100098e-01
1.402636617422103882e-01
2.641055285930633545e-01
1.064505875110626221e-01
1.295177340507507324e-01
4.613411799073219299e-02
1.435270905494689941e-01
1.926052421331405640e-01
2.252512276172637939e-01
2.641055285930633545e-01
2.470121234655380249e-01
2.641055285930633545e-01
4.350947588682174683e-02
5.458724871277809143e-02
3.304144367575645447e-02
1.904222369194030762e-01
2.641055285930633545e-01
2.641055285930633545e-01
2.805142998695373535e-01
3.145697712898254395e-01
1.564119607210159302e-01
2.003942430019378662e-02
2.936291135847568512e-02
3.547427803277969360e-02
2.122778259217739105e-02
6.374142318964004517e-02
1.484390348196029663e-01
3.230154216289520264e-01
1.773663610219955444e-01
5.099793151021003723e-02
2.053701505064964294e-02
1.213493570685386658e-02
1.417823415249586105e-02
2.512543834745883942e-02
1.268753707408905029e-01
2.692197263240814209e-01
3.230154216289520264e-01
1.562834084033966064e-01
7.996316254138946533e-02
7.307817693799734116e-03
4.784694872796535492e-03
1.754483021795749664e-02
1.050170660018920898e-01
2.096807360649108887e-01
3.230154216289520264e-01
3.230154216289520264e-01
5.966546013951301575e-02
6.595439743250608444e-03
7.528717629611492157e-03
8.282142225652933121e-04
1.161661464720964432e-02
9.076751023530960083e-02
1.470756381750106812e-01
3.230154216289520264e-01
1.736968457698822021e-01
2.784210070967674255e-02
4.514957964420318604e-02
3.032523393630981445e-02
1.959746703505516052e-02
4.402887448668479919e-02
2.188181728124618530e-01
2.370416224002838135e-01
2.184312194585800171e-01
2.712294273078441620e-02
1.406643446534872055e-02
1.506219245493412018e-02
3.482031449675559998e-02
4.107229039072990417e-02
2.248388081789016724e-01
3.085997700691223145e-01
2.431909739971160889e-01
5.550635978579521179e-02
3.085997700691223145e-01
5.764378234744071960e-02
1.099877059459686279e-02
1.100774295628070831e-02
6.325617432594299316e-03
3.345680981874465942e-02
3.085997700691223145e-01
1.514170169830322266e-01
3.085997700691223145e-01
1.398189067840576172e-01
7.370041310787200928e-02
4.246604442596435547e-02
6.024130433797836304e-02
1.354440897703170776e-01
3.085997700691223145e-01
3.085997700691223145e-01
1.788147687911987305e-01
1.108369305729866028e-01
1.105360593646764755e-02
3.810219094157218933e-02
3.535193204879760742e-02
6.293287873268127441e-02
1.019181758165359497e-01
3.410112559795379639e-01
3.505527675151824951e-01
1.284620910882949829e-01
1.532130688428878784e-02
1.705307513475418091e-02
4.955068603157997131e-02
5.192596092820167542e-02
5.628111213445663452e-02
8.980789035558700562e-02
1.049394086003303528e-01
1.063577756285667419e-01
5.072103440761566162e-02
4.426265135407447815e-02
4.534738138318061829e-02
7.760382443666458130e-02
1.698199659585952759e-01
2.363272309303283691e-01
3.505527675151824951e-01
3.505527675151824951e-01
3.505527675151824951e-01
1.493411958217620850e-01
1.595446653664112091e-02
5.837924405932426453e-02
1.207782775163650513e-01
1.673196852207183838e-01
1.675085127353668213e-01
2.164421379566192627e-01
2.302196770906448364e-01
1.410341858863830566e-01
2.823259495198726654e-02
3.616030141711235046e-02
4.426832124590873718e-02
1.183271780610084534e-01
1.415964961051940918e-01
2.159848511219024658e-01
1.951798945665359497e-01
1.417247205972671509e-01
1.301712989807128906e-01
7.356923818588256836e-02
6.456720083951950073e-02
5.758475139737129211e-02
9.791553020477294922e-02
1.607609540224075317e-01
2.336761504411697388e-01
2.336761504411697388e-01
2.336761504411697388e-01
2.264770865440368652e-01
7.100346684455871582e-02
5.251779407262802124e-02
9.366820752620697021e-02
2.336761504411697388e-01
2.336761504411697388e-01
2.336761504411697388e-01
2.336761504411697388e-01
1.171662285923957825e-01
5.471286177635192871e-02
3.872492536902427673e-02
9.010829776525497437e-02
1.592287421226501465e-01
1.977058351039886475e-01
2.302805334329605103e-01
2.336761504411697388e-01
2.336761504411697388e-01
2.336761504411697388e-01
9.427718818187713623e-02
6.113714352250099182e-02
1.456102281808853149e-01
3.352414444088935852e-02
6.457242369651794434e-02
9.155509620904922485e-02
1.938748508691787720e-01
2.096977978944778442e-01
1.765857338905334473e-01
1.007829159498214722e-01
4.054006934165954590e-02
4.259677231311798096e-02
3.095801733434200287e-02
1.114727109670639038e-01
1.687924265861511230e-01
2.864705324172973633e-01
2.864705324172973633e-01
2.864705324172973633e-01
5.249357596039772034e-02
1.141786761581897736e-02
1.290638465434312820e-02
1.510740220546722412e-01
1.099281907081604004e-01
2.435426861047744751e-01
2.864705324172973633e-01
1.689528673887252808e-01
2.009159326553344727e-01
5.067506432533264160e-02
2.895780466496944427e-02
1.251275241374969482e-01
8.517540991306304932e-02
2.442169934511184692e-01
2.864705324172973633e-01
2.864705324172973633e-01
2.334043383598327637e-01
1.160963177680969238e-01
2.045113593339920044e-02
2.094595320522785187e-02
4.332386702299118042e-02
3.181131929159164429e-02
6.533930450677871704e-02
7.419203221797943115e-02
1.912724375724792480e-01
2.475858330726623535e-01
2.308425605297088623e-01
3.340428322553634644e-02
4.411046393215656281e-03
8.742729201912879944e-03
1.133105158805847168e-01
2.145179808139801025e-01
2.596206068992614746e-01
2.596206068992614746e-01
2.596206068992614746e-01
2.596206068992614746e-01
7.812417298555374146e-02
5.049062520265579224e-02
6.546662002801895142e-02
4.593023285269737244e-02
1.385966241359710693e-01
2.311539798974990845e-01
2.596206068992614746e-01
1.751536577939987183e-01
8.359857648611068726e-02
1.403107959777116776e-02
2.938669361174106598e-02
2.776922844350337982e-02
1.305338442325592041e-01
2.339946180582046509e-01
2.596206068992614746e-01
2.596206068992614746e-01
2.596206068992614746e-01
1.207092925906181335e-01
5.749592930078506470e-02
1.009630635380744934e-01
9.541970491409301758e-02
1.236111894249916077e-01
2.471265792846679688e-01
2.625720202922821045e-01
2.625720202922821045e-01
2.604035437107086182e-01
1.048172935843467712e-01
6.184372305870056152e-02
4.831365495920181274e-02
7.963250577449798584e-02
5.943741276860237122e-02
1.896063834428787231e-01
2.625720202922821045e-01
2.378268092870712280e-01
1.332599073648452759e-01
2.910162322223186493e-02
3.352830559015274048e-02
1.424530148506164551e-02
4.808319732546806335e-02
1.268519163131713867e-01
2.335103452205657959e-01
2.625720202922821045e-01
2.625720202922821045e-01
2.625720202922821045e-01
4.814979434013366699e-02
4.649180918931961060e-02
6.802204251289367676e-02
7.042032480239868164e-02
1.100245863199234009e-01
2.625720202922821045e-01
2.625720202922821045e-01
2.229052335023880005e-01
8.811341226100921631e-02
2.225353196263313293e-02
2.855268120765686035e-02
2.795401774346828461e-02
5.961511284112930298e-02
4.449094086885452271e-02
2.429561316967010498e-01
2.567787468433380127e-01
2.567787468433380127e-01
1.374217420816421509e-01
8.325472474098205566e-02
5.625100806355476379e-02
3.567704558372497559e-02
4.929818212985992432e-02
9.834408760070800781e-02
1.726638525724411011e-01
2.567787468433380127e-01
2.105636298656463623e-01
1.364406794309616089e-01
1.111267954111099243e-01
1.467476487159729004e-01
1.287195086479187012e-01
1.163240224123001099e-01
1.080916449427604675e-01
2.567787468433380127e-01
2.567787468433380127e-01
2.567787468433380127e-01
1.104412078857421875e-01
8.496575057506561279e-02
6.270489841699600220e-02
4.999283328652381897e-02
1.182670295238494873e-01
1.739068329334259033e-01
2.567787468433380127e-01
2.567787468433380127e-01
2.509908974170684814e-01
1.044284105300903320e-01
1.246997267007827759e-01
1.097781285643577576e-01
6.679589301347732544e-02
1.487023383378982544e-01
5.605377629399299622e-02
3.140211105346679688e-02
6.183838099241256714e-02
7.629358023405075073e-02
1.573205739259719849e-01
2.338895797729492188e-01
2.338895797729492188e-01
2.338895797729492188e-01
1.389077901840209961e-01
1.135533377528190613e-01
4.816466942429542542e-02
9.299718588590621948e-02
1.061616688966751099e-01
2.338895797729492188e-01
2.338895797729492188e-01
2.338895797729492188e-01
2.338895797729492188e-01
1.878389865159988403e-01
8.709631860256195068e-02
7.171303033828735352e-02
1.305539011955261230e-01
7.732286304235458374e-02
1.687108129262924194e-01
2.338895797729492188e-01
1.897619366645812988e-01
2.061499804258346558e-01
1.401463598012924194e-01
1.001252010464668274e-01
6.924773752689361572e-02
1.119296178221702576e-01
8.346810936927795410e-02
2.338895797729492188e-01
2.338895797729492188e-01
2.338895797729492188e-01
2.338895797729492188e-01
1.276593953371047974e-01
1.195611804723739624e-01
5.637976527214050293e-02
6.889442354440689087e-02
6.497146934270858765e-02
1.575436890125274658e-01
1.599842905998229980e-01
1.936207562685012817e-01
1.599537879228591919e-01
1.654413342475891113e-01
1.281605064868927002e-01
9.975028783082962036e-02
1.052564755082130432e-01
1.222140938043594360e-01
1.524862498044967651e-01
1.925887018442153931e-01
2.355315238237380981e-01
2.355315238237380981e-01
1.969968378543853760e-01
1.000897511839866638e-01
6.957571208477020264e-02
6.558942049741744995e-02
5.994953960180282593e-02
2.324483692646026611e-01
2.212203890085220337e-01
2.291905432939529419e-01
1.811165958642959595e-01
1.039856895804405212e-01
1.470891982316970825e-01
1.153427436947822571e-01
1.046785935759544373e-01
1.507036387920379639e-01
2.355315238237380981e-01
2.355315238237380981e-01
2.355315238237380981e-01
2.355315238237380981e-01
2.355315238237380981e-01
8.292931318283081055e-02
6.710492074489593506e-02
8.737897127866744995e-02
9.420846402645111084e-02
1.434087157249450684e-01
1.493582874536514282e-01
1.240750476717948914e-01
1.622369438409805298e-01
1.696528941392898560e-01
2.204852551221847534e-01
2.055783569812774658e-01
1.313924491405487061e-01
9.622986614704132080e-02
1.467553973197937012e-01
2.204852551221847534e-01
1.843048334121704102e-01
2.122370153665542603e-01
2.204852551221847534e-01
1.042497158050537109e-01
7.913582026958465576e-02
8.208719640970230103e-02
1.785020679235458374e-01
1.873761564493179321e-01
2.204852551221847534e-01
9.811294823884963989e-02
1.310724467039108276e-01
1.500954031944274902e-01
2.204852551221847534e-01
1.965842992067337036e-01
1.770386397838592529e-01
2.204852551221847534e-01
2.204852551221847534e-01
2.110264152288436890e-01
1.113698780536651611e-01
1.766006946563720703e-01
2.204852551221847534e-01
2.701386809349060059e-01
1.606534868478775024e-01
9.930813312530517578e-02
5.324429273605346680e-02
3.946783766150474548e-02
8.500181883573532104e-02
1.384265273809432983e-01
1.561052054166793823e-01
2.715322971343994141e-01
2.715322971343994141e-01
1.263106167316436768e-01
7.569555938243865967e-02
5.015307292342185974e-02
3.195353597402572632e-02
2.902082912623882294e-02
1.491559892892837524e-01
1.488908231258392334e-01
2.715322971343994141e-01
2.556321918964385986e-01
1.685692965984344482e-01
1.457896530628204346e-01
1.663684695959091187e-01
1.370932012796401978e-01
6.608296185731887817e-02
7.567816972732543945e-02
1.404479295015335083e-01
2.715322971343994141e-01
2.715322971343994141e-01
1.299503892660140991e-01
2.371843606233596802e-01
1.639157831668853760e-01
1.050742045044898987e-01
4.256338253617286682e-02
7.334908843040466309e-02
1.052553802728652954e-01
2.715322971343994141e-01
2.311215698719024658e-01
1.399434059858322144e-01
1.949278116226196289e-01
1.638348400592803955e-01
3.139031305909156799e-02
2.242683619260787964e-02
8.127144724130630493e-02
6.938894838094711304e-02
2.436068803071975708e-01
7.113279402256011963e-02
9.481488168239593506e-02
2.436068803071975708e-01
2.436068803071975708e-01
2.433462291955947876e-01
1.521244198083877563e-01
8.733092248439788818e-02
5.893073603510856628e-02
7.984268665313720703e-02
2.436068803071975708e-01
9.572269022464752197e-02
2.436068803071975708e-01
1.668916791677474976e-01
5.774522572755813599e-02
5.726236477494239807e-02
9.828272461891174316e-02
9.523896127939224243e-02
2.436068803071975708e-01
1.418576836585998535e-01
6.332539021968841553e-02
2.403032630681991577e-01
2.436068803071975708e-01
1.265062540769577026e-01
1.652395725250244141e-01
2.152583301067352295e-01
2.092629373073577881e-01
1.996252983808517456e-01
3.370829671621322632e-02
2.722618170082569122e-02
2.481261342763900757e-01
2.481261342763900757e-01
2.481261342763900757e-01
2.108909040689468384e-01
1.292165219783782959e-01
9.148379415273666382e-02
4.604645818471908569e-02
6.598197668790817261e-02
2.492106892168521881e-02
5.692442506551742554e-02
8.615293353796005249e-02
8.888690173625946045e-02
6.786870211362838745e-02
1.044458597898483276e-01
9.769358485937118530e-02
8.489949256181716919e-02
2.399094253778457642e-01
9.962329268455505371e-02
1.717852503061294556e-01
2.118556946516036987e-01
1.039756983518600464e-01
2.481261342763900757e-01
2.481261342763900757e-01
2.481261342763900757e-01
2.481261342763900757e-01
2.481261342763900757e-01
1.557334810495376587e-01
1.192544177174568176e-01
3.503064438700675964e-02
3.614627569913864136e-02
1.707072257995605469e-01
2.481261342763900757e-01
1.722667962312698364e-01
2.481261342763900757e-01
1.953861713409423828e-01
5.896057188510894775e-02
1.022880151867866516e-01
6.882554292678833008e-02
9.586849063634872437e-02
3.397482633590698242e-02
1.537228673696517944e-01
1.825270056724548340e-01
2.511696219444274902e-01
2.829521000385284424e-01
6.567025929689407349e-02
7.517568767070770264e-02
3.275292739272117615e-02
3.918996453285217285e-02
4.168587550520896912e-02
2.829521000385284424e-01
2.829521000385284424e-01
2.829521000385284424e-01
2.829521000385284424e-01
1.195654124021530151e-01
9.929689764976501465e-02
2.015235275030136108e-02
2.263563312590122223e-02
6.402787566184997559e-02
2.541836798191070557e-01
1.459766328334808350e-01
1.696740239858627319e-01
2.829521000385284424e-01
9.857513010501861572e-02
4.329738393425941467e-02
1.172194257378578186e-02
6.435261573642492294e-03
5.205669999122619629e-02
1.846655011177062988e-01
2.067259550094604492e-01
2.829521000385284424e-01
2.929866313934326172e-01
2.488182857632637024e-02
6.413762457668781281e-03
1.166713982820510864e-02
3.280895063653588295e-03
2.388633228838443756e-02
1.436526775360107422e-01
2.200156450271606445e-01
2.929866313934326172e-01
2.929866313934326172e-01
2.801848575472831726e-02
5.278065800666809082e-03
8.753434754908084869e-03
2.529733814299106598e-03
1.270170882344245911e-02
1.540948748588562012e-01
2.338459342718124390e-01
2.929866313934326172e-01
2.207220196723937988e-01
5.797125399112701416e-02
2.530361153185367584e-02
1.506960205733776093e-02
2.457144437357783318e-03
2.003413625061511993e-02
1.185168772935867310e-01
1.498779952526092529e-01
2.929866313934326172e-01
2.929866313934326172e-01
2.865583300590515137e-01
1.089959368109703064e-01
1.980082690715789795e-02
4.385754931718111038e-03
1.431718748062849045e-02
1.414622664451599121e-01
2.044261395931243896e-01
2.929866313934326172e-01
2.459527552127838135e-01
5.759445577859878540e-02
4.709653556346893311e-02
1.471929065883159637e-02
1.110780891031026840e-02
1.747584529221057892e-02
2.459527552127838135e-01
1.656126230955123901e-01
2.459527552127838135e-01
1.151703596115112305e-01
1.107171326875686646e-01
1.624348014593124390e-01
1.251779198646545410e-01
1.268066316843032837e-01
2.048609405755996704e-01
2.459527552127838135e-01
1.336134672164916992e-01
1.135200336575508118e-01
2.459527552127838135e-01
2.459527552127838135e-01
2.459527552127838135e-01
4.943028092384338379e-02
1.740106754004955292e-02
2.197353355586528778e-02
1.008736044168472290e-01
1.727316081523895264e-01
2.129841297864913940e-01
1.612257063388824463e-01
2.459527552127838135e-01
2.459527552127838135e-01
1.394310444593429565e-01
1.091004908084869385e-01
1.259058415889739990e-01
2.277428209781646729e-01
1.748800426721572876e-01
1.374479681253433228e-01
7.661037892103195190e-02
1.246107369661331177e-01
2.418603152036666870e-01
2.418603152036666870e-01
2.418603152036666870e-01
2.418603152036666870e-01
2.418603152036666870e-01
1.060815379023551941e-01
3.694820776581764221e-02
7.178358733654022217e-02
1.101641431450843811e-01
1.279523670673370361e-01
1.613478660583496094e-01
1.257706582546234131e-01
1.118957996368408203e-01
7.202070206403732300e-02
3.076719120144844055e-02
2.461476251482963562e-02
1.332446485757827759e-01
1.620362550020217896e-01
2.079653143882751465e-01
2.202413380146026611e-01
1.680286526679992676e-01
2.418603152036666870e-01
2.418603152036666870e-01
2.418603152036666870e-01
2.118058353662490845e-01
2.286559045314788818e-01
1.321534365415573120e-01
8.192881196737289429e-02
9.292177855968475342e-02
6.680164486169815063e-02
1.284120976924896240e-01
1.450980007648468018e-01
1.458374708890914917e-01
2.087912708520889282e-01
8.814833313226699829e-02
1.935366541147232056e-01
1.900535821914672852e-01
1.647682487964630127e-01
5.758510529994964600e-02
3.005225397646427155e-02
1.136410050094127655e-02
1.580391265451908112e-02
4.170613735914230347e-02
1.381425559520721436e-01
1.793428361415863037e-01
1.919745802879333496e-01
2.052702456712722778e-01
7.825496792793273926e-02
1.137710809707641602e-01
3.679423034191131592e-02
3.868639096617698669e-02
6.462719291448593140e-02
3.001348376274108887e-01
3.001348376274108887e-01
2.467766553163528442e-01
1.764282286167144775e-01
4.642425477504730225e-02
3.426317498087882996e-02
4.782749712467193604e-02
3.491299599409103394e-02
2.699846327304840088e-01
3.001348376274108887e-01
3.001348376274108887e-01
2.751746773719787598e-01
1.675619930028915405e-01
5.028604716062545776e-02
8.125586807727813721e-02
2.703524753451347351e-02
5.922835320234298706e-02
2.767506539821624756e-01
1.067227274179458618e-01
1.422514170408248901e-01
2.898106873035430908e-01
1.440458148717880249e-01
4.463873431086540222e-02
8.458539843559265137e-02
2.176461182534694672e-02
2.856218442320823669e-02
6.005623191595077515e-02
7.210321724414825439e-02
2.178833931684494019e-01
2.943970859050750732e-01
2.943970859050750732e-01
6.603826582431793213e-02
4.537040367722511292e-02
1.128735765814781189e-02
2.772288769483566284e-02
3.086191415786743164e-02
2.674584388732910156e-01
2.943970859050750732e-01
2.943970859050750732e-01
1.305620223283767700e-01
7.478089630603790283e-02
8.941868692636489868e-02
4.623803868889808655e-02
8.498874306678771973e-02
1.553682684898376465e-01
1.395752727985382080e-01
2.943970859050750732e-01
2.943970859050750732e-01
2.738581895828247070e-01
7.057932019233703613e-02
6.636812537908554077e-02
7.356778532266616821e-02
7.575483620166778564e-02
1.225020959973335266e-01
8.235986530780792236e-02
2.661805450916290283e-01
2.741812467575073242e-01
2.472337484359741211e-01
1.146397441625595093e-01
3.894435986876487732e-02
1.133788842707872391e-02
3.151293843984603882e-02
2.696083672344684601e-02
1.910994201898574829e-01
2.741812467575073242e-01
2.741812467575073242e-01
2.741812467575073242e-01
1.826580762863159180e-01
4.587386921048164368e-02
2.244937047362327576e-02
6.044760718941688538e-02
5.982922762632369995e-02
1.175987496972084045e-01
2.741812467575073242e-01
2.741812467575073242e-01
1.781325638294219971e-01
5.174877494573593140e-02
3.417438268661499023e-02
2.114148065447807312e-02
2.673544175922870636e-02
5.247309431433677673e-02
2.346028238534927368e-01
2.741812467575073242e-01
2.741812467575073242e-01
1.598100215196609497e-01
1.276559978723526001e-01
5.972070246934890747e-02
2.661973796784877777e-02
5.689244344830513000e-02
5.619496852159500122e-02
2.538096606731414795e-01
2.538096606731414795e-01
2.538096606731414795e-01
2.538096606731414795e-01
1.485655456781387329e-01
2.929098345339298248e-02
4.740997776389122009e-02
6.922884285449981689e-02
6.309722363948822021e-02
2.104097306728363037e-01
2.538096606731414795e-01
2.471212893724441528e-01
1.267015784978866577e-01
8.773877471685409546e-02
3.537714108824729919e-02
4.541389644145965576e-02
4.951308295130729675e-02
9.844937175512313843e-02
2.538096606731414795e-01
2.538096606731414795e-01
2.538096606731414795e-01
1.391850560903549194e-01
1.324355453252792358e-01
6.978046149015426636e-02
1.041348055005073547e-01
1.391273885965347290e-01
1.096660569310188293e-01
2.170316576957702637e-01
2.538096606731414795e-01
2.326892167329788208e-01
8.365476131439208984e-02
1.145020052790641785e-01
6.241759657859802246e-02
7.665529102087020874e-02
8.016348630189895630e-02
1.327620148658752441e-01
1.564522832632064819e-01
2.412129640579223633e-01
2.412129640579223633e-01
1.920113265514373779e-01
1.451764702796936035e-01
6.178497523069381714e-02
5.009132623672485352e-02
6.884688138961791992e-02
1.953889578580856323e-01
1.323685348033905029e-01
2.412129640579223633e-01
2.412129640579223633e-01
2.174312770366668701e-01
1.405218094587326050e-01
9.700483083724975586e-02
1.113307252526283264e-01
5.332611873745918274e-02
1.770515888929367065e-01
1.834920793771743774e-01
2.412129640579223633e-01
2.412129640579223633e-01
1.029218733310699463e-01
1.802269965410232544e-01
7.557876408100128174e-02
6.117379292845726013e-02
1.094137728214263916e-01
1.915699839591979980e-01
9.893415868282318115e-02
2.004148364067077637e-01
1.470028460025787354e-01
1.425511837005615234e-01
1.691263318061828613e-01
1.060209497809410095e-01
2.222039252519607544e-01
1.352411955595016479e-01
2.049876749515533447e-01
1.196148321032524109e-01
1.057088598608970642e-01
1.642228811979293823e-01
9.508960694074630737e-02
1.680933535099029541e-01
1.858880221843719482e-01
1.588945984840393066e-01
1.520756036043167114e-01
1.834728866815567017e-01
1.154374405741691589e-01
8.988882601261138916e-02
1.233054846525192261e-01
1.216772273182868958e-01
1.742174029350280762e-01
2.163879424333572388e-01
2.163879424333572388e-01
1.721487045288085938e-01
1.514735966920852661e-01
1.945654749870300293e-01
1.189015731215476990e-01
1.035313904285430908e-01
1.542590558528900146e-01
1.985755860805511475e-01
2.163879424333572388e-01
2.163879424333572388e-01
1.417282819747924805e-01
2.163879424333572388e-01
1.783263236284255981e-01
1.491525024175643921e-01
9.460520744323730469e-02
1.987578421831130981e-01
1.935421377420425415e-01
1.667978912591934204e-01
2.009153217077255249e-01
1.484347879886627197e-01
2.163879424333572388e-01
1.025305092334747314e-01
6.692685186862945557e-02
1.397560089826583862e-01
7.750268280506134033e-02
1.693350225687026978e-01
1.875759959220886230e-01
2.356580495834350586e-01
9.899184852838516235e-02
9.777397662401199341e-02
1.563494503498077393e-01
1.101957708597183228e-01
1.568965464830398560e-01
9.270656108856201172e-02
2.356580495834350586e-01
2.356580495834350586e-01
2.356580495834350586e-01
2.141750752925872803e-01
2.356580495834350586e-01
1.298249959945678711e-01
1.073571667075157166e-01
1.601839959621429443e-01
1.284703612327575684e-01
1.905939280986785889e-01
1.479285657405853271e-01
1.531730890274047852e-01
1.031628549098968506e-01
9.917042404413223267e-02
1.151065155863761902e-01
1.056014224886894226e-01
2.158918827772140503e-01
1.267874389886856079e-01
2.356580495834350586e-01
2.356580495834350586e-01
2.356580495834350586e-01
1.769309341907501221e-01
1.512164622545242310e-01
1.242187395691871643e-01
1.239088922739028931e-01
7.948961853981018066e-02
1.372613757848739624e-01
1.670622974634170532e-01
2.198403328657150269e-01
2.198403328657150269e-01
1.310993283987045288e-01
1.777061820030212402e-01
2.076251655817031860e-01
1.458131372928619385e-01
1.442181617021560669e-01
2.198403328657150269e-01
2.198403328657150269e-01
2.198403328657150269e-01
1.362497508525848389e-01
1.188162863254547119e-01
1.327107399702072144e-01
7.519371807575225830e-02
9.403810650110244751e-02
9.330781549215316772e-02
8.212058246135711670e-02
2.198403328657150269e-01
2.198403328657150269e-01
2.011242061853408813e-01
1.601861715316772461e-01
1.384516954421997070e-01
1.730719953775405884e-01
9.975779056549072266e-02
1.540261805057525635e-01
2.162169516086578369e-01
2.198403328657150269e-01
2.033177763223648071e-01
1.377008259296417236e-01
1.773337423801422119e-01
1.604066044092178345e-01
2.271207869052886963e-01
1.540128439664840698e-01
1.847368925809860229e-01
2.271207869052886963e-01
2.271207869052886963e-01
1.208038553595542908e-01
8.307886868715286255e-02
1.243629306554794312e-01
1.501108855009078979e-01
2.271207869052886963e-01
1.870621442794799805e-01
2.271207869052886963e-01
2.271207869052886963e-01
2.188666164875030518e-01
1.744402945041656494e-01
1.779409795999526978e-01
1.368597000837326050e-01
1.839744895696640015e-01
2.033252865076065063e-01
7.817067950963973999e-02
1.580801308155059814e-01
1.748138368129730225e-01
2.056018859148025513e-01
1.213445067405700684e-01
7.457757741212844849e-02
1.052136942744255066e-01
1.140071600675582886e-01
1.456172615289688110e-01
1.020510941743850708e-01
1.716931313276290894e-01
1.247119084000587463e-01
1.853893548250198364e-01
1.784237921237945557e-01
1.306399703025817871e-01
8.740972727537155151e-02
1.270072311162948608e-01
2.036258876323699951e-01
1.162760183215141296e-01
2.497867792844772339e-01
1.243131831288337708e-01
1.254600137472152710e-01
1.587681174278259277e-01
2.497867792844772339e-01
2.011949121952056885e-01
1.539474278688430786e-01
2.187136113643646240e-01
1.096896678209304810e-01
1.748534590005874634e-01
1.180851161479949951e-01
1.696021407842636108e-01
2.468480169773101807e-01
2.497867792844772339e-01
2.497867792844772339e-01
2.497867792844772339e-01
6.253018975257873535e-02
4.212490841746330261e-02
7.557723671197891235e-02
6.050331145524978638e-02
1.248969212174415588e-01
1.372941732406616211e-01
1.677018105983734131e-01
1.292794346809387207e-01
1.420542001724243164e-01
6.915810704231262207e-02
4.086691141128540039e-02
5.320549383759498596e-02
3.734254464507102966e-02
1.315207481384277344e-01
1.316499561071395874e-01
2.497867792844772339e-01
2.457281202077865601e-01
1.824342012405395508e-01
2.050583213567733765e-01
1.099621877074241638e-01
7.444022595882415771e-02
2.735455706715583801e-02
5.226359143853187561e-02
2.062380164861679077e-01
2.584027945995330811e-01
1.943063884973526001e-01
2.584027945995330811e-01
2.584027945995330811e-01
2.119671553373336792e-01
1.690803319215774536e-01
1.291157957166433334e-02
1.483026519417762756e-02
2.584027945995330811e-01
2.584027945995330811e-01
2.584027945995330811e-01
2.584027945995330811e-01
3.673331439495086670e-02
3.102071583271026611e-02
1.902921125292778015e-02
1.656448654830455780e-02
5.868031457066535950e-02
1.139537692070007324e-01
1.961914449930191040e-01
9.434243291616439819e-02
6.792069226503372192e-02
9.656963497400283813e-02
7.937569916248321533e-02
7.651199400424957275e-02
9.876381605863571167e-03
5.192875862121582031e-02
2.584027945995330811e-01
2.584027945995330811e-01
2.584027945995330811e-01
1.291728317737579346e-01
2.656020522117614746e-01
1.083287522196769714e-01
9.926863014698028564e-02
6.299490109086036682e-03
4.136211704462766647e-03
1.104122251272201538e-01
2.656020522117614746e-01
1.941262185573577881e-01
1.927915811538696289e-01
2.656020522117614746e-01
9.037163108587265015e-02
3.486078232526779175e-02
6.838882807642221451e-03
5.627978243865072727e-04
6.668943911790847778e-02
2.313637286424636841e-01
1.631013154983520508e-01
2.656020522117614746e-01
2.002760767936706543e-01
5.581143498420715332e-02
4.707176238298416138e-02
2.471599262207746506e-03
2.882367186248302460e-02
1.850426793098449707e-01
2.656020522117614746e-01
2.203114330768585205e-01
1.646083146333694458e-01
2.656020522117614746e-01
6.705962121486663818e-02
2.450791187584400177e-02
6.883975118398666382e-03
2.061058394610881805e-02
1.464335173368453979e-01
2.656020522117614746e-01
2.170874923467636108e-01
2.656020522117614746e-01
3.030984997749328613e-01
1.044349446892738342e-01
4.641994088888168335e-02
3.629698976874351501e-02
1.014895678963512182e-04
2.024767361581325531e-02
9.258046746253967285e-02
8.654597401618957520e-02
3.030984997749328613e-01
3.030984997749328613e-01
3.030984997749328613e-01
1.464184522628784180e-01
5.402774736285209656e-02
5.206139292567968369e-03
2.488995343446731567e-02
9.184978902339935303e-02
5.217908322811126709e-02
3.030984997749328613e-01
3.030984997749328613e-01
7.460699230432510376e-02
3.905712440609931946e-02
3.182158246636390686e-02
1.273939386010169983e-02
4.278380423784255981e-02
1.454240530729293823e-01
1.551758944988250732e-01
3.030984997749328613e-01
3.030984997749328613e-01
1.346931606531143188e-01
7.590406388044357300e-02
4.634447023272514343e-02
9.867149405181407928e-03
3.281873837113380432e-02
1.012224182486534119e-01
1.017017513513565063e-01
3.030984997749328613e-01
2.635096907615661621e-01
2.635096907615661621e-01
2.276235371828079224e-01
4.534536600112915039e-02
1.409543864428997040e-02
3.621578589081764221e-02
7.259274274110794067e-02
9.583392739295959473e-02
2.020703703165054321e-01
2.110867053270339966e-01
2.635096907615661621e-01
1.573906987905502319e-01
5.267346277832984924e-02
5.225473269820213318e-02
1.028354614973068237e-01
1.585406064987182617e-01
2.359630167484283447e-01
1.561536788940429688e-01
2.635096907615661621e-01
1.592664420604705811e-01
5.484185740351676941e-02
2.778441272675991058e-02
1.289954222738742828e-02
1.005814149975776672e-01
1.458179950714111328e-01
1.552510112524032593e-01
2.635096907615661621e-01
2.293758094310760498e-01
1.371929794549942017e-01
2.532941102981567383e-02
3.636059165000915527e-02
3.921323269605636597e-02
1.618927419185638428e-01
2.635096907615661621e-01
2.635096907615661621e-01
1.552185565233230591e-01
1.626509577035903931e-01
9.565307945013046265e-02
2.673289366066455841e-02
2.423384599387645721e-02
4.884605109691619873e-02
1.585429608821868896e-01
1.916221082210540771e-01
2.878091931343078613e-01
2.080317288637161255e-01
2.878091931343078613e-01
1.691327244043350220e-01
1.321121491491794586e-02
2.136484533548355103e-02
3.923907130956649780e-02
9.385821968317031860e-02
1.110087558627128601e-01
1.772413849830627441e-01
2.878091931343078613e-01
2.878091931343078613e-01
1.850865036249160767e-01
2.820748463273048401e-02
2.188876643776893616e-02
3.487727418541908264e-02
8.649306744337081909e-02
1.812308430671691895e-01
2.457932680845260620e-01
1.891513466835021973e-01
2.878091931343078613e-01
2.441496849060058594e-01
2.372604422271251678e-02
1.711025089025497437e-02
5.315459892153739929e-02
6.040649116039276123e-02
6.413372606039047241e-02
1.674881279468536377e-01
2.878091931343078613e-01
2.669064700603485107e-01
1.898826956748962402e-01
2.465143613517284393e-02
2.621721848845481873e-02
3.006698377430438995e-02
2.662141062319278717e-02
3.085658513009548187e-02
4.692555591464042664e-02
2.362806051969528198e-01
2.669064700603485107e-01
2.579217553138732910e-01
3.679960593581199646e-02
3.832127153873443604e-02
7.625032961368560791e-02
1.354069411754608154e-01
4.228515923023223877e-02
6.785541772842407227e-02
2.323234230279922485e-01
2.669064700603485107e-01
2.010146379470825195e-01
2.355327643454074860e-02
1.715613156557083130e-02
1.333476305007934570e-01
8.030339330434799194e-02
5.355703830718994141e-02
1.144808605313301086e-01
2.669064700603485107e-01
2.669064700603485107e-01
2.669064700603485107e-01
5.029033124446868896e-02
1.487818360328674316e-01
2.555135786533355713e-01
2.669064700603485107e-01
1.083643883466720581e-01
1.378183364868164062e-01
2.114277929067611694e-01
2.210980206727981567e-01
2.320208549499511719e-01
8.210816979408264160e-02
1.353489011526107788e-01
1.520652472972869873e-01
1.820537745952606201e-01
7.267672568559646606e-02
8.010508120059967041e-02
1.824996322393417358e-01
1.159420758485794067e-01
2.320208549499511719e-01
2.320208549499511719e-01
1.663121283054351807e-01
9.258887916803359985e-02
7.128743082284927368e-02
9.127843379974365234e-02
5.634827539324760437e-02
1.441366225481033325e-01
2.320208549499511719e-01
2.320208549499511719e-01
1.575952023267745972e-01
2.320208549499511719e-01
2.320208549499511719e-01
2.320208549499511719e-01
1.096211671829223633e-01
8.886007219552993774e-02
1.608010381460189819e-01
1.278864145278930664e-01
2.320208549499511719e-01
2.320208549499511719e-01
1.912631839513778687e-01
1.904077231884002686e-01
9.031236171722412109e-02
8.306635916233062744e-02
5.026475712656974792e-02
1.403811722993850708e-01
1.773788034915924072e-01
2.588987052440643311e-01
2.588987052440643311e-01
1.332947909832000732e-01
4.095490649342536926e-02
4.484708234667778015e-02
4.381806030869483948e-02
3.792868927121162415e-02
1.760202646255493164e-01
2.588987052440643311e-01
2.588987052440643311e-01
2.588987052440643311e-01
8.293717354536056519e-02
1.105890497565269470e-01
7.037124037742614746e-02
4.162864387035369873e-02
1.387992501258850098e-01
1.819538623094558716e-01
1.983211636543273926e-01
2.588987052440643311e-01
2.315531671047210693e-01
1.089695766568183899e-01
1.912265717983245850e-01
6.739982217550277710e-02
6.130808591842651367e-02
7.222855836153030396e-02
2.247396111488342285e-01
2.236395180225372314e-01
2.090324014425277710e-01
1.414221823215484619e-01
7.551299035549163818e-02
1.305529773235321045e-01
1.259524673223495483e-01
6.859055161476135254e-02
1.797215342521667480e-01
1.872801184654235840e-01
2.281333655118942261e-01
2.281333655118942261e-01
2.281333655118942261e-01
1.165915206074714661e-01
1.757557839155197144e-01
1.285436004400253296e-01
1.371732652187347412e-01
2.281333655118942261e-01
1.958664208650588989e-01
1.655961722135543823e-01
2.281333655118942261e-01
1.723440736532211304e-01
1.409183144569396973e-01
1.281614303588867188e-01
1.227954477071762085e-01
1.028775423765182495e-01
1.539110094308853149e-01
1.577510237693786621e-01
1.842661052942276001e-01
1.504321694374084473e-01
1.234804987907409668e-01
1.290095001459121704e-01
1.063058674335479736e-01
1.910209953784942627e-01
1.170334890484809875e-01
2.281333655118942261e-01
1.169930025935173035e-01
1.688407808542251587e-01
1.608825027942657471e-01
6.968556344509124756e-02
1.799398362636566162e-01
1.062339842319488525e-01
1.953592896461486816e-01
1.656761765480041504e-01
2.253282815217971802e-01
1.291248351335525513e-01
1.505837589502334595e-01
2.176839560270309448e-01
1.900455951690673828e-01
1.051910147070884705e-01
1.403543949127197266e-01
1.180147454142570496e-01
8.565873652696609497e-02
1.804638355970382690e-01
1.660913228988647461e-01
1.144279763102531433e-01
1.885399967432022095e-01
1.222697794437408447e-01
1.044166460633277893e-01
1.115323603153228760e-01
1.398518830537796021e-01
2.176839560270309448e-01
2.176839560270309448e-01
1.799588203430175781e-01
1.315090656280517578e-01
1.241553947329521179e-01
1.225068122148513794e-01
1.509625017642974854e-01
1.779003143310546875e-01
1.777104437351226807e-01
1.732600778341293335e-01
2.176839560270309448e-01
1.505447626113891602e-01
1.626381427049636841e-01
1.498582214117050171e-01
1.192639991641044617e-01
1.295444369316101074e-01
2.176839560270309448e-01
2.062710374593734741e-01
2.176839560270309448e-01
2.176839560270309448e-01
2.176839560270309448e-01
