2.935285270214080811e-01
1.524570733308792114e-01
1.464324742555618286e-01
1.051459088921546936e-01
7.052835822105407715e-02
7.201747596263885498e-02
6.734963506460189819e-02
7.753691077232360840e-02
1.201505511999130249e-01
2.935285270214080811e-01
2.059440612792968750e-01
1.187531948089599609e-01
6.553597748279571533e-02
4.396185651421546936e-02
4.194963723421096802e-02
4.839701950550079346e-02
1.612879633903503418e-01
2.151733338832855225e-01
2.935285270214080811e-01
2.008064985275268555e-01
2.336940169334411621e-01
1.045529320836067200e-01
6.540903449058532715e-02
7.924609631299972534e-02
3.798236325383186340e-02
1.675436645746231079e-01
2.730688154697418213e-01
2.935285270214080811e-01
1.942197829484939575e-01
1.553690433502197266e-01
6.787866353988647461e-02
4.484871402382850647e-02
2.950768172740936279e-02
9.211888164281845093e-02
1.946410089731216431e-01
2.935285270214080811e-01
2.857817113399505615e-01
2.222672551870346069e-01
1.036277115345001221e-01
5.324779450893402100e-02
5.319299176335334778e-02
5.127327144145965576e-02
4.003556072711944580e-02
8.889634162187576294e-02
1.868253499269485474e-01
2.636976540088653564e-01
2.272648066282272339e-01
9.739241003990173340e-02
4.431451112031936646e-02
4.753135517239570618e-02
3.968416899442672729e-02
7.699254900217056274e-02
1.699225604534149170e-01
2.857817113399505615e-01
2.857817113399505615e-01
1.640663743019104004e-01
1.139491945505142212e-01
5.047731101512908936e-02
6.615909934043884277e-02
2.727290987968444824e-02
1.019304841756820679e-01
1.902864128351211548e-01
2.857817113399505615e-01
2.857817113399505615e-01
1.679383963346481323e-01
1.137048080563545227e-01
5.536428838968276978e-02
4.664637893438339233e-02
3.778764232993125916e-02
1.057690978050231934e-01
2.642810642719268799e-01
2.857817113399505615e-01
1.350672096014022827e-01
9.854108095169067383e-02
6.617063283920288086e-02
5.770902708172798157e-02
1.044353172183036804e-01
7.759296149015426636e-02
9.560973197221755981e-02
1.858041435480117798e-01
2.439317107200622559e-01
8.547332137823104858e-02
8.732174336910247803e-02
9.143549203872680664e-02
1.676184386014938354e-01
2.643853127956390381e-01
2.335433065891265869e-01
2.643853127956390381e-01
2.017239928245544434e-01
1.672149151563644409e-01
1.981842964887619019e-01
1.252707540988922119e-01
7.108295708894729614e-02
6.207769736647605896e-02
1.185269579291343689e-01
7.766169309616088867e-02
9.675586968660354614e-02
1.608460396528244019e-01
1.969195157289505005e-01
2.218438386917114258e-01
1.574878543615341187e-01
8.373992145061492920e-02
1.415345370769500732e-01
2.643853127956390381e-01
1.961167901754379272e-01
2.626148760318756104e-01
2.241944223642349243e-01
2.014932930469512939e-01
3.589841350913047791e-02
3.309559449553489685e-02
6.401415914297103882e-02
1.130967959761619568e-01
1.810573935508728027e-01
1.436518281698226929e-01
2.710102498531341553e-01
1.612417697906494141e-01
1.240965723991394043e-01
7.076147198677062988e-02
3.487392514944076538e-02
8.079040050506591797e-02
1.507463157176971436e-01
1.748019903898239136e-01
1.781269162893295288e-01
2.710102498531341553e-01
1.865494996309280396e-01
1.717514097690582275e-01
1.233710348606109619e-01
5.306883901357650757e-02
3.977650403976440430e-02
5.249551311135292053e-02
1.412900537252426147e-01
1.722302585840225220e-01
2.710102498531341553e-01
2.524980306625366211e-01
2.300462871789932251e-01
1.730672717094421387e-01
2.047980763018131256e-02
3.078735619783401489e-02
3.450337424874305725e-02
9.093272686004638672e-02
2.258494049310684204e-01
2.710102498531341553e-01
2.710102498531341553e-01
2.710102498531341553e-01
1.175879240036010742e-01
7.602287828922271729e-02
4.138750582933425903e-02
6.534678488969802856e-02
1.025133579969406128e-01
1.351817846298217773e-01
1.901292949914932251e-01
2.060420960187911987e-01
1.682507544755935669e-01
2.463089376688003540e-01
1.544613838195800781e-01
4.966275021433830261e-02
6.492249667644500732e-02
1.246010288596153259e-01
1.319914758205413818e-01
2.058907002210617065e-01
2.334076762199401855e-01
2.556532323360443115e-01
1.691772639751434326e-01
2.503174543380737305e-02
3.330659866333007812e-02
3.904630616307258606e-02
5.812315642833709717e-02
1.964557021856307983e-01
1.834815442562103271e-01
2.596899569034576416e-01
2.596899569034576416e-01
2.596899569034576416e-01
1.436366140842437744e-01
6.498172134160995483e-02
7.469608634710311890e-02
6.041187047958374023e-02
1.739463359117507935e-01
2.174628674983978271e-01
2.466405630111694336e-01
2.596899569034576416e-01
1.925254911184310913e-01
1.776446104049682617e-01
6.422221660614013672e-02
6.941885501146316528e-02
1.093164682388305664e-01
7.933371514081954956e-02
1.428111791610717773e-01
1.532965451478958130e-01
1.828497201204299927e-01
1.593235135078430176e-01
2.041063755750656128e-01
1.173608973622322083e-01
1.051574647426605225e-01
1.804565489292144775e-01
1.377764195203781128e-01
1.607709527015686035e-01
2.332255095243453979e-01
2.079592794179916382e-01
2.809541225433349609e-01
2.481490075588226318e-01
8.302487432956695557e-02
4.807665944099426270e-02
3.969187662005424500e-02
5.649976804852485657e-02
1.002173647284507751e-01
1.098571717739105225e-01
2.809541225433349609e-01
2.809541225433349609e-01
2.809541225433349609e-01
2.031704932451248169e-01
5.481489375233650208e-02
7.768712937831878662e-02
4.762792959809303284e-02
4.972695186734199524e-02
9.871394187211990356e-02
2.809541225433349609e-01
1.897411197423934937e-01
1.686256229877471924e-01
9.308803081512451172e-02
8.903388679027557373e-02
1.470233052968978882e-01
1.449749320745468140e-01
8.225513249635696411e-02
1.385120600461959839e-01
2.010965049266815186e-01
2.822987735271453857e-01
2.822987735271453857e-01
1.226396411657333374e-01
4.153164103627204895e-02
7.638396322727203369e-02
6.239028647541999817e-02
8.823250234127044678e-02
1.067266389727592468e-01
2.525052726268768311e-01
2.822987735271453857e-01
2.822987735271453857e-01
1.476649343967437744e-01
5.070807039737701416e-02
4.758580774068832397e-02
3.657740727066993713e-02
3.262616693973541260e-02
5.871784687042236328e-02
2.676360905170440674e-01
2.822987735271453857e-01
2.822987735271453857e-01
1.413181424140930176e-01
3.289189189672470093e-02
4.744267091155052185e-02
3.498835489153862000e-02
8.176770806312561035e-02
6.720622628927230835e-02
2.822987735271453857e-01
2.531942725181579590e-01
2.239295095205307007e-01
9.917075932025909424e-02
5.512996762990951538e-02
9.094781428575515747e-02
3.409085422754287720e-02
1.563670486211776733e-01
1.615178436040878296e-01
2.755946516990661621e-01
2.004123181104660034e-01
1.436635702848434448e-01
4.354851320385932922e-02
6.330139189958572388e-02
1.232347860932350159e-01
7.208658754825592041e-02
2.044401317834854126e-01
2.484937310218811035e-01
2.755946516990661621e-01
2.755946516990661621e-01
2.262947708368301392e-01
1.240402832627296448e-01
3.608487173914909363e-02
3.832761943340301514e-02
3.291967138648033142e-02
1.130220592021942139e-01
1.046628803014755249e-01
2.755946516990661621e-01
2.704224288463592529e-01
1.428534686565399170e-01
7.239506393671035767e-02
5.015553161501884460e-02
1.157530248165130615e-01
4.761771112680435181e-02
9.489274770021438599e-02
1.400300562381744385e-01
2.755946516990661621e-01
2.098351716995239258e-01
2.323839515447616577e-01
6.222392991185188293e-02
5.461917817592620850e-02
1.226252689957618713e-01
1.010705754160881042e-01
1.648911833763122559e-01
1.737811416387557983e-01
2.536962032318115234e-01
2.536962032318115234e-01
2.536962032318115234e-01
1.441419422626495361e-01
6.737759709358215332e-02
1.477634906768798828e-01
1.557228714227676392e-01
1.743820756673812866e-01
1.295191943645477295e-01
2.109851539134979248e-01
2.039795815944671631e-01
2.135227322578430176e-01
9.092278778553009033e-02
6.418646872043609619e-02
1.287839710712432861e-01
6.764809787273406982e-02
9.403468668460845947e-02
1.178549304604530334e-01
2.536962032318115234e-01
2.536962032318115234e-01
2.536962032318115234e-01
1.000904887914657593e-01
6.102250516414642334e-02
1.158167123794555664e-01
1.239074096083641052e-01
1.642058491706848145e-01
1.316425502300262451e-01
1.743081212043762207e-01
2.861157655715942383e-01
2.861157655715942383e-01
1.300992816686630249e-01
5.888677760958671570e-02
7.918883115053176880e-02
7.465742528438568115e-02
7.804206758737564087e-02
5.587334558367729187e-02
2.251190841197967529e-01
2.861157655715942383e-01
2.861157655715942383e-01
1.934899091720581055e-01
1.660317331552505493e-01
1.169036850333213806e-01
1.106163039803504944e-01
7.689385861158370972e-02
7.547488063573837280e-02
1.456881463527679443e-01
2.861157655715942383e-01
2.861157655715942383e-01
5.594186112284660339e-02
5.303076654672622681e-02
9.437865018844604492e-02
8.740928024053573608e-02
9.310292452573776245e-02
6.346051394939422607e-02
1.647940278053283691e-01
2.861157655715942383e-01
2.861157655715942383e-01
7.683727890253067017e-02
8.476621657609939575e-02
5.873689800500869751e-02
5.360218137502670288e-02
7.572634518146514893e-02
7.003666460514068604e-02
1.843322068452835083e-01
1.887175291776657104e-01
1.906456798315048218e-01
1.255068331956863403e-01
1.234514936804771423e-01
1.166686788201332092e-01
1.172881424427032471e-01
9.639099985361099243e-02
8.488077670335769653e-02
1.236511990427970886e-01
2.188676148653030396e-01
2.654002606868743896e-01
2.654002606868743896e-01
1.142218187451362610e-01
1.443405151367187500e-01
9.389229863882064819e-02
8.124008774757385254e-02
1.053297594189643860e-01
1.681218892335891724e-01
2.309139221906661987e-01
1.798244565725326538e-01
8.360658586025238037e-02
8.146730065345764160e-02
8.944825828075408936e-02
4.721337556838989258e-02
9.733509272336959839e-02
9.073939919471740723e-02
2.008182257413864136e-01
2.533077299594879150e-01
2.654002606868743896e-01
2.654002606868743896e-01
1.551775038242340088e-01
2.137310951948165894e-01
6.127679347991943359e-02
1.452310234308242798e-01
1.420304030179977417e-01
2.654002606868743896e-01
2.032596468925476074e-01
2.600865662097930908e-01
2.516130208969116211e-01
9.866080433130264282e-02
1.132584884762763977e-01
6.003873795270919800e-02
7.088705897331237793e-02
9.684048593044281006e-02
1.066632866859436035e-01
1.741216927766799927e-01
2.600865662097930908e-01
1.440205425024032593e-01
1.558647900819778442e-01
1.417541503906250000e-01
8.069296926259994507e-02
1.220967024564743042e-01
7.282797247171401978e-02
1.060389429330825806e-01
2.281476259231567383e-01
2.600865662097930908e-01
2.600865662097930908e-01
1.195477843284606934e-01
1.190268620848655701e-01
2.876850031316280365e-02
5.583564937114715576e-02
1.431979835033416748e-01
1.704789251089096069e-01
1.953761577606201172e-01
2.600865662097930908e-01
1.626794189214706421e-01
2.067937850952148438e-01
1.931508928537368774e-01
8.958984911441802979e-02
9.040610492229461670e-02
1.301095336675643921e-01
2.394381463527679443e-01
2.126764953136444092e-01
1.879518181085586548e-01
9.289510548114776611e-02
9.049420058727264404e-02
1.031922027468681335e-01
9.666089713573455811e-02
1.175805106759071350e-01
1.003294363617897034e-01
1.082176864147186279e-01
1.843096613883972168e-01
1.630177050828933716e-01
1.335036158561706543e-01
1.228009611368179321e-01
1.453945487737655640e-01
1.577160656452178955e-01
1.555094867944717407e-01
1.529110968112945557e-01
1.289911121129989624e-01
2.041159272193908691e-01
1.844725608825683594e-01
9.641409665346145630e-02
1.815717220306396484e-01
2.103505432605743408e-01
1.792695522308349609e-01
1.722261756658554077e-01
1.348298937082290649e-01
2.074588090181350708e-01
2.020621448755264282e-01
2.190494835376739502e-01
1.160894930362701416e-01
1.434257775545120239e-01
2.230227440595626831e-01
2.192469686269760132e-01
2.140482217073440552e-01
1.981706619262695312e-01
2.239364236593246460e-01
1.202860921621322632e-01
1.331460177898406982e-01
1.727824658155441284e-01
1.640303879976272583e-01
1.181988567113876343e-01
1.134783178567886353e-01
7.481579482555389404e-02
1.117652207612991333e-01
7.466249167919158936e-02
1.643573492765426636e-01
2.311628162860870361e-01
2.311628162860870361e-01
1.624308824539184570e-01
1.272770464420318604e-01
1.434692889451980591e-01
7.407768070697784424e-02
1.232372000813484192e-01
1.839396059513092041e-01
1.362553983926773071e-01
1.921290159225463867e-01
1.616983562707901001e-01
1.634957492351531982e-01
1.312783956527709961e-01
1.333658695220947266e-01
1.383070200681686401e-01
1.696891933679580688e-01
1.874085366725921631e-01
1.714765429496765137e-01
1.843857914209365845e-01
2.311628162860870361e-01
2.037919312715530396e-01
1.859472244977951050e-01
2.221836447715759277e-01
1.762224584817886353e-01
2.311628162860870361e-01
2.311628162860870361e-01
1.287497282028198242e-01
2.448664903640747070e-01
2.448664903640747070e-01
1.201170980930328369e-01
1.250720620155334473e-01
8.173016458749771118e-02
1.091005504131317139e-01
9.760010987520217896e-02
1.622450649738311768e-01
1.643258780241012573e-01
2.163473069667816162e-01
1.705356687307357788e-01
1.166391223669052124e-01
1.214720457792282104e-01
1.030472517013549805e-01
1.085303649306297302e-01
9.332784265279769897e-02
1.175762191414833069e-01
2.092049568891525269e-01
2.225658297538757324e-01
2.448664903640747070e-01
1.087260171771049500e-01
1.705598235130310059e-01
1.178739964962005615e-01
1.421677023172378540e-01
1.579035520553588867e-01
2.448664903640747070e-01
2.448664903640747070e-01
2.448664903640747070e-01
2.448664903640747070e-01
1.140230745077133179e-01
1.362345516681671143e-01
1.120547950267791748e-01
8.338744193315505981e-02
1.095625311136245728e-01
2.103425115346908569e-01
1.858597993850708008e-01
1.277596056461334229e-01
1.628558039665222168e-01
8.696676790714263916e-02
5.589339137077331543e-02
9.797687828540802002e-02
6.402850151062011719e-02
1.274477690458297729e-01
1.700423210859298706e-01
2.549863457679748535e-01
1.537441760301589966e-01
1.784051805734634399e-01
6.600673496723175049e-02
4.199476167559623718e-02
2.602379210293292999e-02
6.160887703299522400e-02
8.935078978538513184e-02
2.674727141857147217e-01
2.827381491661071777e-01
2.151495218276977539e-01
1.958770453929901123e-01
1.325146555900573730e-01
7.780323177576065063e-02
7.460041344165802002e-02
9.425232559442520142e-02
1.512555778026580811e-01
2.717236876487731934e-01
2.827381491661071777e-01
2.827381491661071777e-01
2.699193954467773438e-01
8.499954640865325928e-02
9.073285013437271118e-02
5.469823256134986877e-02
6.554574519395828247e-02
6.959544867277145386e-02
2.827381491661071777e-01
2.120061367750167847e-01
1.406672447919845581e-01
9.631665796041488647e-02
4.156310111284255981e-02
3.796927258372306824e-02
1.769530028104782104e-02
5.906661599874496460e-02
1.360813230276107788e-01
2.968966662883758545e-01
2.831305563449859619e-01
1.607816964387893677e-01
1.297446638345718384e-01
4.265403375029563904e-02
1.662940345704555511e-02
1.873103529214859009e-02
6.062427535653114319e-02
1.346631199121475220e-01
2.968966662883758545e-01
2.968966662883758545e-01
2.533169388771057129e-01
1.320147812366485596e-01
9.166046977043151855e-02
1.210869401693344116e-01
4.299739748239517212e-02
4.068877175450325012e-02
9.084742516279220581e-02
2.968966662883758545e-01
2.968966662883758545e-01
2.342443615198135376e-01
1.580210328102111816e-01
7.168169319629669189e-02
7.447179406881332397e-02
2.804332412779331207e-02
6.255663931369781494e-02
9.949873387813568115e-02
2.968966662883758545e-01
2.248456776142120361e-01
1.018944829702377319e-01
9.037152677774429321e-02
4.799110442399978638e-02
4.868243262171745300e-02
5.627082660794258118e-02
9.523281455039978027e-02
9.369032829999923706e-02
1.730854660272598267e-01
2.640019953250885010e-01
1.601828932762145996e-01
6.643950194120407104e-02
6.800539046525955200e-02
1.588498950004577637e-01
1.870787739753723145e-01
1.936504244804382324e-01
2.466020435094833374e-01
1.568964421749114990e-01
2.596798837184906006e-01
1.283753663301467896e-01
1.029555350542068481e-01
8.253193646669387817e-02
7.135238498449325562e-02
6.400310993194580078e-02
1.090182885527610779e-01
1.563593745231628418e-01
2.640019953250885010e-01
2.393713593482971191e-01
1.565606296062469482e-01
1.301152706146240234e-01
1.492107510566711426e-01
2.018250375986099243e-01
2.640019953250885010e-01
1.774963289499282837e-01
2.640019953250885010e-01
1.894102543592453003e-01
2.303662896156311035e-01
8.293349295854568481e-02
2.714957110583782196e-02
2.509151026606559753e-02
8.768865466117858887e-02
1.389147490262985229e-01
2.227738499641418457e-01
2.459277510643005371e-01
2.185248732566833496e-01
2.767885029315948486e-01
4.170723259449005127e-02
3.200932592153549194e-02
2.389138378202915192e-02
6.100067496299743652e-02
1.637114584445953369e-01
2.767885029315948486e-01
2.767885029315948486e-01
2.767885029315948486e-01
1.749012023210525513e-01
9.451059252023696899e-02
7.865811884403228760e-02
6.585602462291717529e-02
1.067186072468757629e-01
1.943013221025466919e-01
1.006457284092903137e-01
1.865206360816955566e-01
1.303317844867706299e-01
2.271487116813659668e-01
1.213267594575881958e-01
8.476230502128601074e-02
1.031708568334579468e-01
1.087480336427688599e-01
1.493870615959167480e-01
1.448870152235031128e-01
1.837952882051467896e-01
2.767885029315948486e-01
2.349355220794677734e-01
4.787570610642433167e-02
4.939185082912445068e-02
4.811131581664085388e-02
3.567697852849960327e-02
1.602105647325515747e-01
1.248534247279167175e-01
2.358736246824264526e-01
2.614872157573699951e-01
2.614872157573699951e-01
1.584577411413192749e-01
1.144674345850944519e-01
9.591882675886154175e-02
4.489684104919433594e-02
1.573806405067443848e-01
1.135109364986419678e-01
1.811353415250778198e-01
2.614872157573699951e-01
1.650952696800231934e-01
1.893436461687088013e-01
1.308643370866775513e-01
1.253301948308944702e-01
1.023849993944168091e-01
1.830707788467407227e-01
1.355748474597930908e-01
1.567876636981964111e-01
2.459888607263565063e-01
1.731112748384475708e-01
1.679928153753280640e-01
1.523946970701217651e-01
1.564661711454391479e-01
7.664505392313003540e-02
2.057795673608779907e-01
1.511034667491912842e-01
2.073485553264617920e-01
2.204789370298385620e-01
2.896867990493774414e-01
2.360075414180755615e-01
1.205063834786415100e-01
5.638679862022399902e-02
2.143122255802154541e-02
4.663501679897308350e-02
4.831295087933540344e-02
1.458496749401092529e-01
2.896867990493774414e-01
2.896867990493774414e-01
2.896867990493774414e-01
1.691623330116271973e-01
5.346547067165374756e-02
3.566189855337142944e-02
2.398839406669139862e-02
1.346361450850963593e-02
1.065653115510940552e-01
2.896867990493774414e-01
1.825614720582962036e-01
9.461879730224609375e-02
1.071381568908691406e-01
7.833572477102279663e-02
2.182017825543880463e-02
5.356554314494132996e-02
6.228183954954147339e-02
2.664249539375305176e-01
2.465839982032775879e-01
2.896867990493774414e-01
1.220728307962417603e-01
1.898469328880310059e-01
6.674706935882568359e-02
1.921138539910316467e-02
1.616698503494262695e-02
5.895908176898956299e-02
1.889539062976837158e-01
2.344746291637420654e-01
2.716785073280334473e-01
2.716785073280334473e-01
1.163079068064689636e-01
3.772072866559028625e-02
5.635043606162071228e-02
5.895705893635749817e-02
6.485806405544281006e-02
1.275049299001693726e-01
2.716785073280334473e-01
2.716785073280334473e-01
1.680710464715957642e-01
5.261118337512016296e-02
3.741364181041717529e-02
1.054887473583221436e-01
8.749670535326004028e-02
1.143028810620307922e-01
1.149143874645233154e-01
2.519111037254333496e-01
2.716785073280334473e-01
1.425936222076416016e-01
1.487269848585128784e-01
6.480979174375534058e-02
4.360255971550941467e-02
7.521221041679382324e-02
1.964571774005889893e-01
2.252119928598403931e-01
2.600544095039367676e-01
1.855479776859283447e-01
1.303296238183975220e-01
1.175824254751205444e-01
6.088683754205703735e-02
1.229646876454353333e-01
1.496770083904266357e-01
2.217840850353240967e-01
1.761795580387115479e-01
2.176960855722427368e-01
2.046321183443069458e-01
1.161834225058555603e-01
1.191319972276687622e-01
9.436313062906265259e-02
8.200175315141677856e-02
8.822008967399597168e-02
7.735628634691238403e-02
5.533920601010322571e-02
1.972353160381317139e-01
2.457850277423858643e-01
2.610211670398712158e-01
2.387615293264389038e-01
1.667525172233581543e-01
1.954063475131988525e-01
9.663674980401992798e-02
6.238994002342224121e-02
5.508479848504066467e-02
2.610211670398712158e-01
1.432200074195861816e-01
1.541060209274291992e-01
2.198408693075180054e-01
1.149006485939025879e-01
1.460687071084976196e-01
1.397586911916732788e-01
1.359038501977920532e-01
1.028347834944725037e-01
1.255626529455184937e-01
2.046511322259902954e-01
2.610211670398712158e-01
2.610211670398712158e-01
1.744043678045272827e-01
1.996254473924636841e-01
2.036965936422348022e-01
1.319943219423294067e-01
1.171190068125724792e-01
8.951135724782943726e-02
1.385584175586700439e-01
2.571894824504852295e-01
2.255544364452362061e-01
1.542390584945678711e-01
1.746676713228225708e-01
6.399937719106674194e-02
5.198598653078079224e-02
4.555658623576164246e-02
1.665715724229812622e-01
1.178102120757102966e-01
2.237144708633422852e-01
1.757816970348358154e-01
1.596816778182983398e-01
1.427789330482482910e-01
1.112902611494064331e-01
1.050702482461929321e-01
1.122009679675102234e-01
1.145152226090431213e-01
1.446394175291061401e-01
2.571894824504852295e-01
2.571894824504852295e-01
1.359886229038238525e-01
1.503397971391677856e-01
1.192686632275581360e-01
9.928242862224578857e-02
8.444233983755111694e-02
1.058916300535202026e-01
2.205722481012344360e-01
2.571894824504852295e-01
2.106210589408874512e-01
1.956441700458526611e-01
1.621096283197402954e-01
9.308961778879165649e-02
2.051074206829071045e-01
1.141389012336730957e-01
2.371511608362197876e-01
1.485087871551513672e-01
1.443509161472320557e-01
8.528133481740951538e-02
1.234452798962593079e-01
1.278902143239974976e-01
1.003090068697929382e-01
8.152423053979873657e-02
7.270859181880950928e-02
7.233210653066635132e-02
2.801505923271179199e-01
2.185539007186889648e-01
8.745343238115310669e-02
1.027400344610214233e-01
9.179779887199401855e-02
9.084337204694747925e-02
1.206347495317459106e-01
1.069055944681167603e-01
1.577417999505996704e-01
2.651183307170867920e-01
2.801505923271179199e-01
2.267392724752426147e-01
1.294649541378021240e-01
1.066317781805992126e-01
5.881829932332038879e-02
1.201080158352851868e-01
7.555054873228073120e-02
1.889950037002563477e-01
2.801505923271179199e-01
2.801505923271179199e-01
2.801505923271179199e-01
8.144199103116989136e-02
9.662049263715744019e-02
6.066292524337768555e-02
1.112472116947174072e-01
2.064667940139770508e-01
2.801505923271179199e-01
1.774088591337203979e-01
1.206897795200347900e-01
5.757490918040275574e-02
6.973978877067565918e-02
9.399065375328063965e-02
4.202687367796897888e-02
1.104065850377082825e-01
1.147291511297225952e-01
1.537695676088333130e-01
2.211892455816268921e-01
2.399702370166778564e-01
1.746723353862762451e-01
1.255805343389511108e-01
1.946267485618591309e-01
7.815139740705490112e-02
1.922741532325744629e-01
1.211602240800857544e-01
1.995344460010528564e-01
2.399702370166778564e-01
2.070696800947189331e-01
1.215821504592895508e-01
7.632620632648468018e-02
1.441270709037780762e-01
4.458262398838996887e-02
1.021779924631118774e-01
2.399702370166778564e-01
2.399702370166778564e-01
2.399702370166778564e-01
1.735070049762725830e-01
1.219259276986122131e-01
1.530137211084365845e-01
1.991208493709564209e-01
1.206689924001693726e-01
2.021545320749282837e-01
2.178727686405181885e-01
2.399702370166778564e-01
1.434352248907089233e-01
2.052943110466003418e-01
1.175179556012153625e-01
5.930110067129135132e-02
9.801691025495529175e-02
6.029179319739341736e-02
5.582664161920547485e-02
6.750451028347015381e-02
1.358444243669509888e-01
1.809511482715606689e-01
2.835335433483123779e-01
2.211262583732604980e-01
9.760399907827377319e-02
1.529329717159271240e-01
9.847751259803771973e-02
1.091340854763984680e-01
7.891092449426651001e-02
2.196300029754638672e-01
2.835335433483123779e-01
2.578072249889373779e-01
1.167674288153648376e-01
1.044271066784858704e-01
1.055703386664390564e-01
1.033830568194389343e-01
7.716222107410430908e-02
7.814159989356994629e-02
1.855671256780624390e-01
2.835335433483123779e-01
2.835335433483123779e-01
2.835335433483123779e-01
7.788999378681182861e-02
1.399746090173721313e-01
9.197011590003967285e-02
1.020074561238288879e-01
7.887620478868484497e-02
2.740237414836883545e-01
1.181865632534027100e-01
1.847215741872787476e-01
1.384153962135314941e-01
1.052674502134323120e-01
1.664151400327682495e-01
1.333617269992828369e-01
1.900256425142288208e-01
8.558433502912521362e-02
1.131614148616790771e-01
1.071599796414375305e-01
1.392311453819274902e-01
6.855235248804092407e-02
9.602157771587371826e-02
2.341410666704177856e-01
1.991132050752639771e-01
2.111528664827346802e-01
1.551745980978012085e-01
1.634138673543930054e-01
2.341410666704177856e-01
2.341410666704177856e-01
2.341410666704177856e-01
6.585992127656936646e-02
1.661108583211898804e-01
7.367641478776931763e-02
1.858907043933868408e-01
9.342245012521743774e-02
1.703159511089324951e-01
1.614524126052856445e-01
1.968506127595901489e-01
2.341410666704177856e-01
1.353223770856857300e-01
2.310052812099456787e-01
1.300364732742309570e-01
2.121655941009521484e-01
1.613179445266723633e-01
1.720708459615707397e-01
1.080050691962242126e-01
1.664094775915145874e-01
1.268456280231475830e-01
1.114916950464248657e-01
1.366920024156570435e-01
1.461073607206344604e-01
1.907725483179092407e-01
1.490539312362670898e-01
2.015544623136520386e-01
1.345529556274414062e-01
1.193927749991416931e-01
2.018888443708419800e-01
1.660095304250717163e-01
1.533844769001007080e-01
1.384950131177902222e-01
2.178973108530044556e-01
1.789036840200424194e-01
2.274892777204513550e-01
9.149176627397537231e-02
1.478985846042633057e-01
2.274892777204513550e-01
1.569541096687316895e-01
1.221393421292304993e-01
1.333004087209701538e-01
1.596622914075851440e-01
1.494806110858917236e-01
2.243303507566452026e-01
1.462047249078750610e-01
1.785398423671722412e-01
2.274892777204513550e-01
1.846949160099029541e-01
1.066921874880790710e-01
1.063996329903602600e-01
2.093836665153503418e-01
1.451485157012939453e-01
2.274892777204513550e-01
1.604183763265609741e-01
1.388271152973175049e-01
1.625023186206817627e-01
1.147713214159011841e-01
1.643734574317932129e-01
7.522937655448913574e-02
1.046951264142990112e-01
1.194017902016639709e-01
2.396419644355773926e-01
2.418064177036285400e-01
2.418064177036285400e-01
1.996381580829620361e-01
1.133523434400558472e-01
1.067439913749694824e-01
7.023634761571884155e-02
3.467084094882011414e-02
1.311082839965820312e-01
2.418064177036285400e-01
1.613931208848953247e-01
1.285790652036666870e-01
2.367644459009170532e-01
2.127264291048049927e-01
1.062947064638137817e-01
7.637470960617065430e-02
1.234109401702880859e-01
1.381311267614364624e-01
1.871764510869979858e-01
2.418064177036285400e-01
1.354064792394638062e-01
1.964338868856430054e-01
2.341833710670471191e-01
1.068895608186721802e-01
1.695798635482788086e-01
1.093991398811340332e-01
1.905695647001266479e-01
2.139399796724319458e-01
2.706514298915863037e-01
1.479396820068359375e-01
1.337333172559738159e-01
1.123597770929336548e-01
7.865910232067108154e-02
8.688941597938537598e-02
8.752153813838958740e-02
1.083226427435874939e-01
2.127920538187026978e-01
2.706514298915863037e-01
2.706514298915863037e-01
1.657420992851257324e-01
8.853643387556076050e-02
1.287762522697448730e-01
1.269277781248092651e-01
1.317424625158309937e-01
7.981514930725097656e-02
2.084418982267379761e-01
1.317345350980758667e-01
1.052855849266052246e-01
9.198047965764999390e-02
1.009292080998420715e-01
1.037176400423049927e-01
1.866064518690109253e-01
1.397539228200912476e-01
2.407697588205337524e-01
1.412758976221084595e-01
1.856795102357864380e-01
2.113973498344421387e-01
1.202612146735191345e-01
1.394364982843399048e-01
2.487332075834274292e-01
2.443911731243133545e-01
1.750818043947219849e-01
1.934832185506820679e-01
1.366495639085769653e-01
2.109495103359222412e-01
2.022058963775634766e-01
1.293512433767318726e-01
1.194694191217422485e-01
1.919152885675430298e-01
8.227680623531341553e-02
1.096558496356010437e-01
9.377147257328033447e-02
1.852567493915557861e-01
1.844007372856140137e-01
1.444162726402282715e-01
1.251277476549148560e-01
1.042932346463203430e-01
1.669152975082397461e-01
8.138599246740341187e-02
9.801253676414489746e-02
1.045538708567619324e-01
1.510659456253051758e-01
1.536266803741455078e-01
1.636975705623626709e-01
1.250305175781250000e-01
1.433865427970886230e-01
2.581446766853332520e-01
1.853939741849899292e-01
2.252884954214096069e-01
1.510865986347198486e-01
1.420907378196716309e-01
1.730420142412185669e-01
1.723549962043762207e-01
1.269566267728805542e-01
1.192469447851181030e-01
2.413856089115142822e-01
1.930958628654479980e-01
2.628132402896881104e-01
1.744821816682815552e-01
2.378374636173248291e-01
1.799095869064331055e-01
1.201700791716575623e-01
6.626055389642715454e-02
1.212702468037605286e-01
1.051161438226699829e-01
7.292526960372924805e-02
7.385165244340896606e-02
9.946606308221817017e-02
1.158392578363418579e-01
2.280928343534469604e-01
1.529916077852249146e-01
1.289809197187423706e-01
1.956841796636581421e-01
2.054000943899154663e-01
2.123402506113052368e-01
7.596369832754135132e-02
2.038889676332473755e-01
1.614418327808380127e-01
2.165917605161666870e-01
1.665099263191223145e-01
5.448002368211746216e-02
1.052500158548355103e-01
1.874360293149948120e-01
1.716412603855133057e-01
1.303177475929260254e-01
1.217701956629753113e-01
2.387588620185852051e-01
2.579857707023620605e-01
2.416455298662185669e-01
9.781543165445327759e-02
2.267057895660400391e-01
2.391521185636520386e-01
1.428069621324539185e-01
6.264233589172363281e-02
1.388015300035476685e-01
2.579857707023620605e-01
1.733238697052001953e-01
1.084485650062561035e-01
1.001992598176002502e-01
1.165783852338790894e-01
1.576604694128036499e-01
1.962993294000625610e-01
5.016783252358436584e-02
1.148052513599395752e-01
1.211991533637046814e-01
1.508880257606506348e-01
1.873897612094879150e-01
1.231741160154342651e-01
2.327664196491241455e-01
2.024510502815246582e-01
1.912676542997360229e-01
1.039829179644584656e-01
1.317684650421142578e-01
1.341799497604370117e-01
2.576784789562225342e-01
1.726928800344467163e-01
8.827617019414901733e-02
1.632574945688247681e-01
1.275745630264282227e-01
9.084787964820861816e-02
4.544049128890037537e-02
1.165748983621597290e-01
2.576784789562225342e-01
2.576784789562225342e-01
1.466214656829833984e-01
1.052119731903076172e-01
1.530054658651351929e-01
1.718880534172058105e-01
2.576784789562225342e-01
1.752772480249404907e-01
1.858592182397842407e-01
2.576784789562225342e-01
8.637470752000808716e-02
2.453610450029373169e-01
2.453610450029373169e-01
2.262831181287765503e-01
1.318677514791488647e-01
1.681119799613952637e-01
1.229242309927940369e-01
1.225840002298355103e-01
9.879529476165771484e-02
1.386022120714187622e-01
1.991402506828308105e-01
2.321973294019699097e-01
2.301779687404632568e-01
7.863880693912506104e-02
1.157979816198348999e-01
1.385477483272552490e-01
1.443025618791580200e-01
1.577444225549697876e-01
1.299711763858795166e-01
1.347420066595077515e-01
1.391594260931015015e-01
1.524892598390579224e-01
1.471540182828903198e-01
2.453610450029373169e-01
2.453610450029373169e-01
1.373905390501022339e-01
1.202307194471359253e-01
1.602063626050949097e-01
1.423244625329971313e-01
1.405110806226730347e-01
1.592210233211517334e-01
1.454293578863143921e-01
2.453610450029373169e-01
1.935148835182189941e-01
1.103625968098640442e-01
8.727993071079254150e-02
1.959201097488403320e-01
1.330756396055221558e-01
1.302554905414581299e-01
1.616976112127304077e-01
4.874567314982414246e-02
4.643763229250907898e-02
1.120751053094863892e-01
2.357284128665924072e-01
2.149526327848434448e-01
2.649516761302947998e-01
1.735573112964630127e-01
2.649516761302947998e-01
1.730448603630065918e-01
4.591804742813110352e-02
4.144153743982315063e-02
9.528601169586181641e-02
1.881709545850753784e-01
2.026658803224563599e-01
1.544815003871917725e-01
1.676176935434341431e-01
1.087480112910270691e-01
1.650288552045822144e-01
1.575158387422561646e-01
1.503795534372329712e-01
7.356160134077072144e-02
1.029205098748207092e-01
9.373464435338973999e-02
1.490131616592407227e-01
2.550610005855560303e-01
2.649516761302947998e-01
2.649516761302947998e-01
1.787536293268203735e-01
1.656330376863479614e-01
6.825813651084899902e-02
8.690996468067169189e-02
1.641087085008621216e-01
2.576406002044677734e-01
1.666748523712158203e-01
2.036118507385253906e-01
1.224468424916267395e-01
4.090423882007598877e-02
5.889452621340751648e-02
1.003461405634880066e-01
1.153422221541404724e-01
1.491715908050537109e-01
2.167273908853530884e-01
2.173381149768829346e-01
2.389394938945770264e-01
8.653363585472106934e-02
1.112091317772865295e-01
9.664852917194366455e-02
1.230766102671623230e-01
1.020893082022666931e-01
1.289613395929336548e-01
1.383609622716903687e-01
1.755704432725906372e-01
2.561007440090179443e-01
1.968663483858108521e-01
7.861661165952682495e-02
1.125936582684516907e-01
6.486492604017257690e-02
9.636762738227844238e-02
1.473847329616546631e-01
2.794750332832336426e-01
2.794750332832336426e-01
2.794750332832336426e-01
2.794750332832336426e-01
7.528833299875259399e-02
8.777654170989990234e-02
8.572000265121459961e-02
9.764706343412399292e-02
1.485449075698852539e-01
1.407518088817596436e-01
1.589828282594680786e-01
2.649447023868560791e-01
7.087498158216476440e-02
8.041097223758697510e-02
6.584105640649795532e-02
6.693617999553680420e-02
5.485486984252929688e-02
8.605523407459259033e-02
1.954729259014129639e-01
2.017999142408370972e-01
2.649447023868560791e-01
7.839790731668472290e-02
8.064495027065277100e-02
1.191847920417785645e-01
9.327597916126251221e-02
6.645921617746353149e-02
1.023801639676094055e-01
2.649447023868560791e-01
2.649447023868560791e-01
2.649447023868560791e-01
2.023914903402328491e-01
7.675571739673614502e-02
7.596129179000854492e-02
6.644097715616226196e-02
5.786737427115440369e-02
1.468044668436050415e-01
2.649447023868560791e-01
2.649447023868560791e-01
2.649447023868560791e-01
1.852065473794937134e-01
1.250762939453125000e-01
1.597319543361663818e-01
9.246885031461715698e-02
1.193609088659286499e-01
2.244959920644760132e-01
1.490519195795059204e-01
2.150959670543670654e-01
2.384740114212036133e-01
4.205538332462310791e-02
7.759416848421096802e-02
9.998184442520141602e-02
8.281813561916351318e-02
7.486421614885330200e-02
1.092798858880996704e-01
1.973152458667755127e-01
2.384740114212036133e-01
2.384740114212036133e-01
8.264466375112533569e-02
1.336035430431365967e-01
7.897780090570449829e-02
1.245795786380767822e-01
8.156896382570266724e-02
2.208771109580993652e-01
2.053345590829849243e-01
1.988646090030670166e-01
1.842936724424362183e-01
1.023798659443855286e-01
1.552040725946426392e-01
1.934948563575744629e-01
1.223826929926872253e-01
1.631053686141967773e-01
2.013953030109405518e-01
1.732559502124786377e-01
2.124703824520111084e-01
1.692348867654800415e-01
7.054533064365386963e-02
2.109566628932952881e-01
1.776431500911712646e-01
1.816793233156204224e-01
1.760156303644180298e-01
2.384740114212036133e-01
2.024188488721847534e-01
2.590390145778656006e-01
1.718095690011978149e-01
6.099443882703781128e-02
1.088096871972084045e-01
6.927136331796646118e-02
1.003544405102729797e-01
5.435298755764961243e-02
1.848734021186828613e-01
2.590390145778656006e-01
2.590390145778656006e-01
2.228621095418930054e-01
5.711742863059043884e-02
8.812434226274490356e-02
6.611564755439758301e-02
8.949161320924758911e-02
1.461154520511627197e-01
2.590390145778656006e-01
2.008957266807556152e-01
1.885440200567245483e-01
8.105374127626419067e-02
4.732736572623252869e-02
1.762250810861587524e-01
1.187461465597152710e-01
1.385296881198883057e-01
9.486829489469528198e-02
2.507336437702178955e-01
2.590390145778656006e-01
1.950802206993103027e-01
1.108263060450553894e-01
5.535290762782096863e-02
1.941084265708923340e-01
1.281081587076187134e-01
1.385923326015472412e-01
1.212151870131492615e-01
2.590390145778656006e-01
2.396223843097686768e-01
1.887286454439163208e-01
1.244185566902160645e-01
4.223173856735229492e-02
9.823264181613922119e-02
5.147442966699600220e-02
1.203303188085556030e-01
2.291963845491409302e-01
2.396223843097686768e-01
2.131985574960708618e-01
1.459799855947494507e-01
1.390123814344406128e-01
1.269805729389190674e-01
1.467281877994537354e-01
1.001221165060997009e-01
2.134032398462295532e-01
2.357604950666427612e-01
2.396223843097686768e-01
2.396223843097686768e-01
1.872563660144805908e-01
9.326288104057312012e-02
5.743656307458877563e-02
7.128272950649261475e-02
9.303935617208480835e-02
1.436309218406677246e-01
1.734709143638610840e-01
2.396223843097686768e-01
1.337171345949172974e-01
1.646707952022552490e-01
1.693299561738967896e-01
1.803795248270034790e-01
1.541384458541870117e-01
1.397087723016738892e-01
1.323641985654830933e-01
1.572780609130859375e-01
2.004193216562271118e-01
2.264719307422637939e-01
2.125442475080490112e-01
1.248007342219352722e-01
1.518909782171249390e-01
1.177916526794433594e-01
6.960687041282653809e-02
8.513202518224716187e-02
1.041467860341072083e-01
1.648149341344833374e-01
2.523123919963836670e-01
2.523123919963836670e-01
2.431279569864273071e-01
1.205446720123291016e-01
1.280627995729446411e-01
7.911458611488342285e-02
7.078596204519271851e-02
1.469164192676544189e-01
2.523123919963836670e-01
9.067116677761077881e-02
1.965340673923492432e-01
1.279772371053695679e-01
2.011463195085525513e-01
2.034446299076080322e-01
1.125671342015266418e-01
4.897877573966979980e-02
6.640172749757766724e-02
8.282789587974548340e-02
1.945180892944335938e-01
2.523123919963836670e-01
1.757894903421401978e-01
2.106744199991226196e-01
1.852933168411254883e-01
1.086596250534057617e-01
7.084964960813522339e-02
1.919204443693161011e-01
2.198091149330139160e-01
2.383418381214141846e-01
2.383418381214141846e-01
2.318522781133651733e-01
5.424562469124794006e-02
1.039293631911277771e-01
6.085576489567756653e-02
1.175033524632453918e-01
1.474426388740539551e-01
2.383418381214141846e-01
2.383418381214141846e-01
2.383418381214141846e-01
2.383418381214141846e-01
9.018719196319580078e-02
8.462890982627868652e-02
4.916495084762573242e-02
1.666093319654464722e-01
2.217103242874145508e-01
2.383418381214141846e-01
1.684109717607498169e-01
1.814498007297515869e-01
1.192147508263587952e-01
8.792909979820251465e-02
8.625072985887527466e-02
6.345582753419876099e-02
8.576614409685134888e-02
1.763760000467300415e-01
2.383418381214141846e-01
2.383418381214141846e-01
2.116069346666336060e-01
1.079010814428329468e-01
4.640994593501091003e-02
6.311509758234024048e-02
5.544279143214225769e-02
1.038850247859954834e-01
1.656527221202850342e-01
2.189882844686508179e-01
1.952331066131591797e-01
2.069711685180664062e-01
2.354959994554519653e-01
1.297601908445358276e-01
3.684365749359130859e-02
6.094738095998764038e-02
1.201609298586845398e-01
2.038052529096603394e-01
2.354959994554519653e-01
1.480424851179122925e-01
1.614117622375488281e-01
2.291449010372161865e-01
1.856599748134613037e-01
6.055431067943572998e-02
8.501262217760086060e-02
9.521157294511795044e-02
9.706384688615798950e-02
2.354959994554519653e-01
2.354959994554519653e-01
1.671283990144729614e-01
1.784245073795318604e-01
1.578980684280395508e-01
6.764869391918182373e-02
4.049302637577056885e-02
8.358526229858398438e-02
1.419707834720611572e-01
2.354959994554519653e-01
1.487550288438796997e-01
2.354959994554519653e-01
2.354959994554519653e-01
2.354959994554519653e-01
9.110637754201889038e-02
8.015819638967514038e-02
7.555592805147171021e-02
1.213896498084068298e-01
2.354959994554519653e-01
1.515585780143737793e-01
1.507513374090194702e-01
1.961883455514907837e-01
1.920508444309234619e-01
7.669166475534439087e-02
1.006755754351615906e-01
9.719372540712356567e-02
1.366488486528396606e-01
1.227779313921928406e-01
2.299896776676177979e-01
1.487191021442413330e-01
2.167145311832427979e-01
1.984914541244506836e-01
1.071846336126327515e-01
1.444808691740036011e-01
1.297314018011093140e-01
2.069870978593826294e-01
1.682975888252258301e-01
1.402428448200225830e-01
2.299896776676177979e-01
2.299896776676177979e-01
1.658626198768615723e-01
6.498321145772933960e-02
1.379463076591491699e-01
9.962275624275207520e-02
1.268954426050186157e-01
1.587498784065246582e-01
2.299896776676177979e-01
2.299896776676177979e-01
2.107170373201370239e-01
1.596387922763824463e-01
1.509578377008438110e-01
1.567881256341934204e-01
8.894499391317367554e-02
1.561386436223983765e-01
2.299896776676177979e-01
1.119775697588920593e-01
1.387355774641036987e-01
9.049461781978607178e-02
6.100391969084739685e-02
9.018316119909286499e-02
1.612981110811233521e-01
1.214666664600372314e-01
2.729425132274627686e-01
1.790894120931625366e-01
1.320823282003402710e-01
2.438076883554458618e-01
1.341947317123413086e-01
1.017786487936973572e-01
1.889591217041015625e-01
1.887704282999038696e-01
1.303353309631347656e-01
2.083557248115539551e-01
1.656783670186996460e-01
1.747369468212127686e-01
2.125659286975860596e-01
1.293683201074600220e-01
1.018810197710990906e-01
1.596512496471405029e-01
1.445317864418029785e-01
1.121222525835037231e-01
8.936689794063568115e-02
1.141061410307884216e-01
2.845998406410217285e-01
2.845998406410217285e-01
2.566962242126464844e-01
2.204602062702178955e-01
1.338020861148834229e-01
1.195983886718750000e-01
1.035210564732551575e-01
9.719291329383850098e-02
1.479577273130416870e-01
1.080424189567565918e-01
1.326420009136199951e-01
9.429641813039779663e-02
1.032146587967872620e-01
1.161358952522277832e-01
9.531350433826446533e-02
1.265220940113067627e-01
1.151304692029953003e-01
1.248544752597808838e-01
1.733118742704391479e-01
1.177578195929527283e-01
8.155380934476852417e-02
1.024403423070907593e-01
1.573149263858795166e-01
1.462309509515762329e-01
2.671675980091094971e-01
1.925231665372848511e-01
2.671675980091094971e-01
2.671675980091094971e-01
2.671675980091094971e-01
1.371645778417587280e-01
1.386777311563491821e-01
1.205774471163749695e-01
7.255787402391433716e-02
7.858553528785705566e-02
1.006682291626930237e-01
1.156495884060859680e-01
2.671675980091094971e-01
1.667999327182769775e-01
8.266010135412216187e-02
1.171083003282546997e-01
1.938206702470779419e-01
2.013085484504699707e-01
2.671675980091094971e-01
1.523302048444747925e-01
2.671675980091094971e-01
1.234973371028900146e-01
9.944074600934982300e-02
2.528128214180469513e-02
4.362295195460319519e-02
1.649224609136581421e-01
1.549423038959503174e-01
2.414461374282836914e-01
1.268296241760253906e-01
2.414461374282836914e-01
1.703480929136276245e-01
2.346407622098922729e-01
8.944483101367950439e-02
1.299113929271697998e-01
2.185936272144317627e-01
1.498214900493621826e-01
6.431025266647338867e-02
8.543878048658370972e-02
2.414461374282836914e-01
1.671621799468994141e-01
1.082421913743019104e-01
4.325542598962783813e-02
7.065711170434951782e-02
1.892530322074890137e-01
1.626767814159393311e-01
2.312842756509780884e-01
1.176208332180976868e-01
2.414461374282836914e-01
2.414461374282836914e-01
2.381861358880996704e-01
1.285404413938522339e-01
1.259996742010116577e-01
1.939706206321716309e-01
1.534458100795745850e-01
1.145568639039993286e-01
1.505409032106399536e-01
2.414461374282836914e-01
2.050212025642395020e-01
1.602482944726943970e-01
8.876461535692214966e-02
9.040744602680206299e-02
9.889530390501022339e-02
8.291636407375335693e-02
5.467868223786354065e-02
1.074962168931961060e-01
2.539783418178558350e-01
2.491613179445266724e-01
1.081008464097976685e-01
8.109953254461288452e-02
4.484378173947334290e-02
1.288791149854660034e-01
1.592112332582473755e-01
1.386375278234481812e-01
1.826201677322387695e-01
2.539783418178558350e-01
2.539783418178558350e-01
1.631441414356231689e-01
1.416045725345611572e-01
1.023904681205749512e-01
1.159910336136817932e-01
9.561514854431152344e-02
8.380514383316040039e-02
1.320891976356506348e-01
2.539783418178558350e-01
2.539783418178558350e-01
1.237372308969497681e-01
1.556833386421203613e-01
1.949632614850997925e-01
2.397097349166870117e-01
1.278881728649139404e-01
1.486578285694122314e-01
2.022095620632171631e-01
2.539783418178558350e-01
1.699395626783370972e-01
1.366178840398788452e-01
6.864289939403533936e-02
4.913589358329772949e-02
1.914045214653015137e-01
2.373276501893997192e-01
1.923456043004989624e-01
1.377192139625549316e-01
1.908869743347167969e-01
1.375913769006729126e-01
1.415700018405914307e-01
6.041132658720016479e-02
6.794153898954391479e-02
2.044119834899902344e-01
2.373276501893997192e-01
1.382541358470916748e-01
8.744957298040390015e-02
2.078103125095367432e-01
1.461198031902313232e-01
1.359580308198928833e-01
1.423999965190887451e-01
1.490760445594787598e-01
2.233858257532119751e-01
1.348633468151092529e-01
1.509261280298233032e-01
1.681966036558151245e-01
1.846856921911239624e-01
1.930752545595169067e-01
1.931711584329605103e-01
1.385888904333114624e-01
1.677037775516510010e-01
2.373276501893997192e-01
2.185264527797698975e-01
1.035270243883132935e-01
1.168471798300743103e-01
2.373276501893997192e-01
1.191484704613685608e-01
1.699389964342117310e-01
9.552251547574996948e-02
1.039844602346420288e-01
1.597070097923278809e-01
1.789425164461135864e-01
4.464781284332275391e-02
4.619592800736427307e-02
1.466999650001525879e-01
1.005813255906105042e-01
1.797938644886016846e-01
2.003124058246612549e-01
1.994055956602096558e-01
1.656208038330078125e-01
1.450741887092590332e-01
5.320736393332481384e-02
3.418622538447380066e-02
9.946626424789428711e-02
2.153376340866088867e-01
2.479247301816940308e-01
1.339681595563888550e-01
1.829707175493240356e-01
2.272686809301376343e-01
2.479247301816940308e-01
8.566410094499588013e-02
6.185600906610488892e-02
2.094391882419586182e-01
1.414875388145446777e-01
2.128479033708572388e-01
2.479247301816940308e-01
2.244146019220352173e-01
2.479247301816940308e-01
2.479247301816940308e-01
1.703850775957107544e-01
4.527350142598152161e-02
8.976995199918746948e-02
6.038118153810501099e-02
1.525084525346755981e-01
2.653453052043914795e-01
1.506744027137756348e-01
4.667146131396293640e-02
5.427746474742889404e-02
2.778878621757030487e-02
3.608106076717376709e-02
5.278119444847106934e-02
1.616362184286117554e-01
2.653453052043914795e-01
2.653453052043914795e-01
2.475453317165374756e-01
4.549885168671607971e-02
2.915909327566623688e-02
2.898487448692321777e-02
4.280724748969078064e-02
6.405220180749893188e-02
7.732781767845153809e-02
2.155231684446334839e-01
2.653453052043914795e-01
1.791600137948989868e-01
2.140217572450637817e-01
2.653453052043914795e-01
2.064442038536071777e-01
5.688151344656944275e-02
4.929187521338462830e-02
1.884496659040451050e-01
2.653453052043914795e-01
2.653453052043914795e-01
1.772966533899307251e-01
1.129078865051269531e-01
1.602246612310409546e-01
1.677919179201126099e-01
9.262937307357788086e-02
1.645579636096954346e-01
1.978639215230941772e-01
2.361438125371932983e-01
2.361438125371932983e-01
1.553595811128616333e-01
8.184380084276199341e-02
4.739149659872055054e-02
5.354769155383110046e-02
8.014945685863494873e-02
1.123599857091903687e-01
1.569896191358566284e-01
1.788362562656402588e-01
1.389741748571395874e-01
1.700026839971542358e-01
1.485341340303421021e-01
1.089754477143287659e-01
8.553057163953781128e-02
2.042834311723709106e-01
1.992852538824081421e-01
2.361438125371932983e-01
2.361438125371932983e-01
1.820463091135025024e-01
7.091452181339263916e-02
7.454715669155120850e-02
5.738876760005950928e-02
5.902530997991561890e-02
9.828586876392364502e-02
2.361438125371932983e-01
2.353130429983139038e-01
2.183687686920166016e-01
1.985678672790527344e-01
9.508225321769714355e-02
1.237922832369804382e-01
1.127338036894798279e-01
2.141910940408706665e-01
2.361438125371932983e-01
2.361438125371932983e-01
1.287236362695693970e-01
8.345242589712142944e-02
5.734889581799507141e-02
1.765181422233581543e-01
1.442074477672576904e-01
1.492837965488433838e-01
1.550307124853134155e-01
1.930450648069381714e-01
1.943792849779129028e-01
1.263522058725357056e-01
1.228127256035804749e-01
5.303298681974411011e-02
1.191088035702705383e-01
1.517619490623474121e-01
1.531808078289031982e-01
2.292104214429855347e-01
1.697894632816314697e-01
2.155802994966506958e-01
1.748765856027603149e-01
1.431592255830764771e-01
1.794346868991851807e-01
1.860918104648590088e-01
1.418077349662780762e-01
1.597419083118438721e-01
2.292104214429855347e-01
2.292104214429855347e-01
2.071849852800369263e-01
1.730849444866180420e-01
1.823464035987854004e-01
1.884405612945556641e-01
2.267138808965682983e-01
1.608627438545227051e-01
1.478929221630096436e-01
1.892716139554977417e-01
1.210870072245597839e-01
1.236709877848625183e-01
1.664771735668182373e-01
1.356910020112991333e-01
6.390655040740966797e-02
7.053178548812866211e-02
1.661186963319778442e-01
1.383344233036041260e-01
2.057230174541473389e-01
1.744772344827651978e-01
1.853328049182891846e-01
2.335951626300811768e-01
1.970227509737014771e-01
1.459277868270874023e-01
7.706218212842941284e-02
1.886439472436904907e-01
1.496590971946716309e-01
1.266169548034667969e-01
1.325047910213470459e-01
2.335951626300811768e-01
1.468760222196578979e-01
1.841592192649841309e-01
1.466359645128250122e-01
1.504752933979034424e-01
1.695473790168762207e-01
1.599552780389785767e-01
1.751098781824111938e-01
1.701880395412445068e-01
1.055103316903114319e-01
2.335951626300811768e-01
2.335951626300811768e-01
1.520473659038543701e-01
1.470642536878585815e-01
1.336277872323989868e-01
1.884259283542633057e-01
1.449086666107177734e-01
2.108593583106994629e-01
1.563725322484970093e-01
2.422660440206527710e-01
2.422660440206527710e-01
1.570033878087997437e-01
1.016184315085411072e-01
1.047212481498718262e-01
1.193495914340019226e-01
8.335793018341064453e-02
1.683343499898910522e-01
2.422660440206527710e-01
2.013110071420669556e-01
1.745389252901077271e-01
1.514091044664382935e-01
2.185810357332229614e-01
1.663471609354019165e-01
1.438222527503967285e-01
5.983848869800567627e-02
1.184104382991790771e-01
1.784098744392395020e-01
2.422660440206527710e-01
2.415021955966949463e-01
1.566754728555679321e-01
1.297914385795593262e-01
1.152676939964294434e-01
1.282054930925369263e-01
7.720190286636352539e-02
2.069267034530639648e-01
1.872550547122955322e-01
1.962645500898361206e-01
1.711485385894775391e-01
1.597535461187362671e-01
2.313768565654754639e-01
1.161213442683219910e-01
8.127738535404205322e-02
4.271692410111427307e-02
1.441844701766967773e-01
1.581138372421264648e-01
5.913718789815902710e-02
1.223131865262985229e-01
1.079381704330444336e-01
2.519079148769378662e-01
2.795241475105285645e-01
2.695273458957672119e-01
4.629310593008995056e-02
2.679455094039440155e-02
3.578597679734230042e-02
9.169719368219375610e-02
1.393077820539474487e-01
1.363879591226577759e-01
2.795241475105285645e-01
2.795241475105285645e-01
2.496810853481292725e-01
5.870660766959190369e-02
9.062475711107254028e-02
9.266886115074157715e-02
4.089808464050292969e-02
7.679532468318939209e-02
1.961925625801086426e-01
2.795241475105285645e-01
2.664655745029449463e-01
1.414739042520523071e-01
4.088916257023811340e-02
4.750843346118927002e-02
3.699998185038566589e-02
3.200834989547729492e-02
6.883527338504791260e-02
1.872242093086242676e-01
2.795241475105285645e-01
2.795241475105285645e-01
1.707779169082641602e-01
5.556881055235862732e-02
7.266523689031600952e-02
9.121450781822204590e-02
1.782254576683044434e-01
1.151988878846168518e-01
9.983360767364501953e-02
1.600776314735412598e-01
1.858886629343032837e-01
9.590809792280197144e-02
6.904017180204391479e-02
1.486150324344635010e-01
2.149017453193664551e-01
2.453717738389968872e-01
2.453717738389968872e-01
1.459409892559051514e-01
9.184728562831878662e-02
1.641490906476974487e-01
1.133373454213142395e-01
1.194479390978813171e-01
1.239538788795471191e-01
2.189821302890777588e-01
1.212988942861557007e-01
5.925003439188003540e-02
6.140765175223350525e-02
1.956479400396347046e-01
2.453717738389968872e-01
1.442800164222717285e-01
1.494090855121612549e-01
2.004570662975311279e-01
1.413338929414749146e-01
2.313950508832931519e-01
1.754177361726760864e-01
1.318961679935455322e-01
1.500846743583679199e-01
1.671154797077178955e-01
1.621127426624298096e-01
2.453717738389968872e-01
2.431943565607070923e-01
1.050372198224067688e-01
1.942826062440872192e-01
1.857991963624954224e-01
2.022300362586975098e-01
1.670811027288436890e-01
1.181911677122116089e-01
6.517390906810760498e-02
8.221217244863510132e-02
7.098037004470825195e-02
1.133396029472351074e-01
1.784688532352447510e-01
2.329453080892562866e-01
2.329453080892562866e-01
2.329453080892562866e-01
1.557419300079345703e-01
1.218847781419754028e-01
1.201989576220512390e-01
1.748345494270324707e-01
2.205702364444732666e-01
1.862864792346954346e-01
1.996569186449050903e-01
1.732091307640075684e-01
1.483477950096130371e-01
9.167869389057159424e-02
7.669227570295333862e-02
1.467377990484237671e-01
1.121578067541122437e-01
5.842486396431922913e-02
1.974026858806610107e-01
2.318039834499359131e-01
2.272166162729263306e-01
2.289913147687911987e-01
1.340124011039733887e-01
1.428706347942352295e-01
1.378353089094161987e-01
2.117520719766616821e-01
9.462043642997741699e-02
1.191959604620933533e-01
2.279409617185592651e-01
2.280717641115188599e-01
1.137212961912155151e-01
1.255696266889572144e-01
1.677715033292770386e-01
1.009780243039131165e-01
1.439168751239776611e-01
1.840249300003051758e-01
1.800198405981063843e-01
2.280717641115188599e-01
2.280717641115188599e-01
1.981204450130462646e-01
2.198105156421661377e-01
2.044548392295837402e-01
6.431047618389129639e-02
7.533106207847595215e-02
1.559175401926040649e-01
1.242965608835220337e-01
1.113923862576484680e-01
1.931300908327102661e-01
1.517124623060226440e-01
1.643336117267608643e-01
1.668993085622787476e-01
1.060326173901557922e-01
1.402284055948257446e-01
1.036159768700599670e-01
2.134105861186981201e-01
2.280717641115188599e-01
2.280717641115188599e-01
1.809589564800262451e-01
2.070594877004623413e-01
1.695863306522369385e-01
5.524353682994842529e-02
5.071551352739334106e-02
1.171645894646644592e-01
1.755051165819168091e-01
1.599808186292648315e-01
8.485514670610427856e-02
9.397234767675399780e-02
1.068672537803649902e-01
5.081581696867942810e-02
5.112855508923530579e-02
4.314450174570083618e-02
8.932375907897949219e-02
2.663888335227966309e-01
2.663888335227966309e-01
1.434942036867141724e-01
1.508298963308334351e-01
1.028251871466636658e-01
8.301956951618194580e-02
1.031894311308860779e-01
8.250551670789718628e-02
9.479001164436340332e-02
2.663888335227966309e-01
2.663888335227966309e-01
1.837913542985916138e-01
7.282628864049911499e-02
5.684559047222137451e-02
2.671127207577228546e-02
1.326012015342712402e-01
1.574824601411819458e-01
2.663888335227966309e-01
2.663888335227966309e-01
2.663888335227966309e-01
2.217032611370086670e-01
1.584377586841583252e-01
7.962761819362640381e-02
1.040488332509994507e-01
2.663888335227966309e-01
2.092300057411193848e-01
1.513055413961410522e-01
2.647572159767150879e-01
2.647572159767150879e-01
1.351232379674911499e-01
1.143955290317535400e-01
1.271269023418426514e-01
1.342097967863082886e-01
9.357408434152603149e-02
1.583584845066070557e-01
8.497450500726699829e-02
2.647572159767150879e-01
1.761245727539062500e-01
1.054783016443252563e-01
6.913726776838302612e-02
1.588780283927917480e-01
2.371811270713806152e-01
9.660010039806365967e-02
1.676727682352066040e-01
1.794159710407257080e-01
1.886556446552276611e-01
1.458950936794281006e-01
1.237757131457328796e-01
1.837155520915985107e-01
1.122625544667243958e-01
1.560205966234207153e-01
2.193739116191864014e-01
2.166797518730163574e-01
1.041522622108459473e-01
2.647572159767150879e-01
1.568590551614761353e-01
9.590535610914230347e-02
6.426912546157836914e-02
9.388223290443420410e-02
1.368516236543655396e-01
1.013653948903083801e-01
1.566489636898040771e-01
2.514607906341552734e-01
1.549885421991348267e-01
1.160999462008476257e-01
7.865312695503234863e-02
6.008352339267730713e-02
1.465654224157333374e-01
1.528302431106567383e-01
1.200980767607688904e-01
1.107402145862579346e-01
1.695689260959625244e-01
2.768456935882568359e-01
2.662423253059387207e-01
1.473794132471084595e-01
9.766927361488342285e-02
1.290471702814102173e-01
1.103550419211387634e-01
1.487415283918380737e-01
1.739268749952316284e-01
2.768456935882568359e-01
1.899369806051254272e-01
1.208998411893844604e-01
5.909193679690361023e-02
2.358098141849040985e-02
7.979416847229003906e-02
1.100483164191246033e-01
1.303312629461288452e-01
1.153149977326393127e-01
2.529844045639038086e-01
2.768456935882568359e-01
2.768456935882568359e-01
1.049874499440193176e-01
3.338411822915077209e-02
1.054707467555999756e-01
1.817297935485839844e-01
1.820639669895172119e-01
1.617140173912048340e-01
2.768456935882568359e-01
2.695965766906738281e-01
1.683765202760696411e-01
1.488587409257888794e-01
8.359440416097640991e-02
8.055792003870010376e-02
5.669505521655082703e-02
7.213410735130310059e-02
9.269815683364868164e-02
2.096723765134811401e-01
2.688308954238891602e-01
1.002767980098724365e-01
1.311255991458892822e-01
1.678332537412643433e-01
1.542572528123855591e-01
7.173664867877960205e-02
8.430518209934234619e-02
1.176044866442680359e-01
2.178815752267837524e-01
2.695965766906738281e-01
1.975248008966445923e-01
1.250604391098022461e-01
6.740058958530426025e-02
8.136562258005142212e-02
1.538165062665939331e-01
9.653944522142410278e-02
9.035389125347137451e-02
2.695965766906738281e-01
2.695965766906738281e-01
1.271688640117645264e-01
1.391009986400604248e-01
1.651304215192794800e-01
9.534122049808502197e-02
1.826822757720947266e-01
1.210784316062927246e-01
2.387890219688415527e-01
2.695965766906738281e-01
1.606961190700531006e-01
8.857539296150207520e-02
1.108961179852485657e-01
1.699894368648529053e-01
1.254623383283615112e-01
9.144449979066848755e-02
1.097976639866828918e-01
1.234266683459281921e-01
1.949621737003326416e-01
1.420454978942871094e-01
1.182216033339500427e-01
1.280704736709594727e-01
2.609157264232635498e-01
2.609157264232635498e-01
1.847692131996154785e-01
1.153637990355491638e-01
7.775311917066574097e-02
1.494527012109756470e-01
2.074375897645950317e-01
6.657395511865615845e-02
8.271891623735427856e-02
1.675335168838500977e-01
1.384129524230957031e-01
2.296497523784637451e-01
1.720647662878036499e-01
2.609157264232635498e-01
2.609157264232635498e-01
9.493495523929595947e-02
7.461044937372207642e-02
1.313495039939880371e-01
2.166656255722045898e-01
2.609157264232635498e-01
2.497899234294891357e-01
1.382733285427093506e-01
1.038004681468009949e-01
1.068413481116294861e-01
1.333428919315338135e-01
1.363122016191482544e-01
9.515851736068725586e-02
2.133497744798660278e-01
2.358698248863220215e-01
1.388106197118759155e-01
1.031402498483657837e-01
5.583930388092994690e-02
8.236024528741836548e-02
1.476257890462875366e-01
1.561861783266067505e-01
2.169667780399322510e-01
1.389326453208923340e-01
2.490965873003005981e-01
2.490965873003005981e-01
1.965858340263366699e-01
8.468966931104660034e-02
5.582151934504508972e-02
9.521566331386566162e-02
7.866044342517852783e-02
9.946382045745849609e-02
1.894883066415786743e-01
2.079165428876876831e-01
1.363515406847000122e-01
1.390036791563034058e-01
1.257903128862380981e-01
5.650112032890319824e-02
2.286015003919601440e-01
1.423572301864624023e-01
2.178136557340621948e-01
2.291872203350067139e-01
2.490965873003005981e-01
2.162090241909027100e-01
2.275182604789733887e-01
1.527816057205200195e-01
8.904955536127090454e-02
6.984651088714599609e-02
9.125667065382003784e-02
1.678687334060668945e-01
8.381957560777664185e-02
2.330336123704910278e-01
2.330336123704910278e-01
2.330336123704910278e-01
1.198843196034431458e-01
6.248410418629646301e-02
1.934651732444763184e-01
1.837694495916366577e-01
1.561198979616165161e-01
7.869523763656616211e-02
1.884998679161071777e-01
1.937873363494873047e-01
2.330336123704910278e-01
2.302591055631637573e-01
2.330336123704910278e-01
8.895519375801086426e-02
8.444041013717651367e-02
1.188004612922668457e-01
1.062869578599929810e-01
2.330336123704910278e-01
1.749018132686614990e-01
1.389134526252746582e-01
9.255810081958770752e-02
5.896482989192008972e-02
1.458428949117660522e-01
1.321055889129638672e-01
7.633182406425476074e-02
1.217430010437965393e-01
2.330336123704910278e-01
1.581823080778121948e-01
2.202845066785812378e-01
2.175869643688201904e-01
2.008299082517623901e-01
2.294137924909591675e-01
1.729855388402938843e-01
1.095578446984291077e-01
5.133559182286262512e-02
9.666762501001358032e-02
8.057576417922973633e-02
1.048665046691894531e-01
1.608126610517501831e-01
2.294137924909591675e-01
2.028947472572326660e-01
2.167319208383560181e-01
2.294137924909591675e-01
4.217410460114479065e-02
1.107086613774299622e-01
1.318083554506301880e-01
2.085070610046386719e-01
1.999319195747375488e-01
2.294137924909591675e-01
1.739853769540786743e-01
1.248435229063034058e-01
9.901944547891616821e-02
1.046156510710716248e-01
1.363610923290252686e-01
1.053921952843666077e-01
2.016269564628601074e-01
2.294137924909591675e-01
2.222267836332321167e-01
1.605778336524963379e-01
1.310516148805618286e-01
1.625446528196334839e-01
1.078605577349662781e-01
1.408196985721588135e-01
1.687727868556976318e-01
2.294137924909591675e-01
1.923286914825439453e-01
1.703091263771057129e-01
1.947170943021774292e-01
1.683287024497985840e-01
2.309768199920654297e-01
1.130881309509277344e-01
1.363316774368286133e-01
1.388668864965438843e-01
2.236234843730926514e-01
1.583136767148971558e-01
1.385613679885864258e-01
2.309768199920654297e-01
1.854805648326873779e-01
2.309768199920654297e-01
2.111320644617080688e-01
1.451594084501266479e-01
9.878760576248168945e-02
8.345026522874832153e-02
6.111294403672218323e-02
1.185365840792655945e-01
2.214510589838027954e-01
1.218828633427619934e-01
1.528736650943756104e-01
1.103732511401176453e-01
1.537987291812896729e-01
1.901447772979736328e-01
1.827973574399948120e-01
1.114348322153091431e-01
1.762714534997940063e-01
2.309768199920654297e-01
1.930240541696548462e-01
2.309768199920654297e-01
1.227595433592796326e-01
1.422506123781204224e-01
1.719050258398056030e-01
7.533047348260879517e-02
8.273093402385711670e-02
1.854888498783111572e-01
2.360905557870864868e-01
1.656914651393890381e-01
1.590746045112609863e-01
1.325289011001586914e-01
1.748475283384323120e-01
1.167514473199844360e-01
1.037832573056221008e-01
1.272402554750442505e-01
1.618315428495407104e-01
2.292647063732147217e-01
1.549540460109710693e-01
5.632433667778968811e-02
6.457238644361495972e-02
1.201516687870025635e-01
1.626191288232803345e-01
1.496458202600479126e-01
2.394036054611206055e-01
2.394036054611206055e-01
2.349676340818405151e-01
1.718145906925201416e-01
2.104359567165374756e-01
8.446444571018218994e-02
1.756230443716049194e-01
1.606170833110809326e-01
1.158835962414741516e-01
1.169597283005714417e-01
2.152903974056243896e-01
1.791258603334426880e-01
1.456217169761657715e-01
1.475920081138610840e-01
7.028733193874359131e-02
1.449777483940124512e-01
1.487387269735336304e-01
1.489591747522354126e-01
2.084879726171493530e-01
2.394036054611206055e-01
1.871706694364547729e-01
1.767537891864776611e-01
6.117946282029151917e-02
9.300488233566284180e-02
1.049497127532958984e-01
1.313538998365402222e-01
1.006382405757904053e-01
2.911120653152465820e-01
2.553124725818634033e-01
8.663842082023620605e-02
1.199685558676719666e-01
1.927201598882675171e-01
3.028808534145355225e-01
1.484654694795608521e-01
1.068351343274116516e-01
5.905482918024063110e-02
1.366718262434005737e-01
1.378460079431533813e-01
1.069536358118057251e-01
1.042909771203994751e-01
2.218096256256103516e-01
2.050032019615173340e-01
1.296943277120590210e-01
1.298679262399673462e-01
8.447206765413284302e-02
1.616636961698532104e-01
1.843001544475555420e-01
6.186698004603385925e-02
1.004982143640518188e-01
3.028808534145355225e-01
3.028808534145355225e-01
1.988875269889831543e-01
1.119355559349060059e-01
6.289199739694595337e-02
1.585164815187454224e-01
1.074415519833564758e-01
3.100179694592952728e-02
6.216294318437576294e-02
3.172286450862884521e-01
3.172286450862884521e-01
1.541244685649871826e-01
6.198801845312118530e-02
2.229495532810688019e-02
2.822460420429706573e-02
4.005337879061698914e-02
6.985644996166229248e-02
8.440681546926498413e-02
2.652991712093353271e-01
3.172286450862884521e-01
2.186419069766998291e-01
7.823371887207031250e-02
4.021256044507026672e-02
4.788552597165107727e-02
1.175535544753074646e-01
5.409904196858406067e-02
6.093204766511917114e-02
3.172286450862884521e-01
3.172286450862884521e-01
1.326683312654495239e-01
7.390873879194259644e-02
6.370394676923751831e-02
1.711224615573883057e-01
1.247490867972373962e-01
1.288416385650634766e-01
1.194415986537933350e-01
1.842055618762969971e-01
2.967907786369323730e-01
1.133980005979537964e-01
7.215484231710433960e-02
8.848713338375091553e-02
1.312714070081710815e-01
1.722831726074218750e-01
1.090558618307113647e-01
8.950332552194595337e-02
6.454873830080032349e-02
1.553481668233871460e-01
2.047034054994583130e-01
1.599487215280532837e-01
1.491039395332336426e-01
1.903548240661621094e-01
1.373165100812911987e-01
1.039196401834487915e-01
9.424870461225509644e-02
7.685945928096771240e-02
1.911311596632003784e-01
2.465064674615859985e-01
2.224264889955520630e-01
2.615540325641632080e-01
2.615540325641632080e-01
6.941699236631393433e-02
1.726171970367431641e-01
1.396724581718444824e-01
1.108882427215576172e-01
1.553817838430404663e-01
1.710961908102035522e-01
7.196605205535888672e-02
1.158625110983848572e-01
2.149957865476608276e-01
1.850752532482147217e-01
9.954971820116043091e-02
1.031543537974357605e-01
8.661793172359466553e-02
2.350515872240066528e-01
2.615540325641632080e-01
1.676790565252304077e-01
1.249485537409782410e-01
2.615540325641632080e-01
1.114586666226387024e-01
1.139116883277893066e-01
1.378234922885894775e-01
1.807665675878524780e-01
2.314762026071548462e-01
1.483875513076782227e-01
1.005023345351219177e-01
1.612948477268218994e-01
1.466719061136245728e-01
6.468075513839721680e-02
1.508701592683792114e-01
2.095987200736999512e-01
2.535121142864227295e-01
2.535121142864227295e-01
9.956726431846618652e-02
1.343477517366409302e-01
1.960156112909317017e-01
1.656544655561447144e-01
6.103606149554252625e-02
5.434472486376762390e-02
7.226268947124481201e-02
7.799068093299865723e-02
2.207110822200775146e-01
2.389692217111587524e-01
1.459612697362899780e-01
1.050975620746612549e-01
1.295187622308731079e-01
8.690702915191650391e-02
1.286652386188507080e-01
1.284193247556686401e-01
1.727320700883865356e-01
2.475877702236175537e-01
1.563709527254104614e-01
1.884979158639907837e-01
2.535121142864227295e-01
2.286887317895889282e-01
1.585414111614227295e-01
1.413543224334716797e-01
1.111980527639389038e-01
2.441184520721435547e-01
2.466239184141159058e-01
1.281589567661285400e-01
1.712647825479507446e-01
1.708342880010604858e-01
1.247082427144050598e-01
8.561937510967254639e-02
2.466239184141159058e-01
1.709635257720947266e-01
1.940978765487670898e-01
1.351138204336166382e-01
1.672530025243759155e-01
1.512403488159179688e-01
1.240897551178932190e-01
1.613884866237640381e-01
2.374223619699478149e-01
1.579702049493789673e-01
1.536514461040496826e-01
1.519721001386642456e-01
1.504637300968170166e-01
1.251365989446640015e-01
1.640144586563110352e-01
2.314514964818954468e-01
1.605682522058486938e-01
1.195968091487884521e-01
2.466239184141159058e-01
1.076921671628952026e-01
8.829332143068313599e-02
6.450223177671432495e-02
8.541702479124069214e-02
7.616962492465972900e-02
1.066718772053718567e-01
2.430664747953414917e-01
2.320713251829147339e-01
1.927507668733596802e-01
2.100151777267456055e-01
1.105954125523567200e-01
7.244887202978134155e-02
6.613603234291076660e-02
6.603509932756423950e-02
1.942148804664611816e-01
1.692922115325927734e-01
1.967072486877441406e-01
2.114718705415725708e-01
1.739831119775772095e-01
1.574070155620574951e-01
1.657337248325347900e-01
9.064941853284835815e-02
7.986903190612792969e-02
1.539055407047271729e-01
1.340898126363754272e-01
1.943154484033584595e-01
2.489313632249832153e-01
9.294404089450836182e-02
4.778530076146125793e-02
1.050825342535972595e-01
1.080343574285507202e-01
1.260557323694229126e-01
2.170265763998031616e-01
2.505707740783691406e-01
2.979470491409301758e-01
2.979470491409301758e-01
1.297104209661483765e-01
6.584499031305313110e-02
6.462349742650985718e-02
7.549276947975158691e-02
1.119439005851745605e-01
6.078119948506355286e-02
1.681103259325027466e-01
2.979470491409301758e-01
1.420607715845108032e-01
9.164490550756454468e-02
9.831898659467697144e-02
1.791845113039016724e-01
8.166751265525817871e-02
8.224415034055709839e-02
7.525743544101715088e-02
6.466992944478988647e-02
1.118354648351669312e-01
3.081871867179870605e-01
1.092793494462966919e-01
1.176973581314086914e-01
1.084671244025230408e-01
5.522470921277999878e-02
5.554230883717536926e-02
5.117732658982276917e-02
5.595131963491439819e-02
3.172983825206756592e-01
3.172983825206756592e-01
1.004356965422630310e-01
9.194417297840118408e-02
1.139995604753494263e-01
7.541022449731826782e-02
1.170604676008224487e-01
5.427277460694313049e-02
1.089970618486404419e-01
3.172983825206756592e-01
3.172983825206756592e-01
1.632429957389831543e-01
2.054601311683654785e-01
1.830413788557052612e-01
1.149951964616775513e-01
1.271191835403442383e-01
1.853390485048294067e-01
1.049835979938507080e-01
3.172983825206756592e-01
3.016584813594818115e-01
8.879550546407699585e-02
5.039747059345245361e-02
2.821227163076400757e-02
2.673956751823425293e-02
4.069012030959129333e-02
5.086895823478698730e-02
8.588758111000061035e-02
3.016584813594818115e-01
3.016584813594818115e-01
1.948725730180740356e-01
4.998894408345222473e-02
9.784154593944549561e-03
4.117519780993461609e-02
9.173995256423950195e-02
7.172830402851104736e-02
1.402738988399505615e-01
3.016584813594818115e-01
3.016584813594818115e-01
1.028513163328170776e-01
8.260788768529891968e-02
6.798992305994033813e-02
4.042752459645271301e-02
6.312029808759689331e-02
1.406838148832321167e-01
1.511111259460449219e-01
3.016584813594818115e-01
3.016584813594818115e-01
1.611944288015365601e-01
6.529684364795684814e-02
3.333762660622596741e-02
1.569329015910625458e-02
6.860948354005813599e-02
1.068228557705879211e-01
2.279272973537445068e-01
3.016584813594818115e-01
2.841219007968902588e-01
2.132735848426818848e-01
1.183252111077308655e-01
3.954401612281799316e-02
4.600974544882774353e-02
9.676562249660491943e-02
4.276268184185028076e-02
8.053687214851379395e-02
2.841219007968902588e-01
2.841219007968902588e-01
1.793936640024185181e-01
1.746128946542739868e-01
1.908194124698638916e-01
7.969962805509567261e-02
1.570579856634140015e-01
5.565540492534637451e-02
1.668540239334106445e-01
2.841219007968902588e-01
2.841219007968902588e-01
1.769349575042724609e-01
1.124840378761291504e-01
2.160474658012390137e-02
1.311298646032810211e-02
4.286605119705200195e-02
2.968660183250904083e-02
1.191891208291053772e-01
2.397729158401489258e-01
2.841219007968902588e-01
1.618065834045410156e-01
1.160858795046806335e-01
8.228749036788940430e-02
4.274738207459449768e-02
8.890216797590255737e-02
2.229762449860572815e-02
1.205317229032516479e-01
2.841219007968902588e-01
2.361133247613906860e-01
1.066204831004142761e-01
9.256554394960403442e-02
2.498520016670227051e-01
1.581613272428512573e-01
2.639205753803253174e-01
1.091719269752502441e-01
1.951882243156433105e-01
2.639205753803253174e-01
9.976311028003692627e-02
9.603962302207946777e-02
1.120492741465568542e-01
1.710254102945327759e-01
2.639205753803253174e-01
1.713143736124038696e-01
1.443622708320617676e-01
1.284048855304718018e-01
1.320757865905761719e-01
2.639205753803253174e-01
1.319439113140106201e-01
5.365595221519470215e-02
1.458253860473632812e-01
8.917729556560516357e-02
1.380529105663299561e-01
3.062651678919792175e-02
1.124040633440017700e-01
2.639205753803253174e-01
1.858190000057220459e-01
1.118759810924530029e-01
9.315797686576843262e-02
1.686869114637374878e-01
2.639205753803253174e-01
7.899030297994613647e-02
1.538730412721633911e-01
9.653671085834503174e-02
1.250634789466857910e-01
7.673133909702301025e-02
5.481792241334915161e-02
1.005927175283432007e-01
1.761193871498107910e-01
2.277025729417800903e-01
1.253590285778045654e-01
1.259220242500305176e-01
1.130613014101982117e-01
3.720007836818695068e-02
2.435661405324935913e-01
9.818386286497116089e-02
1.343500316143035889e-01
2.238457202911376953e-01
2.188527584075927734e-01
1.839686185121536255e-01
2.487527430057525635e-01
2.016492187976837158e-01
8.779583871364593506e-02
1.362686008214950562e-01
8.388420939445495605e-02
1.355242431163787842e-01
1.780022829771041870e-01
2.487527430057525635e-01
1.080718338489532471e-01
1.762998104095458984e-01
1.028096601366996765e-01
2.492326125502586365e-02
2.487527430057525635e-01
1.553095132112503052e-01
1.871412843465805054e-01
1.812933087348937988e-01
1.536933332681655884e-01
1.464320570230484009e-01
2.487527430057525635e-01
2.487527430057525635e-01
8.118969202041625977e-02
1.294249147176742554e-01
9.531912952661514282e-02
7.686220109462738037e-02
1.176583617925643921e-01
1.891615390777587891e-01
1.837119311094284058e-01
2.165803462266921997e-01
1.129432916641235352e-01
5.462659150362014771e-02
1.086874753236770630e-01
1.353589594364166260e-01
6.422441452741622925e-02
1.297987848520278931e-01
2.254302054643630981e-01
1.954063624143600464e-01
2.365622073411941528e-01
2.193617224693298340e-01
2.089591026306152344e-01
1.473421454429626465e-01
7.812605798244476318e-02
9.244854748249053955e-02
1.274553388357162476e-01
1.550258696079254150e-01
1.484373956918716431e-01
2.365622073411941528e-01
1.992041319608688354e-01
8.650955557823181152e-02
1.138599291443824768e-01
1.282147318124771118e-01
1.176998615264892578e-01
1.864872574806213379e-01
2.018970847129821777e-01
2.086445689201354980e-01
2.365622073411941528e-01
2.365622073411941528e-01
2.365622073411941528e-01
1.389880776405334473e-01
1.130201518535614014e-01
9.082195162773132324e-02
1.236483529210090637e-01
1.067776158452033997e-01
1.112177744507789612e-01
2.032560706138610840e-01
2.332958579063415527e-01
2.460314482450485229e-01
1.602603644132614136e-01
1.130049601197242737e-01
1.154467612504959106e-01
1.590071022510528564e-01
1.202587410807609558e-01
1.317781060934066772e-01
1.692204475402832031e-01
1.172672882676124573e-01
2.460314482450485229e-01
1.511207818984985352e-01
1.587879210710525513e-01
1.865339279174804688e-01
1.563512235879898071e-01
1.091014072299003601e-01
1.189407333731651306e-01
1.961114853620529175e-01
2.369135320186614990e-01
2.460314482450485229e-01
2.151101976633071899e-01
1.505406647920608521e-01
1.579014658927917480e-01
1.786076277494430542e-01
1.676098108291625977e-01
9.551750868558883667e-02
1.743303835391998291e-01
8.769510686397552490e-02
2.460314482450485229e-01
1.903255730867385864e-01
1.033188849687576294e-01
6.843486428260803223e-02
1.076648756861686707e-01
1.683424264192581177e-01
1.893741488456726074e-01
1.639505326747894287e-01
7.700670510530471802e-02
2.496484965085983276e-01
2.496484965085983276e-01
1.640311181545257568e-01
1.215484961867332458e-01
8.297915756702423096e-02
1.423669457435607910e-01
2.012177705764770508e-01
9.304048866033554077e-02
9.219397604465484619e-02
2.496484965085983276e-01
2.345128506422042847e-01
1.292083263397216797e-01
7.483772933483123779e-02
1.717006564140319824e-01
1.823772639036178589e-01
1.914438307285308838e-01
2.410975545644760132e-01
6.952546536922454834e-02
1.939689517021179199e-01
2.496484965085983276e-01
1.393313109874725342e-01
5.751662328839302063e-02
1.529144495725631714e-01
1.456513404846191406e-01
1.798036992549896240e-01
1.342919915914535522e-01
6.531352549791336060e-02
2.496484965085983276e-01
2.407321929931640625e-01
2.028735578060150146e-01
2.083595991134643555e-01
7.809724658727645874e-02
1.140263080596923828e-01
1.355547904968261719e-01
8.274840563535690308e-02
7.492916285991668701e-02
2.466137260198593140e-01
1.797223985195159912e-01
1.768292337656021118e-01
2.466137260198593140e-01
1.290056109428405762e-01
9.614003449678421021e-02
1.187838912010192871e-01
1.895130425691604614e-01
1.802746653556823730e-01
2.330767065286636353e-01
2.466137260198593140e-01
1.550594270229339600e-01
7.257195562124252319e-02
9.377017617225646973e-02
1.015354245901107788e-01
6.988577544689178467e-02
5.355041846632957458e-02
6.706894189119338989e-02
2.466137260198593140e-01
1.880216002464294434e-01
2.076487690210342407e-01
1.620310842990875244e-01
1.427574157714843750e-01
1.202772557735443115e-01
1.422043889760971069e-01
1.363514512777328491e-01
1.908550113439559937e-01
2.450021654367446899e-01
8.269138634204864502e-02
8.450095355510711670e-02
2.433583885431289673e-01
1.536998450756072998e-01
4.610668867826461792e-02
5.117806419730186462e-02
7.040035724639892578e-02
1.002182886004447937e-01
8.060517907142639160e-02
1.304106712341308594e-01
1.661089062690734863e-01
2.531107962131500244e-01
2.531107962131500244e-01
1.128496825695037842e-01
7.554847747087478638e-02
5.147255584597587585e-02
2.324309349060058594e-01
1.347289085388183594e-01
1.477392315864562988e-01
1.574964970350265503e-01
1.825299859046936035e-01
1.490428596735000610e-01
1.156525909900665283e-01
1.182974949479103088e-01
1.112623140215873718e-01
1.387215107679367065e-01
1.339643448591232300e-01
2.531107962131500244e-01
2.346476912498474121e-01
2.531107962131500244e-01
2.531107962131500244e-01
1.872425973415374756e-01
1.240003257989883423e-01
1.057967469096183777e-01
2.373916953802108765e-01
2.531107962131500244e-01
1.143964603543281555e-01
7.581702619791030884e-02
1.117764860391616821e-01
1.576097458600997925e-01
1.015251129865646362e-01
1.005644872784614563e-01
1.113277375698089600e-01
2.510464489459991455e-01
2.081834375858306885e-01
8.752777427434921265e-02
6.275302916765213013e-02
8.330905437469482422e-02
7.761690020561218262e-02
6.911530345678329468e-02
7.896158099174499512e-02
1.263141632080078125e-01
2.124505490064620972e-01
1.953191459178924561e-01
2.510464489459991455e-01
1.325718909502029419e-01
1.811628341674804688e-01
1.905917078256607056e-01
1.462010294198989868e-01
1.841549277305603027e-01
1.353785097599029541e-01
2.510464489459991455e-01
2.510464489459991455e-01
1.578220278024673462e-01
9.488057345151901245e-02
7.253596931695938110e-02
1.011768952012062073e-01
1.389434486627578735e-01
2.502584159374237061e-01
2.460215091705322266e-01
2.510464489459991455e-01
2.510464489459991455e-01
1.054413393139839172e-01
9.878281503915786743e-02
1.279890686273574829e-01
1.346130520105361938e-01
8.955650031566619873e-02
5.171741172671318054e-02
1.225103884935379028e-01
1.947470009326934814e-01
1.600449234247207642e-01
1.303356140851974487e-01
1.295792311429977417e-01
9.684800356626510620e-02
1.108387783169746399e-01
9.655345976352691650e-02
6.764052808284759521e-02
1.444907486438751221e-01
1.621749550104141235e-01
1.184148564934730530e-01
2.081463485956192017e-01
1.995793133974075317e-01
1.212527081370353699e-01
1.304995566606521606e-01
1.365174353122711182e-01
1.983075290918350220e-01
2.568127512931823730e-01
2.568127512931823730e-01
2.484162896871566772e-01
2.568127512931823730e-01
2.568127512931823730e-01
1.651525795459747314e-01
1.396131813526153564e-01
9.170822054147720337e-02
1.274177581071853638e-01
1.816163361072540283e-01
2.313997298479080200e-01
2.568127512931823730e-01
1.150307133793830872e-01
8.003722131252288818e-02
6.204464659094810486e-02
8.814266324043273926e-02
7.728359103202819824e-02
8.658754080533981323e-02
1.541374921798706055e-01
1.249204874038696289e-01
1.051583141088485718e-01
2.019651383161544800e-01
1.376868933439254761e-01
1.639015823602676392e-01
1.328364163637161255e-01
9.944333136081695557e-02
1.424466222524642944e-01
2.498549669981002808e-01
2.359787523746490479e-01
2.045712769031524658e-01
2.271120101213455200e-01
2.223996371030807495e-01
1.480068117380142212e-01
1.183124855160713196e-01
4.971713945269584656e-02
1.035270988941192627e-01
1.621408462524414062e-01
1.655216366052627563e-01
1.933262497186660767e-01
2.498549669981002808e-01
2.498549669981002808e-01
2.498549669981002808e-01
2.377644479274749756e-01
6.547899544239044189e-02
8.992048352956771851e-02
1.642693430185317993e-01
1.454578638076782227e-01
2.498549669981002808e-01
1.589884459972381592e-01
1.632349640130996704e-01
2.078763097524642944e-01
1.499612927436828613e-01
1.675399094820022583e-01
1.663983464241027832e-01
2.549848854541778564e-01
1.395242810249328613e-01
1.417782604694366455e-01
1.830009073019027710e-01
1.052949801087379456e-01
1.008331999182701111e-01
8.432972431182861328e-02
1.180201396346092224e-01
6.458585709333419800e-02
1.096300631761550903e-01
1.241844147443771362e-01
1.425571441650390625e-01
1.696986854076385498e-01
2.338686585426330566e-01
2.549848854541778564e-01
2.549848854541778564e-01
1.302061676979064941e-01
1.422614306211471558e-01
2.060538828372955322e-01
9.217622876167297363e-02
2.135813236236572266e-01
1.673731654882431030e-01
1.445740908384323120e-01
1.276777386665344238e-01
2.127947509288787842e-01
1.420924514532089233e-01
1.012361645698547363e-01
1.694300025701522827e-01
1.877847015857696533e-01
1.989179849624633789e-01
3.552972674369812012e-01
9.069947898387908936e-02
3.048158437013626099e-02
9.228983521461486816e-02
5.623111128807067871e-02
8.408282697200775146e-02
2.333570569753646851e-01
3.027371764183044434e-01
3.614928424358367920e-01
3.614928424358367920e-01
9.824303537607192993e-02
4.335816949605941772e-02
7.393735647201538086e-02
4.607307538390159607e-02
8.185281604528427124e-02
6.959106773138046265e-02
1.618795841932296753e-01
3.614928424358367920e-01
1.417284756898880005e-01
2.327319420874118805e-02
7.621652912348508835e-03
3.231696411967277527e-02
1.449205446988344193e-02
2.694095671176910400e-02
1.028924509882926941e-01
1.348122954368591309e-01
3.483492732048034668e-01
1.131983324885368347e-01
2.984607405960559845e-02
1.743593811988830566e-02
5.167564749717712402e-02
3.033774718642234802e-02
2.454973012208938599e-02
4.721270874142646790e-02
9.256654232740402222e-02
2.132297307252883911e-01
3.953872025012969971e-01
9.694402664899826050e-02
5.987813323736190796e-02
7.562056183815002441e-02
6.900458782911300659e-02
1.034667938947677612e-01
5.819321796298027039e-02
1.431386023759841919e-01
3.953872025012969971e-01
3.953872025012969971e-01
1.939560174942016602e-01
1.372480541467666626e-01
1.122348681092262268e-01
1.573657244443893433e-01
1.484250575304031372e-01
2.371121048927307129e-01
1.628973931074142456e-01
3.953872025012969971e-01
8.556951582431793213e-02
2.743608504533767700e-02
2.024226263165473938e-02
3.832111135125160217e-02
4.958270862698554993e-02
4.250777512788772583e-02
4.459348693490028381e-02
6.539501994848251343e-02
1.473208516836166382e-01
1.040584817528724670e-01
7.088223844766616821e-02
4.477270692586898804e-02
2.591605298221111298e-02
8.966881036758422852e-02
6.390003859996795654e-02
9.624324738979339600e-02
9.883865714073181152e-02
1.490174233913421631e-01
2.854831814765930176e-01
1.313681453466415405e-01
6.202489882707595825e-02
4.563307762145996094e-02
7.331188768148422241e-02
1.210234612226486206e-01
2.883834540843963623e-01
2.162393480539321899e-01
2.883834540843963623e-01
2.580115497112274170e-01
1.014239564538002014e-01
7.593468576669692993e-02
5.263605713844299316e-02
2.756805717945098877e-02
1.776403188705444336e-01
2.883834540843963623e-01
2.883834540843963623e-01
2.883834540843963623e-01
8.360163867473602295e-02
5.963585525751113892e-02
3.672030568122863770e-02
1.153980009257793427e-02
5.292709171772003174e-02
6.040610000491142273e-02
1.764080971479415894e-01
1.252076476812362671e-01
1.021470353007316589e-01
1.048790290951728821e-01
5.012523382902145386e-02
6.555373221635818481e-02
3.270979970693588257e-02
3.233258426189422607e-02
7.758735120296478271e-02
2.123396992683410645e-01
2.805241346359252930e-01
2.582255899906158447e-01
2.930960357189178467e-01
1.419536322355270386e-01
8.685313165187835693e-02
5.167833343148231506e-02
2.300962060689926147e-02
9.595099091529846191e-02
1.169641315937042236e-01
2.931559681892395020e-01
2.931559681892395020e-01
2.931559681892395020e-01
2.112868726253509521e-01
6.427436321973800659e-02
5.731764435768127441e-02
3.548192232847213745e-02
4.118439927697181702e-02
4.902266710996627808e-02
1.828136742115020752e-01
2.931559681892395020e-01
1.280080825090408325e-01
7.973045110702514648e-02
6.085588410496711731e-02
3.977216780185699463e-02
2.526513300836086273e-02
3.304440155625343323e-02
8.759709447622299194e-02
2.931559681892395020e-01
2.931559681892395020e-01
2.334686368703842163e-01
1.536972522735595703e-01
6.452068686485290527e-02
2.900460548698902130e-02
3.098427690565586090e-02
2.106906473636627197e-02
5.917479842901229858e-02
1.987230181694030762e-01
2.931559681892395020e-01
3.171890079975128174e-01
2.021065801382064819e-01
6.394325196743011475e-02
8.569498360157012939e-02
5.954206362366676331e-02
5.161377787590026855e-02
5.587102100253105164e-02
1.199099645018577576e-01
3.171890079975128174e-01
2.481326311826705933e-01
1.109465211629867554e-01
8.196529000997543335e-02
1.657483279705047607e-01
2.842517495155334473e-01
7.430480420589447021e-02
2.697115540504455566e-01
2.054172605276107788e-01
1.591961830854415894e-01
2.039789259433746338e-01
1.643717885017395020e-01
7.286506891250610352e-02
2.635829895734786987e-02
4.239265620708465576e-02
5.828697606921195984e-02
8.647884428501129150e-02
1.577727049589157104e-01
3.138145208358764648e-01
1.501868814229965210e-01
7.855568081140518188e-02
3.116484917700290680e-02
4.564710333943367004e-02
8.600160479545593262e-02
9.078971296548843384e-02
1.846915632486343384e-01
2.055822759866714478e-01
2.246769666671752930e-01
1.322008669376373291e-01
8.081335574388504028e-02
1.013525649905204773e-01
1.419550329446792603e-01
1.840058267116546631e-01
7.908539474010467529e-02
2.867358028888702393e-01
2.021753638982772827e-01
3.401226922869682312e-02
2.260145694017410278e-01
2.216757982969284058e-01
2.424895167350769043e-01
1.699354201555252075e-01
1.566268503665924072e-01
1.494278162717819214e-01
2.867358028888702393e-01
2.867358028888702393e-01
1.273156404495239258e-01
7.560269534587860107e-02
3.402633592486381531e-02
3.030327707529067993e-02
3.932602703571319580e-02
5.533642694354057312e-02
5.511433258652687073e-02
2.245490103960037231e-01
1.502703130245208740e-01
6.153788790106773376e-02
8.307610452175140381e-02
8.667221665382385254e-02
1.228010281920433044e-01
4.556175693869590759e-02
1.102978810667991638e-01
1.534583419561386108e-01
2.867358028888702393e-01
2.867358028888702393e-01
1.974504142999649048e-01
1.422294676303863525e-01
9.721063077449798584e-02
1.220477893948554993e-01
1.259441524744033813e-01
1.780840903520584106e-01
1.694565564393997192e-01
1.535654813051223755e-01
1.475827842950820923e-01
1.071393042802810669e-01
1.554118096828460693e-01
1.037986874580383301e-01
1.495438218116760254e-01
1.815300732851028442e-01
1.867827922105789185e-01
2.368396520614624023e-01
1.539785414934158325e-01
2.198896855115890503e-01
2.104302942752838135e-01
7.230842113494873047e-02
6.983931362628936768e-02
1.229567527770996094e-01
9.315671026706695557e-02
1.372178643941879272e-01
1.948964297771453857e-01
2.223141640424728394e-01
1.658962368965148926e-01
1.429459601640701294e-01
1.819531917572021484e-01
1.115108430385589600e-01
1.651564985513687134e-01
2.092542350292205811e-01
2.085904479026794434e-01
2.355671972036361694e-01
2.368396520614624023e-01
1.923925280570983887e-01
1.598394960165023804e-01
1.602592766284942627e-01
1.391898244619369507e-01
2.338525801897048950e-01
1.710814088582992554e-01
8.401266485452651978e-02
9.372383356094360352e-02
1.041012406349182129e-01
1.531420052051544189e-01
2.325623035430908203e-01
1.716667115688323975e-01
1.738262325525283813e-01
2.338525801897048950e-01
2.338525801897048950e-01
1.642761379480361938e-01
6.841459870338439941e-02
1.038342565298080444e-01
7.485643029212951660e-02
1.757276952266693115e-01
2.166324853897094727e-01
9.243774414062500000e-02
1.543231457471847534e-01
1.970455646514892578e-01
1.253882497549057007e-01
1.199146956205368042e-01
1.856678873300552368e-01
1.878017783164978027e-01
2.109662145376205444e-01
2.338525801897048950e-01
1.660028249025344849e-01
2.116969376802444458e-01
2.269079834222793579e-01
1.203132644295692444e-01
9.273234009742736816e-02
9.576757997274398804e-02
1.114927530288696289e-01
1.753587275743484497e-01
2.236973941326141357e-01
2.101767212152481079e-01
2.544737458229064941e-01
2.582842409610748291e-01
1.974943578243255615e-01
1.272924691438674927e-01
1.886485815048217773e-01
7.481621950864791870e-02
1.429083943367004395e-01
2.544296979904174805e-01
1.882026493549346924e-01
1.311362534761428833e-01
1.645853966474533081e-01
1.026969105005264282e-01
1.059184074401855469e-01
1.235711425542831421e-01
6.715994328260421753e-02
1.545458883047103882e-01
2.564595341682434082e-01
2.535862624645233154e-01
2.582842409610748291e-01
1.955762058496475220e-01
1.081318929791450500e-01
5.305215343832969666e-02
6.727681308984756470e-02
6.083182990550994873e-02
1.179124936461448669e-01
1.906463056802749634e-01
2.582842409610748291e-01
1.942262351512908936e-01
8.790288865566253662e-02
6.655719131231307983e-02
3.301106393337249756e-02
5.477965995669364929e-02
6.226494163274765015e-02
1.116714254021644592e-01
1.277579814195632935e-01
8.112679421901702881e-02
4.240401834249496460e-02
6.497351825237274170e-02
6.854052096605300903e-02
6.625146418809890747e-02
7.449456304311752319e-02
8.472090959548950195e-02
1.363173127174377441e-01
2.036110609769821167e-01
2.268139719963073730e-01
1.057020127773284912e-01
1.242887526750564575e-01
2.051693499088287354e-01
2.527243793010711670e-01
2.471344321966171265e-01
1.765781044960021973e-01
2.108536958694458008e-01
1.163217648863792419e-01
2.018592208623886108e-01
1.780208349227905273e-01
9.742967039346694946e-02
9.152659028768539429e-02
6.335432827472686768e-02
5.371620878577232361e-02
5.703365057706832886e-02
7.856237888336181641e-02
1.787213087081909180e-01
2.211007177829742432e-01
2.401281148195266724e-01
2.175865322351455688e-01
2.527243793010711670e-01
2.527243793010711670e-01
2.527243793010711670e-01
1.919528096914291382e-01
1.774912625551223755e-01
1.337033361196517944e-01
1.394300609827041626e-01
9.663441777229309082e-02
1.070942506194114685e-01
1.392711848020553589e-01
1.999632865190505981e-01
2.391285449266433716e-01
1.083426028490066528e-01
1.102916225790977478e-01
2.391285449266433716e-01
1.475096940994262695e-01
2.391285449266433716e-01
2.391285449266433716e-01
1.273885518312454224e-01
9.425044059753417969e-02
1.632730960845947266e-01
2.020973414182662964e-01
1.741881668567657471e-01
8.644025772809982300e-02
1.085575222969055176e-01
9.203895181417465210e-02
8.190483599901199341e-02
1.382918655872344971e-01
2.391285449266433716e-01
2.391285449266433716e-01
1.976345330476760864e-01
1.536861062049865723e-01
1.560118347406387329e-01
1.828045696020126343e-01
1.100428625941276550e-01
8.973807841539382935e-02
8.317184448242187500e-02
1.514757126569747925e-01
2.391285449266433716e-01
2.391285449266433716e-01
1.732250154018402100e-01
2.289816439151763916e-01
1.335469186305999756e-01
1.912589669227600098e-01
2.289816439151763916e-01
1.153006404638290405e-01
1.191737055778503418e-01
8.695511519908905029e-02
2.186189442873001099e-01
2.289816439151763916e-01
1.521747261285781860e-01
9.394469857215881348e-02
9.495770186185836792e-02
1.120419353246688843e-01
1.219957023859024048e-01
2.103820890188217163e-01
1.821203082799911499e-01
2.289816439151763916e-01
1.607428789138793945e-01
2.056521326303482056e-01
2.202731221914291382e-01
1.287315487861633301e-01
9.636547416448593140e-02
1.128746271133422852e-01
1.038401722908020020e-01
1.003167331218719482e-01
1.988280415534973145e-01
1.864220499992370605e-01
1.707616448402404785e-01
2.289816439151763916e-01
1.985839903354644775e-01
1.585543304681777954e-01
1.862330436706542969e-01
1.449718177318572998e-01
7.739818096160888672e-02
1.250890046358108521e-01
1.759640127420425415e-01
1.207253485918045044e-01
9.316948056221008301e-02
6.710331141948699951e-02
6.980527937412261963e-02
8.949957042932510376e-02
1.395762860774993896e-01
1.836279183626174927e-01
2.322162240743637085e-01
1.482699364423751831e-01
1.596702486276626587e-01
1.613580286502838135e-01
9.161943942308425903e-02
1.617606878280639648e-01
9.497877210378646851e-02
1.650837063789367676e-01
1.892256140708923340e-01
2.190253138542175293e-01
2.236637175083160400e-01
1.551354974508285522e-01
1.257058233022689819e-01
1.344089359045028687e-01
1.504851281642913818e-01
1.488967239856719971e-01
1.636984050273895264e-01
1.273302733898162842e-01
2.015836983919143677e-01
1.619769185781478882e-01
2.210576385259628296e-01
7.877824455499649048e-02
1.595458984375000000e-01
2.307024300098419189e-01
1.251226067543029785e-01
2.322162240743637085e-01
2.189678996801376343e-01
2.322162240743637085e-01
2.322162240743637085e-01
1.373716741800308228e-01
1.414083689451217651e-01
1.479007005691528320e-01
2.012424319982528687e-01
7.775863260030746460e-02
1.439181268215179443e-01
1.652534753084182739e-01
1.356384009122848511e-01
1.768368631601333618e-01
2.173246592283248901e-01
1.679622530937194824e-01
2.390761226415634155e-01
1.786652952432632446e-01
8.024306595325469971e-02
6.958991289138793945e-02
1.567217707633972168e-01
1.052254661917686462e-01
1.230142638087272644e-01
2.430592775344848633e-01
1.461568772792816162e-01
2.242732048034667969e-01
2.365313321352005005e-01
8.910477161407470703e-02
1.679672747850418091e-01
1.871403753757476807e-01
1.308594644069671631e-01
1.533119231462478638e-01
2.430592775344848633e-01
2.205795198678970337e-01
2.010043561458587646e-01
1.625914424657821655e-01
1.425524204969406128e-01
1.171416714787483215e-01
2.081460058689117432e-01
9.664326161146163940e-02
7.910466939210891724e-02
1.796155273914337158e-01
1.482978612184524536e-01
1.922076940536499023e-01
1.543669998645782471e-01
8.769354969263076782e-02
1.081062406301498413e-01
1.220704615116119385e-01
9.992030262947082520e-02
1.159607917070388794e-01
1.756052225828170776e-01
1.331874281167984009e-01
1.234318017959594727e-01
1.648786365985870361e-01
1.138371378183364868e-01
1.515099555253982544e-01
9.419267624616622925e-02
1.666056662797927856e-01
1.468793898820877075e-01
2.450919598340988159e-01
1.957761347293853760e-01
1.006304547190666199e-01
1.415506005287170410e-01
2.450919598340988159e-01
1.852805316448211670e-01
1.373222172260284424e-01
1.322859376668930054e-01
1.135934591293334961e-01
2.450919598340988159e-01
2.201196849346160889e-01
1.498038023710250854e-01
1.295218765735626221e-01
2.450919598340988159e-01
2.450919598340988159e-01
6.729344278573989868e-02
1.870861649513244629e-01
2.450919598340988159e-01
