1.959937512874603271e-01
9.799277782440185547e-02
1.808569952845573425e-02
1.256547216325998306e-02
3.116471320390701294e-02
1.467226259410381317e-02
4.509528726339340210e-02
1.120090931653976440e-01
3.259322047233581543e-01
3.075243532657623291e-01
8.623652160167694092e-02
4.098133649677038193e-03
8.502886630594730377e-03
3.139971196651458740e-02
4.465095698833465576e-02
5.946456640958786011e-02
5.675899609923362732e-02
3.250387012958526611e-01
3.263510167598724365e-01
3.263510167598724365e-01
4.177771508693695068e-02
2.727200835943222046e-02
1.102811098098754883e-02
5.412967875599861145e-03
1.463902369141578674e-02
7.614598423242568970e-02
3.263510167598724365e-01
3.263510167598724365e-01
9.924847632646560669e-02
1.300783245824277401e-03
2.600919920951128006e-03
1.273005548864603043e-02
4.304597899317741394e-02
8.459114283323287964e-02
2.203376442193984985e-01
3.263510167598724365e-01
2.852703034877777100e-01
9.996789693832397461e-02
1.184730906970798969e-03
9.115965804085135460e-04
1.448867004364728928e-02
3.456380590796470642e-02
3.339322283864021301e-02
7.943218946456909180e-02
2.653982937335968018e-01
2.852703034877777100e-01
2.004905417561531067e-02
8.468134183203801513e-05
0.000000000000000000e+00
2.924496307969093323e-03
2.531264210119843483e-03
2.191456966102123260e-02
7.844818383455276489e-02
2.487117648124694824e-01
2.852703034877777100e-01
1.096882522106170654e-01
2.854074700735509396e-04
7.090196013450622559e-04
8.125856518745422363e-03
1.454932242631912231e-01
2.852703034877777100e-01
2.852703034877777100e-01
2.852703034877777100e-01
2.426088452339172363e-01
2.401366829872131348e-02
6.586325616808608174e-05
0.000000000000000000e+00
1.516064163297414780e-02
1.167690530419349670e-01
2.852703034877777100e-01
2.852703034877777100e-01
2.852703034877777100e-01
3.010706603527069092e-01
2.516051568090915680e-02
0.000000000000000000e+00
0.000000000000000000e+00
4.638536367565393448e-03
6.095347926020622253e-04
5.271068774163722992e-03
2.547045238316059113e-02
3.010706603527069092e-01
3.010706603527069092e-01
1.444982439279556274e-01
1.559750735759735107e-02
0.000000000000000000e+00
4.120633937418460846e-03
1.407568925060331821e-04
9.051950182765722275e-04
4.413169249892234802e-02
3.010706603527069092e-01
3.010706603527069092e-01
8.793641626834869385e-02
7.706653792411088943e-03
8.606115356087684631e-03
3.606726601719856262e-02
3.046647459268569946e-02
1.986566185951232910e-01
2.903889119625091553e-01
3.010706603527069092e-01
3.010706603527069092e-01
3.010706603527069092e-01
5.996093153953552246e-02
1.563881896436214447e-02
1.043147407472133636e-02
6.781812291592359543e-03
4.286455735564231873e-02
1.306221485137939453e-01
3.010706603527069092e-01
2.843660414218902588e-01
1.100242212414741516e-01
2.016468718647956848e-02
1.703823101706802845e-03
7.692852523177862167e-03
8.618849824415519834e-05
1.143366191536188126e-02
9.944208711385726929e-02
2.819084525108337402e-01
2.944028973579406738e-01
1.180606856942176819e-01
2.244568429887294769e-02
2.937668934464454651e-03
1.452759746462106705e-02
9.418894536793231964e-03
6.502330303192138672e-02
2.970880866050720215e-01
2.970880866050720215e-01
2.970880866050720215e-01
2.970880866050720215e-01
5.027632415294647217e-02
9.554702788591384888e-03
1.403257716447114944e-02
1.292827422730624676e-03
3.016980737447738647e-02
3.740933164954185486e-02
2.364823520183563232e-01
2.970880866050720215e-01
2.970880866050720215e-01
8.501089364290237427e-02
1.066504232585430145e-02
2.968183346092700958e-02
1.899728178977966309e-02
8.196391165256500244e-02
1.194516494870185852e-01
2.970880866050720215e-01
2.119578272104263306e-01
7.758301496505737305e-02
4.802162200212478638e-02
1.879264228045940399e-02
3.948047757148742676e-02
3.637936338782310486e-02
1.164842173457145691e-01
2.807965576648712158e-01
2.807965576648712158e-01
1.393692940473556519e-01
2.906228043138980865e-02
6.540857255458831787e-02
3.201822564005851746e-02
6.028928607702255249e-02
4.238747805356979370e-02
1.014228388667106628e-01
2.807965576648712158e-01
2.807965576648712158e-01
2.807965576648712158e-01
2.807965576648712158e-01
1.882270425558090210e-01
5.076695606112480164e-02
6.657523661851882935e-02
7.927015423774719238e-02
1.339968740940093994e-01
2.807965576648712158e-01
2.807965576648712158e-01
6.240486726164817810e-02
5.365196242928504944e-02
1.175547838211059570e-01
1.030282080173492432e-01
1.231747195124626160e-01
9.642549604177474976e-02
1.428167074918746948e-01
2.807965576648712158e-01
1.829680502414703369e-01
2.628490328788757324e-01
5.622519925236701965e-02
7.405920326709747314e-02
2.114460244774818420e-02
5.313612148165702820e-02
1.087343543767929077e-01
2.318123579025268555e-01
2.628490328788757324e-01
2.628490328788757324e-01
2.628490328788757324e-01
2.628490328788757324e-01
3.311586752533912659e-02
4.726739134639501572e-03
2.065287157893180847e-02
8.724303543567657471e-02
1.652761846780776978e-01
2.516486644744873047e-01
2.628490328788757324e-01
6.571505963802337646e-02
2.389217540621757507e-02
4.425376281142234802e-02
6.808007508516311646e-02
1.400381028652191162e-01
1.586860567331314087e-01
1.946719139814376831e-01
2.628490328788757324e-01
2.313579320907592773e-01
6.177053600549697876e-02
4.256813228130340576e-02
9.534627199172973633e-03
1.344660646282136440e-03
4.918347299098968506e-02
1.279936581850051880e-01
2.473533749580383301e-01
2.628490328788757324e-01
1.843257695436477661e-01
2.588502764701843262e-01
2.588502764701843262e-01
1.266776174306869507e-01
3.831641376018524170e-02
8.847582340240478516e-02
9.294845163822174072e-02
9.617807716131210327e-02
1.511003226041793823e-01
1.568172723054885864e-01
2.145236134529113770e-01
2.588502764701843262e-01
1.604773402214050293e-01
6.877446174621582031e-02
1.125548407435417175e-01
9.782321006059646606e-02
1.443179398775100708e-01
2.023020833730697632e-01
2.258132994174957275e-01
9.991917759180068970e-02
1.321847140789031982e-01
3.975067660212516785e-02
1.537738647311925888e-02
1.136544868350028992e-01
1.775579750537872314e-01
2.588502764701843262e-01
2.588502764701843262e-01
1.712312102317810059e-01
1.873995661735534668e-01
1.754595488309860229e-01
1.556821465492248535e-01
7.467481493949890137e-02
1.097422614693641663e-01
6.960833072662353516e-02
1.470269262790679932e-01
2.528743147850036621e-01
2.429953515529632568e-01
1.057614609599113464e-01
7.570097595453262329e-02
7.444614171981811523e-02
6.742887943983078003e-02
8.902737498283386230e-02
8.908730745315551758e-02
1.285289078950881958e-01
1.623491793870925903e-01
1.420881897211074829e-01
2.319568097591400146e-01
9.799346327781677246e-02
5.760192871093750000e-02
9.934098273515701294e-02
2.275526821613311768e-01
2.356106936931610107e-01
2.790959775447845459e-01
2.790959775447845459e-01
2.790959775447845459e-01
2.498850077390670776e-01
1.036439016461372375e-01
1.052325516939163208e-01
4.017143696546554565e-02
5.811531096696853638e-02
2.597154304385185242e-02
4.461551830172538757e-02
1.259601712226867676e-01
2.466146349906921387e-01
2.790959775447845459e-01
2.790959775447845459e-01
8.132319897413253784e-02
1.863353699445724487e-02
1.204631999135017395e-01
5.299082025885581970e-02
4.983354359865188599e-02
2.113324552774429321e-01
2.790959775447845459e-01
2.541715800762176514e-01
1.543583273887634277e-01
8.330980688333511353e-02
5.983501300215721130e-02
1.432959884405136108e-01
1.274253875017166138e-01
2.213842123746871948e-01
2.541715800762176514e-01
2.541715800762176514e-01
2.541715800762176514e-01
2.541715800762176514e-01
2.541715800762176514e-01
1.657297015190124512e-01
1.377473920583724976e-01
1.604868024587631226e-01
1.539667695760726929e-01
9.583381563425064087e-02
1.523115634918212891e-01
2.541715800762176514e-01
2.177023291587829590e-01
6.982974708080291748e-02
2.517783828079700470e-02
4.549792408943176270e-02
2.797322347760200500e-02
3.356866165995597839e-02
6.046597659587860107e-02
1.565051823854446411e-01
2.541715800762176514e-01
2.541715800762176514e-01
2.541715800762176514e-01
9.041456133127212524e-02
3.316476196050643921e-02
2.467928454279899597e-02
3.821177408099174500e-02
3.434019163250923157e-02
7.386706024408340454e-02
1.414479613304138184e-01
2.090558409690856934e-01
2.475477457046508789e-01
1.248478144407272339e-01
9.078560769557952881e-02
1.225015148520469666e-01
9.889194369316101074e-02
3.706997260451316833e-02
3.068503178656101227e-02
2.194166183471679688e-01
3.301203846931457520e-01
3.301203846931457520e-01
4.443048313260078430e-02
4.683428257703781128e-02
7.126052677631378174e-02
3.456148505210876465e-02
3.812579810619354248e-02
1.556357741355895996e-01
1.676120609045028687e-01
3.301203846931457520e-01
3.301203846931457520e-01
1.142169013619422913e-01
2.996885776519775391e-02
3.990219905972480774e-02
2.942482568323612213e-02
3.666615858674049377e-02
4.478698596358299255e-02
1.310097724199295044e-01
3.301203846931457520e-01
3.301203846931457520e-01
6.285948306322097778e-02
1.976836100220680237e-02
5.253799632191658020e-02
3.717362880706787109e-02
6.519700586795806885e-02
6.998623162508010864e-02
1.908920407295227051e-01
3.320660591125488281e-01
3.320660591125488281e-01
4.704488441348075867e-02
6.097675487399101257e-02
4.409149661660194397e-02
3.030175715684890747e-02
7.444646209478378296e-02
1.939863860607147217e-01
5.408904328942298889e-02
3.320660591125488281e-01
3.320660591125488281e-01
1.292937546968460083e-01
1.264025121927261353e-01
7.456482946872711182e-02
7.057591527700424194e-02
8.755671232938766479e-02
6.879262626171112061e-02
1.229846999049186707e-01
3.320660591125488281e-01
3.320660591125488281e-01
8.964398875832557678e-03
4.940554499626159668e-02
6.154152005910873413e-02
6.741628795862197876e-02
1.085750684142112732e-01
6.998910754919052124e-02
3.545954450964927673e-02
2.214484661817550659e-01
1.906103342771530151e-01
2.296252176165580750e-02
9.024851024150848389e-02
7.212158292531967163e-02
1.373279988765716553e-01
1.511287391185760498e-01
5.693493410944938660e-02
1.294364966452121735e-02
1.190423294901847839e-01
1.363469958305358887e-01
1.411999166011810303e-01
1.472631096839904785e-01
1.221126690506935120e-01
2.008293122053146362e-01
1.663240194320678711e-01
3.871498256921768188e-02
9.170616045594215393e-03
2.382836537435650826e-03
5.882089957594871521e-02
2.920358777046203613e-01
1.960815042257308960e-01
1.522903591394424438e-01
2.866245210170745850e-01
2.480228692293167114e-01
5.538721755146980286e-02
8.706166408956050873e-03
2.624063193798065186e-02
1.064878851175308228e-01
1.213863193988800049e-01
8.103918284177780151e-02
8.743456751108169556e-02
2.361338138580322266e-01
2.877029478549957275e-01
8.160137385129928589e-02
5.178041756153106689e-03
0.000000000000000000e+00
3.485463261604309082e-01
3.485463261604309082e-01
1.600991487503051758e-01
8.673385530710220337e-02
1.562026739120483398e-01
2.242044657468795776e-01
5.733565613627433777e-02
4.376192111521959305e-03
2.926691377069801092e-04
9.450422227382659912e-02
3.175595700740814209e-01
3.175595700740814209e-01
1.570767462253570557e-01
1.169743016362190247e-01
4.864449054002761841e-02
1.135559193789958954e-02
5.545191466808319092e-03
2.582978224381804466e-03
8.668400347232818604e-02
3.175595700740814209e-01
3.175595700740814209e-01
2.331726700067520142e-01
1.309920698404312134e-01
4.490293934941291809e-02
6.913824472576379776e-03
3.963969182223081589e-03
2.364561893045902252e-03
3.175595700740814209e-01
3.175595700740814209e-01
1.480349600315093994e-01
2.038110047578811646e-02
2.729046158492565155e-02
2.373865619301795959e-02
7.437096443027257919e-03
4.200866073369979858e-02
2.451410330832004547e-02
3.169892728328704834e-01
3.175595700740814209e-01
1.617255061864852905e-01
2.696735970675945282e-02
3.764859214425086975e-02
4.864039272069931030e-02
5.238860845565795898e-02
1.080240309238433838e-01
3.540448471903800964e-02
2.882128767669200897e-02
1.527403593063354492e-01
2.845951318740844727e-01
2.473767250776290894e-01
2.442393153905868530e-01
1.546355485916137695e-01
1.061837896704673767e-01
2.845951318740844727e-01
7.115383446216583252e-02
8.491242188028991222e-04
0.000000000000000000e+00
3.729953616857528687e-02
1.635652594268321991e-02
7.676371186971664429e-02
1.821162700653076172e-01
2.845951318740844727e-01
2.845951318740844727e-01
1.895159184932708740e-01
6.507174670696258545e-02
1.413677036762237549e-01
1.183637902140617371e-01
6.584798544645309448e-02
8.818581700325012207e-02
1.497875750064849854e-01
2.587527632713317871e-01
2.845951318740844727e-01
2.845951318740844727e-01
3.100711107254028320e-02
0.000000000000000000e+00
7.798929233103990555e-03
9.254399687051773071e-03
1.763673312962055206e-02
1.192865520715713501e-01
2.845951318740844727e-01
2.542780637741088867e-01
6.280044466257095337e-02
2.057088859146460891e-04
0.000000000000000000e+00
2.883706428110599518e-02
0.000000000000000000e+00
1.903223991394042969e-02
1.101469993591308594e-01
2.790983915328979492e-01
3.084380328655242920e-01
6.561695039272308350e-02
0.000000000000000000e+00
0.000000000000000000e+00
1.178762689232826233e-02
0.000000000000000000e+00
4.476297274231910706e-02
2.990203797817230225e-01
3.084380328655242920e-01
3.084380328655242920e-01
3.084380328655242920e-01
9.166999720036983490e-03
0.000000000000000000e+00
0.000000000000000000e+00
0.000000000000000000e+00
2.463371311023365706e-05
4.909856617450714111e-02
2.642194926738739014e-01
3.084380328655242920e-01
3.084380328655242920e-01
3.870679531246423721e-03
0.000000000000000000e+00
0.000000000000000000e+00
0.000000000000000000e+00
1.464585890062153339e-03
5.450938269495964050e-02
3.084380328655242920e-01
3.046730756759643555e-01
2.786137163639068604e-01
7.152066379785537720e-02
8.851471543312072754e-02
4.118074476718902588e-02
2.491576783359050751e-02
8.205163292586803436e-03
4.427249357104301453e-02
2.666569352149963379e-01
3.046730756759643555e-01
5.284782499074935913e-02
7.263862993568181992e-03
2.508128760382533073e-03
8.980082347989082336e-03
3.212705254554748535e-02
1.464344561100006104e-01
2.769276201725006104e-01
3.046730756759643555e-01
1.562457084655761719e-01
3.954073041677474976e-02
4.017151892185211182e-02
5.279814824461936951e-02
5.436749011278152466e-02
3.952757269144058228e-02
4.086584225296974182e-02
3.046730756759643555e-01
3.046730756759643555e-01
3.046730756759643555e-01
5.834792926907539368e-02
1.117986999452114105e-02
3.225431311875581741e-03
1.513268426060676575e-02
1.901356503367424011e-02
7.531075179576873779e-02
1.807913333177566528e-01
3.046730756759643555e-01
9.678443521261215210e-02
2.281652763485908508e-02
1.484197471290826797e-02
6.135039962828159332e-03
6.470345426350831985e-03
1.168326959013938904e-01
2.622013688087463379e-01
2.622013688087463379e-01
2.114473283290863037e-01
3.867388516664505005e-02
2.034717239439487457e-02
3.658791258931159973e-02
2.901528030633926392e-02
2.276541292667388916e-02
1.685748249292373657e-01
2.622013688087463379e-01
2.622013688087463379e-01
8.092030137777328491e-02
2.622013688087463379e-01
2.622013688087463379e-01
1.005288437008857727e-01
2.354315109550952911e-02
1.391708571463823318e-02
5.262529477477073669e-02
2.095167338848114014e-01
2.111207991838455200e-01
2.622013688087463379e-01
1.121972501277923584e-01
2.622013688087463379e-01
2.622013688087463379e-01
1.240364611148834229e-01
5.506628751754760742e-02
1.714935302734375000e-01
2.622013688087463379e-01
1.941710114479064941e-01
3.939529508352279663e-02
1.614534854888916016e-01
7.458198815584182739e-02
4.422987252473831177e-02
5.663669109344482422e-02
5.554623156785964966e-02
1.310066580772399902e-01
2.340295314788818359e-01
2.340295314788818359e-01
1.961176395416259766e-01
2.340295314788818359e-01
1.995831578969955444e-01
4.402066394686698914e-02
3.779560700058937073e-02
2.734560705721378326e-02
9.611888974905014038e-02
1.371704936027526855e-01
1.935958415269851685e-01
2.340295314788818359e-01
2.081727087497711182e-01
2.340295314788818359e-01
2.340295314788818359e-01
1.947379410266876221e-01
1.512203067541122437e-01
2.149485647678375244e-01
2.280173897743225098e-01
1.860816031694412231e-01
1.164818555116653442e-01
2.340295314788818359e-01
1.754932403564453125e-01
6.098667159676551819e-02
7.656013220548629761e-02
8.877124637365341187e-02
1.645353585481643677e-01
1.533777564764022827e-01
1.128736436367034912e-01
2.171984016895294189e-01
3.323737680912017822e-01
3.323737680912017822e-01
7.269772887229919434e-02
3.621087595820426941e-02
3.736896812915802002e-02
9.703209251165390015e-02
1.179890111088752747e-01
7.392501085996627808e-02
3.187079131603240967e-01
3.323737680912017822e-01
3.323737680912017822e-01
1.340918540954589844e-01
3.632777556777000427e-02
3.060305863618850708e-02
2.012347057461738586e-02
8.231816440820693970e-02
1.900659687817096710e-02
2.219919413328170776e-01
2.473819702863693237e-01
2.283568680286407471e-01
6.031474471092224121e-02
1.036807075142860413e-01
9.333217889070510864e-02
1.784372329711914062e-01
1.597295701503753662e-01
4.498151689767837524e-02
1.928331553936004639e-01
2.046791315078735352e-01
1.717692613601684570e-01
9.314775466918945312e-02
7.436735928058624268e-02
4.252116754651069641e-02
4.121880233287811279e-02
8.249236643314361572e-02
4.020134359598159790e-02
9.393138438463211060e-02
2.900405824184417725e-01
2.900405824184417725e-01
2.900405824184417725e-01
1.298366785049438477e-01
6.862121820449829102e-02
8.604910969734191895e-02
1.470998525619506836e-01
6.547424942255020142e-02
2.277021408081054688e-01
1.807880997657775879e-01
1.603925079107284546e-01
2.280596494674682617e-01
2.441997081041336060e-01
2.152152508497238159e-01
1.309365779161453247e-01
1.851790696382522583e-01
1.708751916885375977e-01
1.121958717703819275e-01
1.855985820293426514e-01
1.383835822343826294e-01
1.105237007141113281e-01
7.830586284399032593e-02
7.406640797853469849e-02
7.978882640600204468e-02
1.604201048612594604e-01
8.355753123760223389e-02
7.669224590063095093e-02
1.959621459245681763e-01
7.639519870281219482e-02
9.633265435695648193e-02
1.120910122990608215e-01
1.094636172056198120e-01
9.225427359342575073e-02
1.790387332439422607e-01
1.917758882045745850e-01
2.249232381582260132e-01
6.769127398729324341e-02
5.191583186388015747e-02
5.776039883494377136e-02
1.052693799138069153e-01
1.852303147315979004e-01
1.396313011646270752e-01
2.041709274053573608e-01
2.549660205841064453e-01
1.887374520301818848e-01
6.780570745468139648e-02
3.483751043677330017e-02
3.480861708521842957e-02
1.088483259081840515e-02
7.725357264280319214e-02
1.462283879518508911e-01
2.549660205841064453e-01
2.549660205841064453e-01
2.099832147359848022e-01
2.549660205841064453e-01
8.402892202138900757e-02
1.300058513879776001e-01
7.688564062118530273e-02
8.254479616880416870e-02
6.308680772781372070e-02
1.822522133588790894e-01
2.549660205841064453e-01
2.549660205841064453e-01
2.275990396738052368e-01
1.031786724925041199e-01
1.544160991907119751e-01
6.822999566793441772e-02
6.477089226245880127e-02
1.093721091747283936e-01
2.549660205841064453e-01
2.549660205841064453e-01
2.549660205841064453e-01
6.435719132423400879e-02
2.359740436077117920e-02
2.601510100066661835e-02
1.514639519155025482e-02
5.839567631483078003e-02
1.693677604198455811e-01
2.459547519683837891e-01
2.459547519683837891e-01
1.511123180389404297e-01
1.661482900381088257e-01
5.343925952911376953e-02
5.676149949431419373e-02
5.925812199711799622e-02
7.426130026578903198e-02
1.215792968869209290e-01
1.849426180124282837e-01
2.459547519683837891e-01
2.388917058706283569e-01
1.630680114030838013e-01
5.536816269159317017e-02
1.001518443226814270e-01
9.513198584318161011e-02
4.563662409782409668e-02
2.176108062267303467e-01
2.459547519683837891e-01
2.459547519683837891e-01
2.237880825996398926e-01
2.459547519683837891e-01
1.216585710644721985e-01
1.120371744036674500e-01
1.591866910457611084e-01
7.872982323169708252e-02
1.914469897747039795e-01
2.459547519683837891e-01
2.459547519683837891e-01
2.459547519683837891e-01
2.584659457206726074e-01
6.988220661878585815e-02
5.269389972090721130e-02
3.480493649840354919e-02
4.563336819410324097e-02
2.743014693260192871e-02
5.040538311004638672e-02
1.208012998104095459e-01
2.385738492012023926e-01
3.270255029201507568e-01
1.801087409257888794e-01
8.673090487718582153e-02
1.158301904797554016e-02
9.622064232826232910e-02
1.146068423986434937e-02
1.660019159317016602e-02
1.008768752217292786e-01
3.215532004833221436e-01
2.485488802194595337e-01
1.749398261308670044e-01
1.419216096401214600e-01
9.226378798484802246e-02
5.097771063446998596e-02
2.821655198931694031e-02
7.317873090505599976e-02
1.215665414929389954e-01
2.181288301944732666e-01
2.623686790466308594e-01
3.270255029201507568e-01
3.270255029201507568e-01
9.074530750513076782e-02
4.345345497131347656e-02
6.863188464194536209e-03
1.621557213366031647e-02
8.743844181299209595e-02
2.845003306865692139e-01
1.211881637573242188e-01
1.493673026561737061e-01
2.144380658864974976e-01
6.884615402668714523e-03
2.649245783686637878e-02
9.039812139235436916e-04
4.762829281389713287e-03
1.975478790700435638e-02
8.265757560729980469e-02
1.546322107315063477e-01
3.839505016803741455e-01
3.839505016803741455e-01
2.893126755952835083e-02
1.416162122040987015e-02
2.375651150941848755e-03
8.248210884630680084e-03
6.893888581544160843e-03
4.126660153269767761e-02
4.560343921184539795e-02
3.357570469379425049e-01
3.839505016803741455e-01
4.247256368398666382e-02
1.439460553228855133e-02
1.864627469331026077e-03
2.947548637166619301e-03
2.684864960610866547e-02
7.313727587461471558e-02
7.348847389221191406e-02
3.839505016803741455e-01
3.839505016803741455e-01
6.121172010898590088e-02
5.894443765282630920e-02
3.691819310188293457e-02
2.215374261140823364e-02
2.649568580090999603e-02
5.693862587213516235e-02
1.761583983898162842e-01
2.977574765682220459e-01
2.977574765682220459e-01
6.392992287874221802e-02
1.482047792524099350e-02
8.302000351250171661e-03
1.263583544641733170e-02
5.490797013044357300e-02
1.496599614620208740e-01
1.042805910110473633e-01
2.977574765682220459e-01
2.977574765682220459e-01
4.202444851398468018e-02
1.240892149507999420e-02
3.565830364823341370e-02
5.581244826316833496e-02
2.220669537782669067e-01
2.450157701969146729e-01
1.584434211254119873e-01
2.977574765682220459e-01
2.977574765682220459e-01
9.698127955198287964e-02
1.312214881181716919e-01
6.644655019044876099e-02
5.138960853219032288e-02
8.104278892278671265e-02
1.808858811855316162e-01
1.133404076099395752e-01
1.335176378488540649e-01
9.247676283121109009e-02
7.949883490800857544e-02
1.063489541411399841e-01
7.211133092641830444e-02
9.186076372861862183e-02
2.189191728830337524e-01
2.471200972795486450e-01
6.892475485801696777e-02
1.838011294603347778e-01
1.169026121497154236e-01
4.231907892972230911e-03
1.802926324307918549e-02
4.415901005268096924e-02
9.695495665073394775e-02
2.883130013942718506e-01
2.659912705421447754e-01
4.145912826061248779e-02
1.791965030133724213e-02
6.351761985570192337e-03
3.566579194739460945e-03
3.429951891303062439e-02
3.667970746755599976e-02
1.171467751264572144e-01
2.883130013942718506e-01
2.883130013942718506e-01
2.113497108221054077e-01
1.058078333735466003e-01
5.310435593128204346e-02
4.431820660829544067e-02
4.900459945201873779e-02
3.385834395885467529e-02
7.595723867416381836e-02
2.883130013942718506e-01
2.883130013942718506e-01
2.883130013942718506e-01
9.746785461902618408e-02
8.961920440196990967e-02
2.697798609733581543e-01
1.007489636540412903e-01
7.535698264837265015e-02
5.508184805512428284e-02
2.883130013942718506e-01
2.883130013942718506e-01
5.182298365980386734e-03
3.566917075659148395e-05
6.255825608968734741e-02
1.561162918806076050e-01
9.272854030132293701e-02
3.277729079127311707e-02
5.384676530957221985e-02
1.451256573200225830e-01
1.225028708577156067e-01
3.554145805537700653e-03
4.207444842904806137e-03
3.303206264972686768e-01
3.303206264972686768e-01
1.250139474868774414e-01
2.534689567983150482e-02
2.199613489210605621e-02
4.613623023033142090e-02
2.093556523323059082e-02
7.208438962697982788e-02
3.860364109277725220e-02
1.950548142194747925e-01
3.303206264972686768e-01
2.679814398288726807e-01
8.477486670017242432e-02
4.448030143976211548e-02
1.930833011865615845e-01
2.322447448968887329e-01
1.224640905857086182e-01
5.923559516668319702e-02
3.303206264972686768e-01
3.303206264972686768e-01
3.130826652050018311e-01
3.932159394025802612e-02
5.146999657154083252e-02
1.137223392724990845e-01
6.518804281949996948e-02
3.542145341634750366e-02
4.965813457965850830e-02
2.967661023139953613e-01
2.967661023139953613e-01
7.404797524213790894e-02
6.525320932269096375e-03
1.024986989796161652e-02
8.423653431236743927e-03
9.245641529560089111e-03
1.358970403671264648e-01
1.563183516263961792e-01
2.191916704177856445e-01
1.290502995252609253e-01
4.609069973230361938e-02
1.915480592288076878e-03
1.322921551764011383e-02
2.499591372907161713e-02
7.044761627912521362e-02
2.967661023139953613e-01
2.406421750783920288e-01
2.967661023139953613e-01
2.967661023139953613e-01
1.316550523042678833e-01
1.145781390368938446e-02
3.730158880352973938e-02
1.433034688234329224e-01
1.211478710174560547e-01
2.967661023139953613e-01
2.967661023139953613e-01
1.954644620418548584e-01
1.326003372669219971e-01
9.779403358697891235e-02
1.456881128251552582e-02
3.431761637330055237e-02
2.018787115812301636e-01
1.899152994155883789e-01
2.872025668621063232e-01
2.129422128200531006e-01
6.169591099023818970e-02
2.618982642889022827e-02
2.112252078950405121e-02
1.528894761577248573e-03
8.528975769877433777e-03
3.981746733188629150e-02
1.571105271577835083e-01
2.872025668621063232e-01
2.872025668621063232e-01
5.367287248373031616e-02
2.158268541097640991e-02
2.176813036203384399e-02
3.691987833008170128e-03
5.593645386397838593e-03
2.378340810537338257e-02
1.819284856319427490e-01
2.872025668621063232e-01
2.872025668621063232e-01
1.891342848539352417e-01
8.692023158073425293e-02
7.689959555864334106e-02
1.459998171776533127e-02
6.280759721994400024e-02
1.882248371839523315e-01
2.872025668621063232e-01
2.872025668621063232e-01
2.872025668621063232e-01
1.554868519306182861e-01
6.179508194327354431e-02
5.819426104426383972e-02
1.888248510658740997e-02
4.058634117245674133e-02
1.356240659952163696e-01
2.872025668621063232e-01
3.042834997177124023e-01
3.010514378547668457e-01
4.411379247903823853e-02
1.872035488486289978e-02
9.135759435594081879e-03
5.825216416269540787e-03
5.189674906432628632e-03
8.537358604371547699e-03
1.373409777879714966e-01
3.042834997177124023e-01
3.042834997177124023e-01
7.377598434686660767e-02
1.066375244408845901e-02
1.164174638688564301e-03
6.132287438958883286e-03
9.515012614428997040e-03
1.385334879159927368e-02
1.710773557424545288e-01
3.042834997177124023e-01
2.850753962993621826e-01
9.332702308893203735e-02
3.704215213656425476e-02
2.348253317177295685e-02
1.091851014643907547e-02
9.559962898492813110e-03
4.497100412845611572e-02
3.042834997177124023e-01
3.042834997177124023e-01
3.042834997177124023e-01
1.117660105228424072e-01
2.189389243721961975e-02
1.290795207023620605e-02
7.884370163083076477e-03
2.163897268474102020e-02
3.599357977509498596e-02
3.042834997177124023e-01
2.381389886140823364e-01
2.114120405167341232e-03
2.124543301761150360e-03
2.421878976747393608e-03
1.205304544419050217e-02
2.051242068409919739e-02
7.763227820396423340e-02
3.435757160186767578e-01
3.435757160186767578e-01
3.435757160186767578e-01
8.240263909101486206e-02
3.340366063639521599e-03
5.191212403587996960e-04
3.311615437269210815e-03
3.139128675684332848e-03
6.374350283294916153e-03
1.544279158115386963e-01
3.435757160186767578e-01
1.725098639726638794e-01
3.239921107888221741e-02
2.642426453530788422e-02
1.736324466764926910e-02
1.142512168735265732e-02
2.085375227034091949e-02
6.098734587430953979e-02
1.850102841854095459e-01
3.299043774604797363e-01
3.435757160186767578e-01
7.632144540548324585e-02
2.519503235816955566e-02
6.259114015847444534e-03
2.710206434130668640e-03
3.456698730587959290e-03
1.327608525753021240e-02
9.175281226634979248e-02
3.435757160186767578e-01
3.176016509532928467e-01
3.176016509532928467e-01
7.578077912330627441e-02
1.088125351816415787e-02
4.065216984599828720e-03
1.103160064667463303e-02
2.436518855392932892e-02
5.759554728865623474e-02
3.176016509532928467e-01
3.158276081085205078e-01
3.176016509532928467e-01
2.851524949073791504e-01
6.194047629833221436e-02
2.513995580375194550e-02
4.450677335262298584e-02
4.054304212331771851e-02
5.904520396143198013e-03
4.858836531639099121e-02
3.176016509532928467e-01
2.361574620008468628e-01
1.968858763575553894e-02
4.872690420597791672e-03
2.447773003950715065e-03
2.434769558021798730e-04
3.894965164363384247e-03
3.442120924592018127e-02
1.729921102523803711e-01
3.176016509532928467e-01
3.102436959743499756e-01
3.006204590201377869e-02
3.928612452000379562e-03
3.954499028623104095e-03
2.827390795573592186e-03
1.440535648725926876e-03
1.338606886565685272e-02
7.385180145502090454e-02
2.833353877067565918e-01
2.833353877067565918e-01
2.833353877067565918e-01
1.369432508945465088e-01
1.108299866318702698e-01
1.000690385699272156e-01
4.200543463230133057e-02
1.017815433442592621e-02
9.516178816556930542e-02
2.292927354574203491e-01
2.274429947137832642e-01
1.110325306653976440e-01
8.036677539348602295e-02
9.562623500823974609e-02
1.160874143242835999e-01
5.576214939355850220e-02
2.040287666022777557e-02
1.322286576032638550e-01
2.833353877067565918e-01
2.530578076839447021e-01
5.396782606840133667e-02
1.118303649127483368e-02
2.836116403341293335e-02
2.634051442146301270e-02
1.097238529473543167e-02
6.550832092761993408e-02
2.074960917234420776e-01
2.179896682500839233e-01
2.833353877067565918e-01
2.833353877067565918e-01
1.060302332043647766e-01
2.087636888027191162e-01
7.542589306831359863e-02
4.706523194909095764e-02
1.841942965984344482e-01
1.912615597248077393e-01
1.343250870704650879e-01
1.466335803270339966e-01
8.644794672727584839e-02
4.845410585403442383e-02
4.322260618209838867e-02
5.477322638034820557e-02
3.915786370635032654e-02
1.397181488573551178e-02
9.155830740928649902e-02
2.938548624515533447e-01
2.226044833660125732e-01
8.859520405530929565e-02
3.302986919879913330e-02
3.867490589618682861e-02
2.579856850206851959e-02
5.454107373952865601e-02
2.982776984572410583e-02
1.964570879936218262e-01
2.858389317989349365e-01
3.079851567745208740e-01
3.079851567745208740e-01
9.490865468978881836e-02
1.245721131563186646e-01
6.115394830703735352e-02
4.342496395111083984e-02
6.412755697965621948e-02
1.951519399881362915e-01
3.079851567745208740e-01
3.079851567745208740e-01
3.079851567745208740e-01
4.326463490724563599e-02
7.963545620441436768e-02
3.920432552695274353e-02
9.705104678869247437e-02
2.760394476354122162e-02
3.079851567745208740e-01
3.020714819431304932e-01
1.152921617031097412e-01
3.263060003519058228e-02
2.175009064376354218e-02
4.137824848294258118e-02
2.268626727163791656e-02
6.377848237752914429e-02
4.403273761272430420e-02
2.309237271547317505e-01
3.020714819431304932e-01
2.922845073044300079e-02
2.188519015908241272e-02
3.018600307404994965e-02
2.740113623440265656e-02
2.872745692729949951e-02
5.756628885865211487e-02
9.928176552057266235e-02
3.020714819431304932e-01
3.020714819431304932e-01
2.849874794483184814e-01
6.610715389251708984e-02
1.150110270828008652e-02
5.600894987583160400e-02
2.961254492402076721e-02
1.666955947875976562e-01
6.409607082605361938e-02
3.020714819431304932e-01
3.020714819431304932e-01
6.116885691881179810e-02
2.996915951371192932e-02
1.334450580179691315e-02
2.948440983891487122e-02
6.872041523456573486e-02
3.020714819431304932e-01
2.039213925600051880e-01
3.020714819431304932e-01
2.590765953063964844e-01
6.515935063362121582e-02
4.115811735391616821e-02
1.607052423059940338e-02
8.258026093244552612e-03
9.834382683038711548e-03
2.493947558104991913e-02
8.825697749853134155e-02
3.255791664123535156e-01
3.255791664123535156e-01
1.432478874921798706e-01
5.257773026823997498e-02
1.682855561375617981e-02
1.686338149011135101e-02
2.524583041667938232e-02
3.694852814078330994e-02
5.473490431904792786e-02
3.037247061729431152e-01
3.255791664123535156e-01
8.968055248260498047e-02
2.708382345736026764e-02
1.335039082914590836e-02
1.986227184534072876e-02
4.519303515553474426e-02
1.714416295289993286e-01
1.722790151834487915e-01
3.255791664123535156e-01
3.255791664123535156e-01
2.545767128467559814e-01
2.622976154088973999e-02
7.337912917137145996e-03
2.947411499917507172e-02
3.218347206711769104e-02
8.032429218292236328e-02
1.156330257654190063e-01
3.255791664123535156e-01
3.030463457107543945e-01
9.202048182487487793e-02
4.326357692480087280e-02
2.246904186904430389e-02
1.617701537907123566e-02
6.597072631120681763e-02
5.387519672513008118e-02
4.239382967352867126e-02
2.170263975858688354e-01
3.030463457107543945e-01
7.618499547243118286e-02
6.882293522357940674e-02
4.549645259976387024e-02
2.587407268583774567e-02
6.029387563467025757e-02
1.457694172859191895e-01
9.308107942342758179e-02
2.456857711076736450e-01
3.030463457107543945e-01
1.918662488460540771e-01
5.782526731491088867e-02
1.218931935727596283e-02
3.955321013927459717e-02
5.443991720676422119e-02
1.253348439931869507e-01
7.149803638458251953e-02
3.030463457107543945e-01
3.030463457107543945e-01
1.244089603424072266e-01
1.274211108684539795e-01
8.528742194175720215e-02
5.494243279099464417e-02
7.973890751600265503e-02
3.030463457107543945e-01
2.562134563922882080e-01
3.030463457107543945e-01
1.441463381052017212e-01
8.858694136142730713e-02
1.930799782276153564e-01
3.800765424966812134e-02
2.660714648663997650e-02
2.254511974751949310e-02
8.645915240049362183e-02
5.813980475068092346e-02
1.358648985624313354e-01
8.502747118473052979e-02
2.340893745422363281e-01
2.940593659877777100e-01
4.836752265691757202e-02
2.433020994067192078e-02
1.998800970613956451e-02
1.605618745088577271e-02
3.294910490512847900e-02
7.195626199245452881e-02
2.560203373432159424e-01
7.883241027593612671e-02
2.429190278053283691e-01
8.735612034797668457e-02
5.650410801172256470e-02
6.522402167320251465e-02
2.559443414211273193e-01
2.346821576356887817e-01
2.940593659877777100e-01
2.667087018489837646e-01
1.695304960012435913e-01
2.940593659877777100e-01
6.817870587110519409e-02
8.600226044654846191e-02
1.855793297290802002e-01
1.205861940979957581e-01
2.325637638568878174e-01
2.940593659877777100e-01
6.519716978073120117e-02
2.465364187955856323e-01
3.184994161128997803e-01
5.829837173223495483e-02
1.352330856025218964e-02
1.377253327518701553e-02
4.843309521675109863e-03
2.396441437304019928e-02
6.442344188690185547e-02
9.555426239967346191e-02
1.451632380485534668e-01
3.184994161128997803e-01
3.987862169742584229e-02
4.193739965558052063e-02
3.221493959426879883e-02
3.690506145358085632e-02
6.160597875714302063e-02
1.439241170883178711e-01
3.184994161128997803e-01
1.207825243473052979e-01
3.184994161128997803e-01
9.116982668638229370e-02
6.356135010719299316e-02
2.205029428005218506e-01
4.726551473140716553e-02
1.291074454784393311e-01
3.184994161128997803e-01
3.184994161128997803e-01
9.947817772626876831e-02
1.126886978745460510e-01
1.275048553943634033e-01
8.164163678884506226e-02
8.064434677362442017e-02
2.216707915067672729e-02
7.573491334915161133e-02
3.184994161128997803e-01
1.656073331832885742e-01
8.900017291307449341e-02
7.586663216352462769e-02
3.755435720086097717e-02
7.545147091150283813e-02
4.823490977287292480e-02
4.704337567090988159e-02
6.522791087627410889e-02
1.586512923240661621e-01
2.720126807689666748e-01
1.838230788707733154e-01
9.648764878511428833e-02
4.189177602529525757e-02
6.980758905410766602e-02
4.577083140611648560e-02
3.902370482683181763e-02
4.513572528958320618e-02
1.535795181989669800e-01
3.169519007205963135e-01
2.329037040472030640e-01
2.431044429540634155e-01
7.909336686134338379e-02
5.799173191189765930e-02
6.130126863718032837e-02
2.684684842824935913e-02
6.790158152580261230e-02
3.169519007205963135e-01
3.169519007205963135e-01
3.169519007205963135e-01
3.169519007205963135e-01
1.075894758105278015e-01
7.483851909637451172e-02
3.543774411082267761e-02
4.051692038774490356e-02
8.261054754257202148e-02
3.169519007205963135e-01
2.698095142841339111e-01
1.615891456604003906e-01
8.040459454059600830e-02
2.921050973236560822e-02
2.624499425292015076e-02
1.563620381057262421e-02
1.609244383871555328e-02
3.387277200818061829e-02
1.646358668804168701e-01
2.703733444213867188e-01
2.703733444213867188e-01
1.886474192142486572e-01
1.858607083559036255e-01
3.737838193774223328e-02
2.853080071508884430e-02
1.108643505722284317e-02
5.424366891384124756e-02
2.287479639053344727e-01
2.703733444213867188e-01
2.703733444213867188e-01
2.415146678686141968e-01
7.591928541660308838e-02
3.820905089378356934e-02
3.066277876496315002e-02
1.949680782854557037e-02
4.937664419412612915e-02
2.703733444213867188e-01
2.703733444213867188e-01
2.703733444213867188e-01
2.703733444213867188e-01
1.256077438592910767e-01
2.749253809452056885e-02
2.900036051869392395e-02
1.244955416768789291e-02
1.649772748351097107e-02
2.489302158355712891e-01
2.572501301765441895e-01
2.467572987079620361e-01
2.572501301765441895e-01
2.572501301765441895e-01
1.212575361132621765e-01
4.660202190279960632e-02
3.050421737134456635e-02
8.321736752986907959e-02
1.269334852695465088e-01
2.572501301765441895e-01
1.342596858739852905e-01
2.572501301765441895e-01
2.572501301765441895e-01
1.245507523417472839e-01
2.247584052383899689e-02
8.444419503211975098e-02
1.599434912204742432e-01
1.259371936321258545e-01
2.572501301765441895e-01
2.572501301765441895e-01
2.572501301765441895e-01
1.800390481948852539e-01
3.893274441361427307e-02
2.524125948548316956e-02
1.784949190914630890e-02
2.699572220444679260e-02
1.615766882896423340e-01
2.512027919292449951e-01
1.402317881584167480e-01
1.500015705823898315e-01
1.139526590704917908e-01
3.760042786598205566e-02
1.837414316833019257e-02
4.662574455142021179e-02
9.775494784116744995e-02
1.550020724534988403e-01
2.499297857284545898e-01
2.489565461874008179e-01
2.383783757686614990e-01
2.499297857284545898e-01
8.207768946886062622e-02
8.775808848440647125e-03
7.511582225561141968e-02
2.445546388626098633e-01
2.499297857284545898e-01
2.499297857284545898e-01
2.499297857284545898e-01
2.012414783239364624e-01
1.144745126366615295e-01
8.562875539064407349e-02
2.158291637897491455e-02
4.108803719282150269e-02
2.462353259325027466e-01
2.499297857284545898e-01
2.499297857284545898e-01
1.327038705348968506e-01
1.028443202376365662e-01
6.391756236553192139e-02
3.875562921166419983e-02
8.137344382703304291e-03
4.683313518762588501e-02
1.654629260301589966e-01
2.119089812040328979e-01
2.356580048799514771e-01
1.126192063093185425e-01
7.668754458427429199e-02
4.148543998599052429e-02
4.022422060370445251e-02
8.892191573977470398e-03
4.055467993021011353e-02
1.571583002805709839e-01
1.824351400136947632e-01
2.837049961090087891e-01
2.567941546440124512e-01
1.844420880079269409e-01
7.238497585058212280e-02
6.103742495179176331e-02
4.092513769865036011e-02
8.125860989093780518e-02
2.383761554956436157e-01
2.837049961090087891e-01
2.837049961090087891e-01
2.220579832792282104e-01
1.026840731501579285e-01
2.507541142404079437e-02
2.111142128705978394e-02
2.121206931769847870e-02
4.096345230937004089e-02
1.688955426216125488e-01
2.837049961090087891e-01
2.823296189308166504e-01
1.515145003795623779e-01
6.973377615213394165e-02
1.872284337878227234e-02
1.447657123208045959e-02
2.142734825611114502e-02
5.774673447012901306e-02
1.305584609508514404e-01
2.128821462392807007e-01
2.837049961090087891e-01
2.477612793445587158e-01
1.634375751018524170e-01
6.469025742262601852e-03
3.960255533456802368e-03
8.666412904858589172e-03
2.068193629384040833e-02
7.500358670949935913e-02
2.461319714784622192e-01
2.938647568225860596e-01
2.103089839220046997e-01
7.331096380949020386e-02
1.386188808828592300e-02
7.709876634180545807e-03
3.819010453298687935e-03
6.289162207394838333e-03
5.504910647869110107e-02
2.938647568225860596e-01
2.938647568225860596e-01
2.448730170726776123e-01
1.786962449550628662e-01
7.811224460601806641e-02
4.146656021475791931e-02
1.319524599239230156e-03
3.204530104994773865e-02
5.740962922573089600e-02
2.938647568225860596e-01
2.783820033073425293e-01
2.938647568225860596e-01
2.938647568225860596e-01
1.226804684847593307e-02
2.826105803251266479e-03
1.345324562862515450e-03
9.260406717658042908e-03
2.423017472028732300e-02
1.326031684875488281e-01
1.829500347375869751e-01
2.938647568225860596e-01
2.938647568225860596e-01
1.098221316933631897e-01
4.289472848176956177e-02
7.947793346829712391e-04
2.588484250009059906e-02
2.168548665940761566e-02
6.931538879871368408e-02
2.498483657836914062e-01
1.866837441921234131e-01
1.305010914802551270e-01
8.449341356754302979e-02
5.340622365474700928e-02
4.745947942137718201e-02
8.115813136100769043e-02
2.353295385837554932e-01
2.498483657836914062e-01
2.498483657836914062e-01
2.020302116870880127e-01
1.768932193517684937e-01
5.974575877189636230e-02
7.535986602306365967e-02
3.636577725410461426e-02
7.841755449771881104e-02
1.613884270191192627e-01
2.498483657836914062e-01
2.299142777919769287e-01
1.879979223012924194e-01
7.174846529960632324e-02
1.114686876535415649e-01
9.643538296222686768e-02
6.792448461055755615e-02
7.529455423355102539e-02
2.125988155603408813e-01
2.498483657836914062e-01
2.034290134906768799e-01
2.498483657836914062e-01
2.498483657836914062e-01
1.809999048709869385e-01
1.565710753202438354e-01
5.319314822554588318e-02
6.969553977251052856e-02
1.224277466535568237e-01
1.663597822189331055e-01
2.860946655273437500e-01
1.885842680931091309e-01
1.338459849357604980e-01
5.419328808784484863e-02
5.708027258515357971e-02
2.729743532836437225e-02
8.434616774320602417e-02
9.815357625484466553e-02
1.953030675649642944e-01
2.860946655273437500e-01
2.336008399724960327e-01
9.657738357782363892e-02
4.985023289918899536e-02
3.557346761226654053e-02
3.230423480272293091e-02
6.295032054185867310e-02
9.654353559017181396e-02
2.860946655273437500e-01
2.039819806814193726e-01
2.181029766798019409e-01
2.140501737594604492e-01
1.538932323455810547e-01
1.124519333243370056e-01
6.948173046112060547e-02
1.138704493641853333e-01
8.349752426147460938e-02
7.174383848905563354e-02
2.860946655273437500e-01
2.860946655273437500e-01
2.580200731754302979e-01
1.231541112065315247e-01
6.231660023331642151e-02
6.724876165390014648e-02
9.420573711395263672e-02
1.711100190877914429e-01
2.471202313899993896e-01
1.046110540628433228e-01
5.121135711669921875e-02
3.445669263601303101e-02
2.189799584448337555e-02
3.661486878991127014e-02
1.903716847300529480e-02
1.046646945178508759e-02
2.863830700516700745e-02
1.172387152910232544e-01
5.422809720039367676e-02
1.498003453016281128e-01
2.745861709117889404e-01
1.431270837783813477e-01
2.745861709117889404e-01
2.129357159137725830e-01
6.979265809059143066e-02
7.955669611692428589e-02
7.775014638900756836e-02
2.457961440086364746e-01
2.451621890068054199e-01
1.729871779680252075e-01
1.162619963288307190e-01
7.134850323200225830e-02
3.625288605690002441e-02
1.424869894981384277e-02
7.561955600976943970e-02
1.558672636747360229e-01
2.745861709117889404e-01
2.745861709117889404e-01
2.362573295831680298e-01
2.745861709117889404e-01
2.745861709117889404e-01
2.745861709117889404e-01
1.340181827545166016e-01
1.356507390737533569e-01
1.914348602294921875e-01
6.628966331481933594e-02
1.996527314186096191e-01
2.787744104862213135e-01
1.256362199783325195e-01
2.787744104862213135e-01
2.374266833066940308e-01
1.829962283372879028e-01
5.638683587312698364e-02
6.628043949604034424e-02
1.695092767477035522e-01
1.816159784793853760e-01
1.285318285226821899e-01
4.123465344309806824e-02
6.249215453863143921e-02
1.244248524308204651e-01
1.677102744579315186e-01
5.147019401192665100e-02
1.038038581609725952e-01
1.320933103561401367e-01
1.226743906736373901e-01
7.870235294103622437e-02
2.258637845516204834e-01
2.787744104862213135e-01
2.787744104862213135e-01
2.787744104862213135e-01
1.346862465143203735e-01
6.842658668756484985e-02
4.267566278576850891e-02
2.960740961134433746e-02
2.194904536008834839e-02
3.099972568452358246e-02
1.184723079204559326e-01
2.787744104862213135e-01
2.787744104862213135e-01
1.334087103605270386e-01
7.973217964172363281e-02
2.453318685293197632e-01
1.758144497871398926e-01
7.525643706321716309e-02
1.063715107738971710e-02
3.405080735683441162e-02
5.328115820884704590e-02
1.702710390090942383e-01
1.487897187471389771e-01
2.285768389701843262e-01
2.453318685293197632e-01
8.472780883312225342e-02
3.598261997103691101e-02
1.486771274358034134e-02
2.435671910643577576e-02
7.277625054121017456e-02
2.453318685293197632e-01
2.453318685293197632e-01
2.453318685293197632e-01
2.431326657533645630e-01
6.062178313732147217e-02
2.318543009459972382e-02
9.490639902651309967e-03
5.771725624799728394e-02
2.453318685293197632e-01
2.179025560617446899e-01
2.381342947483062744e-01
2.453318685293197632e-01
2.453318685293197632e-01
2.123948186635971069e-01
5.466204881668090820e-02
4.872359335422515869e-03
1.654293388128280640e-02
2.258867025375366211e-02
1.310687661170959473e-01
2.453318685293197632e-01
2.453318685293197632e-01
2.316865622997283936e-01
6.722727417945861816e-02
1.768562011420726776e-02
1.249013748019933701e-02
2.174164727330207825e-02
6.648527830839157104e-02
2.409638017416000366e-01
2.409638017416000366e-01
2.409638017416000366e-01
2.409638017416000366e-01
1.028333604335784912e-01
1.311001088470220566e-02
7.120170164853334427e-03
5.427232757210731506e-02
8.091852813959121704e-02
2.409638017416000366e-01
2.409638017416000366e-01
2.409638017416000366e-01
1.594906896352767944e-01
2.409638017416000366e-01
1.454884409904479980e-01
1.873165182769298553e-02
4.124264046549797058e-02
8.644437789916992188e-02
2.288526743650436401e-01
2.409638017416000366e-01
1.306761056184768677e-01
6.878991425037384033e-02
2.409638017416000366e-01
1.717372089624404907e-01
5.022045597434043884e-02
1.597381234169006348e-01
1.977936476469039917e-01
2.409638017416000366e-01
2.024937868118286133e-01
8.410558849573135376e-02
2.647944390773773193e-01
1.415745019912719727e-01
6.026753783226013184e-02
2.100224047899246216e-02
9.410758316516876221e-02
1.337314546108245850e-01
2.647944390773773193e-01
1.574458181858062744e-01
2.647944390773773193e-01
2.647944390773773193e-01
9.139244258403778076e-02
1.021140366792678833e-01
7.947819679975509644e-02
8.676578849554061890e-02
1.257500797510147095e-01
2.647944390773773193e-01
2.647944390773773193e-01
2.647944390773773193e-01
8.128694444894790649e-02
1.003460958600044250e-01
8.804597705602645874e-02
4.588382691144943237e-02
1.879023760557174683e-01
1.887912750244140625e-01
2.166820764541625977e-01
1.018301025032997131e-01
1.233313605189323425e-01
1.289386600255966187e-01
2.935674227774143219e-02
3.753710910677909851e-02
1.613293215632438660e-02
6.460958719253540039e-02
8.270572125911712646e-02
2.123206853866577148e-01
2.647944390773773193e-01
2.589881420135498047e-01
1.807787418365478516e-01
3.407222032546997070e-02
7.476568222045898438e-02
5.489436909556388855e-02
4.688366129994392395e-02
4.166382551193237305e-02
2.210470139980316162e-01
2.911618351936340332e-01
2.911618351936340332e-01
2.911618351936340332e-01
5.602362379431724548e-02
1.217443719506263733e-01
4.603390395641326904e-02
8.402513712644577026e-02
1.931108534336090088e-01
1.758673489093780518e-01
2.911618351936340332e-01
2.911618351936340332e-01
1.072943210601806641e-01
1.542383711785078049e-02
1.952481828629970551e-02
6.210621912032365799e-03
1.839215494692325592e-02
1.662626117467880249e-02
9.506905823945999146e-02
2.341482937335968018e-01
2.309572100639343262e-01
1.810668706893920898e-01
3.898528963327407837e-02
4.169636219739913940e-02
2.036895975470542908e-02
3.401696681976318359e-02
1.018572971224784851e-01
1.873032599687576294e-01
2.911618351936340332e-01
2.911618351936340332e-01
2.151904404163360596e-01
6.535926461219787598e-02
2.641785889863967896e-02
4.730430617928504944e-02
3.951414674520492554e-02
1.241972222924232483e-01
4.965912178158760071e-02
1.571914404630661011e-01
2.876875102519989014e-01
2.876875102519989014e-01
2.009550631046295166e-01
9.340874850749969482e-02
8.888212591409683228e-02
5.718730390071868896e-02
7.564362883567810059e-02
2.811748534440994263e-02
1.136154308915138245e-01
2.876875102519989014e-01
1.803550571203231812e-01
8.927834033966064453e-02
1.903773099184036255e-02
2.770119905471801758e-02
2.953145839273929596e-02
1.005877926945686340e-01
1.141713857650756836e-01
2.440546005964279175e-01
2.876875102519989014e-01
2.876875102519989014e-01
2.876875102519989014e-01
8.850893378257751465e-02
2.721833437681198120e-02
3.504306450486183167e-02
1.023933291435241699e-01
1.301354318857192993e-01
2.792180180549621582e-01
2.876875102519989014e-01
2.650667428970336914e-01
1.758543401956558228e-01
1.271672993898391724e-01
4.345125705003738403e-02
5.294755473732948303e-02
7.168450951576232910e-02
5.346877127885818481e-02
1.454655081033706665e-01
2.650667428970336914e-01
2.650667428970336914e-01
1.067166030406951904e-01
1.159602105617523193e-01
3.587933629751205444e-02
5.048040300607681274e-02
4.142869263887405396e-02
6.941876560449600220e-02
1.923697888851165771e-01
2.650667428970336914e-01
2.512502372264862061e-01
2.650667428970336914e-01
6.173773482441902161e-02
2.144119516015052795e-02
8.180221915245056152e-02
1.092322617769241333e-01
1.857988834381103516e-01
2.628782689571380615e-01
2.650667428970336914e-01
1.152146458625793457e-01
7.661049067974090576e-02
7.642229087650775909e-03
2.493189275264739990e-02
8.345289528369903564e-02
1.034541204571723938e-01
2.344610691070556641e-01
2.650667428970336914e-01
2.650667428970336914e-01
2.660078704357147217e-01
1.522045135498046875e-01
1.570413410663604736e-01
5.544429272413253784e-02
3.319921344518661499e-02
5.251848325133323669e-02
1.188407614827156067e-01
2.660078704357147217e-01
2.660078704357147217e-01
2.660078704357147217e-01
1.860513240098953247e-01
1.559661179780960083e-01
5.717482045292854309e-02
1.987379416823387146e-02
6.667868793010711670e-02
1.297398209571838379e-01
1.191535964608192444e-01
2.267502993345260620e-01
9.733536839485168457e-02
2.064007893204689026e-02
1.426642481237649918e-02
2.394679002463817596e-02
4.554240778088569641e-02
1.583048999309539795e-01
2.660078704357147217e-01
2.660078704357147217e-01
2.660078704357147217e-01
5.673706904053688049e-02
4.761229082942008972e-02
8.909567445516586304e-02
7.391297072172164917e-02
4.869187623262405396e-02
2.127336859703063965e-01
2.660078704357147217e-01
2.660078704357147217e-01
1.944031864404678345e-01
2.600291371345520020e-01
2.354498803615570068e-01
2.226722985506057739e-01
1.043248325586318970e-01
3.765875846147537231e-02
7.977637648582458496e-02
1.168484911322593689e-01
7.159005850553512573e-02
2.465191781520843506e-01
1.899596005678176880e-01
1.720715016126632690e-01
1.145047247409820557e-01
6.252517551183700562e-02
5.674560368061065674e-02
6.742975115776062012e-02
7.102032005786895752e-02
1.118481457233428955e-01
2.163140326738357544e-01
9.396598488092422485e-02
7.134865224361419678e-02
2.016545534133911133e-01
1.791830807924270630e-01
7.196855545043945312e-02
2.600291371345520020e-01
2.600291371345520020e-01
2.600291371345520020e-01
2.345257103443145752e-01
8.704129606485366821e-02
6.761685758829116821e-02
9.731227159500122070e-02
1.044677048921585083e-01
1.528267711400985718e-01
2.600291371345520020e-01
2.600291371345520020e-01
1.099049821496009827e-01
1.371426433324813843e-01
1.734530925750732422e-01
1.204796433448791504e-01
4.057376459240913391e-02
1.951740868389606476e-02
6.759129464626312256e-02
5.123498663306236267e-02
1.035341620445251465e-01
2.651647329330444336e-01
2.563956379890441895e-01
2.651647329330444336e-01
1.096658483147621155e-01
3.498581424355506897e-02
1.464233919978141785e-02
3.146680817008018494e-02
9.438426233828067780e-03
1.093748137354850769e-01
2.651647329330444336e-01
2.651647329330444336e-01
1.077692806720733643e-01
1.096020862460136414e-01
1.006977334618568420e-01
4.534646496176719666e-02
2.564595639705657959e-01
2.233882546424865723e-01
2.178988903760910034e-01
1.421382427215576172e-01
1.411741971969604492e-01
2.617680430412292480e-01
2.651647329330444336e-01
2.651647329330444336e-01
1.331822108477354050e-02
1.561634987592697144e-01
2.669537626206874847e-02
9.297617524862289429e-02
1.656223386526107788e-01
2.229430228471755981e-01
2.790976166725158691e-01
1.897171139717102051e-01
1.168024465441703796e-01
6.637755315750837326e-03
3.608942963182926178e-03
1.450987183488905430e-03
2.729828841984272003e-02
8.625017851591110229e-02
1.716940104961395264e-01
2.897697687149047852e-01
3.302623927593231201e-01
3.302623927593231201e-01
3.198918327689170837e-02
1.865325868129730225e-02
1.773426891304552555e-03
9.766223840415477753e-03
3.188663721084594727e-02
1.057223156094551086e-01
1.908411979675292969e-01
3.302623927593231201e-01
3.302623927593231201e-01
7.103525567799806595e-03
2.289149351418018341e-02
6.594606675207614899e-04
9.740959852933883667e-03
4.339757561683654785e-02
1.054825633764266968e-01
1.519030630588531494e-01
3.302623927593231201e-01
3.302623927593231201e-01
3.079876489937305450e-02
5.304092541337013245e-02
1.047690049745142460e-03
1.328226458281278610e-02
1.855966448783874512e-02
4.380373656749725342e-02
1.711780279874801636e-01
3.669297099113464355e-01
3.669297099113464355e-01
5.702105164527893066e-02
3.009322099387645721e-02
9.361307136714458466e-03
4.493616893887519836e-02
5.531692504882812500e-02
4.329574480652809143e-02
3.783047199249267578e-02
3.669297099113464355e-01
3.669297099113464355e-01
6.271070986986160278e-02
7.322768867015838623e-02
1.827843487262725830e-02
9.420438855886459351e-02
5.676364898681640625e-02
1.252774149179458618e-02
9.912913292646408081e-02
3.320986628532409668e-01
3.669297099113464355e-01
5.347952991724014282e-02
1.159858554601669312e-01
7.891709916293621063e-03
7.190634310245513916e-02
6.509360671043395996e-02
2.441173791885375977e-02
8.311001956462860107e-02
1.480536907911300659e-01
1.529521048069000244e-01
2.074801363050937653e-02
1.687002480030059814e-01
2.967482060194015503e-02
1.510850787162780762e-01
8.636163920164108276e-02
2.368657290935516357e-02
1.779609024524688721e-01
2.086032480001449585e-01
5.833106860518455505e-02
1.467064172029495239e-01
1.223462373018264771e-01
1.030123755335807800e-01
1.318365782499313354e-01
2.086795717477798462e-01
1.927324980497360229e-01
1.727728843688964844e-01
2.398634999990463257e-01
2.162053138017654419e-01
1.820003837347030640e-01
1.103316023945808411e-01
5.599823594093322754e-02
6.904462724924087524e-02
8.440002053976058960e-02
1.260597556829452515e-01
1.371313035488128662e-01
1.556455492973327637e-01
1.569916456937789917e-01
1.261706054210662842e-01
1.145634576678276062e-01
1.256607919931411743e-01
2.031673938035964966e-01
2.398634999990463257e-01
2.398634999990463257e-01
1.079776510596275330e-01
2.398634999990463257e-01
2.398634999990463257e-01
1.521074622869491577e-01
9.040452539920806885e-02
9.005204588174819946e-02
1.158459410071372986e-01
2.398634999990463257e-01
2.398634999990463257e-01
1.077587082982063293e-01
1.775770187377929688e-01
1.081135421991348267e-01
4.063945263624191284e-02
3.773230686783790588e-02
2.380769141018390656e-02
1.934841834008693695e-02
1.060792244970798492e-02
1.291092485189437866e-02
2.630676925182342529e-01
2.630676925182342529e-01
2.630676925182342529e-01
3.521091118454933167e-02
6.707199662923812866e-02
2.259636372327804565e-01
2.167763113975524902e-01
1.857841163873672485e-01
8.048244565725326538e-02
6.320413947105407715e-02
1.394337862730026245e-01
1.241277158260345459e-01
3.770368173718452454e-02
7.770089060068130493e-02
8.166595548391342163e-02
6.135397776961326599e-02
5.926855280995368958e-02
1.198616847395896912e-01
2.630676925182342529e-01
2.440149784088134766e-01
2.630676925182342529e-01
3.369740024209022522e-02
1.879395097494125366e-01
2.630676925182342529e-01
2.630676925182342529e-01
2.630676925182342529e-01
2.630676925182342529e-01
1.562418639659881592e-01
1.539765894412994385e-01
1.471453607082366943e-01
4.878919944167137146e-02
4.615311324596405029e-02
1.031208708882331848e-01
1.594499498605728149e-01
1.616868823766708374e-01
1.862313151359558105e-01
2.246245592832565308e-01
1.175571158528327942e-01
7.571545243263244629e-02
1.204310879111289978e-01
1.127646639943122864e-01
1.038395538926124573e-01
1.377507448196411133e-01
1.783146411180496216e-01
2.552844285964965820e-01
2.552844285964965820e-01
1.439476460218429565e-01
1.075147539377212524e-01
2.263559773564338684e-02
4.186245799064636230e-02
1.441652476787567139e-01
2.552844285964965820e-01
2.552844285964965820e-01
2.552844285964965820e-01
2.552844285964965820e-01
1.361701935529708862e-01
6.183497235178947449e-02
3.836872801184654236e-02
2.665265835821628571e-02
3.305261582136154175e-02
2.552844285964965820e-01
2.552844285964965820e-01
2.552844285964965820e-01
1.352307200431823730e-01
7.225840538740158081e-02
2.479128539562225342e-02
7.736416161060333252e-02
1.076596751809120178e-01
2.068570405244827271e-01
2.304751873016357422e-01
2.224806696176528931e-01
1.147274896502494812e-01
5.074639618396759033e-02
6.948482990264892578e-02
2.158826030790805817e-02
9.436139836907386780e-03
5.394830182194709778e-02
2.637601792812347412e-01
2.637601792812347412e-01
2.441230863332748413e-01
1.136400178074836731e-01
2.333768159151077271e-01
9.234006702899932861e-02
4.703373461961746216e-02
1.727131940424442291e-02
1.279520243406295776e-02
4.146071523427963257e-02
2.637601792812347412e-01
2.637601792812347412e-01
2.637601792812347412e-01
1.584234684705734253e-01
2.132463157176971436e-01
7.816847413778305054e-02
3.716337308287620544e-02
4.149999842047691345e-02
9.995801001787185669e-02
2.637601792812347412e-01
2.637601792812347412e-01
2.637601792812347412e-01
1.756306141614913940e-01
7.137313485145568848e-02
1.915759965777397156e-02
1.453472860157489777e-02
3.985591232776641846e-02
1.460669338703155518e-01
1.903978288173675537e-01
2.271452993154525757e-01
2.659516036510467529e-01
1.930712163448333740e-01
1.024378165602684021e-01
3.456398099660873413e-02
8.876132778823375702e-03
1.180481817573308945e-02
1.908201910555362701e-02
3.413212671875953674e-02
1.453023254871368408e-01
2.659516036510467529e-01
2.398490756750106812e-01
2.033281773328781128e-01
1.074567437171936035e-01
1.531743854284286499e-01
1.152527108788490295e-01
1.742255240678787231e-01
2.659516036510467529e-01
2.659516036510467529e-01
2.659516036510467529e-01
2.277728468179702759e-01
4.970299080014228821e-02
6.756211817264556885e-02
1.502858996391296387e-01
8.414684236049652100e-02
9.557856619358062744e-02
8.878433704376220703e-02
2.659516036510467529e-01
2.659516036510467529e-01
1.393245756626129150e-01
2.577876746654510498e-01
1.700707823038101196e-01
1.793513633310794830e-02
4.433998093008995056e-02
9.277775883674621582e-02
7.589822262525558472e-02
2.104528695344924927e-01
2.577876746654510498e-01
6.276057660579681396e-02
2.511363029479980469e-01
1.971987932920455933e-01
3.742299601435661316e-02
1.255151629447937012e-01
1.620531976222991943e-01
1.721327602863311768e-01
1.407271176576614380e-01
1.317918449640274048e-01
2.577876746654510498e-01
8.475214987993240356e-02
8.874483406543731689e-02
1.128779873251914978e-01
8.038835227489471436e-02
7.648018747568130493e-02
1.281224191188812256e-01
2.577876746654510498e-01
2.577876746654510498e-01
1.605818420648574829e-01
1.181904003024101257e-01
7.527477294206619263e-02
8.675245195627212524e-02
9.652949124574661255e-02
1.469663828611373901e-01
2.577876746654510498e-01
2.577876746654510498e-01
2.577876746654510498e-01
1.471544057130813599e-01
8.630585670471191406e-02
7.310130447149276733e-02
4.231315851211547852e-02
1.820599138736724854e-01
1.369313150644302368e-01
1.511955112218856812e-01
1.058390215039253235e-01
1.954137086868286133e-01
1.980171501636505127e-01
8.043816685676574707e-02
5.197274684906005859e-02
5.923316627740859985e-02
1.163117066025733948e-01
6.510856002569198608e-02
1.635893732309341431e-01
1.721929162740707397e-01
2.376197129487991333e-01
2.376197129487991333e-01
1.266902089118957520e-01
5.465169250965118408e-02
9.074064344167709351e-02
2.132000029087066650e-01
2.065499424934387207e-01
2.376197129487991333e-01
1.984828263521194458e-01
2.376197129487991333e-01
2.376197129487991333e-01
2.066644728183746338e-01
9.161990880966186523e-02
1.343986392021179199e-01
1.895637810230255127e-01
1.497173160314559937e-01
2.376197129487991333e-01
1.833863258361816406e-01
2.376197129487991333e-01
1.410353630781173706e-01
8.221698552370071411e-02
6.208463385701179504e-02
3.619538247585296631e-02
6.503865122795104980e-02
3.755689784884452820e-02
1.454204469919204712e-01
2.160394340753555298e-01
2.351271659135818481e-01
1.854370236396789551e-01
1.225038617849349976e-01
1.137749031186103821e-01
5.847702920436859131e-02
9.194951504468917847e-02
1.403302252292633057e-01
2.351271659135818481e-01
2.351271659135818481e-01
2.351271659135818481e-01
2.351271659135818481e-01
2.128246724605560303e-01
1.289996802806854248e-01
7.988059520721435547e-02
9.910283982753753662e-02
1.098409593105316162e-01
1.627685725688934326e-01
1.695885956287384033e-01
2.351271659135818481e-01
2.351271659135818481e-01
2.351271659135818481e-01
2.351271659135818481e-01
9.673052281141281128e-02
1.298669874668121338e-01
1.236040666699409485e-01
1.820713132619857788e-01
2.258468568325042725e-01
1.726039946079254150e-01
1.868131309747695923e-01
1.319067329168319702e-01
1.179324463009834290e-01
7.663384824991226196e-02
3.321027383208274841e-02
9.575800597667694092e-02
1.557467132806777954e-01
2.547909617424011230e-01
2.547909617424011230e-01
2.547909617424011230e-01
2.547909617424011230e-01
1.636717319488525391e-01
6.637670099735260010e-02
3.263051435351371765e-02
7.529421150684356689e-02
1.909638643264770508e-01
2.547909617424011230e-01
2.547909617424011230e-01
9.832707792520523071e-02
2.547909617424011230e-01
2.547909617424011230e-01
1.273240298032760620e-01
3.939740732312202454e-02
2.970768138766288757e-02
6.636285781860351562e-02
1.150327324867248535e-01
1.182727739214897156e-01
1.567367166280746460e-01
2.547909617424011230e-01
2.547909617424011230e-01
1.359096318483352661e-01
4.360928013920783997e-02
8.919392712414264679e-03
3.728727996349334717e-02
1.375010460615158081e-01
2.049628198146820068e-01
2.476932257413864136e-01
2.534644305706024170e-01
1.077768877148628235e-01
8.789307624101638794e-02
1.063904613256454468e-01
9.402772784233093262e-02
2.534644305706024170e-01
2.534644305706024170e-01
2.534644305706024170e-01
1.932874917984008789e-01
1.952883601188659668e-01
6.855913251638412476e-02
1.383078992366790771e-01
1.487198770046234131e-01
1.861835420131683350e-01
2.534644305706024170e-01
2.534644305706024170e-01
2.534644305706024170e-01
1.616895049810409546e-01
2.206951975822448730e-01
1.556884199380874634e-01
9.543096274137496948e-02
8.004800230264663696e-02
3.215102106332778931e-02
4.185372591018676758e-02
9.401634335517883301e-02
2.081039100885391235e-01
1.266649365425109863e-01
1.344557404518127441e-01
1.410458087921142578e-01
1.187058985233306885e-01
1.345246732234954834e-01
9.056693315505981445e-02
7.220224291086196899e-02
6.784041970968246460e-02
1.305296570062637329e-01
1.376548409461975098e-01
6.592819094657897949e-02
7.388159632682800293e-02
8.869480341672897339e-02
1.278215050697326660e-01
2.533776164054870605e-01
2.533776164054870605e-01
2.533776164054870605e-01
2.533776164054870605e-01
9.924478828907012939e-02
8.928735554218292236e-02
1.236512139439582825e-01
1.514718532562255859e-01
1.181251704692840576e-01
2.533776164054870605e-01
2.533776164054870605e-01
2.533776164054870605e-01
2.172658890485763550e-01
1.780912876129150391e-01
1.466514617204666138e-01
1.253547817468643188e-01
8.388479053974151611e-02
1.391512751579284668e-01
1.673263013362884521e-01
8.772251009941101074e-02
1.529874950647354126e-01
1.351085156202316284e-01
2.420407533645629883e-01
1.589473634958267212e-01
6.780916452407836914e-02
1.080627590417861938e-01
9.630110114812850952e-02
1.064903214573860168e-01
7.463827729225158691e-02
1.878954917192459106e-01
2.087852954864501953e-01
5.871737375855445862e-02
7.160010933876037598e-02
1.872239708900451660e-01
2.496063709259033203e-01
1.511902064085006714e-01
2.496063709259033203e-01
2.496063709259033203e-01
1.843131333589553833e-01
1.176680922508239746e-01
3.876194730401039124e-02
7.222418487071990967e-02
1.408670842647552490e-01
1.915628910064697266e-01
2.251433879137039185e-01
2.496063709259033203e-01
2.496063709259033203e-01
5.715915560722351074e-02
5.429625138640403748e-02
1.621916890144348145e-01
1.983063220977783203e-01
1.758594810962677002e-01
2.460691481828689575e-01
1.833401173353195190e-01
1.221077665686607361e-01
1.060679182410240173e-01
8.583705872297286987e-02
1.389442533254623413e-01
8.351989090442657471e-02
2.496063709259033203e-01
2.496063709259033203e-01
1.726543456315994263e-01
1.591759771108627319e-01
8.859123289585113525e-02
8.200217783451080322e-02
2.791425026953220367e-02
7.671985030174255371e-02
3.690407052636146545e-02
2.793434262275695801e-01
2.800949513912200928e-01
7.647354155778884888e-02
2.113169133663177490e-01
1.299755871295928955e-01
1.111025586724281311e-01
3.639212995767593384e-02
3.317720815539360046e-02
9.023599326610565186e-02
3.374615609645843506e-01
3.374615609645843506e-01
2.441379800438880920e-02
9.007319062948226929e-02
2.088166400790214539e-02
6.581845134496688843e-02
4.356606677174568176e-02
4.339059442281723022e-02
7.451934367418289185e-02
3.374615609645843506e-01
3.374615609645843506e-01
7.342588901519775391e-02
8.645428717136383057e-02
3.853429481387138367e-02
5.455395579338073730e-02
2.490875311195850372e-02
4.008359089493751526e-02
8.401585370302200317e-02
3.374615609645843506e-01
3.374615609645843506e-01
3.756122663617134094e-02
5.382839217782020569e-02
1.921955868601799011e-02
9.297688305377960205e-02
4.272512719035148621e-02
2.487869560718536377e-02
2.323806732892990112e-01
3.385925292968750000e-01
3.385925292968750000e-01
8.709953166544437408e-03
3.501630946993827820e-02
1.337404176592826843e-02
7.349312305450439453e-02
4.381485283374786377e-02
4.118041321635246277e-02
2.865364253520965576e-01
3.385925292968750000e-01
3.385925292968750000e-01
6.724295672029256821e-03
8.462207764387130737e-02
2.332790940999984741e-02
7.026882469654083252e-02
2.990908734500408173e-02
3.101856075227260590e-02
1.514248847961425781e-01
3.373069167137145996e-01
2.884512245655059814e-01
1.979515142738819122e-02
7.564768195152282715e-02
2.621171809732913971e-02
1.391701400279998779e-01
6.499546766281127930e-02
3.187005966901779175e-02
1.788645386695861816e-01
1.814825236797332764e-01
1.005044803023338318e-01
1.031824015080928802e-02
1.314808279275894165e-01
4.342966526746749878e-02
1.584515124559402466e-01
6.927257031202316284e-02
3.683189675211906433e-02
2.595667839050292969e-01
2.595667839050292969e-01
2.040075957775115967e-01
1.580837368965148926e-02
2.131512910127639771e-01
1.101215742528438568e-02
1.064152494072914124e-01
5.289076641201972961e-02
5.435006320476531982e-02
2.595667839050292969e-01
2.595667839050292969e-01
1.340675204992294312e-01
9.687440469861030579e-03
2.595667839050292969e-01
1.700134947896003723e-02
1.473649740219116211e-01
5.972993373870849609e-02
6.733237206935882568e-02
1.993946880102157593e-01
2.244349569082260132e-01
1.826397627592086792e-01
6.891323626041412354e-02
2.192220538854598999e-01
3.715966269373893738e-02
2.207522541284561157e-01
8.151966333389282227e-02
3.466505557298660278e-02
1.805029958486557007e-01
2.573860883712768555e-01
2.595667839050292969e-01
7.238899916410446167e-02
2.595667839050292969e-01
2.408255822956562042e-02
1.718411445617675781e-01
5.349192395806312561e-02
4.259368404746055603e-02
6.826359778642654419e-02
5.928786471486091614e-02
7.634202390909194946e-02
2.606101147830486298e-02
4.693962633609771729e-02
8.288826793432235718e-02
1.341583579778671265e-01
3.031334280967712402e-01
3.031334280967712402e-01
8.929423987865447998e-02
7.651951164007186890e-02
1.260417848825454712e-01
6.100991368293762207e-02
3.750717639923095703e-02
9.782873094081878662e-02
1.145753934979438782e-01
3.031334280967712402e-01
3.031334280967712402e-01
3.031334280967712402e-01
2.703230679035186768e-01
9.250995516777038574e-02
2.082759886980056763e-02
2.129424922168254852e-02
2.561392076313495636e-02
4.734013974666595459e-02
1.313831657171249390e-01
2.601753771305084229e-01
3.031334280967712402e-01
1.521690040826797485e-01
2.100214920938014984e-02
1.455783098936080933e-02
1.674659177660942078e-02
6.198981776833534241e-02
6.146097183227539062e-02
2.288368344306945801e-01
3.031334280967712402e-01
7.388161867856979370e-02
5.228530243039131165e-02
5.998704582452774048e-02
4.183409735560417175e-02
5.068994686007499695e-02
9.175236523151397705e-02
6.991674005985260010e-02
1.464085727930068970e-01
3.499605655670166016e-01
3.045851588249206543e-01
7.652078568935394287e-02
5.921119824051856995e-02
2.561515383422374725e-02
1.102671772241592407e-01
2.083763182163238525e-01
2.728022038936614990e-01
2.038528919219970703e-01
3.499605655670166016e-01
2.294139266014099121e-01
4.759487137198448181e-02
1.793087460100650787e-02
1.603757590055465698e-02
6.415992509573698044e-03
2.799244597554206848e-02
1.540710031986236572e-02
1.351082175970077515e-01
3.499605655670166016e-01
2.752619981765747070e-01
1.315513253211975098e-01
3.333441913127899170e-02
8.836021646857261658e-03
6.527172517962753773e-04
4.045756533741950989e-03
5.324133671820163727e-03
1.109711602330207825e-01
3.499605655670166016e-01
2.814484834671020508e-01
1.488157659769058228e-01
2.809502743184566498e-02
9.136339649558067322e-03
1.925659738481044769e-02
5.594612658023834229e-02
1.756732016801834106e-01
1.452794969081878662e-01
2.814484834671020508e-01
2.814484834671020508e-01
2.814484834671020508e-01
1.332474052906036377e-01
1.260792277753353119e-02
8.916310616768896580e-04
3.622965421527624130e-03
1.758887916803359985e-01
2.067903876304626465e-01
2.814484834671020508e-01
2.192932069301605225e-01
2.258227616548538208e-01
5.952148512005805969e-02
4.501884803175926208e-03
4.995273047825321555e-05
3.593489236664026976e-04
1.733242301270365715e-03
2.884745597839355469e-02
2.814484834671020508e-01
2.725883424282073975e-01
2.814484834671020508e-01
2.814484834671020508e-01
1.530963461846113205e-02
5.377156194299459457e-04
1.588037353940308094e-03
7.502352353185415268e-03
7.452763617038726807e-03
1.234115436673164368e-01
1.643110811710357666e-01
2.854162454605102539e-01
2.072501927614212036e-01
3.693417413160204887e-03
2.138014184311032295e-03
2.005525166168808937e-03
1.549475491046905518e-01
1.755012571811676025e-01
2.667783796787261963e-01
1.769064813852310181e-01
2.854162454605102539e-01
2.854162454605102539e-01
6.203812733292579651e-02
5.504254251718521118e-02
2.961167693138122559e-02
2.199783176183700562e-01
2.574053108692169189e-01
2.377935647964477539e-01
9.682293236255645752e-02
2.854162454605102539e-01
2.854162454605102539e-01
8.945737034082412720e-03
3.843157086521387100e-03
2.120425458997488022e-03
5.742902401834726334e-03
6.170174106955528259e-03
3.007243759930133820e-02
8.415883034467697144e-02
2.854162454605102539e-01
2.854162454605102539e-01
2.634179592132568359e-02
1.911603473126888275e-02
6.190996151417493820e-03
7.768870797008275986e-03
1.222444232553243637e-02
4.328243434429168701e-02
2.436251938343048096e-01
2.601040303707122803e-01
2.601040303707122803e-01
2.573978602886199951e-01
1.828052997589111328e-01
1.176001876592636108e-01
2.401358783245086670e-01
2.601040303707122803e-01
2.601040303707122803e-01
2.055847495794296265e-01
6.058005243539810181e-02
8.863670378923416138e-02
2.112981826066970825e-01
1.058337390422821045e-01
8.196733146905899048e-02
7.996906340122222900e-02
2.601040303707122803e-01
2.601040303707122803e-01
1.118519753217697144e-01
2.601040303707122803e-01
2.601040303707122803e-01
8.164656907320022583e-02
5.739997327327728271e-02
1.785175502300262451e-02
2.594779059290885925e-02
3.723100945353507996e-02
9.147537499666213989e-02
8.629874885082244873e-02
7.594288140535354614e-02
4.744482040405273438e-02
5.197931081056594849e-02
3.133074194192886353e-02
1.897194050252437592e-02
5.579685047268867493e-02
1.395089477300643921e-01
1.661096066236495972e-01
2.677735984325408936e-01
6.325325369834899902e-02
6.340647488832473755e-02
1.689010113477706909e-01
8.976798504590988159e-02
4.663892835378646851e-02
1.237882748246192932e-01
2.677735984325408936e-01
2.677735984325408936e-01
2.042391002178192139e-01
1.355634778738021851e-01
4.852815717458724976e-02
1.478296369314193726e-01
9.471837431192398071e-02
1.301736980676651001e-01
2.210773080587387085e-01
2.625172436237335205e-01
2.677735984325408936e-01
1.516135632991790771e-01
6.579892337322235107e-02
2.800893597304821014e-02
5.602492764592170715e-02
4.133820533752441406e-02
5.472321063280105591e-02
9.803456813097000122e-02
2.677735984325408936e-01
2.677735984325408936e-01
2.168104797601699829e-01
9.261140227317810059e-02
2.181552164256572723e-02
5.386404693126678467e-02
4.291864484548568726e-02
9.061677753925323486e-02
1.571636199951171875e-01
2.569510936737060547e-01
2.677735984325408936e-01
2.215676456689834595e-01
1.822040826082229614e-01
4.953927174210548401e-02
9.197992086410522461e-02
9.994611144065856934e-02
1.671819090843200684e-01
2.430601418018341064e-01
1.664275079965591431e-01
2.725903689861297607e-01
2.725903689861297607e-01
1.962765753269195557e-01
4.920832440257072449e-02
6.391917169094085693e-02
1.031238287687301636e-01
1.116312667727470398e-01
1.280367821455001831e-01
9.677921980619430542e-02
2.725903689861297607e-01
2.725903689861297607e-01
1.461549252271652222e-01
2.139403298497200012e-02
2.005059644579887390e-02
1.781524531543254852e-02
6.889181584119796753e-02
1.697831749916076660e-01
2.478137612342834473e-01
2.725903689861297607e-01
2.725903689861297607e-01
8.979053050279617310e-02
2.084909752011299133e-02
3.669293224811553955e-02
3.798656538128852844e-02
3.054663538932800293e-02
6.105381995439529419e-02
1.784947365522384644e-01
2.725903689861297607e-01
2.528694570064544678e-01
2.240240275859832764e-01
1.018785312771797180e-01
4.263594746589660645e-02
6.743900477886199951e-02
8.818461000919342041e-02
7.485354691743850708e-02
8.791702240705490112e-02
2.181948870420455933e-01
2.528694570064544678e-01
2.528694570064544678e-01
2.395018637180328369e-01
8.392088115215301514e-02
1.101529747247695923e-01
1.031643077731132507e-01
9.666806459426879883e-02
1.283009052276611328e-01
1.922134011983871460e-01
2.528694570064544678e-01
1.379875987768173218e-01
5.494046583771705627e-02
4.428942874073982239e-02
6.924106925725936890e-02
1.029474847018718719e-02
7.462898641824722290e-02
2.528694570064544678e-01
2.528694570064544678e-01
2.528694570064544678e-01
2.253450155258178711e-01
1.237380057573318481e-01
7.056517153978347778e-02
1.125142127275466919e-01
2.165107615292072296e-02
1.330965757369995117e-01
2.528694570064544678e-01
2.528694570064544678e-01
1.678717881441116333e-01
2.448212951421737671e-01
2.448212951421737671e-01
1.576421111822128296e-01
1.702182590961456299e-01
6.782399863004684448e-02
6.054567918181419373e-02
9.660489112138748169e-02
1.668686270713806152e-01
1.483663320541381836e-01
2.448212951421737671e-01
2.448212951421737671e-01
2.078584879636764526e-01
2.038486897945404053e-01
2.734638936817646027e-02
6.227185949683189392e-02
1.031990423798561096e-01
1.357015371322631836e-01
2.448212951421737671e-01
1.508865207433700562e-01
8.916942030191421509e-02
1.068342253565788269e-01
1.941994428634643555e-01
4.594190046191215515e-02
9.356919676065444946e-02
1.624155491590499878e-01
2.448212951421737671e-01
2.448212951421737671e-01
2.448212951421737671e-01
1.515359729528427124e-01
1.205168291926383972e-01
1.776447743177413940e-01
4.933694377541542053e-02
5.904320254921913147e-02
1.704226881265640259e-01
1.704183220863342285e-01
1.706946045160293579e-01
1.531016230583190918e-01
1.723191291093826294e-01
1.406033784151077271e-01
1.846525073051452637e-01
5.741942673921585083e-02
1.220467835664749146e-01
1.441151052713394165e-01
2.022722512483596802e-01
2.153349369764328003e-01
1.422937363386154175e-01
1.398576200008392334e-01
7.980635017156600952e-02
1.943237334489822388e-01
1.322094798088073730e-01
1.314145326614379883e-01
1.610832810401916504e-01
2.118458151817321777e-01
2.638315856456756592e-01
2.638315856456756592e-01
1.784240007400512695e-01
6.693685799837112427e-02
9.923043102025985718e-02
2.743091061711311340e-02
9.963668882846832275e-02
2.027521580457687378e-01
2.221112102270126343e-01
2.638315856456756592e-01
2.479674816131591797e-01
7.310517132282257080e-02
3.745889291167259216e-02
5.639297142624855042e-02
5.747455731034278870e-02
1.013621017336845398e-01
1.864465475082397461e-01
2.638315856456756592e-01
2.598097324371337891e-01
1.801092028617858887e-01
6.235351040959358215e-02
3.425620123744010925e-02
1.108832955360412598e-01
6.256324797868728638e-02
6.733533740043640137e-02
1.480792909860610962e-01
1.218606233596801758e-01
3.092494010925292969e-01
3.017882406711578369e-01
4.569442942738533020e-02
2.997608482837677002e-02
6.600832194089889526e-02
4.146062955260276794e-02
6.518609076738357544e-02
1.750464886426925659e-01
2.033278197050094604e-01
3.092494010925292969e-01
2.471183687448501587e-01
1.983500458300113678e-02
1.695454493165016174e-02
3.796373307704925537e-02
2.147116325795650482e-02
3.157737106084823608e-02
1.094590425491333008e-01
3.092494010925292969e-01
3.092494010925292969e-01
3.092494010925292969e-01
3.834332525730133057e-02
5.777486134320497513e-03
3.161405026912689209e-02
8.339207619428634644e-03
2.926187217235565186e-02
6.439489126205444336e-02
3.092494010925292969e-01
2.724396586418151855e-01
3.256196379661560059e-01
1.645343899726867676e-01
4.630525410175323486e-02
6.148243322968482971e-02
3.216915205121040344e-02
3.916167095303535461e-02
8.603417873382568359e-02
1.442998647689819336e-01
2.035593539476394653e-01
3.256196379661560059e-01
3.256196379661560059e-01
3.716717660427093506e-02
3.095049038529396057e-02
1.201773434877395630e-02
2.346159890294075012e-02
2.089134976267814636e-02
7.541533559560775757e-02
3.256196379661560059e-01
3.256196379661560059e-01
8.849563449621200562e-02
5.057561211287975311e-03
8.879649452865123749e-03
1.211270038038492203e-02
1.747011393308639526e-02
2.211770415306091309e-02
1.549888700246810913e-01
3.256196379661560059e-01
3.256196379661560059e-01
1.491395086050033569e-01
1.112663466483354568e-02
6.332203745841979980e-03
2.795238746330142021e-03
6.059379316866397858e-03
4.801291506737470627e-03
1.028117686510086060e-01
2.129638642072677612e-01
3.237670063972473145e-01
3.237670063972473145e-01
2.957280166447162628e-02
3.570508956909179688e-02
6.018803920596837997e-03
2.542546950280666351e-02
1.142481341958045959e-02
6.796917319297790527e-02
2.085648626089096069e-01
3.237670063972473145e-01
2.098014503717422485e-01
4.002185910940170288e-02
8.149671554565429688e-02
7.217758800834417343e-03
3.476569801568984985e-02
1.682505942881107330e-02
4.885144159197807312e-02
3.237670063972473145e-01
3.237670063972473145e-01
1.398979425430297852e-01
8.505711331963539124e-03
1.151355821639299393e-02
4.766540601849555969e-03
7.706003263592720032e-03
1.448970008641481400e-02
1.520772129297256470e-01
3.237670063972473145e-01
3.237670063972473145e-01
1.657064557075500488e-01
3.877823799848556519e-02
4.765107110142707825e-02
5.971315875649452209e-02
2.346958406269550323e-02
4.103583842515945435e-02
1.735923886299133301e-01
2.285542190074920654e-01
2.734801471233367920e-01
1.424134820699691772e-01
3.310662508010864258e-02
7.142696529626846313e-02
6.403400097042322159e-03
3.549048304557800293e-02
1.967832818627357483e-02
5.172820389270782471e-02
3.191096186637878418e-01
2.807491421699523926e-01
1.107163354754447937e-01
1.949666254222393036e-02
9.943400323390960693e-02
9.223653934895992279e-03
5.402335152029991150e-02
2.566266246140003204e-02
4.846646636724472046e-02
3.325025737285614014e-01
3.325025737285614014e-01
1.683956682682037354e-01
3.896411508321762085e-02
6.438481807708740234e-02
6.248373538255691528e-02
5.049817636609077454e-02
4.512510076165199280e-02
2.267876565456390381e-01
3.325025737285614014e-01
3.325025737285614014e-01
1.871929317712783813e-01
9.929040074348449707e-02
7.223828881978988647e-02
3.855141624808311462e-02
4.468937963247299194e-02
8.632265031337738037e-02
1.799720078706741333e-01
2.561817169189453125e-01
2.717011570930480957e-01
1.513385325670242310e-01
6.559006869792938232e-02
7.435171306133270264e-02
1.000037230551242828e-02
5.790614336729049683e-02
2.108411118388175964e-02
2.129447087645530701e-02
2.329297512769699097e-01
3.465434312820434570e-01
2.417163848876953125e-01
6.385767459869384766e-02
8.860342204570770264e-02
9.471969678997993469e-03
3.442521393299102783e-02
9.956832043826580048e-03
2.689355984330177307e-02
3.492770791053771973e-01
3.492770791053771973e-01
1.723365634679794312e-01
7.841905951499938965e-02
2.312910556793212891e-02
1.562885940074920654e-02
1.397507824003696442e-02
3.160855919122695923e-02
6.265991181135177612e-02
3.492770791053771973e-01
3.492770791053771973e-01
1.969052702188491821e-01
2.253733575344085693e-02
1.013259869068861008e-02
2.035571029409766197e-03
4.409357905387878418e-03
4.283473826944828033e-03
6.342431157827377319e-02
3.407619297504425049e-01
2.999786734580993652e-01
5.544648692011833191e-02
1.458587218075990677e-02
2.630602102726697922e-03
1.108397729694843292e-03
3.728352254256606102e-03
1.931769587099552155e-02
1.784799546003341675e-01
3.407619297504425049e-01
1.198971942067146301e-01
8.338264189660549164e-03
5.297085735946893692e-04
3.443270397838205099e-04
5.038171657361090183e-04
5.007502157241106033e-03
7.736071944236755371e-02
3.407619297504425049e-01
3.407619297504425049e-01
1.417515873908996582e-01
3.582726698368787766e-03
8.227931102737784386e-04
3.637136891484260559e-03
0.000000000000000000e+00
2.131436922354623675e-04
4.358072578907012939e-02
3.407619297504425049e-01
3.407619297504425049e-01
8.249781280755996704e-02
3.998876363039016724e-02
9.344907477498054504e-03
2.824416570365428925e-02
1.537971314974129200e-03
5.068903323262929916e-03
8.029268682003021240e-02
3.407619297504425049e-01
2.190990746021270752e-01
4.012341052293777466e-02
2.350086718797683716e-02
5.138873821124434471e-04
1.467358524678274989e-04
0.000000000000000000e+00
2.916404278948903084e-03
7.277154922485351562e-02
3.112165033817291260e-01
1.956418305635452271e-01
3.112165033817291260e-01
2.352134138345718384e-01
1.701008714735507965e-02
3.295995062217116356e-03
2.511152706574648619e-04
2.355991862714290619e-03
7.744213193655014038e-02
3.112165033817291260e-01
1.892648339271545410e-01
2.786338627338409424e-01
2.170695960521697998e-01
3.792722523212432861e-02
4.967228323221206665e-02
6.006475538015365601e-03
1.443956606090068817e-02
5.984255298972129822e-02
3.112165033817291260e-01
1.574403196573257446e-01
3.112165033817291260e-01
3.112165033817291260e-01
1.020311415195465088e-01
6.602956354618072510e-02
2.530733495950698853e-02
3.383870795369148254e-02
5.668731778860092163e-02
2.179799675941467285e-01
2.227564901113510132e-01
3.355867564678192139e-01
3.355867564678192139e-01
3.908915445208549500e-02
6.928177084773778915e-03
8.563169976696372032e-04
8.655291981995105743e-03
3.201325610280036926e-02
2.517531514167785645e-01
2.157198786735534668e-01
3.355867564678192139e-01
3.355867564678192139e-01
5.844304710626602173e-02
8.590715937316417694e-03
1.153345592319965363e-02
3.784872591495513916e-02
2.472434937953948975e-02
9.583832323551177979e-02
1.248719021677970886e-01
3.355867564678192139e-01
3.355867564678192139e-01
6.896013766527175903e-02
3.851480409502983093e-02
2.693008072674274445e-02
5.046645924448966980e-02
3.376616910099983215e-02
8.970062434673309326e-02
9.350338578224182129e-02
2.194569110870361328e-01
1.616329997777938843e-01
3.110716491937637329e-02
2.638572826981544495e-02
2.405245229601860046e-02
8.335037529468536377e-02
6.529903411865234375e-02
1.144539117813110352e-01
2.128904461860656738e-01
3.763385713100433350e-01
3.763385713100433350e-01
6.348816305398941040e-02
1.990543119609355927e-02
3.585724905133247375e-02
6.640679389238357544e-02
5.199413001537322998e-02
9.605175256729125977e-02
1.802676469087600708e-01
3.763385713100433350e-01
3.763385713100433350e-01
3.920165449380874634e-02
2.544226497411727905e-02
2.092267200350761414e-02
5.140696093440055847e-02
6.279747933149337769e-02
1.312785148620605469e-01
1.488000750541687012e-01
1.286259591579437256e-01
6.820646673440933228e-02
1.812409237027168274e-02
1.552740857005119324e-02
3.475376963615417480e-02
9.828098118305206299e-02
1.472018510103225708e-01
2.689386308193206787e-01
1.784052401781082153e-01
1.147292107343673706e-01
3.509097173810005188e-02
1.200657710433006287e-02
1.450097095221281052e-02
8.772025816142559052e-03
6.809895485639572144e-02
1.532464772462844849e-01
2.825907766819000244e-01
2.582963407039642334e-01
2.582963407039642334e-01
2.013363689184188843e-01
7.602589577436447144e-02
3.427403047680854797e-02
4.280499368906021118e-02
7.874619215726852417e-02
1.321047842502593994e-01
2.582963407039642334e-01
2.267790883779525757e-01
1.876689195632934570e-01
1.123316213488578796e-01
8.806002140045166016e-02
6.481336802244186401e-02
9.486898034811019897e-02
1.025905832648277283e-01
2.398804277181625366e-01
2.582963407039642334e-01
2.582963407039642334e-01
1.828286945819854736e-01
6.355174630880355835e-02
2.719457820057868958e-02
2.431062981486320496e-02
7.557845208793878555e-03
7.455503195524215698e-02
2.582963407039642334e-01
2.582963407039642334e-01
2.413022369146347046e-01
1.292254179716110229e-01
4.595077782869338989e-02
3.993876278400421143e-02
6.046254932880401611e-02
6.148038059473037720e-02
7.225376367568969727e-02
2.582963407039642334e-01
2.582963407039642334e-01
1.614520996809005737e-01
1.003655418753623962e-01
5.394786223769187927e-02
7.251380383968353271e-02
8.426191657781600952e-02
1.161576062440872192e-01
1.452446132898330688e-01
2.753701806068420410e-01
2.753701806068420410e-01
2.753701806068420410e-01
7.550130039453506470e-02
2.780363894999027252e-02
4.720104858279228210e-02
4.943798482418060303e-02
7.614634186029434204e-02
2.282469570636749268e-01
2.753701806068420410e-01
2.753701806068420410e-01
1.777268350124359131e-01
7.591073215007781982e-02
2.192173525691032410e-02
2.636296674609184265e-02
6.794968992471694946e-02
5.502052605152130127e-02
8.975590765476226807e-02
2.753701806068420410e-01
2.753701806068420410e-01
2.753701806068420410e-01
1.278685033321380615e-01
2.279886230826377869e-02
2.091777883470058441e-02
2.849139831960201263e-02
2.023173868656158447e-02
1.056836470961570740e-01
2.753701806068420410e-01
2.753701806068420410e-01
3.014376461505889893e-01
7.639537006616592407e-02
1.308557670563459396e-02
1.752870157361030579e-02
1.516778487712144852e-02
2.059107832610607147e-02
1.060248613357543945e-01
2.534822821617126465e-01
3.014376461505889893e-01
3.014376461505889893e-01
8.684499561786651611e-02
2.439780533313751221e-02
2.672317810356616974e-02
1.974601484835147858e-02
6.418965291231870651e-03
5.373890697956085205e-02
2.535903453826904297e-01
3.014376461505889893e-01
3.014376461505889893e-01
1.531967371702194214e-01
2.202069573104381561e-02
1.753002405166625977e-02
1.609345339238643646e-02
9.387849830090999603e-03
5.788824707269668579e-02
1.351797431707382202e-01
2.970376312732696533e-01
3.014376461505889893e-01
2.268067747354507446e-01
2.290558069944381714e-02
4.471505526453256607e-03
1.820838637650012970e-02
6.056527141481637955e-03
4.717298597097396851e-02
1.137953102588653564e-01
3.014376461505889893e-01
3.202798068523406982e-01
8.718045800924301147e-02
2.997957542538642883e-02
2.295431680977344513e-02
2.496861293911933899e-02
2.160487347282469273e-04
4.674726352095603943e-02
2.213170081377029419e-01
3.202798068523406982e-01
3.202798068523406982e-01
1.398912668228149414e-01
4.798413440585136414e-02
2.360941097140312195e-02
4.061160609126091003e-02
5.544391460716724396e-03
5.565762519836425781e-02
2.207339853048324585e-01
3.202798068523406982e-01
3.202798068523406982e-01
1.267623156309127808e-01
1.583177410066127777e-02
6.371539784595370293e-04
8.704490028321743011e-03
0.000000000000000000e+00
1.812293566763401031e-02
7.337682694196701050e-02
3.202798068523406982e-01
3.202798068523406982e-01
1.136803328990936279e-01
3.238675184547901154e-03
6.552474224008619785e-04
4.006947390735149384e-03
0.000000000000000000e+00
2.506817225366830826e-03
6.599275022745132446e-02
3.202798068523406982e-01
3.227584660053253174e-01
9.049897640943527222e-02
2.743801102042198181e-02
2.701666019856929779e-02
5.517304316163063049e-02
1.303858961910009384e-02
2.777363732457160950e-02
1.273516863584518433e-01
3.227584660053253174e-01
3.227584660053253174e-01
3.215529322624206543e-01
6.990832090377807617e-02
3.534740582108497620e-02
3.396990522742271423e-02
1.506051421165466309e-02
1.471967436373233795e-02
1.220273450016975403e-01
2.586754560470581055e-01
3.227584660053253174e-01
1.099881902337074280e-01
2.423589030513539910e-04
4.506623663473874331e-04
4.046121612191200256e-03
0.000000000000000000e+00
0.000000000000000000e+00
4.081882163882255554e-02
3.227584660053253174e-01
3.227584660053253174e-01
1.663058996200561523e-01
3.075671149417757988e-03
5.299383192323148251e-04
3.914836328476667404e-03
0.000000000000000000e+00
3.781422507017850876e-03
5.723455548286437988e-02
3.227584660053253174e-01
3.157269954681396484e-01
3.157269954681396484e-01
8.395545929670333862e-02
1.286604907363653183e-02
1.301295030862092972e-02
3.668719436973333359e-03
3.094205819070339203e-02
1.241812407970428467e-01
2.722003459930419922e-01
3.157269954681396484e-01
2.206351310014724731e-01
2.530887722969055176e-02
4.029443953186273575e-03
5.321773700416088104e-03
1.628710888326168060e-03
2.201541326940059662e-02
9.894021600484848022e-02
3.157269954681396484e-01
3.157269954681396484e-01
1.288636475801467896e-01
4.858731757849454880e-03
1.221974671352654696e-04
4.676186945289373398e-03
0.000000000000000000e+00
9.374343790113925934e-03
5.450819432735443115e-02
3.157269954681396484e-01
3.157269954681396484e-01
1.397132724523544312e-01
1.107459538616240025e-03
0.000000000000000000e+00
4.120528697967529297e-03
0.000000000000000000e+00
4.006333183497190475e-03
5.101787671446800232e-02
3.157269954681396484e-01
3.524509072303771973e-01
2.125450521707534790e-01
3.294404130429029465e-03
4.951631999574601650e-04
3.020876320078969002e-03
3.677735512610524893e-04
3.324426244944334030e-03
3.995793312788009644e-02
2.752883136272430420e-01
3.524509072303771973e-01
2.215391546487808228e-01
5.070288665592670441e-03
0.000000000000000000e+00
2.935400465503334999e-03
0.000000000000000000e+00
1.690534525550901890e-03
1.121071632951498032e-02
2.898624837398529053e-01
3.524509072303771973e-01
2.121856063604354858e-01
0.000000000000000000e+00
0.000000000000000000e+00
3.311806358397006989e-03
0.000000000000000000e+00
0.000000000000000000e+00
2.083045057952404022e-02
2.750921249389648438e-01
3.524509072303771973e-01
2.959707081317901611e-01
2.057166071608662605e-03
0.000000000000000000e+00
4.824644420295953751e-03
0.000000000000000000e+00
0.000000000000000000e+00
4.812012426555156708e-03
1.869483292102813721e-01
3.908245265483856201e-01
2.102893441915512085e-01
7.724126335233449936e-03
1.899727038107812405e-03
1.392577309161424637e-03
0.000000000000000000e+00
6.739876698702573776e-04
1.717357430607080460e-03
1.770857125520706177e-01
3.908245265483856201e-01
1.941698193550109863e-01
1.895504631102085114e-02
4.179399926215410233e-03
1.324123004451394081e-03
0.000000000000000000e+00
0.000000000000000000e+00
0.000000000000000000e+00
1.933631300926208496e-01
3.908245265483856201e-01
2.491205483675003052e-01
5.986433010548353195e-03
0.000000000000000000e+00
4.152506589889526367e-03
0.000000000000000000e+00
0.000000000000000000e+00
2.809430705383419991e-03
1.817808449268341064e-01
3.908245265483856201e-01
2.555608153343200684e-01
8.289317600429058075e-03
0.000000000000000000e+00
7.134526968002319336e-03
0.000000000000000000e+00
0.000000000000000000e+00
0.000000000000000000e+00
2.709312140941619873e-01
3.318590223789215088e-01
1.351472437381744385e-01
1.950182020664215088e-02
2.748925937339663506e-03
2.114106202498078346e-03
8.757305331528186798e-03
2.590859541669487953e-03
3.105834685266017914e-02
2.183477878570556641e-01
3.318590223789215088e-01
2.620836496353149414e-01
3.800617530941963196e-02
2.343701757490634918e-02
4.724464938044548035e-02
9.697967767715454102e-02
3.318007662892341614e-02
1.083935275673866272e-01
3.318590223789215088e-01
3.318590223789215088e-01
1.656559556722640991e-01
3.115335479378700256e-03
2.969516499433666468e-04
6.876478902995586395e-03
3.980593290179967880e-03
2.450169995427131653e-03
3.114191256463527679e-02
3.021710216999053955e-01
3.318590223789215088e-01
1.841201782226562500e-01
3.015270084142684937e-02
1.480416301637887955e-02
2.901920303702354431e-02
4.120847955346107483e-02
2.441378124058246613e-02
1.240529268980026245e-01
3.318590223789215088e-01
3.013666570186614990e-01
3.013666570186614990e-01
3.815909847617149353e-02
2.123889699578285217e-02
4.321110248565673828e-02
6.315834820270538330e-02
4.617293179035186768e-02
4.986656457185745239e-02
2.384071201086044312e-01
3.013666570186614990e-01
3.013666570186614990e-01
9.452921152114868164e-02
9.582666307687759399e-02
4.045214876532554626e-02
2.604790590703487396e-02
3.648256883025169373e-02
7.436460256576538086e-02
1.686030924320220947e-01
3.013666570186614990e-01
2.801457047462463379e-01
7.316257804632186890e-02
2.301513403654098511e-02
2.141097001731395721e-02
2.473214641213417053e-02
2.012531459331512451e-02
5.270445346832275391e-02
2.694608569145202637e-01
3.013666570186614990e-01
3.013666570186614990e-01
8.831147104501724243e-02
5.535948276519775391e-02
2.119181863963603973e-02
5.658214446157217026e-03
1.146353501826524734e-02
7.502812892198562622e-02
2.407544106245040894e-01
3.163299262523651123e-01
3.163299262523651123e-01
1.582481861114501953e-01
1.089534312486648560e-01
1.426897011697292328e-02
1.370437722653150558e-02
1.927618123590946198e-02
4.715566709637641907e-02
1.075460761785507202e-01
3.163299262523651123e-01
3.163299262523651123e-01
1.463769227266311646e-01
4.621371254324913025e-02
1.335471170023083687e-03
5.200310610234737396e-03
1.126466784626245499e-02
1.094307098537683487e-02
6.535870581865310669e-02
3.163299262523651123e-01
3.163299262523651123e-01
1.500247120857238770e-01
8.172925561666488647e-02
1.272558700293302536e-02
4.479334224015474319e-03
1.082343701273202896e-02
5.268792062997817993e-02
1.770979613065719604e-01
3.163299262523651123e-01
3.163299262523651123e-01
2.101110219955444336e-01
6.348600238561630249e-02
1.912523806095123291e-02
4.044685978442430496e-03
8.761408738791942596e-03
1.261341571807861328e-02
6.577050685882568359e-02
