6.758548319339752197e-02
1.728831529617309570e-01
3.544461131095886230e-01
2.576479613780975342e-01
9.767774492502212524e-02
1.441741711460053921e-03
2.579721331130713224e-04
2.081851998809725046e-04
2.419795840978622437e-02
9.095617383718490601e-02
1.654405891895294189e-01
3.471976816654205322e-01
2.941029667854309082e-01
9.413111954927444458e-02
7.827710360288619995e-03
3.869582200422883034e-03
3.122778143733739853e-03
2.244263328611850739e-02
5.971549451351165771e-02
1.633419841527938843e-01
3.189681470394134521e-01
2.667643725872039795e-01
1.640578806400299072e-01
7.738811429589986801e-03
1.172600677818991244e-04
2.706125611439347267e-03
2.679574675858020782e-02
8.474025875329971313e-02
1.657133102416992188e-01
3.367871046066284180e-01
3.282563388347625732e-01
1.400927901268005371e-01
2.324235253036022186e-02
2.988202264532446861e-03
2.401959151029586792e-03
2.287622913718223572e-02
1.004957482218742371e-01
1.837987005710601807e-01
3.669902980327606201e-01
2.724649906158447266e-01
1.376879215240478516e-01
5.852507427334785461e-03
2.893152879551053047e-03
2.334793098270893097e-03
1.536661572754383087e-02
7.308470457792282104e-02
2.125320136547088623e-01
3.381191492080688477e-01
1.946725100278854370e-01
1.949998438358306885e-01
1.275237556546926498e-02
4.946281667798757553e-03
3.372019389644265175e-03
3.156504034996032715e-02
9.047435224056243896e-02
1.873428374528884888e-01
3.171558380126953125e-01
3.197276890277862549e-01
1.434369981288909912e-01
2.864463254809379578e-02
8.205842226743698120e-03
2.442244905978441238e-03
1.938256621360778809e-02
6.311366707086563110e-02
1.260423809289932251e-01
3.176653683185577393e-01
2.637093067169189453e-01
1.336963474750518799e-01
2.647888101637363434e-02
8.312174119055271149e-03
1.837471127510070801e-02
6.654585897922515869e-02
1.431646049022674561e-01
2.568579614162445068e-01
2.819663584232330322e-01
1.538159698247909546e-01
2.173706889152526855e-01
5.860266089439392090e-02
2.984777092933654785e-02
3.390390425920486450e-02
8.497072756290435791e-02
2.035550177097320557e-01
2.321993410587310791e-01
1.883671283721923828e-01
1.746369153261184692e-01
2.268886417150497437e-01
1.110580340027809143e-01
9.487486630678176880e-02
9.821330755949020386e-02
1.324264109134674072e-01
1.133643090724945068e-01
1.279073208570480347e-01
3.326703906059265137e-01
1.952822208404541016e-01
1.874965578317642212e-01
8.230114728212356567e-02
2.235585264861583710e-02
6.263723969459533691e-02
1.194518283009529114e-01
1.761752665042877197e-01
1.850899457931518555e-01
2.136083543300628662e-01
1.868050396442413330e-01
1.825232505798339844e-01
1.400943696498870850e-01
1.094633489847183228e-01
1.276641190052032471e-01
1.329048871994018555e-01
1.938510388135910034e-01
2.213210463523864746e-01
1.837831139564514160e-01
1.934962570667266846e-01
2.267201989889144897e-01
1.048011332750320435e-01
1.016123071312904358e-01
1.007217690348625183e-01
1.893168389797210693e-01
1.765783429145812988e-01
1.275288313627243042e-01
2.036627382040023804e-01
1.598124355077743530e-01
2.573823332786560059e-01
6.990396976470947266e-02
1.090061217546463013e-01
1.101731285452842712e-01
1.904315501451492310e-01
1.803361177444458008e-01
2.012372314929962158e-01
1.273206174373626709e-01
1.370032280683517456e-01
2.079241573810577393e-01
1.037894561886787415e-01
1.517525762319564819e-01
1.457675248384475708e-01
1.492024660110473633e-01
1.704572886228561401e-01
1.255057305097579956e-01
1.661950647830963135e-01
9.040356427431106567e-02
2.656421065330505371e-01
1.021875888109207153e-01
1.733718961477279663e-01
1.338309794664382935e-01
1.803019940853118896e-01
1.716750264167785645e-01
7.665004581212997437e-02
1.741272062063217163e-01
9.998604655265808105e-02
2.773883938789367676e-01
7.040593773126602173e-02
1.529371589422225952e-01
1.441712826490402222e-01
1.733542978763580322e-01
1.958119720220565796e-01
1.139852181077003479e-01
1.935985386371612549e-01
1.286981999874114990e-01
2.616610825061798096e-01
6.506685167551040649e-02
1.432774960994720459e-01
1.346954256296157837e-01
1.522091925144195557e-01
1.976295858621597290e-01
1.385645568370819092e-01
2.034120559692382812e-01
1.179975271224975586e-01
2.150340378284454346e-01
1.091845184564590454e-01
1.612722575664520264e-01
1.335536241531372070e-01
1.889386624097824097e-01
1.799445748329162598e-01
1.821405440568923950e-01
1.696767359972000122e-01
1.897760331630706787e-01
2.561852633953094482e-01
6.272728741168975830e-02
1.332660764455795288e-01
1.792369037866592407e-01
1.369793266057968140e-01
4.687932878732681274e-02
4.913650080561637878e-02
4.133290052413940430e-02
1.790039055049419403e-02
7.870162278413772583e-02
2.723468653857707977e-02
3.912588581442832947e-02
4.170054569840431213e-02
2.711560763418674469e-02
6.680247932672500610e-02
1.537730842828750610e-01
1.934778690338134766e-01
1.529254671186208725e-02
1.001258119940757751e-01
2.760848961770534515e-02
5.609428882598876953e-02
6.561309099197387695e-02
3.171693533658981323e-02
2.921038493514060974e-02
3.530769795179367065e-02
4.581214487552642822e-02
4.384753853082656860e-02
9.024812281131744385e-02
4.711513966321945190e-02
3.624078631401062012e-02
5.367511510848999023e-02
3.024909086525440216e-02
8.506493270397186279e-02
3.963042497634887695e-01
4.713964164257049561e-01
4.713964164257049561e-01
4.713964164257049561e-01
1.787305325269699097e-01
4.076591134071350098e-02
6.468341499567031860e-02
4.864484071731567383e-02
5.140551179647445679e-02
6.655102223157882690e-02
7.002265006303787231e-02
6.059478968381881714e-03
6.955752521753311157e-02
5.309845879673957825e-02
7.237614598125219345e-03
3.139190375804901123e-02
1.088310256600379944e-01
1.414946168661117554e-01
1.446080952882766724e-01
1.421148777008056641e-01
1.070254221558570862e-01
2.068540155887603760e-01
8.999072015285491943e-02
2.121579833328723907e-02
7.880302518606185913e-02
2.469778507947921753e-01
8.263040333986282349e-02
1.928333640098571777e-01
3.004175126552581787e-01
1.661648899316787720e-01
2.453891634941101074e-01
1.180996373295783997e-01
6.023484282195568085e-03
4.013256356120109558e-02
1.350079476833343506e-01
1.951503455638885498e-01
3.004175126552581787e-01
3.004175126552581787e-01
3.004175126552581787e-01
3.004175126552581787e-01
1.800298392772674561e-01
4.075116664171218872e-02
9.630903601646423340e-02
2.738140523433685303e-01
1.510172933340072632e-01
1.739931404590606689e-01
2.644773721694946289e-01
1.299135684967041016e-01
7.996433228254318237e-02
1.917961798608303070e-02
1.638981141149997711e-02
2.718930691480636597e-02
9.091779589653015137e-02
2.065277695655822754e-01
2.880643904209136963e-01
2.852813303470611572e-01
1.186098530888557434e-01
1.181079223752021790e-01
4.411228373646736145e-02
2.995391935110092163e-02
3.535765781998634338e-02
1.428419500589370728e-01
1.233997419476509094e-01
2.628494203090667725e-01
3.051433265209197998e-01
3.051433265209197998e-01
1.446577310562133789e-01
5.269708484411239624e-02
3.528353199362754822e-02
3.924429044127464294e-02
8.135621249675750732e-02
1.472747176885604858e-01
2.512909770011901855e-01
3.051433265209197998e-01
2.733267247676849365e-01
8.320236951112747192e-02
5.043647065758705139e-02
4.150674119591712952e-02
5.177956447005271912e-02
1.062905341386795044e-01
3.092170059680938721e-01
3.004541695117950439e-01
2.258090674877166748e-01
1.195630878210067749e-01
1.875578165054321289e-01
1.752983480691909790e-01
7.445070892572402954e-02
8.122155070304870605e-02
3.092170059680938721e-01
2.575123906135559082e-01
1.161041855812072754e-01
5.878820642828941345e-02
2.749524638056755066e-02
1.963821239769458771e-02
5.881473422050476074e-02
2.178095094859600067e-02
2.547885663807392120e-02
1.686920374631881714e-01
2.205127924680709839e-01
2.406292408704757690e-01
3.092170059680938721e-01
2.889096736907958984e-01
1.256277710199356079e-01
1.786426156759262085e-01
8.232226222753524780e-02
8.751706033945083618e-02
2.213380336761474609e-01
1.388759016990661621e-01
7.472760975360870361e-02
8.972099423408508301e-02
9.365372359752655029e-02
3.881665319204330444e-02
6.740900129079818726e-02
2.026041410863399506e-02
2.167640253901481628e-02
9.637125581502914429e-02
4.210816323757171631e-01
3.560999035835266113e-01
7.550656050443649292e-02
5.154630169272422791e-02
3.865653648972511292e-02
2.350452356040477753e-02
2.122822217643260956e-02
3.907722234725952148e-02
3.121309876441955566e-01
4.210816323757171631e-01
2.372453659772872925e-01
5.568702146410942078e-02
6.494308263063430786e-02
5.085875838994979858e-02
3.628380072768777609e-04
1.447187643498182297e-02
2.744327485561370850e-02
4.210816323757171631e-01
2.034748643636703491e-01
1.548511981964111328e-01
6.736184656620025635e-02
9.092262387275695801e-02
7.349838316440582275e-02
2.790779806673526764e-02
2.680817618966102600e-02
2.969959378242492676e-02
1.225160360336303711e-01
1.394955366849899292e-01
8.592548221349716187e-02
5.500465631484985352e-02
5.297903344035148621e-02
8.224698156118392944e-02
1.102623995393514633e-02
4.514828696846961975e-02
3.760102018713951111e-02
1.269071549177169800e-01
4.311574399471282959e-01
1.151657626032829285e-01
3.772297129034996033e-02
5.638562515377998352e-02
5.249144136905670166e-02
3.040641779080033302e-03
2.044097334146499634e-02
2.221829071640968323e-02
4.309572279453277588e-01
4.311574399471282959e-01
9.034821391105651855e-02
5.374030768871307373e-02
4.891697689890861511e-02
7.096873968839645386e-02
1.882715523242950439e-02
8.930689841508865356e-02
1.961379796266555786e-01
4.311574399471282959e-01
1.179258078336715698e-01
5.082659423351287842e-02
5.599487200379371643e-02
3.285803273320198059e-02
1.079706400632858276e-01
2.157410979270935059e-02
3.537106141448020935e-02
3.637304529547691345e-02
1.049358174204826355e-01
7.090947777032852173e-02
8.006766438484191895e-02
1.799077689647674561e-01
1.435734033584594727e-01
1.840772777795791626e-01
6.607814878225326538e-02
5.357008054852485657e-02
6.543060392141342163e-02
9.603268653154373169e-02
5.743322148919105530e-02
5.302440002560615540e-02
5.512169748544692993e-02
5.518282577395439148e-02
4.322330281138420105e-02
2.660128846764564514e-02
1.838128417730331421e-01
1.539565473794937134e-01
2.066559195518493652e-01
1.585753075778484344e-02
3.874006122350692749e-02
5.574904382228851318e-02
1.306455731391906738e-01
4.755413234233856201e-01
1.823363453149795532e-01
1.654776930809020996e-01
8.302392065525054932e-02
6.087097153067588806e-02
1.819067820906639099e-02
9.931039065122604370e-02
1.877399533987045288e-01
1.874987632036209106e-01
1.250957399606704712e-01
7.245721668004989624e-02
9.600558876991271973e-02
4.023937508463859558e-02
3.331081196665763855e-02
1.318795513361692429e-02
8.752639591693878174e-02
1.832185685634613037e-01
3.953942060470581055e-01
4.755413234233856201e-01
1.175845861434936523e-01
9.360379725694656372e-02
2.779608033597469330e-02
1.754506863653659821e-02
1.898937486112117767e-02
1.104872673749923706e-02
1.966154016554355621e-02
1.017755866050720215e-01
5.322655439376831055e-01
2.442348748445510864e-01
7.906776666641235352e-02
5.502909794449806213e-02
3.037482686340808868e-02
2.493108250200748444e-02
7.317999843508005142e-03
8.201214484870433807e-03
1.826442591845989227e-02
2.349018454551696777e-01
1.144515648484230042e-01
1.541311442852020264e-01
1.465872377157211304e-01
4.099743440747261047e-02
1.500217709690332413e-02
1.937516033649444580e-02
7.449177652597427368e-02
2.953577637672424316e-01
5.322655439376831055e-01
1.004811301827430725e-01
4.346828907728195190e-02
3.202344849705696106e-02
1.905762962996959686e-02
3.307702392339706421e-02
6.762604694813489914e-03
1.459591835737228394e-02
2.704842202365398407e-02
3.230489492416381836e-01
4.763440042734146118e-02
9.431734681129455566e-02
6.880677491426467896e-02
4.008443653583526611e-02
1.107266694307327271e-01
6.247127056121826172e-02
1.596480980515480042e-02
0.000000000000000000e+00
8.530081808567047119e-02
1.627390384674072266e-01
2.487576007843017578e-01
3.622403144836425781e-01
1.679603010416030884e-01
2.773345112800598145e-01
1.124080196022987366e-01
1.752568036317825317e-02
1.796366414055228233e-04
5.615182220935821533e-02
7.691291719675064087e-02
2.125369161367416382e-01
3.785748779773712158e-01
3.757394850254058838e-01
1.003259569406509399e-01
6.407415866851806641e-02
4.897474870085716248e-02
1.282744389027357101e-02
1.665568202733993530e-01
1.007893010973930359e-01
1.827145665884017944e-01
1.579192131757736206e-01
9.858063608407974243e-02
1.575084775686264038e-01
1.418836265802383423e-01
8.243880420923233032e-02
1.265916135162115097e-02
7.647803425788879395e-02
1.121489182114601135e-01
2.101118713617324829e-01
1.965427249670028687e-01
1.389015465974807739e-01
4.937517642974853516e-02
1.221197564154863358e-02
8.057731902226805687e-04
2.257745800307020545e-04
4.560900479555130005e-02
4.343601316213607788e-02
1.269051432609558105e-01
1.101701632142066956e-01
8.517344295978546143e-02
3.819930925965309143e-02
6.105119246058166027e-04
9.866821020841598511e-02
6.158590316772460938e-02
4.851330816745758057e-01
4.206291139125823975e-01
2.601924836635589600e-01
1.486794352531433105e-01
6.983344256877899170e-02
2.646231651306152344e-02
1.650245301425457001e-02
8.968016132712364197e-03
3.629318904131650925e-03
7.260098308324813843e-02
9.037756174802780151e-02
1.126925796270370483e-01
5.816569924354553223e-02
3.014059364795684814e-02
2.417005226016044617e-02
3.769586328417062759e-03
2.435867674648761749e-02
4.154839739203453064e-02
4.851330816745758057e-01
3.655076622962951660e-01
1.540879309177398682e-01
5.506997555494308472e-02
3.177703917026519775e-02
3.393170237541198730e-02
1.274823993444442749e-01
2.739662528038024902e-01
2.897451221942901611e-01
2.197424918413162231e-01
2.616676874458789825e-02
1.677172956988215446e-03
8.734127506613731384e-03
1.110747456550598145e-02
4.777659848332405090e-02
1.309527158737182617e-01
3.188782036304473877e-01
3.270970582962036133e-01
1.362970620393753052e-01
4.307401925325393677e-02
6.964372005313634872e-03
1.725684665143489838e-02
1.616406068205833435e-02
1.563163660466670990e-02
6.407104432582855225e-02
2.229349464178085327e-01
3.146184086799621582e-01
3.560690283775329590e-01
6.444768607616424561e-02
2.593914419412612915e-02
3.970058169215917587e-03
6.129640154540538788e-03
3.262489661574363708e-02
1.059856191277503967e-01
2.634319067001342773e-01
2.703478336334228516e-01
2.763889431953430176e-01
6.233486905694007874e-02
2.949930354952812195e-02
1.611090265214443207e-02
1.165776234120130539e-02
4.675311222672462463e-02
1.702045649290084839e-01
3.490663170814514160e-01
3.193064033985137939e-01
1.368129551410675049e-01
7.954490184783935547e-02
2.183256857097148895e-02
1.864505931735038757e-02
2.055837959051132202e-02
5.769623816013336182e-02
1.499278098344802856e-01
3.422438800334930420e-01
2.381578087806701660e-01
1.278777271509170532e-01
4.580215737223625183e-02
2.192003279924392700e-02
3.102155216038227081e-02
7.997115701436996460e-02
4.335708171129226685e-02
1.259102076292037964e-01
2.778946757316589355e-01
2.795200347900390625e-01
2.651932835578918457e-01
8.392634987831115723e-02
2.878961339592933655e-02
3.145591169595718384e-02
2.478778734803199768e-02
5.154091492295265198e-02
1.506546139717102051e-01
3.204461634159088135e-01
1.755103170871734619e-01
2.585209310054779053e-01
4.614520817995071411e-02
5.360689014196395874e-02
4.441651329398155212e-02
4.743825271725654602e-02
1.072390377521514893e-01
1.780397146940231323e-01
3.373179137706756592e-01
1.962291747331619263e-01
1.506701558828353882e-01
6.668368726968765259e-02
3.872595354914665222e-02
8.617822825908660889e-02
1.115071028470993042e-01
1.747249215841293335e-01
2.492968291044235229e-01
2.276420742273330688e-01
1.814839690923690796e-01
1.503956913948059082e-01
1.120046153664588928e-01
9.093143045902252197e-02
1.370936483144760132e-01
1.181744188070297241e-01
8.290279656648635864e-02
1.729289889335632324e-01
3.019139468669891357e-01
1.301569938659667969e-01
2.789885699748992920e-01
3.870504721999168396e-02
8.532691746950149536e-02
1.049375683069229126e-01
1.136561110615730286e-01
1.704446077346801758e-01
1.840577125549316406e-01
2.137112021446228027e-01
1.036430075764656067e-01
2.137204855680465698e-01
1.019229367375373840e-01
1.066039651632308960e-01
1.566973328590393066e-01
1.703703999519348145e-01
5.955805629491806030e-02
5.532338470220565796e-02
4.121092706918716431e-02
4.409552738070487976e-02
6.241789832711219788e-02
2.703331597149372101e-02
3.413348272442817688e-02
3.929090872406959534e-02
4.900263249874114990e-02
5.517387390136718750e-02
4.650392383337020874e-02
5.326328799128532410e-02
3.881027549505233765e-02
7.834114879369735718e-02
2.489182166755199432e-02
4.079061746597290039e-02
3.222817927598953247e-02
5.780612677335739136e-02
1.429644823074340820e-01
9.207083284854888916e-02
5.293577536940574646e-02
4.378681257367134094e-02
8.877775073051452637e-02
3.203388303518295288e-02
3.745928034186363220e-02
3.197498247027397156e-02
1.159354001283645630e-01
4.844561517238616943e-01
4.844561517238616943e-01
4.844561517238616943e-01
2.044340223073959351e-01
1.111747920513153076e-01
8.702083677053451538e-02
7.513228058815002441e-02
4.794088751077651978e-02
3.473482728004455566e-01
8.963600732386112213e-03
1.032854523509740829e-02
6.730142515152692795e-03
4.298161249607801437e-03
7.499550934880971909e-03
3.147379495203495026e-03
5.254535935819149017e-03
5.494154989719390869e-03
9.614426642656326294e-03
6.758394092321395874e-02
8.536001294851303101e-02
3.918305784463882446e-02
4.425852093845605850e-03
9.136342443525791168e-03
2.900967840105295181e-03
3.963759168982505798e-03
6.287989206612110138e-03
3.697290271520614624e-02
2.685780823230743408e-01
3.607515394687652588e-01
3.843884170055389404e-01
2.953795343637466431e-02
9.843787178397178650e-03
1.184613257646560669e-02
1.043423917144536972e-02
3.596809133887290955e-02
1.578110903501510620e-01
3.843884170055389404e-01
3.843884170055389404e-01
3.843884170055389404e-01
4.861717298626899719e-02
1.364644803106784821e-02
2.228067070245742798e-02
3.405709192156791687e-02
8.999317139387130737e-02
3.843884170055389404e-01
1.097020357847213745e-01
1.190375015139579773e-01
4.694186896085739136e-02
3.932745009660720825e-02
1.748726703226566315e-02
1.562664285302162170e-02
4.695005714893341064e-03
5.274255294352769852e-03
6.047659367322921753e-02
8.340753614902496338e-02
1.181499809026718140e-01
1.325297951698303223e-01
1.775004416704177856e-01
9.630662202835083008e-02
5.777946859598159790e-02
1.246466208249330521e-02
1.669081673026084900e-02
5.813539028167724609e-02
3.115703761577606201e-01
3.115703761577606201e-01
3.115703761577606201e-01
1.508846282958984375e-01
5.345787107944488525e-02
5.585212633013725281e-02
4.406363889575004578e-02
5.317062512040138245e-02
3.115703761577606201e-01
2.760220170021057129e-01
3.115703761577606201e-01
2.800657153129577637e-01
3.115703761577606201e-01
1.515212655067443848e-01
1.043151617050170898e-01
3.490459546446800232e-02
3.874997794628143311e-02
2.628821730613708496e-01
4.436871409416198730e-02
1.001148372888565063e-01
1.866637468338012695e-01
2.208838462829589844e-01
2.305646091699600220e-01
9.493008255958557129e-02
2.199544385075569153e-02
3.740413859486579895e-02
4.150608927011489868e-02
4.370287805795669556e-02
1.194275319576263428e-01
3.224350810050964355e-01
3.224350810050964355e-01
3.224350810050964355e-01
1.457793116569519043e-01
3.327717632055282593e-02
4.207412898540496826e-02
3.177077323198318481e-02
9.248869866132736206e-02
8.943335711956024170e-02
1.249848157167434692e-01
2.715061604976654053e-01
2.084804475307464600e-01
9.412125498056411743e-02
3.149308636784553528e-02
4.131163284182548523e-02
6.727860122919082642e-02
3.492718562483787537e-02
2.146443538367748260e-02
2.989610433578491211e-01
3.224350810050964355e-01
3.224350810050964355e-01
1.207751408219337463e-01
2.379002794623374939e-02
4.853797331452369690e-02
1.545725297182798386e-02
2.229036204516887665e-02
1.004446893930435181e-01
3.397581279277801514e-01
3.397581279277801514e-01
3.260708451271057129e-01
8.057356625795364380e-02
2.307986095547676086e-02
1.886660419404506683e-02
1.281268894672393799e-02
2.267930656671524048e-02
7.398759573698043823e-02
3.397581279277801514e-01
2.809859812259674072e-01
4.447304457426071167e-02
1.888667792081832886e-02
1.010309625416994095e-02
1.321703195571899414e-02
1.085103675723075867e-02
1.275520538911223412e-03
8.451099507510662079e-03
2.872865200042724609e-01
3.397581279277801514e-01
3.397581279277801514e-01
9.338180720806121826e-02
8.383656851947307587e-03
1.590662449598312378e-02
4.153407644480466843e-03
6.240934599190950394e-03
1.802083663642406464e-02
1.633981168270111084e-01
2.094670087099075317e-01
2.094721198081970215e-01
2.817256376147270203e-02
2.216499531641602516e-03
2.577336505055427551e-03
3.677576547488570213e-03
8.736701309680938721e-02
2.354976534843444824e-01
5.155035257339477539e-01
5.155035257339477539e-01
1.017350628972053528e-01
9.033889323472976685e-02
4.051621258258819580e-02
4.591846466064453125e-02
2.866248227655887604e-02
5.098335444927215576e-02
9.496608376502990723e-02
1.923174560070037842e-01
2.075605392456054688e-01
9.951360523700714111e-02
4.180856049060821533e-02
3.494869172573089600e-02
2.510133013129234314e-02
2.814930304884910583e-02
5.497948452830314636e-02
1.097150444984436035e-01
3.399454355239868164e-01
2.749229073524475098e-01
1.392847299575805664e-01
4.390871152281761169e-02
2.031210809946060181e-02
2.110552228987216949e-02
3.689163550734519958e-02
6.281394511461257935e-02
4.746419191360473633e-02
1.112256646156311035e-01
7.366216182708740234e-02
8.776551485061645508e-02
4.535277932882308960e-02
4.613604396581649780e-02
4.343019053339958191e-02
6.071335077285766602e-02
1.432941406965255737e-01
2.426528781652450562e-01
1.495352238416671753e-01
1.928259730339050293e-01
2.219346016645431519e-01
6.005581468343734741e-02
1.190560385584831238e-01
5.877364054322242737e-02
7.969962060451507568e-02
1.656549721956253052e-01
1.930451095104217529e-01
9.056574851274490356e-02
7.147623598575592041e-02
2.334860265254974365e-01
8.299869298934936523e-02
2.021547406911849976e-01
1.386171877384185791e-01
1.206407696008682251e-01
1.655994653701782227e-01
1.380138844251632690e-01
1.703758686780929565e-01
1.358700841665267944e-01
2.320301085710525513e-01
1.674916744232177734e-01
1.683037281036376953e-01
1.015248224139213562e-01
1.383054405450820923e-01
1.800276488065719604e-01
1.572970151901245117e-01
1.352895945310592651e-01
7.286411523818969727e-02
2.442536354064941406e-01
2.333689033985137939e-01
3.081945180892944336e-01
1.392624527215957642e-01
1.393232792615890503e-01
7.443221658468246460e-02
8.217191696166992188e-02
7.311568409204483032e-02
2.548727579414844513e-02
1.301870346069335938e-01
5.549085885286331177e-02
7.578542828559875488e-02
6.934738159179687500e-02
6.485628336668014526e-02
3.956085070967674255e-02
1.156236752867698669e-01
4.477282166481018066e-01
2.955836951732635498e-01
2.373001575469970703e-01
1.422789394855499268e-01
8.431244641542434692e-02
5.993790179491043091e-02
5.098828673362731934e-02
8.525715768337249756e-02
5.545650422573089600e-02
6.584113091230392456e-02
3.614357113838195801e-02
1.482154875993728638e-01
8.437865227460861206e-02
1.384596973657608032e-01
7.697645574808120728e-02
9.534041583538055420e-02
7.720790058374404907e-02
7.845097035169601440e-02
2.892059981822967529e-01
1.771379113197326660e-01
2.186633199453353882e-01
1.845884025096893311e-01
3.133782744407653809e-01
3.294783830642700195e-01
2.325131595134735107e-01
1.099087111651897430e-02
6.135896593332290649e-02
1.733236312866210938e-01
1.479253172874450684e-01
1.142143905162811279e-01
6.773678958415985107e-02
2.722869440913200378e-02
2.105221152305603027e-02
9.941313415765762329e-03
1.371140312403440475e-02
5.009688064455986023e-02
1.832233071327209473e-01
4.167745709419250488e-01
4.167745709419250488e-01
9.204994142055511475e-02
1.729041151702404022e-02
2.038363739848136902e-02
8.874353952705860138e-03
2.135739289224147797e-02
3.177577257156372070e-02
8.836219459772109985e-02
5.794897302985191345e-02
1.038204878568649292e-01
9.969963878393173218e-02
1.175610944628715515e-01
2.048190087080001831e-01
9.422784298658370972e-02
2.583674527704715729e-02
2.188624069094657898e-02
9.186296164989471436e-02
3.810909092426300049e-01
4.167745709419250488e-01
2.625491917133331299e-01
7.497359812259674072e-02
1.568623781204223633e-01
4.997933283448219299e-02
1.748720556497573853e-02
1.181292627006769180e-02
1.594875901937484741e-01
4.423367977142333984e-01
4.423367977142333984e-01
9.123911708593368530e-02
2.784001082181930542e-02
2.685038186609745026e-02
1.905865781009197235e-02
3.606393188238143921e-02
7.896918803453445435e-03
1.842471025884151459e-02
4.801636561751365662e-02
1.978304833173751831e-01
4.605891183018684387e-02
6.727029383182525635e-02
5.812852829694747925e-02
4.082218557596206665e-02
2.702848426997661591e-02
8.889512158930301666e-03
1.012387573719024658e-01
4.343389868736267090e-01
4.423367977142333984e-01
2.723198831081390381e-01
4.401275888085365295e-02
5.442475527524948120e-02
3.120347298681735992e-02
4.854319617152214050e-02
2.527599409222602844e-02
2.035883255302906036e-02
4.930919781327247620e-02
1.203477159142494202e-01
6.275086104869842529e-02
8.340626955032348633e-02
6.648810207843780518e-02
4.810056462883949280e-02
1.181462258100509644e-01
8.498305827379226685e-02
7.592037320137023926e-02
4.678053036332130432e-02
2.230853140354156494e-01
1.106927692890167236e-01
2.419820725917816162e-01
1.749135851860046387e-01
1.080816462635993958e-01
1.883803904056549072e-01
1.501877456903457642e-01
1.391955167055130005e-01
3.650039061903953552e-02
1.627037972211837769e-01
1.241048574447631836e-01
2.530394196510314941e-01
1.381767690181732178e-01
1.323993951082229614e-01
1.588018238544464111e-01
1.144540160894393921e-01
8.306361734867095947e-02
3.311967849731445312e-02
2.104162126779556274e-01
1.312380433082580566e-01
2.690331637859344482e-01
2.067650109529495239e-01
1.393194496631622314e-01
1.985069364309310913e-01
1.008339673280715942e-01
1.465664356946945190e-01
3.992813453078269958e-02
2.446268498897552490e-01
1.412907540798187256e-01
2.913784980773925781e-01
1.848968863487243652e-01
2.575514614582061768e-01
2.344215475022792816e-02
1.123056467622518539e-02
1.007490511983633041e-02
6.957050412893295288e-03
8.719192445278167725e-02
7.401129603385925293e-02
7.257501035928726196e-02
3.391102701425552368e-02
2.023648470640182495e-02
1.436191052198410034e-02
3.821048187091946602e-03
2.355656819418072701e-03
5.002531036734580994e-02
5.157338380813598633e-01
3.386311233043670654e-01
8.449470251798629761e-02
2.414009347558021545e-02
1.473664306104183197e-02
2.396583184599876404e-02
6.192085798829793930e-03
1.281918771564960480e-02
2.388450689613819122e-02
1.259753555059432983e-01
6.194914877414703369e-02
6.286155432462692261e-02
2.997216582298278809e-02
3.897647187113761902e-02
3.351291641592979431e-02
5.480114370584487915e-02
2.158033289015293121e-02
1.495701372623443604e-01
5.157338380813598633e-01
4.888494014739990234e-01
1.360870599746704102e-01
5.586040019989013672e-02
4.259113222360610962e-02
3.263321937993168831e-03
2.395383268594741821e-02
1.420435905456542969e-01
2.370006442070007324e-01
2.909892499446868896e-01
5.101966857910156250e-02
2.157927304506301880e-02
8.598648128099739552e-05
2.325391396880149841e-03
1.105002127587795258e-02
5.831381678581237793e-02
1.579277962446212769e-01
1.903622299432754517e-01
2.481613308191299438e-01
5.611472576856613159e-02
2.544818446040153503e-02
3.499919548630714417e-03
2.639312762767076492e-03
1.017944142222404480e-02
4.572140797972679138e-02
7.870773971080780029e-02
2.150373458862304688e-01
3.456333279609680176e-01
1.423197090625762939e-01
3.458863869309425354e-02
8.054788224399089813e-03
4.598347470164299011e-03
1.864350140094757080e-01
3.355643451213836670e-01
1.870036572217941284e-01
3.724587261676788330e-01
3.489768207073211670e-01
1.571879088878631592e-01
4.157259315252304077e-02
1.939328387379646301e-02
1.897594779729843140e-01
1.051233895123004913e-02
2.288386970758438110e-02
3.798758238554000854e-02
4.608841985464096069e-02
6.017236411571502686e-02
1.796901412308216095e-02
9.268525987863540649e-03
7.224650587886571884e-03
6.275947671383619308e-03
1.409596484154462814e-02
2.506209164857864380e-02
3.975763171911239624e-02
3.241838887333869934e-02
5.405485630035400391e-02
1.504090428352355957e-02
1.580228656530380249e-02
1.354530919343233109e-02
1.540352310985326767e-02
3.380081951618194580e-01
2.084999829530715942e-01
1.784623861312866211e-01
2.178455144166946411e-01
1.660861074924468994e-01
6.693498790264129639e-02
1.307642087340354919e-02
1.598618365824222565e-02
2.903357148170471191e-01
3.380081951618194580e-01
3.380081951618194580e-01
3.380081951618194580e-01
3.380081951618194580e-01
2.036976516246795654e-01
8.997347205877304077e-02
7.730799168348312378e-02
1.993468217551708221e-02
3.380081951618194580e-01
2.312066406011581421e-02
9.512702934443950653e-03
1.740573160350322723e-02
1.041962299495935440e-02
2.560390904545783997e-02
1.093279756605625153e-02
1.168789342045783997e-02
6.824091076850891113e-03
2.142021059989929199e-02
1.486855745315551758e-01
4.128664731979370117e-02
2.328023873269557953e-02
5.336068943142890930e-02
1.119796410202980042e-01
7.385079562664031982e-02
1.283555757254362106e-02
1.511426270008087158e-02
1.410593390464782715e-01
3.012777268886566162e-01
1.776488721370697021e-01
2.221200168132781982e-01
3.012777268886566162e-01
8.246942609548568726e-02
7.386904209852218628e-02
1.241276189684867859e-01
1.238466240465641022e-02
3.012777268886566162e-01
3.012777268886566162e-01
1.850084960460662842e-01
2.468536496162414551e-01
3.012777268886566162e-01
2.953498959541320801e-01
2.509258985519409180e-01
1.479233354330062866e-01
9.210707247257232666e-02
3.012777268886566162e-01
1.236960589885711670e-01
7.141061127185821533e-02
4.195535555481910706e-02
4.663295671343803406e-02
9.582898765802383423e-02
5.531933158636093140e-02
1.102071627974510193e-02
1.031265594065189362e-02
1.446543931961059570e-01
2.592681348323822021e-01
2.592681348323822021e-01
2.592681348323822021e-01
1.239438951015472412e-01
9.084017574787139893e-02
8.548408001661300659e-02
3.404226526618003845e-02
1.616974733769893646e-02
2.389809936285018921e-01
2.592681348323822021e-01
1.811154931783676147e-01
1.437318176031112671e-01
1.654761582612991333e-01
2.022396177053451538e-01
1.255500316619873047e-01
5.453562736511230469e-02
6.207512691617012024e-02
2.592681348323822021e-01
2.592681348323822021e-01
2.592681348323822021e-01
2.592681348323822021e-01
1.692841053009033203e-01
1.963872909545898438e-01
1.325770616531372070e-01
6.960210949182510376e-02
1.061264649033546448e-01
2.592681348323822021e-01
2.654883265495300293e-01
2.667084932327270508e-01
2.667084932327270508e-01
5.991844832897186279e-02
2.080089040100574493e-02
3.003841266036033630e-02
2.095870487391948700e-02
4.415914416313171387e-02
1.962270885705947876e-01
2.667084932327270508e-01
2.667084932327270508e-01
2.667084932327270508e-01
4.524167999625205994e-02
2.810952998697757721e-02
4.373741522431373596e-02
8.623426407575607300e-02
1.219066530466079712e-01
2.667084932327270508e-01
2.430185973644256592e-01
2.523119449615478516e-01
1.806707829236984253e-01
6.469665467739105225e-02
7.572959363460540771e-02
5.118261277675628662e-02
6.212368234992027283e-02
8.314389735460281372e-02
2.270872741937637329e-01
1.453848779201507568e-01
1.282931119203567505e-01
1.377752423286437988e-01
5.164087191224098206e-02
1.009571105241775513e-01
8.966161310672760010e-02
2.239720374345779419e-01
1.370872110128402710e-01
2.247401326894760132e-01
2.596677541732788086e-01
2.596677541732788086e-01
2.596677541732788086e-01
8.712592720985412598e-02
8.044520020484924316e-02
1.152935326099395752e-01
1.608761399984359741e-01
1.372649520635604858e-01
2.596677541732788086e-01
1.617572009563446045e-01
1.827633678913116455e-01
2.244799137115478516e-01
1.249990463256835938e-01
1.353056281805038452e-01
8.288745582103729248e-02
6.547506153583526611e-02
6.913548707962036133e-02
2.162195444107055664e-01
1.334713250398635864e-01
1.144760549068450928e-01
1.615954339504241943e-01
1.091335490345954895e-01
1.794734448194503784e-01
1.476170122623443604e-01
2.596677541732788086e-01
1.471077799797058105e-01
2.414874434471130371e-01
1.151493117213249207e-01
1.352048665285110474e-01
2.591883540153503418e-01
1.787201613187789917e-01
1.565970331430435181e-01
6.146997958421707153e-02
6.421367824077606201e-02
5.573391541838645935e-02
1.118929684162139893e-01
5.988579988479614258e-02
7.418122887611389160e-02
1.875090003013610840e-01
2.098160237073898315e-01
1.461203247308731079e-01
4.373962059617042542e-02
1.226837188005447388e-02
2.022022567689418793e-02
4.915272071957588196e-02
2.169824764132499695e-02
2.889815531671047211e-02
3.297286331653594971e-01
3.297286331653594971e-01
3.297286331653594971e-01
4.946162551641464233e-02
5.747189745306968689e-03
1.052381191402673721e-02
1.080540753901004791e-02
3.720447421073913574e-02
1.462316811084747314e-01
3.297286331653594971e-01
3.218719959259033203e-01
9.905200451612472534e-02
3.016423992812633514e-02
5.122788716107606888e-03
9.639785625040531158e-03
2.486292459070682526e-02
6.899933796375989914e-03
8.846849948167800903e-02
3.297286331653594971e-01
3.297286331653594971e-01
2.775032520294189453e-01
5.584831535816192627e-02
1.743061468005180359e-03
1.340350252576172352e-03
4.616150632500648499e-03
8.629682706668972969e-04
8.076083846390247345e-03
2.715911269187927246e-01
3.904131054878234863e-01
3.904131054878234863e-01
7.170550525188446045e-02
1.415673526935279369e-03
4.749940242618322372e-03
2.690187422558665276e-03
3.959827125072479248e-03
8.467529900372028351e-03
2.623900771141052246e-02
2.181285768747329712e-01
3.228025436401367188e-01
4.839231446385383606e-02
5.206469446420669556e-03
1.384330913424491882e-03
2.592656761407852173e-03
7.474189624190330505e-04
2.095663733780384064e-02
2.388414293527603149e-01
3.904131054878234863e-01
3.904131054878234863e-01
3.846329823136329651e-02
1.816437696106731892e-03
5.719772889278829098e-04
7.513497257605195045e-04
5.185612011700868607e-03
1.071393676102161407e-02
4.478976875543594360e-02
2.382828295230865479e-01
1.828734427690505981e-01
3.264577686786651611e-02
7.464315276592969894e-03
1.719732070341706276e-03
3.426190000027418137e-03
8.579059690237045288e-02
8.900574594736099243e-02
1.957188844680786133e-01
3.237974941730499268e-01
3.475195467472076416e-01
1.871846318244934082e-01
5.762483552098274231e-02
3.116906061768531799e-02
5.920473113656044006e-02
1.402697116136550903e-01
5.988495796918869019e-02
1.034871414303779602e-01
5.985607206821441650e-02
1.525830775499343872e-01
7.749040424823760986e-02
6.196387484669685364e-02
6.749053299427032471e-02
1.281077265739440918e-01
1.416364759206771851e-01
1.083926185965538025e-01
2.832206785678863525e-01
3.294306695461273193e-01
3.766364157199859619e-01
2.436833828687667847e-01
9.385446459054946899e-02
4.542230442166328430e-02
8.058579266071319580e-02
1.693871915340423584e-01
1.067732870578765869e-01
1.095165982842445374e-01
7.735117524862289429e-02
2.084725797176361084e-01
5.580001696944236755e-02
1.170247271656990051e-01
8.136433362960815430e-02
1.262921988964080811e-01
1.935084611177444458e-01
6.129954755306243896e-02
1.005400270223617554e-01
9.415246546268463135e-02
2.047365456819534302e-01
1.515415757894515991e-01
1.126941367983818054e-01
9.924297779798507690e-02
1.857623010873794556e-01
1.781748980283737183e-01
7.041934877634048462e-02
9.810820221900939941e-02
6.482922285795211792e-02
2.422788143157958984e-01
1.863641887903213501e-01
2.415127009153366089e-01
1.246697083115577698e-01
1.772096455097198486e-01
1.837128102779388428e-01
8.162873983383178711e-02
8.809185028076171875e-02
6.314611434936523438e-02
3.013311028480529785e-01
6.440886110067367554e-02
1.658999919891357422e-01
1.594673246145248413e-01
1.926318109035491943e-01
1.984635293483734131e-01
9.721355140209197998e-02
1.817841678857803345e-01
5.399315059185028076e-02
2.742923796176910400e-01
1.127152368426322937e-01
2.553336322307586670e-01
1.946685761213302612e-01
2.180908918380737305e-01
1.123568788170814514e-01
6.037822738289833069e-02
7.818059623241424561e-02
5.127640813589096069e-02
1.969601511955261230e-01
7.584996521472930908e-02
1.570143401622772217e-01
7.630348205566406250e-02
1.236033961176872253e-01
1.521411836147308350e-01
6.180836260318756104e-02
8.502648770809173584e-02
1.243199780583381653e-01
2.583010792732238770e-01
1.454229950904846191e-01
2.882224619388580322e-01
3.696531355381011963e-01
3.176062405109405518e-01
1.124330535531044006e-01
8.442589640617370605e-02
1.921394765377044678e-01
1.147140339016914368e-01
1.964384019374847412e-01
9.760002046823501587e-02
1.266181319952011108e-01
6.612607091665267944e-02
1.204832121729850769e-01
1.588365733623504639e-01
5.608363822102546692e-02
1.735042780637741089e-01
2.096469998359680176e-01
3.175173997879028320e-01
1.065564379096031189e-01
1.113046780228614807e-01
1.049298793077468872e-01
1.687355190515518188e-01
3.250307589769363403e-02
8.538456633687019348e-03
1.060520764440298080e-02
4.383652284741401672e-02
9.924329817295074463e-02
1.141854599118232727e-01
1.294531375169754028e-01
2.011607140302658081e-01
1.076878979802131653e-01
3.020985983312129974e-02
8.348996751010417938e-03
2.659505233168601990e-02
2.970816791057586670e-01
4.154487550258636475e-01
3.939707279205322266e-01
1.336603313684463501e-01
1.867591738700866699e-01
6.685979664325714111e-02
4.175608605146408081e-02
1.414660178124904633e-02
2.775110304355621338e-02
7.155154645442962646e-02
9.638596326112747192e-02
6.475400179624557495e-02
5.271484702825546265e-02
5.670595169067382812e-02
5.777610465884208679e-02
3.855507820844650269e-02
5.070306360721588135e-02
1.094146072864532471e-01
3.802196085453033447e-01
4.154487550258636475e-01
2.133598327636718750e-01
8.283999562263488770e-02
7.858901470899581909e-02
6.002183631062507629e-02
4.173684492707252502e-02
1.829052902758121490e-02
4.885562136769294739e-02
2.875795662403106689e-01
4.545990526676177979e-01
4.034238159656524658e-01
5.181336775422096252e-02
8.701752126216888428e-02
5.640936642885208130e-02
6.268236041069030762e-02
4.852766543626785278e-02
3.871494904160499573e-02
4.164906963706016541e-02
1.154680028557777405e-01
8.534415811300277710e-02
6.321135163307189941e-02
9.660564363002777100e-02
9.318752586841583252e-02
4.246297851204872131e-02
6.342937797307968140e-02
1.427454799413681030e-01
3.299840986728668213e-01
4.545990526676177979e-01
2.147081643342971802e-01
5.724307894706726074e-02
9.285750240087509155e-02
5.417712777853012085e-02
5.293294787406921387e-02
7.122546434402465820e-02
6.744667887687683105e-02
5.257075652480125427e-02
7.494169473648071289e-02
7.741872966289520264e-02
9.662253409624099731e-02
1.592612564563751221e-01
9.546518325805664062e-02
1.334587782621383667e-01
1.036371737718582153e-01
8.025625348091125488e-02
5.215206742286682129e-02
1.267279088497161865e-01
1.084448248147964478e-01
1.577497869729995728e-01
1.770489066839218140e-01
1.808143407106399536e-01
1.268212795257568359e-01
1.073047965764999390e-01
1.233132630586624146e-01
4.718163236975669861e-02
1.558630019426345825e-01
1.396379619836807251e-01
2.838865518569946289e-01
2.113311737775802612e-01
1.881636381149291992e-01
1.336914896965026855e-01
1.502305269241333008e-01
1.105278357863426208e-01
9.244342893362045288e-02
7.378696650266647339e-02
1.228644624352455139e-01
2.236165851354598999e-01
2.406621575355529785e-01
2.243491113185882568e-01
1.419354677200317383e-01
1.495495140552520752e-01
1.480335593223571777e-01
6.295098364353179932e-02
8.180141448974609375e-02
1.749542057514190674e-01
3.616383671760559082e-01
2.572074830532073975e-01
2.183256745338439941e-01
1.286965608596801758e-02
1.153701916337013245e-02
1.850547082722187042e-02
2.475252375006675720e-02
1.155921816825866699e-01
6.361582130193710327e-02
5.106100440025329590e-02
2.949954010546207428e-02
2.164419554173946381e-02
4.449013248085975647e-02
8.182274550199508667e-02
3.962967544794082642e-02
1.923967152833938599e-01
5.544340610504150391e-01
2.958276271820068359e-01
1.284651011228561401e-01
8.230767399072647095e-02
7.679808884859085083e-02
1.845218054950237274e-02
2.047229371964931488e-02
2.674106135964393616e-02
2.401655167341232300e-02
1.568221896886825562e-01
8.704495429992675781e-02
5.402949079871177673e-02
3.006723523139953613e-02
1.999957486987113953e-02
2.607089467346668243e-02
2.250001952052116394e-02
4.543999582529067993e-02
1.407286375761032104e-01
5.544340610504150391e-01
3.444243669509887695e-01
8.563061803579330444e-02
5.653337389230728149e-02
4.952662438154220581e-02
2.627027221024036407e-02
2.756948210299015045e-02
1.381047721952199936e-02
4.119916260242462158e-02
1.532824486494064331e-01
5.414605140686035156e-02
1.059434842318296432e-02
1.059637963771820068e-02
7.106930762529373169e-02
1.950147598981857300e-01
3.039433360099792480e-01
1.134770587086677551e-01
3.039433360099792480e-01
3.039433360099792480e-01
6.437028944492340088e-02
3.910489380359649658e-02
4.719616845250129700e-02
2.842733263969421387e-01
6.423508375883102417e-02
2.683464251458644867e-02
1.935356669127941132e-02
2.751752175390720367e-02
1.969957202672958374e-01
7.502724975347518921e-02
3.921421989798545837e-02
3.749540820717811584e-02
1.467681229114532471e-01
2.563731372356414795e-01
2.611277699470520020e-01
1.338738203048706055e-01
3.039433360099792480e-01
3.039433360099792480e-01
9.338138252496719360e-02
9.370424598455429077e-02
1.541967988014221191e-01
3.039433360099792480e-01
2.669145762920379639e-01
1.816586256027221680e-01
1.322569847106933594e-01
2.213905751705169678e-01
1.562293916940689087e-01
4.079247638583183289e-02
2.253741025924682617e-02
1.905078254640102386e-02
2.079109251499176025e-01
2.669145762920379639e-01
2.669145762920379639e-01
2.398220002651214600e-01
2.669145762920379639e-01
1.108667105436325073e-01
4.273296892642974854e-02
2.893725596368312836e-02
1.588916778564453125e-02
2.669145762920379639e-01
2.669145762920379639e-01
1.364706456661224365e-01
1.130487397313117981e-01
1.769768297672271729e-01
1.470723450183868408e-01
3.194242343306541443e-02
5.072805285453796387e-02
5.650039762258529663e-02
2.030772864818572998e-01
2.669145762920379639e-01
1.672576069831848145e-01
1.112451553344726562e-01
9.179024398326873779e-02
4.800455644726753235e-02
1.831157319247722626e-02
2.320708893239498138e-02
2.554619126021862030e-02
2.669145762920379639e-01
2.730724215507507324e-01
2.295396775007247925e-01
1.777048110961914062e-01
2.286519706249237061e-01
5.632673576474189758e-02
2.902772277593612671e-02
7.311256229877471924e-02
5.004170164465904236e-02
2.730724215507507324e-01
2.730724215507507324e-01
1.289440244436264038e-01
1.474097222089767456e-01
1.759121268987655640e-01
5.817954242229461670e-02
6.610759347677230835e-02
1.569286584854125977e-01
1.647734045982360840e-01
2.730724215507507324e-01
2.730724215507507324e-01
1.317827552556991577e-01
5.918308719992637634e-02
4.425922781229019165e-02
1.333207730203866959e-02
2.853498794138431549e-03
3.123118169605731964e-02
6.750976294279098511e-02
2.730724215507507324e-01
2.730724215507507324e-01
8.828702569007873535e-02
8.514437824487686157e-02
2.548826485872268677e-02
8.271617814898490906e-03
2.069998160004615784e-02
1.644545942544937134e-01
2.273597270250320435e-01
2.730724215507507324e-01
2.518296241760253906e-01
1.446024924516677856e-01
1.215562447905540466e-01
1.108989045023918152e-01
7.464873045682907104e-02
7.287108153104782104e-02
1.346195191144943237e-01
1.564422249794006348e-01
2.569845616817474365e-01
1.922067403793334961e-01
2.292181700468063354e-01
1.357300132513046265e-01
8.090652525424957275e-02
9.965905547142028809e-02
7.726320624351501465e-02
1.061183884739875793e-01
2.062327265739440918e-01
2.181209176778793335e-01
2.569845616817474365e-01
7.085053622722625732e-02
4.789552837610244751e-02
2.771241590380668640e-02
1.804568991065025330e-02
6.504489481449127197e-02
2.112573236227035522e-01
2.569845616817474365e-01
2.569845616817474365e-01
2.387172579765319824e-01
1.164345666766166687e-01
2.908832021057605743e-02
4.683640226721763611e-02
3.469463810324668884e-02
8.052466809749603271e-02
2.569845616817474365e-01
2.569845616817474365e-01
2.569845616817474365e-01
1.768937855958938599e-01
9.856905043125152588e-02
6.429547071456909180e-02
7.254949957132339478e-02
1.195797473192214966e-01
8.912486582994461060e-02
1.456834673881530762e-01
1.818143576383590698e-01
1.597760617733001709e-01
1.605183631181716919e-01
1.418927460908889771e-01
1.711501777172088623e-01
2.055000811815261841e-01
2.068198770284652710e-01
1.589839458465576172e-01
2.443860024213790894e-01
1.213388442993164062e-01
1.137077733874320984e-01
2.032770663499832153e-01
7.229402661323547363e-02
5.199215188622474670e-02
9.325431287288665771e-02
1.013986021280288696e-01
1.029618084430694580e-01
2.443860024213790894e-01
2.443860024213790894e-01
1.933636069297790527e-01
2.443860024213790894e-01
2.443860024213790894e-01
2.431118488311767578e-01
2.443860024213790894e-01
2.152980118989944458e-01
1.074392199516296387e-01
1.309718042612075806e-01
7.860902696847915649e-02
1.306792497634887695e-01
1.072769463062286377e-01
2.543765604496002197e-01
2.687355875968933105e-01
1.961060613393783569e-01
1.626258939504623413e-01
9.233212471008300781e-02
1.451874822378158569e-01
6.037107110023498535e-02
9.496260434389114380e-02
9.837076067924499512e-02
2.687355875968933105e-01
2.687355875968933105e-01
2.357874065637588501e-01
1.140311658382415771e-01
2.779331989586353302e-02
2.130404673516750336e-02
1.883144862949848175e-02
6.347417831420898438e-02
1.693910062313079834e-01
2.687355875968933105e-01
2.687355875968933105e-01
2.687355875968933105e-01
1.223026588559150696e-01
5.138507112860679626e-02
2.330496907234191895e-02
3.030287474393844604e-02
7.515154033899307251e-02
1.056700572371482849e-01
2.414061129093170166e-01
2.687355875968933105e-01
2.511068880558013916e-01
1.191292181611061096e-01
4.826540872454643250e-02
5.722096189856529236e-03
3.840111196041107178e-02
1.434647440910339355e-01
7.374208420515060425e-02
2.398888617753982544e-01
3.071787357330322266e-01
2.768242359161376953e-01
4.759469628334045410e-02
1.534034498035907745e-02
8.175233379006385803e-03
8.456027135252952576e-03
4.255795851349830627e-02
3.125897049903869629e-02
1.295429170131683350e-01
3.071787357330322266e-01
3.071787357330322266e-01
1.082140803337097168e-01
2.184413373470306396e-02
3.867616876959800720e-03
1.533854519948363304e-03
1.656071655452251434e-02
2.167239636182785034e-01
2.315717637538909912e-01
3.071787357330322266e-01
1.894159168004989624e-01
6.590228527784347534e-02
1.797773875296115875e-02
6.839826703071594238e-03
3.204128891229629517e-02
2.035298198461532593e-01
1.814461350440979004e-01
2.595265805721282959e-01
3.071787357330322266e-01
2.114844173192977905e-01
3.126849234104156494e-02
2.239043591544032097e-03
4.531599581241607666e-03
3.662819974124431610e-03
1.455215066671371460e-01
1.538036204874515533e-02
6.032266840338706970e-02
3.542029559612274170e-01
3.542029559612274170e-01
3.541945219039916992e-01
3.410790488123893738e-02
1.555522438138723373e-03
6.359925027936697006e-04
1.898885890841484070e-02
1.418349985033273697e-02
2.100434899330139160e-02
8.081334829330444336e-02
2.037431299686431885e-01
1.341876536607742310e-01
3.370543196797370911e-02
1.042318716645240784e-02
4.168763756752014160e-03
1.633936353027820587e-02
1.607952415943145752e-01
2.060373425483703613e-01
3.542029559612274170e-01
2.964524328708648682e-01
1.146999970078468323e-01
1.331553608179092407e-02
4.291385877877473831e-03
9.680841118097305298e-03
3.413247466087341309e-01
1.161440163850784302e-01
5.711013823747634888e-02
6.262526661157608032e-02
5.574566498398780823e-02
7.077075541019439697e-02
1.873055845499038696e-02
1.005712058395147324e-02
6.236500293016433716e-02
3.189626932144165039e-01
7.708995044231414795e-02
5.156826972961425781e-02
1.685679554939270020e-01
2.002594918012619019e-01
1.513189822435379028e-01
8.667185902595520020e-02
8.392707258462905884e-02
3.811743482947349548e-02
7.536927610635757446e-02
7.550609856843948364e-02
6.940564513206481934e-02
9.697855263948440552e-02
3.829301521182060242e-02
1.264334768056869507e-01
3.884143009781837463e-02
9.940299391746520996e-02
4.335870966315269470e-02
6.305063515901565552e-02
1.955641657114028931e-01
1.069729402661323547e-01
1.469950526952743530e-01
1.031159237027168274e-01
1.010639891028404236e-01
3.887251392006874084e-02
1.124643608927726746e-01
3.491616547107696533e-01
5.303081274032592773e-01
1.481376737356185913e-01
8.231489360332489014e-02
1.084720194339752197e-01
3.453635424375534058e-02
8.780197799205780029e-02
1.871807128190994263e-02
1.785496473312377930e-01
3.242908120155334473e-01
3.494994938373565674e-01
9.751562774181365967e-02
9.525455534458160400e-02
1.471122205257415771e-01
2.394120953977108002e-02
2.647593319416046143e-01
5.087501183152198792e-02
1.489169746637344360e-01
1.022094041109085083e-01
1.100475639104843140e-01
1.357273608446121216e-01
1.423453241586685181e-01
2.063023447990417480e-01
4.972708597779273987e-02
2.465504258871078491e-01
8.116772770881652832e-02
1.762345284223556519e-01
1.395110338926315308e-01
1.744805872440338135e-01
1.926223188638687134e-01
1.096900627017021179e-01
1.530695408582687378e-01
4.907018318772315979e-02
2.033758610486984253e-01
6.949777901172637939e-02
2.235428243875503540e-01
2.549098730087280273e-01
2.018463462591171265e-01
1.663516014814376831e-01
1.248639300465583801e-01
2.076475769281387329e-01
1.473613828420639038e-01
2.353977113962173462e-01
1.019473969936370850e-01
2.084147781133651733e-01
2.099903225898742676e-01
2.531529366970062256e-01
1.062158048152923584e-01
1.056892573833465576e-01
1.771281659603118896e-01
1.140388473868370056e-01
2.122436165809631348e-01
1.014691516757011414e-01
9.074715524911880493e-02
8.451378345489501953e-02
1.422152966260910034e-01
1.791393309831619263e-01
6.279720366001129150e-02
1.836667358875274658e-01
1.647369563579559326e-01
2.753852605819702148e-01
1.349026262760162354e-01
1.063588708639144897e-01
9.787550568580627441e-02
1.468749046325683594e-01
1.302807480096817017e-01
9.350658953189849854e-02
1.763247102499008179e-01
1.655025631189346313e-01
2.139030843973159790e-01
9.608138352632522583e-02
1.841263473033905029e-01
2.078223973512649536e-01
2.152030020952224731e-01
1.772169768810272217e-01
1.123637706041336060e-01
1.871919929981231689e-01
1.302881091833114624e-01
2.877325415611267090e-01
1.416238695383071899e-01
2.344535440206527710e-01
2.155907005071640015e-01
1.969706863164901733e-01
4.447459429502487183e-02
3.249266371130943298e-02
5.737660080194473267e-02
5.709831044077873230e-02
1.237208992242813110e-01
4.803316667675971985e-02
3.820500895380973816e-02
3.594083338975906372e-02
4.213481396436691284e-02
2.896281890571117401e-02
1.700883209705352783e-01
2.095267623662948608e-01
2.856810092926025391e-01
4.843579828739166260e-01
1.387387514114379883e-01
4.775611311197280884e-02
2.955812215805053711e-02
3.335336595773696899e-02
4.118640348315238953e-02
5.149141699075698853e-02
7.155857235193252563e-02
4.503254964947700500e-02
3.063407838344573975e-01
5.465289577841758728e-02
4.498644918203353882e-02
4.708562418818473816e-02
4.037027806043624878e-02
2.135678380727767944e-02
1.628622114658355713e-01
2.110517323017120361e-01
2.127012163400650024e-01
5.014204978942871094e-01
2.335814386606216431e-01
8.553621172904968262e-02
6.981423497200012207e-02
2.695978805422782898e-02
2.540491148829460144e-02
1.640474945306777954e-01
2.286842167377471924e-01
2.493433207273483276e-01
4.526616930961608887e-01
1.582363843917846680e-01
6.629586219787597656e-02
6.083684787154197693e-02
2.565270289778709412e-02
4.245163500308990479e-02
9.003566205501556396e-02
8.313970267772674561e-02
3.164998069405555725e-02
9.885239601135253906e-02
7.330409437417984009e-02
1.345736831426620483e-01
1.226878464221954346e-01
5.070503801107406616e-02
2.525906637310981750e-02
1.479009538888931274e-01
1.843475997447967529e-01
1.804324686527252197e-01
5.119218230247497559e-01
2.674718499183654785e-01
1.446040421724319458e-01
1.254362761974334717e-01
4.946994408965110779e-02
6.882748007774353027e-02
9.191238880157470703e-02
8.632706850767135620e-02
3.348151966929435730e-02
1.356536298990249634e-01
6.463798880577087402e-02
1.272273808717727661e-01
1.313023120164871216e-01
7.713589072227478027e-02
1.041426360607147217e-01
1.627917885780334473e-01
1.333445906639099121e-01
4.625916108489036560e-02
1.000114008784294128e-01
1.020819619297981262e-01
2.096873223781585693e-01
1.669033914804458618e-01
1.202941313385963440e-01
1.220800429582595825e-01
1.254649907350540161e-01
1.467954367399215698e-01
1.055505573749542236e-01
1.586472541093826294e-01
2.265949547290802002e-01
3.037384450435638428e-01
1.724896878004074097e-01
1.322554200887680054e-01
1.038815751671791077e-01
1.802513748407363892e-01
2.007400989532470703e-01
8.441682904958724976e-02
1.682118028402328491e-01
3.793412074446678162e-02
1.556277573108673096e-01
1.896849423646926880e-01
9.449393302202224731e-02
1.182430684566497803e-01
1.598030328750610352e-01
2.240701317787170410e-01
2.765375673770904541e-01
2.296062558889389038e-01
1.358084231615066528e-01
2.149941921234130859e-01
2.506189942359924316e-01
1.198939755558967590e-01
1.583692245185375214e-02
1.082307379692792892e-02
1.591791957616806030e-02
2.826575376093387604e-02
1.682302057743072510e-01
8.053153008222579956e-02
4.347843676805496216e-02
1.667046174407005310e-02
1.644353941082954407e-02
7.817785255610942841e-03
2.219476969912648201e-03
2.923908457159996033e-02
7.524498552083969116e-02
5.968934893608093262e-01
2.572585940361022949e-01
6.914888322353363037e-02
3.798420354723930359e-02
1.244909223169088364e-02
2.240180969238281250e-02
2.819393575191497803e-02
3.100586123764514923e-02
6.258460134267807007e-02
1.642714291810989380e-01
4.401921853423118591e-02
2.453150600194931030e-02
2.943835593760013580e-02
2.566525898873806000e-02
2.967710606753826141e-02
5.520200356841087341e-02
5.227067321538925171e-02
1.424592435359954834e-01
5.968934893608093262e-01
2.353368997573852539e-01
1.943905204534530640e-01
5.812825635075569153e-02
5.437530949711799622e-02
6.888899952173233032e-02
2.994772605597972870e-02
6.027572229504585266e-02
7.466649264097213745e-02
2.111363112926483154e-01
1.736592352390289307e-01
1.759951710700988770e-01
8.535634726285934448e-02
1.253397315740585327e-01
2.630331814289093018e-01
9.853919595479965210e-02
1.589654535055160522e-01
1.895317733287811279e-01
3.618448674678802490e-01
1.681956797838211060e-01
1.809899955987930298e-01
2.349965870380401611e-01
3.733396530151367188e-01
5.705917719751596451e-03
7.705718744546175003e-03
2.095137722790241241e-02
5.110409110784530640e-02
1.805502772331237793e-01
2.952398657798767090e-01
2.248115092515945435e-01
4.671932011842727661e-02
1.655694469809532166e-02
3.389605507254600525e-02
2.444571629166603088e-02
5.199885368347167969e-02
4.911470785737037659e-02
1.251225918531417847e-01
2.883290350437164307e-01
1.932102143764495850e-01
6.655833870172500610e-02
5.218051001429557800e-02
4.354679584503173828e-01
1.057555004954338074e-01
1.380188614130020142e-01
1.151122599840164185e-01
1.702591478824615479e-01
5.552049353718757629e-02
1.082122921943664551e-01
1.621253341436386108e-01
4.354679584503173828e-01
4.354679584503173828e-01
1.134816110134124756e-01
6.320693343877792358e-02
2.673726901412010193e-02
4.994576051831245422e-02
4.022818803787231445e-02
6.185067445039749146e-02
6.092085316777229309e-02
4.354679584503173828e-01
6.993107497692108154e-02
2.394980005919933319e-02
3.728388994932174683e-02
2.211044356226921082e-02
8.247891813516616821e-02
9.770690649747848511e-02
6.684939563274383545e-02
4.814847931265830994e-02
7.741336524486541748e-02
1.364026814699172974e-01
2.690367959439754486e-02
3.622270002961158752e-02
3.484742343425750732e-02
9.806268662214279175e-02
9.937506914138793945e-02
8.930116891860961914e-02
4.683243855834007263e-02
7.965824007987976074e-02
4.540669918060302734e-01
7.291053980588912964e-02
2.676868624985218048e-02
2.214124985039234161e-02
1.469682157039642334e-02
2.438301406800746918e-02
3.572892770171165466e-02
6.374043971300125122e-02
4.540669918060302734e-01
4.540669918060302734e-01
8.239453285932540894e-02
9.248507022857666016e-02
2.484997361898422241e-02
2.016297169029712677e-02
3.625420108437538147e-02
1.555481702089309692e-01
2.318211048841476440e-01
4.540669918060302734e-01
1.040624827146530151e-01
2.092653885483741760e-02
1.374861691147089005e-02
4.985091462731361389e-02
4.856586456298828125e-02
6.063613295555114746e-02
6.509177386760711670e-02
3.778302669525146484e-02
4.664980992674827576e-02
1.020264327526092529e-01
1.626968011260032654e-02
1.133500225841999054e-02
3.807827830314636230e-02
5.030088126659393311e-02
3.936573490500450134e-02
6.965468823909759521e-02
5.219997838139533997e-02
1.036398112773895264e-01
3.678224980831146240e-01
3.583801537752151489e-02
2.479055896401405334e-02
6.517566740512847900e-03
1.256599370390176773e-02
5.353190749883651733e-02
1.734963804483413696e-01
2.936661839485168457e-01
3.678224980831146240e-01
2.426323592662811279e-01
4.842073842883110046e-02
5.317765288054943085e-03
2.434739656746387482e-02
2.925486490130424500e-02
7.503616809844970703e-02
3.678224980831146240e-01
3.678224980831146240e-01
3.678224980831146240e-01
3.301879763603210449e-02
5.614676047116518021e-03
5.868418607860803604e-03
5.593451205641031265e-03
2.109925262629985809e-02
1.270270720124244690e-02
3.133187815546989441e-02
6.281989812850952148e-02
1.034408360719680786e-01
2.051008865237236023e-02
1.569677516818046570e-02
9.068801999092102051e-03
8.982398547232151031e-03
1.867538690567016602e-02
1.380054093897342682e-02
1.298873275518417358e-01
2.570696473121643066e-01
1.687696576118469238e-01
9.920058399438858032e-02
4.293080046772956848e-02
3.177808597683906555e-02
4.397877305746078491e-02
7.115699350833892822e-02
4.977191984653472900e-02
2.592557072639465332e-01
2.260507196187973022e-01
1.385836899280548096e-01
2.592557072639465332e-01
2.181774377822875977e-01
2.592557072639465332e-01
1.767786145210266113e-01
1.433573514223098755e-01
8.746854960918426514e-02
1.795341521501541138e-01
6.569714844226837158e-02
1.538042724132537842e-01
4.526701569557189941e-02
9.921924769878387451e-02
6.107604503631591797e-02
8.135260641574859619e-02
2.273742109537124634e-01
6.479217112064361572e-02
1.373060047626495361e-01
1.177458763122558594e-01
5.576101690530776978e-02
2.592557072639465332e-01
2.592557072639465332e-01
2.592557072639465332e-01
2.146951854228973389e-01
2.592557072639465332e-01
2.198103070259094238e-01
1.461698412895202637e-01
8.143234252929687500e-02
1.755286455154418945e-01
2.252171933650970459e-01
2.330655902624130249e-01
2.922889888286590576e-01
2.156421393156051636e-01
2.152400910854339600e-01
1.049563959240913391e-01
3.949450701475143433e-02
1.061598118394613266e-02
1.319351494312286377e-01
8.888440579175949097e-02
1.023647263646125793e-01
1.482234299182891846e-01
1.405272185802459717e-01
2.154899537563323975e-01
6.503549218177795410e-02
6.891914643347263336e-03
1.791146211326122284e-02
9.206534177064895630e-02
2.507670223712921143e-01
2.485645264387130737e-01
2.922889888286590576e-01
2.062018811702728271e-01
2.922889888286590576e-01
2.053091526031494141e-01
5.990027263760566711e-02
2.618283219635486603e-02
1.768987923860549927e-01
4.401429370045661926e-02
5.150341615080833435e-02
1.122893616557121277e-01
1.786439120769500732e-01
2.922889888286590576e-01
1.068935617804527283e-01
1.953908614814281464e-02
8.482929319143295288e-03
4.329964518547058105e-02
2.273766845464706421e-01
1.760390102863311768e-01
3.076288998126983643e-01
3.076288998126983643e-01
1.344983726739883423e-01
2.486997283995151520e-02
5.805884487926959991e-03
3.758502379059791565e-02
2.311169207096099854e-01
2.235542088747024536e-01
2.906319499015808105e-01
3.076288998126983643e-01
2.236867845058441162e-01
2.620456926524639130e-02
6.721203215420246124e-03
8.820640854537487030e-03
3.998986445367336273e-03
2.065825313329696655e-01
6.382387131452560425e-03
2.005358226597309113e-02
2.330173999071121216e-01
3.076288998126983643e-01
3.076288998126983643e-01
3.242895752191543579e-02
2.211018651723861694e-02
1.083488296717405319e-02
7.693057879805564880e-03
1.488543953746557236e-02
1.916297338902950287e-02
1.640935838222503662e-01
2.060081958770751953e-01
1.093534678220748901e-01
1.934663206338882446e-02
1.951622404158115387e-02
1.052440609782934189e-02
1.647597923874855042e-02
3.105573058128356934e-01
2.961317598819732666e-01
3.719124197959899902e-01
1.506155729293823242e-01
7.270640134811401367e-02
1.532249897718429565e-02
2.231251075863838196e-02
2.696409821510314941e-02
4.559516012668609619e-01
2.528453469276428223e-01
1.039308905601501465e-01
8.829511702060699463e-02
5.014405772089958191e-02
7.497213780879974365e-02
1.682550832629203796e-02
3.812558576464653015e-02
1.930962055921554565e-01
4.559516012668609619e-01
5.005556344985961914e-02
4.956221580505371094e-02
9.634602814912796021e-02
8.591495454311370850e-02
1.259743422269821167e-01
4.376168921589851379e-02
3.601315617561340332e-02
2.782691270112991333e-02
6.370879709720611572e-02
4.864956438541412354e-02
2.571093663573265076e-02
5.201716348528862000e-02
4.227260127663612366e-02
1.089246869087219238e-01
3.356444463133811951e-02
8.344462513923645020e-02
7.614453136920928955e-02
1.388251483440399170e-01
9.516935795545578003e-02
3.325068205595016479e-02
3.226868808269500732e-02
1.377435028553009033e-02
2.782447263598442078e-02
1.321637444198131561e-02
1.083729490637779236e-01
3.475472331047058105e-01
4.052803218364715576e-01
8.527547121047973633e-02
2.503008209168910980e-02
1.746721006929874420e-02
8.414768613874912262e-03
2.017755433917045593e-02
1.263422332704067230e-02
2.252575010061264038e-01
4.052803218364715576e-01
3.616791665554046631e-01
3.393846377730369568e-02
1.487449184060096741e-02
3.126237913966178894e-02
1.383026037365198135e-02
5.195025354623794556e-02
1.336463168263435364e-02
1.079289838671684265e-01
1.851971149444580078e-01
1.390945166349411011e-01
5.382594466209411621e-02
1.811999455094337463e-02
3.206077590584754944e-02
1.913797669112682343e-02
6.420722603797912598e-02
1.477273181080818176e-02
1.629720181226730347e-01
4.052803218364715576e-01
2.483770102262496948e-01
6.933026760816574097e-02
2.047462202608585358e-02
1.457658316940069199e-02
1.524647418409585953e-02
3.680139780044555664e-02
2.220091223716735840e-02
1.112916842103004456e-01
3.932587504386901855e-01
2.251832783222198486e-01
4.890855029225349426e-02
2.590749599039554596e-02
4.160528257489204407e-02
3.216033428907394409e-02
4.740081354975700378e-02
3.475817292928695679e-02
8.096171915531158447e-02
2.381269931793212891e-01
1.918962895870208740e-01
5.469368025660514832e-02
1.204895880073308945e-02
1.794265024363994598e-02
1.398497167974710464e-02
4.971110448241233826e-02
1.707417704164981842e-02
1.058954447507858276e-01
3.932587504386901855e-01
3.421080708503723145e-01
3.619920834898948669e-02
2.162130922079086304e-02
1.999403163790702820e-02
2.295879460871219635e-02
1.059041693806648254e-01
1.559014767408370972e-01
2.248373776674270630e-01
3.932587504386901855e-01
3.587333261966705322e-01
8.173033595085144043e-02
5.906003341078758240e-02
1.082792356610298157e-01
7.175297290086746216e-02
7.778655737638473511e-02
6.087592616677284241e-02
1.554845422506332397e-01
1.649292558431625366e-01
1.891176849603652954e-01
7.395152002573013306e-02
7.165190577507019043e-02
1.147776991128921509e-01
7.480935007333755493e-02
1.323537230491638184e-01
6.103083491325378418e-02
1.315820217132568359e-01
1.019839495420455933e-01
1.082895547151565552e-01
5.629203841090202332e-02
4.229900240898132324e-02
6.189988926053047180e-02
7.854498922824859619e-02
2.235600501298904419e-01
3.951317667961120605e-01
4.035614430904388428e-01
3.941813111305236816e-01
3.199606537818908691e-01
6.621379405260086060e-02
8.199725300073623657e-02
1.393882781267166138e-01
1.455065310001373291e-01
1.778007298707962036e-01
1.333184987306594849e-01
1.551167070865631104e-01
7.325718551874160767e-02
9.187578409910202026e-02
3.096206858754158020e-02
3.177332505583763123e-02
4.125517606735229492e-02
4.105526208877563477e-02
2.600628137588500977e-01
4.352717101573944092e-02
4.243112355470657349e-02
5.567310005426406860e-02
4.754627123475074768e-02
1.840065978467464447e-02
2.783399447798728943e-02
5.981852114200592041e-02
1.538787782192230225e-01
5.060150027275085449e-01
3.298229277133941650e-01
1.438881158828735352e-01
1.052365452051162720e-01
4.568994417786598206e-02
4.221370816230773926e-02
5.255204811692237854e-02
4.084095731377601624e-02
8.832420408725738525e-02
2.171861678361892700e-01
3.117805719375610352e-02
6.069795042276382446e-02
4.027788713574409485e-02
4.911604896187782288e-02
5.895585566759109497e-02
5.500888451933860779e-02
3.066851571202278137e-02
2.411559522151947021e-01
5.060150027275085449e-01
2.256311029195785522e-01
1.260742992162704468e-01
1.152424141764640808e-01
1.192628517746925354e-01
3.121021389961242676e-02
3.351030871272087097e-02
6.549058854579925537e-02
1.250667721033096313e-01
4.641146361827850342e-01
3.252653777599334717e-01
1.797402650117874146e-01
1.207157447934150696e-01
7.939303666353225708e-02
9.292737394571304321e-02
1.029331982135772705e-01
7.855815440416336060e-02
2.523588389158248901e-02
6.961324810981750488e-02
5.578698962926864624e-02
1.046250462532043457e-01
1.197784543037414551e-01
1.002680286765098572e-01
1.341505944728851318e-01
5.064627528190612793e-02
7.293388247489929199e-02
1.605305671691894531e-01
4.641146361827850342e-01
2.224026173353195190e-01
1.468084007501602173e-01
1.400252729654312134e-01
2.127674818038940430e-01
1.891758441925048828e-01
1.070363968610763550e-01
8.171163499355316162e-02
3.832579404115676880e-02
7.264401018619537354e-02
3.875572234392166138e-02
9.586596488952636719e-02
1.313429921865463257e-01
1.950744539499282837e-01
1.424343436956405640e-01
2.464203834533691406e-01
1.799518167972564697e-01
5.105467885732650757e-02
1.140793561935424805e-01
2.318561635911464691e-02
8.593023568391799927e-02
1.329306215047836304e-01
8.662127703428268433e-02
1.484528928995132446e-01
2.336038351058959961e-01
2.625013291835784912e-01
1.837475448846817017e-01
1.372036784887313843e-01
3.277710825204849243e-02
1.087167486548423767e-01
1.671202778816223145e-01
1.074724420905113220e-01
2.614540457725524902e-01
2.560689151287078857e-01
1.314095109701156616e-01
6.441754847764968872e-02
1.033617183566093445e-01
6.141405925154685974e-02
7.082889974117279053e-02
1.295313388109207153e-01
1.820597648620605469e-01
2.713441848754882812e-01
3.135807812213897705e-01
2.946080267429351807e-01
1.828800290822982788e-01
1.185360029339790344e-01
5.703769251704216003e-02
6.013923510909080505e-02
9.629835933446884155e-02
1.860880106687545776e-01
3.130018338561058044e-02
5.129495263099670410e-02
5.642535537481307983e-02
5.834596604108810425e-02
8.882158994674682617e-02
9.108468890190124512e-03
8.053516037762165070e-03
2.522810734808444977e-02
2.492091991007328033e-02
5.964240059256553650e-02
1.583752781152725220e-01
9.826422482728958130e-02
2.186944931745529175e-01
4.720225930213928223e-01
2.773048877716064453e-01
2.155528515577316284e-01
9.571871161460876465e-02
1.576970666646957397e-01
4.449446126818656921e-02
5.576983466744422913e-02
9.197057038545608521e-02
6.933295726776123047e-02
7.729335129261016846e-02
1.878277515061199665e-03
3.598784329369664192e-03
1.521610934287309647e-02
3.280621767044067383e-02
4.635098949074745178e-02
1.148428246378898621e-01
1.286200135946273804e-01
3.053051531314849854e-01
4.720225930213928223e-01
3.358079493045806885e-01
6.391720473766326904e-02
6.035721674561500549e-02
1.241991072893142700e-01
1.031565200537443161e-02
0.000000000000000000e+00
7.176259998232126236e-03
3.384730964899063110e-02
1.895132213830947876e-01
3.615123331546783447e-01
2.191073149442672729e-01
6.925785541534423828e-02
6.366690248250961304e-02
1.538990810513496399e-02
5.766285117715597153e-03
9.614914655685424805e-03
3.078320249915122986e-02
1.692937612533569336e-01
3.098712563514709473e-01
2.127161324024200439e-01
1.409628093242645264e-01
6.966615468263626099e-02
2.507838048040866852e-02
0.000000000000000000e+00
1.404324453324079514e-02
3.493010252714157104e-02
1.998629122972488403e-01
3.275994956493377686e-01
2.946371436119079590e-01
1.698096245527267456e-01
1.178039461374282837e-01
1.971895620226860046e-02
3.054715343751013279e-04
4.765120800584554672e-03
3.306542336940765381e-02
1.861963123083114624e-01
2.628694176673889160e-01
3.186509907245635986e-01
2.800872027873992920e-01
1.054802015423774719e-01
3.454206511378288269e-02
2.323898673057556152e-02
2.590510062873363495e-02
3.242992237210273743e-02
1.871855109930038452e-01
2.650962769985198975e-01
1.605838835239410400e-01
1.509379595518112183e-01
9.879878163337707520e-02
2.339212410151958466e-02
2.164349704980850220e-02
4.434675723314285278e-02
6.024940311908721924e-02
2.192854434251785278e-01
2.247506380081176758e-01
2.005354166030883789e-01
1.224677562713623047e-01
7.439207285642623901e-02
1.836209744215011597e-02
1.855572126805782318e-02
2.163541503250598907e-02
2.771970629692077637e-02
2.101289182901382446e-01
2.985163927078247070e-01
3.270611763000488281e-01
2.855946719646453857e-01
1.083592846989631653e-01
2.823700197041034698e-02
3.338763862848281860e-02
4.450171440839767456e-02
5.391328409314155579e-02
2.675996422767639160e-01
2.608903944492340088e-01
3.361235857009887695e-01
2.275767624378204346e-01
1.250689327716827393e-01
1.154617033898830414e-02
1.499620545655488968e-02
4.265078157186508179e-02
1.164957061409950256e-01
1.789176762104034424e-01
1.938573420047760010e-01
2.649963498115539551e-01
1.384146213531494141e-01
8.331036567687988281e-02
2.945932373404502869e-02
1.645079813897609711e-02
5.468573421239852905e-02
8.996549993753433228e-02
1.929688602685928345e-01
1.595161855220794678e-01
2.688753008842468262e-01
1.796398907899856567e-01
7.933660596609115601e-02
4.470559582114219666e-02
4.071287438273429871e-02
5.144869908690452576e-02
1.035780385136604309e-01
1.884115189313888550e-01
2.304235547780990601e-01
3.412548899650573730e-01
1.971357464790344238e-01
1.538235396146774292e-01
7.678962498903274536e-02
2.394858375191688538e-02
1.088347956538200378e-01
1.612225770950317383e-01
1.455444991588592529e-01
2.548214793205261230e-01
3.558847606182098389e-01
2.346838563680648804e-01
1.744413524866104126e-01
3.551965951919555664e-02
3.411704301834106445e-02
4.023031890392303467e-02
4.371937736868858337e-02
1.142366752028465271e-01
9.526467323303222656e-02
1.496981531381607056e-01
1.496898680925369263e-01
7.581479847431182861e-02
6.650359183549880981e-02
7.704455405473709106e-02
5.945754051208496094e-02
1.551323086023330688e-01
2.477658987045288086e-01
1.058780103921890259e-01
1.668694913387298584e-01
2.495570480823516846e-01
1.648417413234710693e-01
6.712251901626586914e-02
3.560634329915046692e-02
6.963591277599334717e-02
9.119571000337600708e-02
1.037000417709350586e-01
1.411078274250030518e-01
1.762017309665679932e-01
2.273458242416381836e-01
1.412675827741622925e-01
1.074285209178924561e-01
8.707698434591293335e-02
6.566756218671798706e-02
2.736452221870422363e-01
5.215815901756286621e-01
2.439313232898712158e-01
1.443860679864883423e-01
1.964187920093536377e-01
2.161068767309188843e-01
3.100652061402797699e-02
7.866322249174118042e-02
4.911771416664123535e-02
1.487797051668167114e-01
2.794029116630554199e-01
9.034263342618942261e-02
1.974497549235820770e-02
1.855638250708580017e-02
2.029081992805004120e-02
1.472693085670471191e-01
1.913508176803588867e-01
1.750685125589370728e-01
2.794029116630554199e-01
2.794029116630554199e-01
2.697785198688507080e-01
5.601723119616508484e-02
4.600271210074424744e-02
9.203579276800155640e-02
9.484330564737319946e-02
4.258247092366218567e-02
4.232784733176231384e-02
1.808823347091674805e-01
2.794029116630554199e-01
7.960490137338638306e-02
8.363560587167739868e-02
3.327484475448727608e-03
1.271467953920364380e-01
2.794029116630554199e-01
1.294385343790054321e-01
1.486329138278961182e-01
2.794029116630554199e-01
2.794029116630554199e-01
1.381183862686157227e-01
1.325029879808425903e-01
7.687661796808242798e-02
2.794029116630554199e-01
9.515817463397979736e-02
9.712343662977218628e-02
1.525725573301315308e-01
1.955870687961578369e-01
3.262116909027099609e-01
1.777134537696838379e-01
8.213078230619430542e-02
4.832910373806953430e-02
7.343617081642150879e-02
1.280138082802295685e-02
1.762692071497440338e-02
4.798502102494239807e-02
1.800164729356765747e-01
3.262116909027099609e-01
7.901472598314285278e-02
3.841143473982810974e-02
1.103434991091489792e-02
8.147438056766986847e-03
1.807249784469604492e-01
1.863263696432113647e-01
2.605480849742889404e-01
2.412378042936325073e-01
3.262116909027099609e-01
6.944430619478225708e-02
9.841521829366683960e-02
1.348414272069931030e-01
3.262116909027099609e-01
2.572932839393615723e-02
9.533799439668655396e-02
1.393215358257293701e-01
1.781339347362518311e-01
3.262116909027099609e-01
5.657911673188209534e-02
4.236479848623275757e-02
3.312316909432411194e-02
4.864581301808357239e-02
1.612195931375026703e-02
1.996273361146450043e-02
6.030780822038650513e-02
4.428517520427703857e-01
4.428517520427703857e-01
8.423479646444320679e-02
4.768331721425056458e-02
1.738685369491577148e-02
7.525523658841848373e-03
2.235419861972332001e-02
2.857859246432781219e-02
4.050930961966514587e-02
1.578335165977478027e-01
2.238762974739074707e-01
4.701016098260879517e-02
3.494055196642875671e-02
2.992435358464717865e-02
2.920659258961677551e-02
1.301143877208232880e-02
2.829369157552719116e-02
2.051813155412673950e-02
4.428517520427703857e-01
4.428517520427703857e-01
2.168782949447631836e-01
4.617227241396903992e-02
1.862959563732147217e-02
8.727296255528926849e-03
4.011169448494911194e-02
5.370905995368957520e-02
2.534596063196659088e-02
1.151030138134956360e-01
1.903707087039947510e-01
6.242381408810615540e-02
3.972866013646125793e-02
4.106353968381881714e-02
3.382507339119911194e-02
8.843092620372772217e-02
9.139093756675720215e-02
1.036592647433280945e-01
4.625534638762474060e-02
3.988876938819885254e-01
1.601061373949050903e-01
9.419669955968856812e-02
9.282931685447692871e-02
1.049155071377754211e-01
7.760937511920928955e-02
3.675963357090950012e-02
1.108957603573799133e-01
6.376906484365463257e-02
3.079271018505096436e-01
8.854159712791442871e-02
2.113659828901290894e-01
1.358031630516052246e-01
1.137497201561927795e-01
1.608331650495529175e-01
1.497699320316314697e-01
9.951151162385940552e-02
1.285343319177627563e-01
4.129828810691833496e-01
9.138802438974380493e-02
1.552852690219879150e-01
1.435846686363220215e-01
1.127245947718620300e-01
8.769972622394561768e-02
6.899137049913406372e-02
1.535091847181320190e-01
1.318112015724182129e-01
3.479802906513214111e-01
6.722753494977951050e-02
1.967250406742095947e-01
1.063857600092887878e-01
9.232524782419204712e-02
1.013175696134567261e-01
8.442152291536331177e-02
1.967515200376510620e-01
8.998352289199829102e-02
2.129350304603576660e-01
1.722970791161060333e-02
2.314312011003494263e-01
2.147483825683593750e-01
1.270914077758789062e-01
1.490650922060012817e-01
1.031366363167762756e-01
1.722173988819122314e-01
9.054867178201675415e-02
3.509592711925506592e-01
5.144863203167915344e-02
1.734696179628372192e-01
2.989399731159210205e-01
2.400300055742263794e-01
9.362225979566574097e-02
7.649416476488113403e-02
2.102263122797012329e-01
1.122225224971771240e-01
2.140420824289321899e-01
5.023939907550811768e-02
1.626386642456054688e-01
8.138512074947357178e-02
1.101093068718910217e-01
1.475880742073059082e-01
9.739401936531066895e-02
1.317146867513656616e-01
8.828865736722946167e-02
2.954897284507751465e-01
1.040154173970222473e-01
1.928485929965972900e-01
1.086672246456146240e-01
1.544907987117767334e-01
4.748473688960075378e-02
3.409679979085922241e-02
3.928731754422187805e-02
2.126723155379295349e-02
1.176295280456542969e-01
3.934469446539878845e-02
5.651708319783210754e-02
1.796415597200393677e-01
1.331395208835601807e-01
4.471076652407646179e-02
8.209883421659469604e-02
1.199605911970138550e-01
1.611164808273315430e-01
2.682618796825408936e-01
2.993096709251403809e-01
1.945086866617202759e-01
2.808392643928527832e-01
1.494808793067932129e-01
5.292627587914466858e-02
5.847005173563957214e-02
6.762179732322692871e-02
6.564684957265853882e-02
1.608759611845016479e-01
7.203140854835510254e-02
6.181839480996131897e-02
4.095401242375373840e-02
4.173732176423072815e-02
8.803965896368026733e-02
1.795121431350708008e-01
2.973995506763458252e-01
4.019288718700408936e-01
3.642967641353607178e-01
2.010055631399154663e-01
2.285311073064804077e-01
5.598056316375732422e-02
1.507102604955434799e-02
2.545037493109703064e-02
5.343615263700485229e-02
1.373623311519622803e-01
2.247319668531417847e-01
2.485907524824142456e-01
3.399343490600585938e-01
1.763504892587661743e-01
1.010926812887191772e-01
6.043224036693572998e-02
3.829310089349746704e-02
8.918867260217666626e-02
1.140258610248565674e-01
1.453423947095870972e-01
1.473444551229476929e-01
1.189924925565719604e-01
7.719813287258148193e-02
2.681957557797431946e-02
2.513335086405277252e-02
5.916399508714675903e-02
1.375288963317871094e-01
2.906312346458435059e-01
4.099080264568328857e-01
2.758874893188476562e-01
1.995969712734222412e-01
2.119369357824325562e-01
3.231519088149070740e-02
1.213229168206453323e-02
1.265302151441574097e-01
1.735628247261047363e-01
1.497674882411956787e-01
1.853986531496047974e-01
1.820412725210189819e-01
1.195207163691520691e-01
9.524922072887420654e-02
2.820179425179958344e-02
1.295435130596160889e-01
1.284222118556499481e-02
2.437798865139484406e-02
2.506579086184501648e-02
4.504470899701118469e-02
6.950111687183380127e-02
6.920236628502607346e-03
1.194652169942855835e-02
6.800857838243246078e-03
6.718482356518507004e-03
1.209458261728286743e-01
1.000012233853340149e-01
1.850802600383758545e-01
2.176069617271423340e-01
2.997556030750274658e-01
5.000720173120498657e-02
2.046559192240238190e-02
1.234469711780548096e-01
1.336325556039810181e-01
6.102782115340232849e-02
1.137347444891929626e-01
6.859393417835235596e-02
1.086490005254745483e-01
1.926461756229400635e-01
3.816367313265800476e-02
1.173776574432849884e-02
6.786659825593233109e-03
5.908045917749404907e-02
2.490224540233612061e-01
3.373885154724121094e-01
3.373885154724121094e-01
3.373885154724121094e-01
3.373885154724121094e-01
3.095013201236724854e-01
2.916157245635986328e-02
1.434658765792846680e-01
2.145257890224456787e-01
1.567768752574920654e-01
9.420265257358551025e-02
1.596815884113311768e-01
1.591751426458358765e-01
2.322978675365447998e-01
3.826728463172912598e-02
3.975864499807357788e-02
2.184183448553085327e-01
2.202179431915283203e-01
8.011747896671295166e-02
2.531830593943595886e-02
3.501224890351295471e-02
4.029060527682304382e-02
8.374348282814025879e-02
1.484825368970632553e-02
3.603751584887504578e-02
9.329463541507720947e-02
9.310191124677658081e-02
2.251394838094711304e-01
3.091565668582916260e-01
3.091565668582916260e-01
3.091565668582916260e-01
3.091565668582916260e-01
1.974535435438156128e-01
4.797146841883659363e-02
2.725080847740173340e-01
2.812415659427642822e-01
9.250587224960327148e-02
1.054099500179290771e-01
9.843079745769500732e-02
1.251064985990524292e-01
1.644389182329177856e-01
2.579562924802303314e-02
3.983545303344726562e-02
1.102386936545372009e-01
9.746927767992019653e-02
2.324355840682983398e-01
1.393266469240188599e-01
6.262893974781036377e-02
6.003965064883232117e-02
4.712424427270889282e-02
5.633715167641639709e-02
4.746149852871894836e-02
9.317398071289062500e-02
1.416954249143600464e-01
2.753309607505798340e-01
2.317341119050979614e-01
1.785272955894470215e-01
1.145171374082565308e-01
3.412318229675292969e-02
2.297127991914749146e-02
1.651044562458992004e-02
6.787832826375961304e-02
1.115769743919372559e-01
3.469923436641693115e-01
2.420018613338470459e-01
1.418839991092681885e-01
4.375869035720825195e-02
7.269690930843353271e-02
5.939888954162597656e-02
6.998425722122192383e-02
8.140472322702407837e-02
1.417901515960693359e-01
3.965505361557006836e-01
4.377012550830841064e-01
2.667693793773651123e-01
7.979343831539154053e-02
4.098662734031677246e-02
2.103781327605247498e-02
3.369720652699470520e-02
5.091164633631706238e-02
1.051814183592796326e-01
7.174833118915557861e-02
6.200980767607688904e-02
1.001550480723381042e-01
5.852664262056350708e-02
5.508236587047576904e-02
3.645821998361498117e-04
2.627444686368107796e-03
1.517411973327398300e-02
3.883154690265655518e-02
3.710837289690971375e-02
4.888923838734626770e-02
9.925479441881179810e-02
3.095727264881134033e-01
5.441896319389343262e-01
1.540700644254684448e-01
1.786966994404792786e-02
1.373456418514251709e-02
3.136555477976799011e-02
1.182948723435401917e-01
1.185177117586135864e-01
9.469646215438842773e-02
5.074096843600273132e-02
5.848826467990875244e-02
6.625950802117586136e-03
2.968307817354798317e-03
1.735352352261543274e-02
5.371146276593208313e-02
7.102850079536437988e-02
7.605307549238204956e-02
8.901656419038772583e-02
3.544005751609802246e-01
5.441896319389343262e-01
2.168083488941192627e-01
2.365137822926044464e-02
1.453919801861047745e-02
4.469389840960502625e-02
1.377531513571739197e-02
0.000000000000000000e+00
3.547177882865071297e-03
1.834483630955219269e-02
1.322988420724868774e-01
2.255548238754272461e-01
2.910957932472229004e-01
1.867647618055343628e-01
9.108667820692062378e-02
1.192818488925695419e-02
0.000000000000000000e+00
4.299579653888940811e-03
2.087588980793952942e-02
1.166598126292228699e-01
1.962870508432388306e-01
3.076974749565124512e-01
2.318054586648941040e-01
1.015250831842422485e-01
2.353914640843868256e-02
0.000000000000000000e+00
3.856790426652878523e-04
3.389242663979530334e-02
1.123115196824073792e-01
2.381799817085266113e-01
3.929572701454162598e-01
2.275173664093017578e-01
1.137282922863960266e-01
1.321962755173444748e-02
0.000000000000000000e+00
1.671275822445750237e-03
2.675951272249221802e-02
9.468837827444076538e-02
2.240392118692398071e-01
3.929572701454162598e-01
2.527687549591064453e-01
1.388111710548400879e-01
5.162942223250865936e-03
7.330395281314849854e-03
1.239462383091449738e-02
2.937048114836215973e-02
1.219802573323249817e-01
1.755492687225341797e-01
2.953363358974456787e-01
2.217514216899871826e-01
7.311636209487915039e-02
2.756664715707302094e-02
1.777301914989948273e-02
2.557089366018772125e-02
4.936593770980834961e-02
1.628258824348449707e-01
1.600099951028823853e-01
2.653658688068389893e-01
2.303427159786224365e-01
8.626818656921386719e-02
1.845692284405231476e-03
0.000000000000000000e+00
1.829216955229640007e-03
2.736322768032550812e-02
1.079966723918914795e-01
2.312245070934295654e-01
3.995423018932342529e-01
2.473013103008270264e-01
7.184920459985733032e-02
1.880016922950744629e-02
1.370535464957356453e-03
4.307568538933992386e-03
3.109036199748516083e-02
1.430163979530334473e-01
2.000370472669601440e-01
3.601449131965637207e-01
3.549444973468780518e-01
1.045657023787498474e-01
5.501097440719604492e-02
3.767436742782592773e-02
1.926266215741634369e-02
4.960113391280174255e-02
1.128439530730247498e-01
1.904756724834442139e-01
2.405665069818496704e-01
1.987560391426086426e-01
1.162030249834060669e-01
5.676584690809249878e-02
2.923960611224174500e-02
3.866625949740409851e-02
7.613215595483779907e-02
6.552764773368835449e-02
1.856488138437271118e-01
3.002628684043884277e-01
2.294683903455734253e-01
1.326431632041931152e-01
4.100539535284042358e-02
1.498445589095354080e-02
2.806794364005327225e-03
2.606131322681903839e-02
1.160344928503036499e-01
2.225175648927688599e-01
3.496276140213012695e-01
3.189369440078735352e-01
1.702762842178344727e-01
5.591354146599769592e-02
2.517850883305072784e-02
1.292942743748426437e-02
1.842168718576431274e-02
1.326333284378051758e-01
1.671929210424423218e-01
3.485006690025329590e-01
2.980053126811981201e-01
1.976582854986190796e-01
9.600010514259338379e-02
4.815827310085296631e-02
3.997534513473510742e-02
5.211056023836135864e-02
5.982010439038276672e-02
1.025422364473342896e-01
2.598856687545776367e-01
2.917255461215972900e-01
1.462500989437103271e-01
1.471659690141677856e-01
7.527317106723785400e-02
2.990277484059333801e-02
7.459806650876998901e-02
3.105920255184173584e-01
1.517405211925506592e-01
1.965301930904388428e-01
2.424262464046478271e-01
1.795325875282287598e-01
1.050418168306350708e-01
5.307468026876449585e-02
2.444333769381046295e-02
1.854934357106685638e-02
1.254053115844726562e-01
9.093599766492843628e-02
3.094860315322875977e-01
3.146655857563018799e-01
1.971015036106109619e-01
1.526523530483245850e-01
7.851195335388183594e-02
2.987773716449737549e-02
3.476820420473814011e-03
2.294438183307647705e-01
8.988028019666671753e-02
2.137301415205001831e-01
2.401549071073532104e-01
2.018454819917678833e-01
2.182446867227554321e-01
1.111266668885946274e-02
3.325878828763961792e-02
1.209039613604545593e-01
2.350336611270904541e-01
8.394280076026916504e-02
1.592275202274322510e-01
1.649777591228485107e-02
2.908328771591186523e-01
4.051020741462707520e-01
1.284728646278381348e-01
2.541538476943969727e-01
3.052067756652832031e-01
3.231292068958282471e-01
1.137337610125541687e-01
2.113238424062728882e-01
1.881547123193740845e-01
4.051020741462707520e-01
2.854921482503414154e-02
8.294875733554363251e-03
1.132379565387964249e-02
2.073634415864944458e-03
3.461223095655441284e-02
1.267644017934799194e-02
1.770418323576450348e-02
2.969316206872463226e-02
3.094649501144886017e-02
7.517552375793457031e-02
1.784391887485980988e-02
7.875827699899673462e-02
7.470628619194030762e-02
8.910522609949111938e-02
5.815180018544197083e-02
2.185510098934173584e-02
6.702936440706253052e-02
1.467346549034118652e-01
2.201390415430068970e-01
1.913973689079284668e-01
2.703237235546112061e-01
2.109601199626922607e-01
2.033345997333526611e-01
7.164749503135681152e-02
8.437103778123855591e-02
1.886856704950332642e-01
2.703237235546112061e-01
4.394188523292541504e-02
1.338298171758651733e-01
1.746085882186889648e-01
1.587975770235061646e-01
2.703237235546112061e-01
9.401112794876098633e-02
1.029339879751205444e-01
9.886923432350158691e-02
1.762634068727493286e-01
6.039554625749588013e-02
3.996230661869049072e-02
8.754390478134155273e-02
7.992687076330184937e-02
7.021209597587585449e-02
9.415607899427413940e-02
1.287784278392791748e-01
9.341601282358169556e-02
1.955885291099548340e-01
1.387066245079040527e-01
1.222406774759292603e-01
9.491151571273803711e-02
1.594347655773162842e-01
2.590379416942596436e-01
1.550828069448471069e-01
2.703237235546112061e-01
1.999038755893707275e-01
2.323744148015975952e-01
2.662574872374534607e-02
2.839310839772224426e-02
5.116964131593704224e-02
1.356640607118606567e-01
3.182618319988250732e-01
1.008289977908134460e-01
6.219091266393661499e-02
5.075714737176895142e-02
4.019203037023544312e-02
3.310883417725563049e-02
1.675263047218322754e-02
1.209030859172344208e-02
3.841326758265495300e-02
7.816843688488006592e-02
3.276188299059867859e-02
2.216725423932075500e-02
2.596681565046310425e-02
3.701358288526535034e-02
3.182618319988250732e-01
1.572578102350234985e-01
1.108527332544326782e-01
2.562936842441558838e-01
3.182618319988250732e-01
1.149840280413627625e-01
2.739251554012298584e-01
1.694882363080978394e-01
3.182618319988250732e-01
3.182618319988250732e-01
1.864627748727798462e-02
3.510928153991699219e-02
9.929846972227096558e-02
3.182618319988250732e-01
3.539284318685531616e-02
2.113130502402782440e-02
3.842820599675178528e-02
3.182618319988250732e-01
4.156370088458061218e-02
1.394195016473531723e-02
9.789768606424331665e-03
2.580869011580944061e-02
4.587795212864875793e-02
1.516367681324481964e-02
2.628160826861858368e-02
2.379629574716091156e-02
4.220128059387207031e-02
5.798690021038055420e-02
1.171971764415502548e-02
1.229560934007167816e-02
1.648583263158798218e-02
4.271863028407096863e-02
1.629626937210559845e-02
2.453858591616153717e-02
1.122218184173107147e-02
5.806777626276016235e-02
4.212459027767181396e-01
4.188870545476675034e-03
1.091863866895437241e-02
7.588553428649902344e-02
3.710851073265075684e-01
2.309504523873329163e-02
1.832073181867599487e-02
2.264783717691898346e-02
4.212459027767181396e-01
4.212459027767181396e-01
9.305153042078018188e-03
4.241299349814653397e-03
4.588585719466209412e-02
3.446253836154937744e-01
3.932731598615646362e-02
1.694695651531219482e-02
6.152731366455554962e-03
4.212459027767181396e-01
4.471503943204879761e-02
6.672735325992107391e-03
7.469933945685625076e-03
5.155392922461032867e-03
2.013027854263782501e-02
8.209588937461376190e-03
1.329738553613424301e-02
5.531250033527612686e-03
4.183733090758323669e-02
9.445772320032119751e-02
9.049136191606521606e-03
6.110441405326128006e-03
1.443887408822774887e-02
5.040227621793746948e-02
9.311026893556118011e-03
1.274778507649898529e-02
8.449646644294261932e-03
7.553339004516601562e-02
4.123148024082183838e-01
9.890920482575893402e-03
2.825469477102160454e-03
5.187055468559265137e-02
2.879393100738525391e-01
3.904378786683082581e-02
1.158605329692363739e-02
4.900019615888595581e-03
4.123148024082183838e-01
4.123148024082183838e-01
5.629042163491249084e-02
2.824189839884638786e-03
1.782990545034408569e-01
4.123148024082183838e-01
3.096063621342182159e-02
1.075339689850807190e-02
7.828961126506328583e-03
4.123148024082183838e-01
1.093205064535140991e-01
3.951033949851989746e-02
1.785637065768241882e-02
1.694069057703018188e-02
4.769467562437057495e-02
1.714500226080417633e-02
1.278944220393896103e-02
1.106522604823112488e-02
6.404082477092742920e-02
1.768614053726196289e-01
6.787059456110000610e-02
4.256874695420265198e-02
6.270631402730941772e-02
1.688969582319259644e-01
4.654458165168762207e-02
6.935226172208786011e-02
2.949365042150020599e-02
1.160625591874122620e-01
3.414600193500518799e-01
1.738649904727935791e-01
9.473771601915359497e-02
8.805325627326965332e-02
3.414600193500518799e-01
2.536475658416748047e-02
8.852517232298851013e-03
9.179188869893550873e-03
3.414600193500518799e-01
3.414600193500518799e-01
2.791747748851776123e-01
2.048654407262802124e-01
8.767282962799072266e-02
3.414600193500518799e-01
7.401740550994873047e-02
4.377762600779533386e-02
4.144815728068351746e-02
3.414600193500518799e-01
1.691623330116271973e-01
1.340585760772228241e-02
1.426266413182020187e-02
4.226979613304138184e-02
1.891035586595535278e-01
3.099734149873256683e-02
4.130529612302780151e-02
1.680515520274639130e-02
1.582219004631042480e-01
2.537439465522766113e-01
5.113765224814414978e-02
1.637643016874790192e-02
6.543918699026107788e-02
2.763968110084533691e-01
5.908378586173057556e-02
1.446275878697633743e-02
1.691465452313423157e-02
3.157438933849334717e-01
3.157438933849334717e-01
4.167930781841278076e-02
3.614870831370353699e-02
5.724439769983291626e-02
3.157438933849334717e-01
5.483960360288619995e-02
4.220105707645416260e-02
4.329108819365501404e-02
3.157438933849334717e-01
3.157438933849334717e-01
1.021891683340072632e-01
6.852788478136062622e-02
9.256229549646377563e-02
3.157438933849334717e-01
1.138245090842247009e-01
2.463860251009464264e-02
4.765047878026962280e-02
3.157438933849334717e-01
1.519084125757217407e-01
1.900778561830520630e-01
9.111516177654266357e-02
1.389610022306442261e-01
2.499214708805084229e-01
7.853253185749053955e-02
6.337630096822977066e-03
3.045257925987243652e-02
2.372001111507415771e-01
1.240882873535156250e-01
2.499214708805084229e-01
2.499214708805084229e-01
2.499214708805084229e-01
2.499214708805084229e-01
1.393885314464569092e-01
1.399001199752092361e-02
4.906390234827995300e-02
1.503788232803344727e-01
2.499214708805084229e-01
2.299590259790420532e-01
1.639236658811569214e-01
1.586109399795532227e-01
2.499214708805084229e-01
1.196335703134536743e-01
8.619853295385837555e-03
5.385208502411842346e-02
2.499214708805084229e-01
7.873736321926116943e-02
1.953305602073669434e-01
1.851587593555450439e-01
1.585451513528823853e-01
1.560636311769485474e-01
1.089639514684677124e-01
1.577997766435146332e-02
5.611269548535346985e-02
1.481865197420120239e-01
1.954821944236755371e-01
3.740926682949066162e-01
3.740926682949066162e-01
3.740926682949066162e-01
3.660287261009216309e-01
2.521592080593109131e-01
7.669762521982192993e-02
1.313729882240295410e-01
1.997355967760086060e-01
6.827217340469360352e-02
1.129348278045654297e-01
9.411995857954025269e-02
1.012588515877723694e-01
9.987368434667587280e-02
3.789999708533287048e-02
5.855641886591911316e-02
9.464208781719207764e-02
6.932354718446731567e-02
6.115929409861564636e-02
1.678681969642639160e-01
1.824539750814437866e-01
1.367033421993255615e-01
1.496512740850448608e-01
1.671964228153228760e-01
8.998980373144149780e-02
9.305299073457717896e-02
1.166966482996940613e-01
5.002424865961074829e-02
1.266104076057672501e-02
1.949477009475231171e-02
1.388134714215993881e-02
7.168954610824584961e-02
7.775726169347763062e-02
9.851980954408645630e-02
1.383292376995086670e-01
6.783219426870346069e-02
2.025213986635208130e-01
1.455691605806350708e-01
1.224476248025894165e-01
3.464183211326599121e-02
8.252388983964920044e-02
4.831868037581443787e-02
8.030323684215545654e-02
1.672106385231018066e-01
1.453836858272552490e-01
2.092730253934860229e-01
2.737262248992919922e-01
1.822560429573059082e-01
3.917564824223518372e-02
7.645668089389801025e-02
7.373981922864913940e-02
1.282971352338790894e-01
1.398915648460388184e-01
1.518433988094329834e-01
1.211796700954437256e-01
6.819713115692138672e-02
5.760319903492927551e-02
3.341497480869293213e-02
1.391256898641586304e-01
1.151523217558860779e-01
1.686007082462310791e-01
3.681561052799224854e-01
2.288176119327545166e-01
1.600097417831420898e-01
1.176366731524467468e-01
5.579283460974693298e-02
2.662897109985351562e-02
1.285853534936904907e-01
1.484148353338241577e-01
3.127778768539428711e-01
3.223884999752044678e-01
2.689058780670166016e-01
6.200387701392173767e-02
7.860413193702697754e-02
4.658305644989013672e-02
2.544765174388885498e-02
6.301914900541305542e-02
4.055837914347648621e-02
4.505029693245887756e-02
5.563621968030929565e-02
4.013359174132347107e-02
6.555063277482986450e-02
5.324976891279220581e-02
9.913862496614456177e-02
2.591587305068969727e-01
4.357793331146240234e-01
3.416768908500671387e-01
9.266927093267440796e-02
8.810765296220779419e-02
7.329818606376647949e-02
4.240618646144866943e-02
2.091221883893013000e-02
1.004353258758783340e-02
1.581253297626972198e-02
1.015590727329254150e-01
1.342927962541580200e-01
1.276833862066268921e-01
1.184022575616836548e-01
4.847955703735351562e-02
5.369885638356208801e-02
2.004934661090373993e-02
1.001674979925155640e-01
2.389899939298629761e-01
4.357793331146240234e-01
4.357793331146240234e-01
1.287345290184020996e-01
1.421152055263519287e-01
8.567792177200317383e-02
