2.835571765899658203e-01
1.779541820287704468e-01
6.645931303501129150e-02
1.561059989035129547e-02
2.525562606751918793e-02
2.782887965440750122e-02
5.007869005203247070e-02
1.789144724607467651e-01
2.835571765899658203e-01
2.835571765899658203e-01
2.493911087512969971e-01
9.448470920324325562e-02
3.022409602999687195e-02
1.897689513862133026e-02
2.672970527783036232e-03
1.236676424741744995e-02
1.462727636098861694e-01
2.835571765899658203e-01
2.835571765899658203e-01
1.398672759532928467e-01
5.080300197005271912e-02
1.703919842839241028e-02
1.043182145804166794e-02
1.138610020279884338e-02
3.510864824056625366e-02
2.246326059103012085e-01
2.835571765899658203e-01
2.835571765899658203e-01
2.519447803497314453e-01
1.668256521224975586e-01
4.798697680234909058e-02
9.555575088597834110e-04
2.822667825967073441e-03
1.341327186673879623e-02
1.398357152938842773e-01
2.835571765899658203e-01
2.777366936206817627e-01
2.777366936206817627e-01
8.443950861692428589e-02
8.184427395462989807e-03
1.588542014360427856e-02
2.805129159241914749e-03
1.256798673421144485e-02
1.044776812195777893e-01
2.679396569728851318e-01
2.777366936206817627e-01
2.777366936206817627e-01
8.334737271070480347e-02
0.000000000000000000e+00
1.009034551680088043e-02
9.072083979845046997e-03
4.435308277606964111e-02
7.228856533765792847e-02
2.777366936206817627e-01
2.777366936206817627e-01
2.777366936206817627e-01
1.257776319980621338e-01
1.975571364164352417e-02
9.794921788852661848e-05
2.490225248038768768e-03
3.188048256561160088e-03
1.200128048658370972e-01
2.777366936206817627e-01
2.777366936206817627e-01
2.777366936206817627e-01
1.011614054441452026e-01
4.549552220851182938e-03
9.926784550771117210e-04
7.069068378768861294e-04
1.209634635597467422e-02
8.604998141527175903e-02
2.697503864765167236e-01
2.888111770153045654e-01
2.685069143772125244e-01
2.337084896862506866e-02
0.000000000000000000e+00
6.489058025181293488e-03
4.450418986380100250e-03
2.057143487036228180e-02
6.563313305377960205e-02
2.888111770153045654e-01
2.888111770153045654e-01
2.814861238002777100e-01
2.947345189750194550e-02
4.440380726009607315e-03
1.096685603260993958e-02
4.112367518246173859e-03
7.572341244667768478e-03
9.948512911796569824e-02
2.888111770153045654e-01
2.888111770153045654e-01
2.888111770153045654e-01
5.401236191391944885e-02
9.564124047756195068e-03
5.973274819552898407e-03
3.889993065968155861e-03
1.832204125821590424e-02
7.571117579936981201e-02
2.404627054929733276e-01
2.888111770153045654e-01
2.888111770153045654e-01
4.864389821887016296e-02
1.673275977373123169e-02
7.075799629092216492e-03
1.223767455667257309e-02
2.285952866077423096e-02
9.186380356550216675e-02
2.888111770153045654e-01
2.786774337291717529e-01
2.658207118511199951e-01
7.265568524599075317e-02
1.226718164980411530e-02
1.410275232046842575e-02
2.602385124191641808e-03
3.871419699862599373e-03
6.560356169939041138e-02
2.786774337291717529e-01
2.786774337291717529e-01
2.786774337291717529e-01
9.384809434413909912e-02
9.557985700666904449e-03
1.535569038242101669e-02
4.010519012808799744e-03
3.156764432787895203e-03
2.678968012332916260e-02
2.786774337291717529e-01
2.786774337291717529e-01
2.786774337291717529e-01
6.809928268194198608e-02
1.257581636309623718e-02
8.881573565304279327e-03
1.101782452315092087e-02
2.185448072850704193e-02
6.708285957574844360e-02
2.786774337291717529e-01
2.786774337291717529e-01
2.786774337291717529e-01
9.085008502006530762e-02
2.550613693892955780e-02
6.530077010393142700e-02
3.907492756843566895e-02
1.098849102854728699e-01
1.253261566162109375e-01
2.786774337291717529e-01
2.754856646060943604e-01
2.754856646060943604e-01
5.251820757985115051e-02
2.758295973762869835e-03
7.811289746314287186e-03
2.340013626962900162e-03
3.417840925976634026e-03
4.638754576444625854e-02
2.652179002761840820e-01
2.754856646060943604e-01
2.501152753829956055e-01
3.322537243366241455e-02
1.450210809707641602e-03
7.339848671108484268e-03
0.000000000000000000e+00
4.871336743235588074e-03
1.128243803977966309e-01
2.754856646060943604e-01
2.754856646060943604e-01
2.164336442947387695e-01
6.512593477964401245e-02
2.806784771382808685e-02
6.714864820241928101e-02
5.490656942129135132e-02
2.001418918371200562e-01
1.592982262372970581e-01
2.444325983524322510e-01
2.754856646060943604e-01
2.217537611722946167e-01
6.619535386562347412e-02
2.294017747044563293e-02
3.186249732971191406e-02
3.433455899357795715e-02
1.941419392824172974e-01
1.888102144002914429e-01
2.754856646060943604e-01
2.964623570442199707e-01
2.388547956943511963e-01
2.499376796185970306e-02
4.864632210228592157e-04
8.062273263931274414e-03
0.000000000000000000e+00
1.433743163943290710e-02
1.118341609835624695e-01
2.964623570442199707e-01
2.964623570442199707e-01
2.407626211643218994e-01
2.714743278920650482e-02
1.850408007157966495e-04
7.124409079551696777e-03
0.000000000000000000e+00
1.756210811436176300e-02
1.547442823648452759e-01
2.964623570442199707e-01
2.964623570442199707e-01
2.198374569416046143e-01
7.877604663372039795e-02
1.614792086184024811e-02
2.529598399996757507e-02
5.581195466220378876e-03
6.393177807331085205e-02
1.223364546895027161e-01
2.614840269088745117e-01
2.964623570442199707e-01
2.353222817182540894e-01
6.734419614076614380e-02
1.136558782309293747e-02
2.849507890641689301e-02
7.129279430955648422e-03
3.614664822816848755e-02
1.524524390697479248e-01
2.964623570442199707e-01
3.087203502655029297e-01
2.318954318761825562e-01
1.682775281369686127e-02
0.000000000000000000e+00
6.937415804713964462e-03
0.000000000000000000e+00
1.213261950761079788e-02
1.109539195895195007e-01
3.087203502655029297e-01
3.087203502655029297e-01
2.106372416019439697e-01
2.198890782892704010e-02
0.000000000000000000e+00
7.916970178484916687e-03
0.000000000000000000e+00
5.463042762130498886e-03
9.739451110363006592e-02
3.087203502655029297e-01
3.087203502655029297e-01
2.244153618812561035e-01
4.545798525214195251e-02
2.729658968746662140e-03
1.369166281074285507e-02
4.260035697370767593e-03
3.724821284413337708e-02
1.292718052864074707e-01
3.087203502655029297e-01
3.087203502655029297e-01
1.902675628662109375e-01
4.918959736824035645e-02
4.607068840414285660e-03
9.772663936018943787e-03
2.583025489002466202e-04
2.062856964766979218e-02
5.958629772067070007e-02
3.087203502655029297e-01
3.220029473304748535e-01
1.430941373109817505e-01
3.545394539833068848e-02
0.000000000000000000e+00
5.361539777368307114e-03
0.000000000000000000e+00
4.541957750916481018e-03
8.123191446065902710e-02
3.220029473304748535e-01
3.220029473304748535e-01
2.239527851343154907e-01
4.139902070164680481e-02
1.705232774838805199e-03
8.079200983047485352e-03
0.000000000000000000e+00
1.213327981531620026e-02
8.100127428770065308e-02
3.220029473304748535e-01
3.220029473304748535e-01
1.153483092784881592e-01
5.540418624877929688e-02
8.702431805431842804e-03
9.928649291396141052e-03
2.802186412736773491e-03
2.681520208716392517e-02
6.923983991146087646e-02
3.220029473304748535e-01
3.220029473304748535e-01
1.960549354553222656e-01
8.143652230501174927e-02
2.662588469684123993e-02
1.156597211956977844e-02
1.182776223868131638e-02
3.386577963829040527e-02
1.048806160688400269e-01
3.220029473304748535e-01
3.181259632110595703e-01
1.779147088527679443e-01
2.228858135640621185e-02
2.715680981054902077e-03
7.697447203099727631e-03
0.000000000000000000e+00
6.526382640004158020e-03
8.219514787197113037e-02
3.181259632110595703e-01
3.181259632110595703e-01
1.286254227161407471e-01
7.679877802729606628e-03
9.539179503917694092e-03
1.186885405331850052e-02
0.000000000000000000e+00
8.369193412363529205e-03
1.574744731187820435e-01
3.181259632110595703e-01
3.181259632110595703e-01
1.653068214654922485e-01
5.069365724921226501e-02
2.110114879906177521e-02
4.404840990900993347e-03
8.636213839054107666e-03
1.982381194829940796e-02
1.014345064759254456e-01
3.181259632110595703e-01
3.181259632110595703e-01
1.108992323279380798e-01
2.945353277027606964e-02
9.163356386125087738e-03
1.970342855202034116e-04
6.952191237360239029e-03
4.302510619163513184e-02
2.240578383207321167e-01
3.181259632110595703e-01
2.840271294116973877e-01
1.799017190933227539e-01
1.215588115155696869e-02
8.368216454982757568e-03
8.981536142528057098e-03
0.000000000000000000e+00
1.463360432535409927e-02
1.586824357509613037e-01
2.840271294116973877e-01
2.840271294116973877e-01
2.682861685752868652e-01
4.892845824360847473e-02
5.193417426198720932e-03
3.947030752897262573e-03
1.451321062631905079e-03
3.120910562574863434e-02
1.421966552734375000e-01
2.840271294116973877e-01
2.840271294116973877e-01
1.511762291193008423e-01
3.450103849172592163e-02
9.985077194869518280e-03
2.603933447971940041e-03
3.722185268998146057e-03
4.549335315823554993e-02
2.367606908082962036e-01
2.840271294116973877e-01
2.840271294116973877e-01
2.534886896610260010e-01
5.143225938081741333e-02
3.863894147798418999e-03
5.263324361294507980e-03
5.463419365696609020e-04
2.583185769617557526e-02
2.195926159620285034e-01
2.840271294116973877e-01
2.811012268066406250e-01
1.949056982994079590e-01
4.712148010730743408e-02
7.602953817695379257e-03
7.650681305676698685e-03
8.389613591134548187e-03
4.548489302396774292e-02
1.666731089353561401e-01
2.811012268066406250e-01
2.811012268066406250e-01
1.582726836204528809e-01
4.573462530970573425e-02
7.248174864798784256e-03
1.203404087573289871e-02
8.128524757921695709e-03
4.991875961422920227e-02
2.431152313947677612e-01
2.811012268066406250e-01
2.811012268066406250e-01
2.288414835929870605e-01
5.012597516179084778e-02
3.829611930996179581e-03
1.274656038731336594e-02
3.794141113758087158e-03
3.250447288155555725e-02
1.785955280065536499e-01
2.811012268066406250e-01
2.811012268066406250e-01
2.012423723936080933e-01
8.280125260353088379e-02
2.956335619091987610e-02
5.051476880908012390e-02
2.346582897007465363e-02
7.079131156206130981e-02
2.478578984737396240e-01
2.811012268066406250e-01
2.943177223205566406e-01
9.003126621246337891e-02
2.061849273741245270e-02
1.811142894439399242e-03
7.560186088085174561e-03
6.352765951305627823e-03
3.148123621940612793e-02
2.001225948333740234e-01
2.943177223205566406e-01
2.943177223205566406e-01
5.345245078206062317e-02
2.610033610835671425e-03
0.000000000000000000e+00
9.872156195342540741e-03
9.000150486826896667e-03
3.493002057075500488e-02
2.943177223205566406e-01
2.943177223205566406e-01
2.943177223205566406e-01
1.070669144392013550e-01
3.886516764760017395e-02
1.849189028143882751e-02
4.169206693768501282e-02
3.498623892664909363e-02
7.743392139673233032e-02
2.416898608207702637e-01
2.943177223205566406e-01
2.516692876815795898e-01
1.057264655828475952e-01
6.539674941450357437e-03
1.142892753705382347e-03
1.772681064903736115e-02
2.854494191706180573e-02
8.450839668512344360e-02
2.943177223205566406e-01
2.943177223205566406e-01
2.818849980831146240e-01
5.270728096365928650e-02
1.965434290468692780e-02
9.921053424477577209e-04
9.253471158444881439e-03
4.138497635722160339e-03
3.284398466348648071e-02
2.818849980831146240e-01
2.818849980831146240e-01
2.818849980831146240e-01
9.373673051595687866e-02
5.474791303277015686e-02
3.755087265744805336e-03
1.382291503250598907e-02
1.135694421827793121e-02
4.841433465480804443e-02
2.818849980831146240e-01
2.818849980831146240e-01
2.396901249885559082e-01
9.078138321638107300e-02
1.387973129749298096e-02
2.580957254394888878e-03
5.521180573850870132e-03
6.609010044485330582e-03
8.515878021717071533e-02
2.818849980831146240e-01
2.818849980831146240e-01
2.818849980831146240e-01
8.354303985834121704e-02
4.441597685217857361e-02
4.608155693858861923e-03
1.052490528672933578e-02
1.042433921247720718e-02
1.480295509099960327e-01
2.818849980831146240e-01
2.818849980831146240e-01
2.497854530811309814e-01
8.814217150211334229e-02
4.096766933798789978e-02
3.234620671719312668e-03
1.251259166747331619e-02
1.225007604807615280e-02
4.789102077484130859e-02
2.794070839881896973e-01
2.794070839881896973e-01
2.794070839881896973e-01
7.314278185367584229e-02
2.124035730957984924e-02
6.284046103246510029e-04
9.069611318409442902e-03
2.705936692655086517e-02
1.056118234992027283e-01
2.794070839881896973e-01
2.794070839881896973e-01
2.794070839881896973e-01
7.394517213106155396e-02
3.430249169468879700e-02
1.051283907145261765e-03
8.682063780725002289e-03
2.020572498440742493e-02
1.212953478097915649e-01
2.794070839881896973e-01
2.794070839881896973e-01
2.794070839881896973e-01
6.737813353538513184e-02
1.198958884924650192e-02
0.000000000000000000e+00
6.776942405849695206e-03
4.060349613428115845e-02
1.342229396104812622e-01
2.794070839881896973e-01
2.794070839881896973e-01
2.861728370189666748e-01
7.161498814821243286e-02
1.742489822208881378e-02
0.000000000000000000e+00
6.922362837940454483e-03
1.139358803629875183e-02
5.891778692603111267e-02
2.259827256202697754e-01
2.861728370189666748e-01
2.861728370189666748e-01
2.757446467876434326e-01
4.556248709559440613e-02
2.079180814325809479e-02
1.243466697633266449e-02
4.094190895557403564e-03
2.170108072459697723e-02
1.429086178541183472e-01
2.861728370189666748e-01
2.861728370189666748e-01
8.708968758583068848e-02
1.609041541814804077e-02
0.000000000000000000e+00
4.720989149063825607e-03
1.322741340845823288e-02
6.630340218544006348e-02
2.000824362039566040e-01
2.861728370189666748e-01
2.861728370189666748e-01
2.861728370189666748e-01
1.623000502586364746e-01
8.927214145660400391e-02
9.931840933859348297e-03
2.531323349103331566e-03
3.143570944666862488e-02
1.115990877151489258e-01
2.861728370189666748e-01
2.683421075344085693e-01
1.334068328142166138e-01
5.086372047662734985e-02
3.995138034224510193e-02
3.627881407737731934e-02
5.213430896401405334e-02
1.136727705597877502e-01
2.131539285182952881e-01
2.683421075344085693e-01
2.683421075344085693e-01
2.357618510723114014e-01
1.793870776891708374e-01
9.238043427467346191e-02
2.045309916138648987e-02
2.889563888311386108e-02
4.477259516716003418e-02
1.536606252193450928e-01
2.683421075344085693e-01
2.683421075344085693e-01
1.443220078945159912e-01
4.787762090563774109e-02
6.248579546809196472e-02
1.502765417098999023e-01
1.099891737103462219e-01
1.249318197369575500e-01
1.536947488784790039e-01
2.683421075344085693e-01
2.683421075344085693e-01
2.035761326551437378e-01
1.159844323992729187e-01
1.105888336896896362e-01
9.009183943271636963e-02
7.111139595508575439e-02
6.068760901689529419e-02
1.697127819061279297e-01
2.683421075344085693e-01
2.503680884838104248e-01
2.503680884838104248e-01
1.793462485074996948e-01
7.500608265399932861e-02
1.817390136420726776e-02
2.472968213260173798e-02
1.617066189646720886e-02
1.600750088691711426e-01
2.503680884838104248e-01
2.503680884838104248e-01
2.503680884838104248e-01
2.182977348566055298e-01
8.222599327564239502e-02
2.653490379452705383e-02
1.038508024066686630e-02
2.825730480253696442e-02
1.214073747396469116e-01
2.503680884838104248e-01
2.445520460605621338e-01
1.676120758056640625e-01
1.333949863910675049e-01
1.355479955673217773e-01
8.297844231128692627e-02
4.362785443663597107e-02
5.410440266132354736e-02
2.096016108989715576e-01
2.180625647306442261e-01
2.429225891828536987e-01
1.630035191774368286e-01
2.096569091081619263e-01
1.668218076229095459e-01
1.188999041914939880e-01
5.060577392578125000e-02
1.287585198879241943e-01
1.652441322803497314e-01
2.019715160131454468e-01
2.723498046398162842e-01
2.723498046398162842e-01
1.281325519084930420e-01
6.362652033567428589e-02
4.105461016297340393e-02
1.209702156484127045e-02
3.904691711068153381e-02
9.192261099815368652e-02
1.901402324438095093e-01
2.723498046398162842e-01
2.723498046398162842e-01
1.460409313440322876e-01
1.147409379482269287e-01
4.486845061182975769e-02
3.987247124314308167e-02
5.106320232152938843e-02
1.371930241584777832e-01
2.723498046398162842e-01
1.892555505037307739e-01
1.865290403366088867e-01
1.654169410467147827e-01
1.251194030046463013e-01
1.054660007357597351e-01
6.745362281799316406e-02
1.013724282383918762e-01
6.509703397750854492e-02
1.362141668796539307e-01
2.346173226833343506e-01
2.723498046398162842e-01
2.723498046398162842e-01
2.723498046398162842e-01
7.634562999010086060e-02
5.894337594509124756e-02
6.637182831764221191e-02
1.207768768072128296e-01
1.738420724868774414e-01
2.637653350830078125e-01
2.604985833168029785e-01
1.006167531013488770e-01
5.407265201210975647e-02
2.177428826689720154e-02
3.683536499738693237e-02
3.094550222158432007e-02
7.416895031929016113e-02
2.343946248292922974e-01
2.637653350830078125e-01
2.637653350830078125e-01
6.690233200788497925e-02
2.131065167486667633e-02
5.833799764513969421e-02
4.429168999195098877e-02
1.291833519935607910e-01
1.621914505958557129e-01
2.637653350830078125e-01
2.334651947021484375e-01
2.637653350830078125e-01
2.637653350830078125e-01
1.866628974676132202e-01
2.426021173596382141e-02
3.526064753532409668e-02
2.265766076743602753e-02
6.789006292819976807e-02
1.781402081251144409e-01
2.637653350830078125e-01
2.637653350830078125e-01
1.685830950736999512e-01
4.226455464959144592e-02
2.710941433906555176e-02
3.364730626344680786e-02
5.879364535212516785e-02
1.010938659310340881e-01
2.637653350830078125e-01
2.017065733671188354e-01
1.246862336993217468e-01
3.872777149081230164e-02
1.886625587940216064e-02
6.027631834149360657e-02
7.467940449714660645e-02
2.488449811935424805e-01
2.306380271911621094e-01
2.645742595195770264e-01
1.876944154500961304e-01
6.947716325521469116e-02
7.084526121616363525e-02
3.013374097645282745e-02
6.200285628437995911e-02
8.276422321796417236e-02
2.645742595195770264e-01
2.645742595195770264e-01
2.645742595195770264e-01
2.575325071811676025e-01
1.975991874933242798e-01
6.139575690031051636e-02
1.492196694016456604e-02
3.883160650730133057e-02
4.007628187537193298e-02
7.471834868192672729e-02
1.618540436029434204e-01
2.645742595195770264e-01
2.310889959335327148e-01
7.156851887702941895e-02
6.873263418674468994e-02
3.321587666869163513e-02
7.242346554994583130e-02
7.502473145723342896e-02
2.208755910396575928e-01
2.645742595195770264e-01
2.645742595195770264e-01
1.287172585725784302e-01
7.394926995038986206e-02
7.520625740289688110e-02
2.548609860241413116e-02
5.917470902204513550e-02
1.559672225266695023e-02
2.560143172740936279e-01
3.232514560222625732e-01
1.456061452627182007e-01
1.391819119453430176e-01
1.117443740367889404e-01
6.209500879049301147e-02
3.523954749107360840e-02
5.783274769783020020e-02
8.761307224631309509e-03
1.412467360496520996e-01
2.474953830242156982e-01
1.770412176847457886e-01
7.732637971639633179e-02
3.598958253860473633e-02
3.903061524033546448e-02
2.662067674100399017e-02
5.035138130187988281e-02
3.645379468798637390e-02
3.232514560222625732e-01
3.232514560222625732e-01
2.753571867942810059e-01
4.581612721085548401e-02
5.241355299949645996e-02
2.009043470025062561e-02
3.865573182702064514e-02
4.014169052243232727e-02
2.271933481097221375e-02
3.232514560222625732e-01
3.232514560222625732e-01
3.232514560222625732e-01
2.563883662223815918e-01
2.003738731145858765e-01
8.145560324192047119e-02
3.791704773902893066e-02
6.728857755661010742e-02
2.309004589915275574e-02
7.577751576900482178e-02
1.568830907344818115e-01
2.386313229799270630e-01
3.018068075180053711e-01
2.170343101024627686e-01
1.193730905652046204e-01
5.610571429133415222e-02
6.131356209516525269e-02
3.417765349149703979e-02
3.952728211879730225e-02
7.089412957429885864e-02
1.975976079702377319e-01
1.107557564973831177e-01
9.744282066822052002e-02
3.897227719426155090e-02
5.092412233352661133e-02
5.855640769004821777e-02
7.761581242084503174e-02
3.018068075180053711e-01
3.018068075180053711e-01
3.018068075180053711e-01
1.246284991502761841e-01
1.733943969011306763e-01
1.107738465070724487e-01
7.188884168863296509e-02
8.735086023807525635e-02
9.964483976364135742e-02
2.627480924129486084e-01
3.018068075180053711e-01
1.876370310783386230e-01
2.574525177478790283e-01
2.148181945085525513e-01
1.847809851169586182e-01
1.035064458847045898e-01
8.243999630212783813e-02
2.979951351881027222e-02
8.077163249254226685e-02
1.079606562852859497e-01
2.574525177478790283e-01
2.574525177478790283e-01
2.187764942646026611e-01
1.951242983341217041e-01
1.419095993041992188e-01
8.461363613605499268e-02
6.153874099254608154e-02
1.474280357360839844e-01
1.716804355382919312e-01
2.574525177478790283e-01
1.261781007051467896e-01
2.146218121051788330e-01
1.779333949089050293e-01
1.391617357730865479e-01
1.351104527711868286e-01
5.034255608916282654e-02
1.331202834844589233e-01
1.915698498487472534e-01
1.472155600786209106e-01
1.341456919908523560e-01
1.589675694704055786e-01
1.488512307405471802e-01
2.019615620374679565e-01
1.368326246738433838e-01
6.877504289150238037e-02
1.855631619691848755e-01
1.882103681564331055e-01
1.943931132555007935e-01
2.586672306060791016e-01
1.906454265117645264e-01
1.173442229628562927e-01
7.658717036247253418e-02
4.803566262125968933e-02
6.004021689295768738e-02
1.063827350735664368e-01
1.499883830547332764e-01
2.586672306060791016e-01
2.586672306060791016e-01
2.105907648801803589e-01
8.107150346040725708e-02
7.085340470075607300e-02
7.058650255203247070e-02
5.439226701855659485e-02
1.693956404924392700e-01
2.586672306060791016e-01
2.586672306060791016e-01
1.701273471117019653e-01
2.017668485641479492e-01
1.043705716729164124e-01
1.404008418321609497e-01
1.181365028023719788e-01
7.254642248153686523e-02
1.532079130411148071e-01
8.564347773790359497e-02
2.308753728866577148e-01
2.322780042886734009e-01
2.482186108827590942e-01
7.222805172204971313e-02
1.551527082920074463e-01
1.842229515314102173e-01
6.320393830537796021e-02
1.843006759881973267e-01
1.396991163492202759e-01
1.863549202680587769e-01
2.486371248960494995e-01
2.303088754415512085e-01
1.025139689445495605e-01
7.501959800720214844e-02
5.592552945017814636e-02
2.646875195205211639e-02
1.775387674570083618e-01
2.486371248960494995e-01
2.486371248960494995e-01
2.486371248960494995e-01
2.486371248960494995e-01
1.538211703300476074e-01
3.677245602011680603e-02
6.911092996597290039e-02
3.926355391740798950e-03
1.187732368707656860e-01
2.486371248960494995e-01
2.486371248960494995e-01
1.642523705959320068e-01
1.772122532129287720e-01
8.534146100282669067e-02
1.382445544004440308e-01
1.450102329254150391e-01
5.031059309840202332e-02
2.121724635362625122e-01
1.730945855379104614e-01
7.665073871612548828e-02
1.613888591527938843e-01
1.930632144212722778e-01
1.776955872774124146e-01
1.090344861149787903e-01
1.388680636882781982e-01
1.031757220625877380e-01
2.162827700376510620e-01
1.745971739292144775e-01
1.147423163056373596e-01
2.479798048734664917e-01
2.479798048734664917e-01
1.375075131654739380e-01
2.011130750179290771e-02
8.481939136981964111e-02
7.873427122831344604e-03
9.982874244451522827e-02
1.990771740674972534e-01
2.479798048734664917e-01
2.479798048734664917e-01
2.292626202106475830e-01
1.647548526525497437e-01
7.196351140737533569e-02
1.860902309417724609e-01
6.125944107770919800e-02
1.400386244058609009e-01
2.479798048734664917e-01
2.479798048734664917e-01
1.584151685237884521e-01
1.488884091377258301e-01
1.694338768720626831e-01
4.857015982270240784e-02
1.344559192657470703e-01
1.049234047532081604e-01
1.696925312280654907e-01
1.363178640604019165e-01
1.529141515493392944e-01
1.892143636941909790e-01
1.526933461427688599e-01
1.690650880336761475e-01
4.634136334061622620e-02
1.928003430366516113e-01
8.008656650781631470e-02
1.590239256620407104e-01
1.943921297788619995e-01
1.866151839494705200e-01
2.238747775554656982e-01
1.272223442792892456e-01
8.090120553970336914e-02
5.194505304098129272e-02
1.691000759601593018e-01
8.419664204120635986e-02
1.388086527585983276e-01
2.557772994041442871e-01
2.557772994041442871e-01
2.512851953506469727e-01
2.061076462268829346e-01
5.254029855132102966e-02
1.392025407403707504e-02
9.990242868661880493e-02
7.026694715023040771e-02
1.687092483043670654e-01
2.557772994041442871e-01
2.557772994041442871e-01
1.540589332580566406e-01
1.356274187564849854e-01
1.439001858234405518e-01
5.598979443311691284e-02
1.738019436597824097e-01
3.478736057877540588e-02
1.216139271855354309e-01
1.645188182592391968e-01
1.781006753444671631e-01
2.557772994041442871e-01
1.641912162303924561e-01
1.132970973849296570e-01
1.017494946718215942e-01
1.603938043117523193e-01
6.478909403085708618e-02
1.473079472780227661e-01
2.229702621698379517e-01
2.557772994041442871e-01
2.156316936016082764e-01
1.437897980213165283e-01
3.086808882653713226e-02
1.317093521356582642e-02
3.127530217170715332e-02
3.085298277437686920e-02
1.646774262189865112e-01
2.602748572826385498e-01
2.602748572826385498e-01
2.602748572826385498e-01
1.403361409902572632e-01
8.779598772525787354e-02
2.226869761943817139e-02
3.436827287077903748e-02
6.985617429018020630e-02
2.290103435516357422e-01
2.602748572826385498e-01
2.602748572826385498e-01
1.796491146087646484e-01
1.141722500324249268e-01
3.768700361251831055e-02
3.848166018724441528e-02
7.278249412775039673e-02
8.550964295864105225e-02
1.527855545282363892e-01
2.429099529981613159e-01
2.430066913366317749e-01
2.111280858516693115e-01
1.538418233394622803e-01
1.397500932216644287e-01
3.165730834007263184e-02
7.180914282798767090e-02
1.195299476385116577e-01
1.903882026672363281e-01
2.459712028503417969e-01
2.602748572826385498e-01
2.682466804981231689e-01
1.064356416463851929e-01
7.341678440570831299e-02
8.519766852259635925e-03
2.319167368113994598e-02
4.231313616037368774e-02
1.675046235322952271e-01
2.682466804981231689e-01
2.682466804981231689e-01
2.682466804981231689e-01
7.812131941318511963e-02
1.395526714622974396e-02
3.338982118293642998e-03
2.106345072388648987e-02
2.356614731252193451e-02
1.465395838022232056e-01
2.682466804981231689e-01
2.682466804981231689e-01
1.911702007055282593e-01
1.343478560447692871e-01
1.550730317831039429e-01
3.383105248212814331e-02
5.492894724011421204e-02
5.347479134798049927e-02
1.396605372428894043e-01
2.072731554508209229e-01
2.682466804981231689e-01
2.682466804981231689e-01
1.282602399587631226e-01
5.426417663693428040e-02
4.580476880073547363e-02
7.330418378114700317e-02
2.729920111596584320e-02
1.614120602607727051e-01
2.682466804981231689e-01
2.682466804981231689e-01
2.686142623424530029e-01
1.041604876518249512e-01
1.039020903408527374e-02
1.018950599245727062e-03
2.096680179238319397e-02
1.317704096436500549e-02
7.576575875282287598e-02
1.764102429151535034e-01
2.686142623424530029e-01
2.686142623424530029e-01
2.686142623424530029e-01
2.098390012979507446e-01
1.511297225952148438e-01
3.261958807706832886e-02
9.357474744319915771e-03
6.411970406770706177e-02
1.001930981874465942e-01
2.686142623424530029e-01
2.686142623424530029e-01
1.565643399953842163e-01
1.430444885045289993e-02
2.302333340048789978e-02
5.735512450337409973e-02
2.828523330390453339e-02
1.180323585867881775e-01
1.704604327678680420e-01
2.686142623424530029e-01
2.686142623424530029e-01
2.686142623424530029e-01
2.221289128065109253e-01
1.143660396337509155e-01
5.627560615539550781e-02
1.895843446254730225e-02
9.014013409614562988e-02
1.255362629890441895e-01
2.348816990852355957e-01
1.633267551660537720e-01
1.580451875925064087e-01
5.597489327192306519e-02
5.609028041362762451e-02
1.312377899885177612e-01
8.246546983718872070e-02
7.134943455457687378e-02
5.964874848723411560e-02
1.007765233516693115e-01
2.701325118541717529e-01
2.033542990684509277e-01
9.805965423583984375e-02
6.925465166568756104e-02
6.656589359045028687e-02
4.364904016256332397e-02
5.872232839465141296e-02
8.204495161771774292e-02
1.663284450769424438e-01
3.514798283576965332e-01
3.514798283576965332e-01
1.016381010413169861e-01
7.063899934291839600e-02
1.005712449550628662e-01
4.579401761293411255e-02
4.884536564350128174e-02
7.210429012775421143e-02
2.015456110239028931e-01
3.514798283576965332e-01
3.514798283576965332e-01
1.105459034442901611e-01
4.651543870568275452e-02
5.268075317144393921e-02
3.933423385024070740e-02
5.256612971425056458e-02
8.894756436347961426e-02
3.514798283576965332e-01
2.369272261857986450e-01
1.515625864267349243e-01
6.066172197461128235e-02
4.156301915645599365e-02
3.974783793091773987e-02
1.173994690179824829e-02
5.359499901533126831e-02
9.562416374683380127e-02
1.390218734741210938e-01
3.273305594921112061e-01
2.247828245162963867e-01
8.239463716745376587e-02
3.847033530473709106e-02
5.203045159578323364e-02
1.974587701261043549e-02
7.096216827630996704e-02
9.071826189756393433e-02
1.551829725503921509e-01
3.273305594921112061e-01
3.273305594921112061e-01
4.723682254552841187e-02
2.102951332926750183e-02
3.140453994274139404e-02
1.788643002510070801e-02
3.950449079275131226e-02
8.447865396738052368e-02
3.273305594921112061e-01
3.273305594921112061e-01
3.273305594921112061e-01
6.870982050895690918e-02
2.971112728118896484e-02
2.100189216434955597e-02
5.718579050153493881e-03
3.237611055374145508e-02
1.126868948340415955e-01
3.233293592929840088e-01
2.838090658187866211e-01
2.838090658187866211e-01
1.239298358559608459e-01
7.022587209939956665e-02
4.527622088789939880e-02
3.600398451089859009e-02
4.692652076482772827e-02
2.928997203707695007e-02
1.119175478816032410e-01
2.838090658187866211e-01
2.838090658187866211e-01
2.838090658187866211e-01
2.035266906023025513e-01
3.856098279356956482e-02
2.308945171535015106e-02
1.897560060024261475e-02
4.107528179883956909e-02
1.362899839878082275e-01
2.838090658187866211e-01
2.838090658187866211e-01
9.414181113243103027e-02
4.557305574417114258e-02
3.034953400492668152e-02
1.047812309116125107e-02
2.468645945191383362e-02
5.025196447968482971e-02
2.369864284992218018e-01
2.838090658187866211e-01
2.838090658187866211e-01
1.636437177658081055e-01
9.755478054285049438e-02
5.876851826906204224e-02
1.067915465682744980e-02
1.651690900325775146e-02
6.586305052042007446e-02
2.306635826826095581e-01
2.539442479610443115e-01
2.539442479610443115e-01
2.539442479610443115e-01
2.035014480352401733e-01
3.416525945067405701e-02
2.921555750072002411e-02
2.062705345451831818e-02
7.612134516239166260e-02
1.820865422487258911e-01
2.339979410171508789e-01
2.539442479610443115e-01
1.993592083454132080e-01
7.771504670381546021e-02
5.919571220874786377e-02
6.769420206546783447e-02
6.568022072315216064e-02
8.412260562181472778e-02
1.573619693517684937e-01
2.539442479610443115e-01
2.539442479610443115e-01
1.935649663209915161e-01
1.141262501478195190e-01
1.058704853057861328e-01
1.974746398627758026e-02
2.197434380650520325e-02
1.526970863342285156e-01
2.539442479610443115e-01
1.927398443222045898e-01
2.539442479610443115e-01
1.305274963378906250e-01
1.343575268983840942e-01
1.975424438714981079e-01
5.908064171671867371e-02
6.008011847734451294e-02
1.496655344963073730e-01
1.652941554784774780e-01
2.299343645572662354e-01
2.299343645572662354e-01
1.265503019094467163e-01
8.660434931516647339e-02
1.371111124753952026e-01
5.909319967031478882e-02
5.881909281015396118e-02
1.296092569828033447e-01
2.299343645572662354e-01
2.299343645572662354e-01
1.944983452558517456e-01
1.118149161338806152e-01
9.884627163410186768e-02
2.263037413358688354e-01
9.749349206686019897e-02
1.401887089014053345e-01
2.299343645572662354e-01
2.299343645572662354e-01
1.669411659240722656e-01
2.133520692586898804e-01
1.072830483317375183e-01
2.083072364330291748e-01
1.899138242006301880e-01
7.228286564350128174e-02
6.212019175291061401e-02
1.217898800969123840e-01
1.571561694145202637e-01
1.807339936494827271e-01
1.967121213674545288e-01
1.561065167188644409e-01
2.213463187217712402e-01
1.659842580556869507e-01
1.342324316501617432e-01
1.165508106350898743e-01
1.406223624944686890e-01
1.931851804256439209e-01
9.820067882537841797e-02
1.070742011070251465e-01
5.037192627787590027e-02
6.964905560016632080e-02
1.016389802098274231e-01
7.446175813674926758e-02
2.439538836479187012e-01
3.247844874858856201e-01
2.491102069616317749e-01
8.105099201202392578e-02
6.059085950255393982e-02
2.164410054683685303e-02
4.838488623499870300e-02
5.893971771001815796e-02
1.214398667216300964e-01
3.247844874858856201e-01
3.247844874858856201e-01
3.247844874858856201e-01
1.152576208114624023e-01
1.381477564573287964e-01
9.104124456644058228e-02
1.156957298517227173e-01
7.736648619174957275e-02
1.030026152729988098e-01
1.345959603786468506e-01
1.331524252891540527e-01
1.105902194976806641e-01
9.886740893125534058e-02
1.406441032886505127e-01
1.058341339230537415e-01
1.062824726104736328e-01
7.384884357452392578e-02
1.809996664524078369e-01
2.946259677410125732e-01
2.622027695178985596e-01
1.143098324537277222e-01
4.786056652665138245e-02
1.780957356095314026e-02
1.296894997358322144e-02
1.369935367256402969e-02
2.217222563922405243e-02
1.023003533482551575e-01
3.089452683925628662e-01
3.089452683925628662e-01
2.816366851329803467e-01
4.697509482502937317e-02
4.045586287975311279e-02
3.320705518126487732e-02
1.863622479140758514e-02
3.346094116568565369e-02
1.032698825001716614e-01
3.089452683925628662e-01
3.089452683925628662e-01
1.491881310939788818e-01
5.243435129523277283e-02
6.813816726207733154e-02
5.751381069421768188e-02
6.553048640489578247e-02
7.821749150753021240e-02
1.313716322183609009e-01
3.089452683925628662e-01
2.233534455299377441e-01
7.636768370866775513e-02
3.922512754797935486e-02
5.519493296742439270e-02
6.501090526580810547e-02
9.132093936204910278e-02
1.824540793895721436e-01
2.671078145503997803e-01
3.089452683925628662e-01
2.656106650829315186e-01
7.231632620096206665e-02
7.793541252613067627e-02
8.040422946214675903e-02
6.165478751063346863e-02
7.248641550540924072e-02
9.778681397438049316e-02
1.142093241214752197e-01
2.907055318355560303e-01
2.907055318355560303e-01
1.681469082832336426e-01
7.725282013416290283e-02
1.074923798441886902e-01
7.596128433942794800e-02
1.379679292440414429e-01
1.287674903869628906e-01
1.198122128844261169e-01
1.501979380846023560e-01
1.774497032165527344e-01
1.146657392382621765e-01
3.536269813776016235e-02
7.724467664957046509e-02
9.249616414308547974e-02
1.971517950296401978e-01
2.907055318355560303e-01
2.907055318355560303e-01
2.907055318355560303e-01
2.632251679897308350e-01
1.155268922448158264e-01
5.121031776070594788e-02
8.726589381694793701e-02
6.285519152879714966e-02
1.396523565053939819e-01
2.907055318355560303e-01
2.100216895341873169e-01
1.565378308296203613e-01
1.729061603546142578e-01
8.732853084802627563e-02
1.661271452903747559e-01
2.298327684402465820e-01
1.174651607871055603e-01
1.742199510335922241e-01
1.582967191934585571e-01
8.575328439474105835e-02
1.647324860095977783e-01
1.066817864775657654e-01
1.619328409433364868e-01
2.137467414140701294e-01
2.267018109560012817e-01
1.094330176711082458e-01
2.140731215476989746e-01
2.062594741582870483e-01
3.677833080291748047e-02
1.924644708633422852e-01
1.093525737524032593e-01
1.561243683099746704e-01
1.319509595632553101e-01
1.739182174205780029e-01
1.054875403642654419e-01
1.115787699818611145e-01
2.298327684402465820e-01
1.187068074941635132e-01
1.886854469776153564e-01
1.513366550207138062e-01
1.108707785606384277e-01
1.824155300855636597e-01
2.298327684402465820e-01
1.381995230913162231e-01
1.907053142786026001e-01
2.298327684402465820e-01
8.669345080852508545e-02
2.022269815206527710e-01
1.632967442274093628e-01
1.594049483537673950e-01
1.173326671123504639e-01
1.556881666183471680e-01
1.050949171185493469e-01
1.608477532863616943e-01
1.809385269880294800e-01
8.435042202472686768e-02
2.151268273591995239e-01
1.646786034107208252e-01
9.169606119394302368e-02
8.501022309064865112e-02
1.498457342386245728e-01
1.862253844738006592e-01
1.182472258806228638e-01
1.792037785053253174e-01
2.062597870826721191e-01
2.471400052309036255e-01
1.884220838546752930e-01
1.160055994987487793e-01
1.549111455678939819e-01
2.471400052309036255e-01
1.818759143352508545e-01
1.647248417139053345e-01
2.223227918148040771e-01
8.515816926956176758e-02
1.499413102865219116e-01
1.605037003755569458e-01
1.421263068914413452e-01
1.323463320732116699e-01
2.471400052309036255e-01
2.471400052309036255e-01
1.661032885313034058e-01
2.325803339481353760e-01
1.072806566953659058e-01
1.376382261514663696e-01
8.490608632564544678e-02
9.207885712385177612e-02
9.331712871789932251e-02
1.133243814110755920e-01
1.956825703382492065e-01
7.011517882347106934e-02
1.541594862937927246e-01
1.981532126665115356e-01
2.465347051620483398e-01
1.210143491625785828e-01
1.197369471192359924e-01
1.819066703319549561e-01
1.622704714536666870e-01
1.944978833198547363e-01
6.292023509740829468e-02
2.260206341743469238e-01
1.053603142499923706e-01
2.239874750375747681e-01
1.233010441064834595e-01
1.431749463081359863e-01
8.812589943408966064e-02
2.506170570850372314e-01
2.506170570850372314e-01
1.405943930149078369e-01
2.342737168073654175e-01
7.417751848697662354e-02
1.374837160110473633e-01
6.026972830295562744e-02
6.862520426511764526e-02
1.788582950830459595e-01
2.506170570850372314e-01
2.506170570850372314e-01
1.200904399156570435e-01
2.506170570850372314e-01
6.383547931909561157e-02
1.503098905086517334e-01
9.432138502597808838e-02
1.396193802356719971e-01
1.923047751188278198e-01
1.586083918809890747e-01
1.692453026771545410e-01
7.071673870086669922e-02
2.364249229431152344e-01
3.325462341308593750e-02
1.201218739151954651e-01
8.196411281824111938e-02
1.651930958032608032e-01
2.364249229431152344e-01
1.439964920282363892e-01
1.162441149353981018e-01
1.165807023644447327e-01
2.364249229431152344e-01
8.892829716205596924e-02
1.676479578018188477e-01
1.794427484273910522e-01
2.364249229431152344e-01
1.921080797910690308e-01
2.364249229431152344e-01
2.145205885171890259e-01
5.956808477640151978e-02
2.364249229431152344e-01
4.624546319246292114e-02
1.085871234536170959e-01
8.409012854099273682e-02
1.430839300155639648e-01
2.149358838796615601e-01
2.049018740653991699e-01
1.435178220272064209e-01
3.176962211728096008e-02
2.364249229431152344e-01
1.143510118126869202e-01
1.800333559513092041e-01
1.531943529844284058e-01
1.956792920827865601e-01
1.919876337051391602e-01
9.479534626007080078e-02
3.275571390986442566e-02
4.824492707848548889e-02
1.253253817558288574e-01
1.228793635964393616e-01
2.153890877962112427e-01
2.328086346387863159e-01
1.849214732646942139e-01
2.328086346387863159e-01
1.228651478886604309e-01
1.084433495998382568e-01
9.482569992542266846e-02
9.225881099700927734e-02
1.208805143833160400e-01
2.328086346387863159e-01
2.328086346387863159e-01
2.328086346387863159e-01
1.466800421476364136e-01
2.063365727663040161e-01
8.544200658798217773e-02
2.825641632080078125e-02
1.423241347074508667e-01
1.347784847021102905e-01
1.596110463142395020e-01
1.836099773645401001e-01
1.781045496463775635e-01
2.294552326202392578e-01
1.928599327802658081e-01
9.401483088731765747e-02
1.123775765299797058e-01
1.477965116500854492e-01
1.077738031744956970e-01
2.328086346387863159e-01
2.328086346387863159e-01
2.288490980863571167e-01
1.937065273523330688e-01
1.343047469854354858e-01
1.613584011793136597e-01
7.336872071027755737e-02
8.539481461048126221e-02
4.747159034013748169e-02
1.737578809261322021e-01
2.333184331655502319e-01
2.117297798395156860e-01
2.333184331655502319e-01
2.070481181144714355e-01
1.071665883064270020e-01
6.726726144552230835e-02
1.188087686896324158e-01
1.683386228978633881e-02
1.949140131473541260e-01
2.333184331655502319e-01
2.333184331655502319e-01
1.851725876331329346e-01
1.753553450107574463e-01
1.053943783044815063e-01
6.682201474905014038e-02
1.268747597932815552e-01
5.403405800461769104e-02
1.943718641996383667e-01
2.025021761655807495e-01
1.626603454351425171e-01
2.219900041818618774e-01
2.333184331655502319e-01
9.480060636997222900e-02
5.554317310452461243e-02
1.049691215157508850e-01
4.591429978609085083e-02
2.333184331655502319e-01
2.333184331655502319e-01
2.333184331655502319e-01
2.407699823379516602e-01
2.105583846569061279e-01
4.334604740142822266e-02
4.163942113518714905e-02
9.471724182367324829e-02
2.704604901373386383e-02
1.374683678150177002e-01
2.407699823379516602e-01
2.219646722078323364e-01
2.194849997758865356e-01
2.407699823379516602e-01
2.407699823379516602e-01
1.340728104114532471e-01
1.137020513415336609e-01
3.752713277935981750e-02
9.505824744701385498e-02
1.599143743515014648e-01
1.934402734041213989e-01
1.791926622390747070e-01
1.460528224706649780e-01
4.750362411141395569e-02
4.153642058372497559e-02
9.841693192720413208e-02
4.270366951823234558e-02
1.727852225303649902e-01
1.918716728687286377e-01
2.187232077121734619e-01
1.428387016057968140e-01
2.407699823379516602e-01
2.407699823379516602e-01
2.055522352457046509e-01
2.331659048795700073e-01
6.193016096949577332e-02
1.099322214722633362e-01
1.249455362558364868e-01
1.986151635646820068e-01
2.933062613010406494e-01
2.130243927240371704e-01
5.754691362380981445e-02
3.625756874680519104e-02
2.973596379160881042e-02
3.688915073871612549e-02
2.658939361572265625e-02
1.720930486917495728e-01
2.933062613010406494e-01
2.933062613010406494e-01
2.055675536394119263e-01
4.246085882186889648e-02
1.861091516911983490e-02
3.552066162228584290e-02
3.512783721089363098e-02
3.499370440840721130e-02
1.519180536270141602e-01
2.933062613010406494e-01
2.065934538841247559e-01
6.261594593524932861e-02
6.033989042043685913e-02
3.921079635620117188e-02
4.150183126330375671e-02
7.232294976711273193e-02
3.254579380154609680e-02
2.933062613010406494e-01
2.933062613010406494e-01
2.933062613010406494e-01
5.901084840297698975e-02
5.025029554963111877e-02
2.375202625989913940e-02
1.976920291781425476e-02
3.179837390780448914e-02
3.558029979467391968e-02
2.933062613010406494e-01
2.933062613010406494e-01
2.959127128124237061e-01
2.251477539539337158e-01
2.284057065844535828e-02
1.732246764004230499e-02
4.007425159215927124e-02
3.844429180026054382e-02
3.155178576707839966e-02
1.423251330852508545e-01
2.959127128124237061e-01
2.959127128124237061e-01
1.862164735794067383e-01
3.618792071938514709e-02
3.098678216338157654e-02
1.582054235041141510e-02
1.108624972403049469e-02
3.578888252377510071e-02
1.338656395673751831e-01
2.740813791751861572e-01
2.959127128124237061e-01
6.410365551710128784e-02
6.683238595724105835e-02
2.527287788689136505e-02
4.699325561523437500e-02
3.973954543471336365e-02
4.959234595298767090e-02
2.959127128124237061e-01
2.959127128124237061e-01
2.248009741306304932e-01
6.019101664423942566e-02
7.193852216005325317e-02
3.258998319506645203e-02
5.895718187093734741e-02
4.574784636497497559e-02
8.724870532751083374e-02
2.959127128124237061e-01
2.959127128124237061e-01
2.978903055191040039e-01
1.561426818370819092e-01
6.335193663835525513e-02
4.911515861749649048e-02
6.083076447248458862e-02
4.621413536369800568e-03
4.461094364523887634e-02
1.106985360383987427e-01
2.865639626979827881e-01
2.556913197040557861e-01
1.667979508638381958e-01
1.322126239538192749e-01
9.300120174884796143e-02
1.310075521469116211e-01
5.941817071288824081e-03
2.223547175526618958e-02
7.637892663478851318e-02
2.276477068662643433e-01
2.978903055191040039e-01
8.728880435228347778e-02
7.734426856040954590e-02
3.500129282474517822e-02
7.070110738277435303e-02
3.150687366724014282e-02
8.298683911561965942e-02
2.978903055191040039e-01
2.978903055191040039e-01
2.978903055191040039e-01
1.674827635288238525e-01
9.930535405874252319e-02
6.311547756195068359e-02
1.184229701757431030e-01
2.626896835863590240e-02
3.792741894721984863e-02
2.307998239994049072e-01
2.978903055191040039e-01
2.052444964647293091e-01
1.450668573379516602e-01
1.438030004501342773e-01
1.271721720695495605e-01
1.324567496776580811e-01
6.446974817663431168e-03
1.557968184351921082e-02
1.029841601848602295e-01
2.077142298221588135e-01
1.468757688999176025e-01
1.804056316614151001e-01
1.653350293636322021e-01
1.562874615192413330e-01
1.722945719957351685e-01
4.107570648193359375e-02
4.248699918389320374e-02
1.162115931510925293e-01
1.552536338567733765e-01
3.097710907459259033e-01
1.729356795549392700e-01
1.150561347603797913e-01
7.723602652549743652e-02
1.131746545433998108e-01
1.043068803846836090e-02
1.917363144457340240e-02
1.537455618381500244e-01
3.097710907459259033e-01
3.097710907459259033e-01
3.097710907459259033e-01
1.647617220878601074e-01
1.062313318252563477e-01
7.762858271598815918e-02
1.796700246632099152e-02
4.637855291366577148e-02
1.894237995147705078e-01
3.097710907459259033e-01
1.287239491939544678e-01
1.905123740434646606e-01
1.215823739767074585e-01
1.342484503984451294e-01
1.192579939961433411e-01
6.710594892501831055e-02
5.695976316928863525e-02
1.068192496895790100e-01
1.213302314281463623e-01
2.135579138994216919e-01
1.560969948768615723e-01
1.473512947559356689e-01
1.397124230861663818e-01
6.229060143232345581e-02
1.160525158047676086e-01
1.026246324181556702e-01
1.660998314619064331e-01
1.703889816999435425e-01
2.945365011692047119e-01
2.945365011692047119e-01
1.583016514778137207e-01
8.445197343826293945e-02
7.711339741945266724e-02
3.272573277354240417e-02
5.700225383043289185e-02
1.568450331687927246e-01
2.945365011692047119e-01
2.945365011692047119e-01
2.945365011692047119e-01
1.257304400205612183e-01
8.198761940002441406e-02
1.042191013693809509e-01
1.026657521724700928e-01
8.353406935930252075e-02
1.705860346555709839e-01
2.945365011692047119e-01
1.710056662559509277e-01
1.460583806037902832e-01
1.482873708009719849e-01
1.112034991383552551e-01
3.243388980627059937e-02
9.040208160877227783e-02
1.215079948306083679e-01
1.325072199106216431e-01
1.043750420212745667e-01
1.121742427349090576e-01
2.346036285161972046e-01
2.384987026453018188e-01
1.364506036043167114e-01
6.837610155344009399e-02
1.180229932069778442e-01
1.215226054191589355e-01
9.431987255811691284e-02
6.688392907381057739e-02
2.817277014255523682e-01
2.078905105590820312e-01
1.173547133803367615e-01
9.169638156890869141e-02
7.768832892179489136e-02
1.178305521607398987e-01
8.631496876478195190e-02
1.691038608551025391e-01
2.817277014255523682e-01
2.817277014255523682e-01
2.806497216224670410e-01
2.334171533584594727e-01
1.152790561318397522e-01
9.972780197858810425e-02
1.052965149283409119e-01
7.905025780200958252e-02
2.393366396427154541e-01
2.817277014255523682e-01
5.461601167917251587e-02
1.195460483431816101e-01
1.266927719116210938e-01
1.302687078714370728e-01
1.144623234868049622e-01
8.375731855630874634e-02
9.610206633806228638e-02
4.409324377775192261e-02
3.760471194982528687e-02
5.075104534626007080e-02
1.633939296007156372e-01
2.339471578598022461e-01
2.415329962968826294e-01
2.415329962968826294e-01
2.138082832098007202e-01
2.415329962968826294e-01
1.045641750097274780e-01
9.643247723579406738e-02
1.818105280399322510e-01
2.415329962968826294e-01
1.645987033843994141e-01
1.093419045209884644e-01
1.106284260749816895e-01
8.680503815412521362e-02
4.463663697242736816e-02
1.042238771915435791e-01
1.540739685297012329e-01
2.415329962968826294e-01
2.415329962968826294e-01
2.415329962968826294e-01
2.363722771406173706e-01
1.810627728700637817e-01
1.332440674304962158e-01
1.323413103818893433e-01
2.363686561584472656e-01
2.190810739994049072e-01
2.839538268744945526e-02
1.680143624544143677e-01
1.820449233055114746e-01
2.123879641294479370e-01
2.506845295429229736e-01
2.171720713376998901e-01
1.972569823265075684e-01
1.216840967535972595e-01
9.663792699575424194e-02
3.979587182402610779e-02
1.392710655927658081e-01
5.916843563318252563e-02
8.164679259061813354e-02
2.099015265703201294e-01
1.251631975173950195e-01
7.399673014879226685e-02
8.153162151575088501e-02
4.544622823596000671e-02
1.947493702173233032e-01
2.506845295429229736e-01
2.500535249710083008e-01
2.311705499887466431e-01
1.523474305868148804e-01
1.174650639295578003e-01
1.847468018531799316e-01
2.506845295429229736e-01
2.192357629537582397e-01
1.241878643631935120e-01
2.506845295429229736e-01
1.783396154642105103e-01
1.838651150465011597e-01
1.341335922479629517e-01
9.703716635704040527e-02
1.325560063123703003e-01
1.254686564207077026e-01
9.331049025058746338e-02
1.359652280807495117e-01
2.269128710031509399e-01
1.136447936296463013e-01
6.262227892875671387e-02
2.269503176212310791e-01
9.384100884199142456e-02
1.019549593329429626e-01
9.676366299390792847e-02
1.000884324312210083e-01
1.734851300716400146e-01
1.922824382781982422e-01
1.304385364055633545e-01
9.431796520948410034e-02
1.961903125047683716e-01
5.621357262134552002e-02
1.244901418685913086e-01
1.658165603876113892e-01
1.545359641313552856e-01
2.332774698734283447e-01
2.332774698734283447e-01
2.332774698734283447e-01
1.759747117757797241e-01
2.331312596797943115e-01
6.893482059240341187e-02
7.301934063434600830e-02
8.416319638490676880e-02
1.581573486328125000e-01
2.332774698734283447e-01
2.332774698734283447e-01
2.116799354553222656e-01
9.493662416934967041e-02
2.218638807535171509e-01
5.431259796023368835e-02
8.320580422878265381e-02
2.287716716527938843e-01
2.332774698734283447e-01
1.628181487321853638e-01
2.261749207973480225e-01
1.880029141902923584e-01
9.911256283521652222e-02
1.574402153491973877e-01
3.783715516328811646e-02
1.219404041767120361e-01
1.696949899196624756e-01
1.208196803927421570e-01
1.544803082942962646e-01
2.527602612972259521e-01
2.527602612972259521e-01
1.481603085994720459e-01
1.455028057098388672e-01
4.193536564707756042e-02
7.846547663211822510e-02
7.972715795040130615e-02
8.594650030136108398e-02
2.102340757846832275e-01
2.527602612972259521e-01
2.527602612972259521e-01
5.343149602413177490e-02
1.440964192152023315e-01
4.925687238574028015e-02
1.140621379017829895e-01
1.958652287721633911e-01
1.717011630535125732e-01
1.741978228092193604e-01
2.527602612972259521e-01
2.527602612972259521e-01
1.335867643356323242e-01
1.701340377330780029e-01
9.896696358919143677e-02
1.878395825624465942e-01
1.472985446453094482e-01
1.522426754236221313e-01
1.035646498203277588e-01
2.226615995168685913e-01
2.365809977054595947e-01
1.109879761934280396e-01
1.709763705730438232e-01
6.943515688180923462e-02
4.739373549818992615e-02
9.150362014770507812e-02
8.456282317638397217e-02
1.642026305198669434e-01
2.300691157579421997e-01
2.365809977054595947e-01
7.429062575101852417e-02
2.365809977054595947e-01
8.706502616405487061e-02
5.332143977284431458e-02
1.482906937599182129e-01
1.498375982046127319e-01
1.132258921861648560e-01
2.365809977054595947e-01
2.365809977054595947e-01
1.521604657173156738e-01
1.986753493547439575e-01
1.130995079874992371e-01
1.200695633888244629e-01
1.410453021526336670e-01
1.269758790731430054e-01
1.510906666517257690e-01
2.365809977054595947e-01
2.365809977054595947e-01
1.258004754781723022e-01
2.198490947484970093e-01
1.219137310981750488e-01
1.337457150220870972e-01
2.335488945245742798e-01
1.678201556205749512e-01
1.726726889610290527e-01
2.238800525665283203e-01
2.238800525665283203e-01
3.764961659908294678e-02
1.566775739192962646e-01
7.562040537595748901e-02
1.088003516197204590e-01
1.271528601646423340e-01
1.123786643147468567e-01
1.841565817594528198e-01
2.229474186897277832e-01
1.388005912303924561e-01
2.736868336796760559e-02
1.332825720310211182e-01
1.711882054805755615e-01
2.074915468692779541e-01
1.366085410118103027e-01
1.475758552551269531e-01
1.730908602476119995e-01
2.141063809394836426e-01
1.966453939676284790e-01
3.963780030608177185e-02
1.632889062166213989e-01
1.172895655035972595e-01
1.949352324008941650e-01
2.238800525665283203e-01
1.295330226421356201e-01
2.117173373699188232e-01
1.834228783845901489e-01
1.336578130722045898e-01
3.058166243135929108e-02
1.805332303047180176e-01
1.762755364179611206e-01
2.238800525665283203e-01
2.221014946699142456e-01
1.985924839973449707e-01
1.788470000028610229e-01
2.302913516759872437e-01
1.244514435529708862e-01
4.622187092900276184e-02
1.447356194257736206e-01
1.521711647510528564e-01
1.730459183454513550e-01
8.795920759439468384e-02
1.657144129276275635e-01
1.944290101528167725e-01
1.934895813465118408e-01
1.391248106956481934e-01
3.726461902260780334e-02
1.704495847225189209e-01
1.120333671569824219e-01
2.212657034397125244e-01
1.985924988985061646e-01
2.302913516759872437e-01
1.937409192323684692e-01
1.502381712198257446e-01
1.352452337741851807e-01
5.989475175738334656e-02
2.037811577320098877e-01
1.088912561535835266e-01
1.751784980297088623e-01
1.280326545238494873e-01
2.102409005165100098e-01
2.044296115636825562e-01
1.562162935733795166e-01
1.449404507875442505e-01
6.200471147894859314e-02
1.968551427125930786e-01
8.675502985715866089e-02
2.302913516759872437e-01
2.234463840723037720e-01
1.996138542890548706e-01
1.654696464538574219e-01
1.701640039682388306e-01
1.017539650201797485e-01
2.379562519490718842e-02
1.506814807653427124e-01
1.343080252408981323e-01
1.892903894186019897e-01
1.781418025493621826e-01
1.476081162691116333e-01
1.994256675243377686e-01
2.071078419685363770e-01
1.223345696926116943e-01
6.665060669183731079e-02
1.672408878803253174e-01
1.398860067129135132e-01
2.277128994464874268e-01
1.493487805128097534e-01
1.916299164295196533e-01
1.735550761222839355e-01
1.394961774349212646e-01
1.874457448720932007e-01
8.905440568923950195e-02
1.454790383577346802e-01
1.358845978975296021e-01
2.020284384489059448e-01
2.041813880205154419e-01
1.264256089925765991e-01
2.013235688209533691e-01
1.797503381967544556e-01
2.297560274600982666e-01
1.284633278846740723e-01
2.297560274600982666e-01
1.323742717504501343e-01
1.712974756956100464e-01
1.722403168678283691e-01
1.940186321735382080e-01
1.663529276847839355e-01
1.082187816500663757e-01
1.006482094526290894e-01
5.960585176944732666e-02
1.466871947050094604e-01
7.022304832935333252e-02
1.639024019241333008e-01
1.199702844023704529e-01
1.915706098079681396e-01
1.438362747430801392e-01
1.555980294942855835e-01
2.355660498142242432e-01
2.355660498142242432e-01
2.355660498142242432e-01
9.920145571231842041e-02
1.328674852848052979e-01
1.063486114144325256e-01
1.714975237846374512e-01
1.643561124801635742e-01
1.799542158842086792e-01
1.719547957181930542e-01
7.671944051980972290e-02
2.355660498142242432e-01
6.046783551573753357e-02
1.423046737909317017e-01
1.389432698488235474e-01
1.841435432434082031e-01
1.156871989369392395e-01
1.602466106414794922e-01
2.355660498142242432e-01
2.355660498142242432e-01
2.205727696418762207e-01
1.536948829889297485e-01
2.026958465576171875e-01
1.731241196393966675e-01
1.993571519851684570e-01
1.575240045785903931e-01
1.963965743780136108e-01
1.428056061267852783e-01
1.102894619107246399e-01
7.181727886199951172e-02
5.445627123117446899e-02
1.651831343770027161e-02
1.745779961347579956e-01
2.725263535976409912e-01
2.725263535976409912e-01
1.551139056682586670e-01
1.768567711114883423e-01
9.165452420711517334e-02
2.903539314866065979e-02
2.560353837907314301e-02
1.870213449001312256e-02
1.874593496322631836e-01
2.725263535976409912e-01
2.725263535976409912e-01
2.725263535976409912e-01
2.064969390630722046e-01
1.456804871559143066e-01
4.811694473028182983e-02
1.148927141912281513e-03
3.667341545224189758e-03
2.127978950738906860e-02
1.379660069942474365e-01
2.725263535976409912e-01
2.725263535976409912e-01
2.675063610076904297e-01
8.043476939201354980e-02
3.195752203464508057e-02
1.051433105021715164e-02
1.093054283410310745e-02
5.103959888219833374e-02
2.725263535976409912e-01
2.564052045345306396e-01
1.644100993871688843e-01
2.367209494113922119e-01
1.007770895957946777e-01
6.748605519533157349e-02
5.503752455115318298e-02
3.721184283494949341e-02
1.721301525831222534e-01
2.564052045345306396e-01
1.918514817953109741e-01
1.120241731405258179e-01
1.673587411642074585e-01
7.202488929033279419e-02
1.060725748538970947e-01
9.973736107349395752e-02
9.920555353164672852e-02
2.564052045345306396e-01
2.564052045345306396e-01
2.564052045345306396e-01
2.564052045345306396e-01
2.564052045345306396e-01
1.058857142925262451e-01
3.721701353788375854e-02
3.459112346172332764e-02
2.859822474420070648e-02
7.786723226308822632e-02
2.365637719631195068e-01
2.397260069847106934e-01
1.440014094114303589e-01
1.667756736278533936e-01
6.899247318506240845e-02
5.025506764650344849e-02
5.226213857531547546e-02
1.043007522821426392e-01
2.145261764526367188e-01
2.055358439683914185e-01
2.337349653244018555e-01
6.923113763332366943e-02
9.878445416688919067e-02
4.644166305661201477e-02
1.035915687680244446e-01
6.714060157537460327e-02
1.202294453978538513e-01
2.635653316974639893e-01
2.662602066993713379e-01
2.662602066993713379e-01
1.070882305502891541e-01
6.555193662643432617e-02
4.536439105868339539e-02
1.535523682832717896e-01
8.433251827955245972e-02
1.615115553140640259e-01
2.539428174495697021e-01
2.662602066993713379e-01
1.973092705011367798e-01
6.379202753305435181e-02
1.007526740431785583e-01
5.234275013208389282e-02
9.027960151433944702e-02
8.414044976234436035e-02
1.610873937606811523e-01
2.232000082731246948e-01
1.704352647066116333e-01
1.475081443786621094e-01
5.449891462922096252e-02
9.859419614076614380e-02
9.624753892421722412e-02
1.967124491930007935e-01
1.454685032367706299e-01
2.662602066993713379e-01
2.367036044597625732e-01
2.619895339012145996e-01
3.031364381313323975e-01
1.190970465540885925e-01
4.023634269833564758e-02
2.407139539718627930e-02
9.849524497985839844e-02
3.729815408587455750e-02
1.027262732386589050e-01
1.432507187128067017e-01
3.031364381313323975e-01
3.031364381313323975e-01
2.206445485353469849e-01
7.032741606235504150e-02
3.402911871671676636e-02
3.677478432655334473e-02
3.354593366384506226e-02
4.983672499656677246e-02
1.921828389167785645e-01
3.031364381313323975e-01
1.364593803882598877e-01
7.311294227838516235e-02
5.522902682423591614e-02
6.233367323875427246e-02
1.333725452423095703e-01
1.088994443416595459e-01
3.031364381313323975e-01
1.897013634443283081e-01
2.078545540571212769e-01
1.657191216945648193e-01
1.440009027719497681e-01
7.105620950460433960e-02
8.181080222129821777e-02
1.007724851369857788e-01
1.340547949075698853e-01
1.611192077398300171e-01
2.266046553850173950e-01
2.777852416038513184e-01
3.030980229377746582e-01
2.071955054998397827e-01
7.669340819120407104e-02
3.556606546044349670e-02
2.574979327619075775e-02
3.219354152679443359e-02
5.137784406542778015e-02
1.490270942449569702e-01
3.030980229377746582e-01
3.030980229377746582e-01
2.640961110591888428e-01
5.635281279683113098e-02
7.541491836309432983e-02
8.518479764461517334e-02
4.568096995353698730e-02
7.312429696321487427e-02
9.612440317869186401e-02
3.030980229377746582e-01
2.155699878931045532e-01
1.299531757831573486e-01
6.283900141716003418e-02
8.240909129381179810e-02
6.796839088201522827e-02
1.101875677704811096e-01
1.014832407236099243e-01
1.836888641119003296e-01
3.030980229377746582e-01
2.563595771789550781e-01
1.506938934326171875e-01
7.560769468545913696e-02
1.738784909248352051e-01
1.561968326568603516e-01
8.858186751604080200e-02
1.275449395179748535e-01
1.326402276754379272e-01
1.818790882825851440e-01
2.841865420341491699e-01
2.172723859548568726e-01
4.524303600192070007e-02
5.999851971864700317e-02
8.444131910800933838e-02
4.279107600450515747e-02
5.756187438964843750e-02
1.211788952350616455e-01
2.841865420341491699e-01
2.841865420341491699e-01
2.631891369819641113e-01
8.398359268903732300e-02
5.190651118755340576e-02
5.930319800972938538e-02
2.564586885273456573e-02
8.306179195642471313e-02
2.841865420341491699e-01
2.841865420341491699e-01
1.470708250999450684e-01
1.270749866962432861e-01
6.224083155393600464e-02
1.557448953390121460e-01
2.136210054159164429e-01
8.228299021720886230e-02
8.856603503227233887e-02
8.418463170528411865e-02
1.044470816850662231e-01
2.262346595525741577e-01
1.728194355964660645e-01
5.702461674809455872e-02
1.057233214378356934e-01
1.789243370294570923e-01
1.080996170639991760e-01
1.200163587927818298e-01
2.520130872726440430e-01
2.494040876626968384e-01
2.546209990978240967e-01
2.546209990978240967e-01
9.308777749538421631e-02
7.086160033941268921e-02
6.070473417639732361e-02
2.883264422416687012e-02
3.369841724634170532e-02
2.487464100122451782e-01
2.503015100955963135e-01
2.546209990978240967e-01
2.546209990978240967e-01
1.428209245204925537e-01
8.786220103502273560e-02
7.532618939876556396e-02
9.552294760942459106e-02
8.900260925292968750e-02
1.573411971330642700e-01
1.411818861961364746e-01
2.268502116203308105e-01
1.428806334733963013e-01
4.071238264441490173e-02
1.008476540446281433e-01
1.126162633299827576e-01
8.499214798212051392e-02
6.182063743472099304e-02
2.222877293825149536e-01
1.971727460622787476e-01
2.460143417119979858e-01
2.546209990978240967e-01
5.315641686320304871e-02
7.977233827114105225e-02
1.151047274470329285e-01
1.708626747131347656e-01
2.282532304525375366e-01
1.992517113685607910e-01
1.850105673074722290e-01
2.665025889873504639e-01
2.665025889873504639e-01
1.941097378730773926e-01
1.093515083193778992e-01
5.658449977636337280e-02
8.450789749622344971e-02
1.255095154047012329e-01
1.642169505357742310e-01
1.160360947251319885e-01
1.783284991979598999e-01
2.665025889873504639e-01
1.916478723287582397e-01
1.537258476018905640e-01
6.652853637933731079e-02
4.536425322294235229e-02
6.144814565777778625e-02
7.656096667051315308e-02
9.247401356697082520e-02
1.379733383655548096e-01
2.490966320037841797e-01
7.227832078933715820e-02
4.858480393886566162e-02
1.105295568704605103e-01
1.998134553432464600e-01
2.665025889873504639e-01
2.665025889873504639e-01
1.655636131763458252e-01
1.012519225478172302e-01
1.207446977496147156e-01
8.479550480842590332e-02
8.083832263946533203e-02
1.039543524384498596e-01
1.965695470571517944e-01
2.181789427995681763e-01
2.665025889873504639e-01
1.853865683078765869e-01
2.300455868244171143e-01
2.344724237918853760e-01
2.296063452959060669e-01
1.685581356287002563e-01
1.302377432584762573e-01
5.075483024120330811e-02
4.013381153345108032e-02
7.407983392477035522e-02
1.540017277002334595e-01
1.586335152387619019e-01
2.098637372255325317e-01
1.774403154850006104e-01
8.436062932014465332e-02
1.407911628484725952e-01
5.976809188723564148e-02
8.027675002813339233e-02
1.877725571393966675e-01
1.895386129617691040e-01
1.586260050535202026e-01
1.575169563293457031e-01
1.595990657806396484e-01
7.155194133520126343e-02
9.857789427042007446e-02
2.146988511085510254e-01
2.344724237918853760e-01
2.344724237918853760e-01
2.344724237918853760e-01
1.286645680665969849e-01
1.585638821125030518e-01
2.131255418062210083e-01
3.230185434222221375e-02
1.404722034931182861e-01
1.216190606355667114e-01
1.781027168035507202e-01
2.067062258720397949e-01
2.258276492357254028e-01
1.814279109239578247e-01
2.315857708454132080e-01
1.714556366205215454e-01
6.348296254873275757e-02
1.193380430340766907e-01
4.050491005182266235e-02
1.068888381123542786e-01
1.809232383966445923e-01
1.754985004663467407e-01
1.753282994031906128e-01
2.315857708454132080e-01
2.315857708454132080e-01
1.225458458065986633e-01
1.231352612376213074e-01
7.958002388477325439e-02
2.315857708454132080e-01
1.586872190237045288e-01
2.246547043323516846e-01
1.558156162500381470e-01
1.528514176607131958e-01
1.291364282369613647e-01
5.524991452693939209e-02
2.185413986444473267e-01
6.865260004997253418e-02
1.543801724910736084e-01
1.697141975164413452e-01
1.962667703628540039e-01
1.968750208616256714e-01
1.369548887014389038e-01
1.525290459394454956e-01
1.096932664513587952e-01
1.720740795135498047e-01
6.232909858226776123e-02
2.315857708454132080e-01
1.962046176195144653e-01
2.315857708454132080e-01
1.182160228490829468e-01
2.171096354722976685e-01
2.343621999025344849e-01
1.458727568387985229e-01
1.380201876163482666e-01
5.496502667665481567e-02
1.960412561893463135e-01
1.224400624632835388e-01
1.658149510622024536e-01
1.471833884716033936e-01
2.343621999025344849e-01
2.343621999025344849e-01
1.600210368633270264e-01
1.573120206594467163e-01
9.898290783166885376e-02
1.317880451679229736e-01
1.564974784851074219e-01
1.421027779579162598e-01
2.080291658639907837e-01
1.872986406087875366e-01
1.638503372669219971e-01
9.951703250408172607e-02
7.990739494562149048e-02
2.917062118649482727e-02
1.787926405668258667e-01
1.477867215871810913e-01
2.343621999025344849e-01
2.343621999025344849e-01
2.343621999025344849e-01
2.114686816930770874e-01
1.587342023849487305e-01
9.671102464199066162e-02
9.443514794111251831e-02
6.519073992967605591e-02
1.238705217838287354e-01
2.343621999025344849e-01
1.491917371749877930e-01
1.818460077047348022e-01
1.484258472919464111e-01
7.599995285272598267e-02
1.218766123056411743e-01
1.318292468786239624e-01
1.939660608768463135e-01
2.013200372457504272e-01
1.250295341014862061e-01
1.527522653341293335e-01
1.020909622311592102e-01
1.164681240916252136e-01
7.158441841602325439e-02
1.459148824214935303e-01
1.498088240623474121e-01
2.046054452657699585e-01
2.287930995225906372e-01
1.910028755664825439e-01
2.129713296890258789e-01
1.779679208993911743e-01
2.021654695272445679e-01
1.442475020885467529e-01
7.152354717254638672e-02
1.106269732117652893e-01
1.283012479543685913e-01
1.649575233459472656e-01
2.109279632568359375e-01
2.287930995225906372e-01
2.287930995225906372e-01
1.738217622041702271e-01
1.272377222776412964e-01
9.858329594135284424e-02
1.079471260309219360e-01
2.117473483085632324e-01
2.186728119850158691e-01
2.287930995225906372e-01
1.113431081175804138e-01
8.202143758535385132e-02
1.388291567564010620e-01
9.062360227108001709e-02
1.548156440258026123e-01
6.265668570995330811e-02
1.120594888925552368e-01
1.151213198900222778e-01
1.528268754482269287e-01
1.834014356136322021e-01
1.510870456695556641e-01
2.077953070402145386e-01
1.216982826590538025e-01
1.635156124830245972e-01
2.800511568784713745e-02
1.356312632560729980e-01
1.248163133859634399e-01
1.197136044502258301e-01
2.403698712587356567e-01
2.475403100252151489e-01
1.973845511674880981e-01
1.697307825088500977e-01
1.227427273988723755e-01
6.013988330960273743e-02
1.375211179256439209e-01
1.487007141113281250e-01
2.459805756807327271e-01
2.476750463247299194e-01
2.476750463247299194e-01
2.476750463247299194e-01
2.143483012914657593e-01
1.727205216884613037e-01
3.994604572653770447e-02
1.028263047337532043e-01
2.078913152217864990e-01
2.476750463247299194e-01
1.537297815084457397e-01
1.261376887559890747e-01
1.992460936307907104e-01
1.290458738803863525e-01
1.076510697603225708e-01
5.618714168667793274e-02
1.172808706760406494e-01
1.240842789411544800e-01
9.109099954366683960e-02
1.836930364370346069e-01
1.080186143517494202e-01
1.883103102445602417e-01
1.328719109296798706e-01
2.136697769165039062e-01
7.538221031427383423e-02
1.546816229820251465e-01
1.490104496479034424e-01
1.889609247446060181e-01
2.315586060285568237e-01
2.222643494606018066e-01
2.315586060285568237e-01
1.691668331623077393e-01
1.446927785873413086e-01
7.460121065378189087e-02
1.071354076266288757e-01
1.706569194793701172e-01
2.057403922080993652e-01
1.867962032556533813e-01
1.962784677743911743e-01
2.315586060285568237e-01
1.552405059337615967e-01
2.025223225355148315e-01
1.043087542057037354e-01
1.568346172571182251e-01
2.048302441835403442e-01
2.315586060285568237e-01
1.489477306604385376e-01
1.087879762053489685e-01
1.104172989726066589e-01
8.412993699312210083e-02
1.950780004262924194e-01
3.908373042941093445e-02
1.533004343509674072e-01
1.269482523202896118e-01
1.871382296085357666e-01
1.149548068642616272e-01
1.513827592134475708e-01
1.592866778373718262e-01
1.365751177072525024e-01
1.576078832149505615e-01
1.570580005645751953e-01
2.309166342020034790e-01
1.506517529487609863e-01
1.790886074304580688e-01
1.962402611970901489e-01
9.228015691041946411e-02
1.488475948572158813e-01
1.469626575708389282e-01
1.922721564769744873e-01
4.745980352163314819e-02
1.581015884876251221e-01
2.085972279310226440e-01
2.425421476364135742e-01
2.425421476364135742e-01
1.555538326501846313e-01
1.137301325798034668e-01
1.808081716299057007e-01
1.349210739135742188e-01
1.484572142362594604e-01
2.425421476364135742e-01
2.200631648302078247e-01
2.425421476364135742e-01
2.716018259525299072e-01
2.716018259525299072e-01
2.385277897119522095e-01
7.689631730318069458e-02
2.276594005525112152e-02
2.972540678456425667e-03
3.803467378020286560e-03
3.581329062581062317e-02
2.127397507429122925e-01
2.716018259525299072e-01
2.716018259525299072e-01
1.443684399127960205e-01
3.031159378588199615e-02
1.922680810093879700e-02
3.370141610503196716e-03
8.675518445670604706e-03
1.014272868633270264e-01
2.716018259525299072e-01
2.716018259525299072e-01
2.566899955272674561e-01
1.887751966714859009e-01
7.646214216947555542e-02
5.849471315741539001e-02
7.426816225051879883e-02
6.552036106586456299e-02
1.045590117573738098e-01
2.522971332073211670e-01
2.625304460525512695e-01
1.932539939880371094e-01
1.099368482828140259e-01
4.715366661548614502e-02
6.735890358686447144e-02
2.385653927922248840e-02
3.615567833185195923e-02
1.278115659952163696e-01
2.716018259525299072e-01
2.475732415914535522e-01
2.475732415914535522e-01
1.725869923830032349e-01
5.271596461534500122e-02
2.736209891736507416e-02
1.422228571027517319e-02
7.983607053756713867e-02
1.858764886856079102e-01
2.475732415914535522e-01
2.475732415914535522e-01
1.162129417061805725e-01
9.428706020116806030e-02
7.439743727445602417e-02
9.548560529947280884e-02
6.014595925807952881e-02
1.975175142288208008e-01
2.475732415914535522e-01
2.418643087148666382e-01
2.399993836879730225e-01
1.560288369655609131e-01
1.040536612272262573e-01
6.679628789424896240e-02
1.020554006099700928e-01
1.312453392893075943e-02
1.040384247899055481e-01
2.081755399703979492e-01
2.475732415914535522e-01
2.429795861244201660e-01
1.076370179653167725e-01
7.509692758321762085e-02
8.782185614109039307e-02
1.788408160209655762e-01
7.730988413095474243e-02
2.295915782451629639e-01
2.229779809713363647e-01
1.755054146051406860e-01
2.445671558380126953e-01
6.973032653331756592e-02
4.703614115715026855e-02
4.999207705259323120e-02
1.224693432450294495e-01
1.342026442289352417e-01
1.803266108036041260e-01
2.445671558380126953e-01
1.628500819206237793e-01
1.476339846849441528e-01
4.965598508715629578e-02
6.505005806684494019e-02
1.070714220404624939e-01
1.711881011724472046e-01
2.077645957469940186e-01
2.445671558380126953e-01
2.445671558380126953e-01
1.973028182983398438e-01
2.040642201900482178e-01
1.220519915223121643e-01
6.738906353712081909e-02
5.230472981929779053e-02
1.694376170635223389e-01
1.201037913560867310e-01
1.906612962484359741e-01
1.688893735408782959e-01
1.332738995552062988e-01
2.445671558380126953e-01
1.637863665819168091e-01
7.747225463390350342e-02
1.093011125922203064e-01
1.697858870029449463e-01
1.909692436456680298e-01
2.445671558380126953e-01
2.445671558380126953e-01
1.619501113891601562e-01
7.509304583072662354e-02
5.425629764795303345e-02
7.984113693237304688e-02
8.232226967811584473e-02
1.066291704773902893e-01
1.636215150356292725e-01
2.579758763313293457e-01
1.899143457412719727e-01
1.352586150169372559e-01
6.414464861154556274e-02
9.266974031925201416e-02
1.081329882144927979e-01
9.175896644592285156e-02
1.318687051534652710e-01
1.645373702049255371e-01
2.548210322856903076e-01
2.170072346925735474e-01
1.317782998085021973e-01
2.270619124174118042e-01
1.053318828344345093e-01
8.976123481988906860e-02
1.080213785171508789e-01
7.875226438045501709e-02
1.675612777471542358e-01
2.579758763313293457e-01
2.579758763313293457e-01
1.790965795516967773e-01
8.550553023815155029e-02
7.651238143444061279e-02
1.507997214794158936e-01
1.653473973274230957e-01
1.557704061269760132e-01
2.072647809982299805e-01
2.579758763313293457e-01
2.579758763313293457e-01
2.540811300277709961e-01
1.062420681118965149e-01
9.579629451036453247e-02
1.082954853773117065e-01
1.307761520147323608e-01
1.662724465131759644e-01
1.597916483879089355e-01
1.446963548660278320e-01
2.130617499351501465e-01
1.373603790998458862e-01
7.993046194314956665e-02
9.994493424892425537e-02
1.131517291069030762e-01
1.933294683694839478e-01
1.985059827566146851e-01
2.218814641237258911e-01
1.946115344762802124e-01
1.543630957603454590e-01
8.530028164386749268e-02
1.003338769078254700e-01
9.023496508598327637e-02
1.556000560522079468e-01
2.278517037630081177e-01
2.278517037630081177e-01
1.823067516088485718e-01
2.278517037630081177e-01
1.936150193214416504e-01
2.066024839878082275e-01
1.054556667804718018e-01
1.446997076272964478e-01
1.523740887641906738e-01
2.061996906995773315e-01
2.278517037630081177e-01
1.986725032329559326e-01
2.278517037630081177e-01
1.373949050903320312e-01
1.196826621890068054e-01
3.630542382597923279e-02
5.007528886198997498e-02
6.854487210512161255e-02
1.698883920907974243e-01
2.372446507215499878e-01
2.274585664272308350e-01
2.000158876180648804e-01
1.225470602512359619e-01
9.192575514316558838e-02
8.097166568040847778e-02
7.293590903282165527e-02
6.710664927959442139e-02
1.517179310321807861e-01
2.379606515169143677e-01
2.087902575731277466e-01
2.285260707139968872e-01
2.379606515169143677e-01
1.553937643766403198e-01
6.801661103963851929e-02
9.026429802179336548e-02
8.593705296516418457e-02
8.237519860267639160e-02
1.868612021207809448e-01
2.118315845727920532e-01
2.302449941635131836e-01
2.157299220561981201e-01
1.916585266590118408e-01
9.622316062450408936e-02
1.137248948216438293e-01
7.897223532199859619e-02
1.011061444878578186e-01
1.749291419982910156e-01
1.843335032463073730e-01
2.379606515169143677e-01
2.379606515169143677e-01
2.379606515169143677e-01
1.145734488964080811e-01
1.032099425792694092e-01
4.593932256102561951e-02
1.274441629648208618e-01
1.796253621578216553e-01
1.869954913854598999e-01
1.301745921373367310e-01
2.617670297622680664e-01
1.619679331779479980e-01
1.164226755499839783e-01
9.492081403732299805e-02
3.633444756269454956e-02
8.389753848314285278e-02
1.669346392154693604e-01
2.258871644735336304e-01
2.617670297622680664e-01
2.617670297622680664e-01
1.886437833309173584e-01
6.533768028020858765e-02
6.760089844465255737e-02
5.010509118437767029e-02
5.910038948059082031e-02
8.564864099025726318e-02
2.003726214170455933e-01
2.617670297622680664e-01
2.617670297622680664e-01
2.195506244897842407e-01
1.030655875802040100e-01
8.134691417217254639e-02
5.012572556734085083e-02
3.924949094653129578e-02
5.218159779906272888e-02
2.154711484909057617e-01
2.617670297622680664e-01
2.617670297622680664e-01
1.970065683126449585e-01
6.680621206760406494e-02
4.308992624282836914e-02
4.280835762619972229e-02
6.159099191427230835e-02
1.263435333967208862e-01
1.911424100399017334e-01
2.612137198448181152e-01
2.612137198448181152e-01
1.623895764350891113e-01
8.936398476362228394e-02
2.709123119711875916e-02
3.908213600516319275e-02
9.419349581003189087e-02
1.290047913789749146e-01
2.612137198448181152e-01
2.612137198448181152e-01
2.612137198448181152e-01
2.612137198448181152e-01
1.411918103694915771e-01
5.576021224260330200e-02
4.799484834074974060e-02
4.050602763891220093e-02
3.253507614135742188e-02
1.022466570138931274e-01
2.048613727092742920e-01
2.612137198448181152e-01
2.005862295627593994e-01
1.720885038375854492e-01
2.961943857371807098e-02
3.824632614850997925e-02
5.191447585821151733e-02
7.742393016815185547e-02
1.647384762763977051e-01
2.612137198448181152e-01
2.612137198448181152e-01
2.612137198448181152e-01
7.771553099155426025e-02
1.987222023308277130e-02
4.508699849247932434e-02
4.767051339149475098e-02
6.786159425973892212e-02
1.789801418781280518e-01
2.660906016826629639e-01
2.660906016826629639e-01
2.243603318929672241e-01
1.170005425810813904e-01
5.977509543299674988e-02
8.513103425502777100e-02
2.320489659905433655e-02
8.078695088624954224e-02
8.596477657556533813e-02
2.151339203119277954e-01
2.369791716337203979e-01
1.823212653398513794e-01
1.355955600738525391e-01
2.931229211390018463e-02
4.114416614174842834e-02
5.639735609292984009e-02
9.188342094421386719e-02
1.836830973625183105e-01
2.660906016826629639e-01
2.660906016826629639e-01
2.354729175567626953e-01
1.972592622041702271e-01
5.246121436357498169e-02
6.271299719810485840e-02
4.971191659569740295e-02
1.676928699016571045e-01
1.772305220365524292e-01
2.660906016826629639e-01
2.660906016826629639e-01
2.660906016826629639e-01
1.052041053771972656e-01
7.084097713232040405e-02
8.030018210411071777e-02
4.729096218943595886e-02
1.280114650726318359e-01
4.173095896840095520e-02
1.243906766176223755e-01
1.652425229549407959e-01
1.513328552246093750e-01
1.031324118375778198e-01
7.456217706203460693e-02
1.530458629131317139e-01
7.797921448945999146e-02
1.136282235383987427e-01
4.281413555145263672e-02
1.689084023237228394e-01
1.247423067688941956e-01
1.656934320926666260e-01
2.184678912162780762e-01
1.090241670608520508e-01
7.015428692102432251e-02
5.779198557138442993e-02
1.924317777156829834e-01
1.105455383658409119e-01
2.906895577907562256e-01
2.906895577907562256e-01
2.906895577907562256e-01
2.906895577907562256e-01
1.802017688751220703e-01
1.339443624019622803e-01
4.806896671652793884e-02
8.103851974010467529e-02
5.660289153456687927e-02
2.643913924694061279e-01
2.906895577907562256e-01
2.906895577907562256e-01
1.664124578237533569e-01
1.265573799610137939e-01
1.232341527938842773e-01
4.833265393972396851e-02
6.755248457193374634e-02
6.548465043306350708e-02
1.728727817535400391e-01
1.299073398113250732e-01
2.196807265281677246e-01
2.333189398050308228e-01
1.524618715047836304e-01
6.009468436241149902e-02
1.033508554100990295e-01
8.396382629871368408e-02
1.020422503352165222e-01
7.618224620819091797e-02
1.537376046180725098e-01
2.538529336452484131e-01
2.716729044914245605e-01
1.676698178052902222e-01
1.023078113794326782e-01
2.160316705703735352e-02
4.462200030684471130e-02
7.611329853534698486e-02
1.708293557167053223e-01
2.716729044914245605e-01
2.716729044914245605e-01
2.716729044914245605e-01
2.716729044914245605e-01
5.026809871196746826e-02
9.782042354345321655e-02
4.923072457313537598e-02
7.467510551214218140e-02
1.269243508577346802e-01
2.716729044914245605e-01
2.716729044914245605e-01
1.730604767799377441e-01
1.415542066097259521e-01
7.626076042652130127e-02
9.559739381074905396e-02
4.695909097790718079e-02
4.635538533329963684e-02
9.590487927198410034e-02
1.746810376644134521e-01
1.849985569715499878e-01
2.363035678863525391e-01
2.585620582103729248e-01
1.197920739650726318e-01
6.246149912476539612e-02
4.237031191587448120e-02
4.735355451703071594e-02
1.444387733936309814e-01
1.817907243967056274e-01
2.028588652610778809e-01
2.585620582103729248e-01
2.354894578456878662e-01
9.756466001272201538e-02
1.078468263149261475e-01
2.106521837413311005e-02
1.939509809017181396e-02
1.513926535844802856e-01
2.275066375732421875e-01
2.585620582103729248e-01
2.585620582103729248e-01
2.585620582103729248e-01
2.055979818105697632e-01
1.208906546235084534e-01
5.042910575866699219e-02
4.765187203884124756e-02
1.643029302358627319e-01
1.976592242717742920e-01
2.585620582103729248e-01
2.225505411624908447e-01
2.283909618854522705e-01
1.429533511400222778e-01
6.811820715665817261e-02
4.820117354393005371e-02
4.526545107364654541e-02
9.236723929643630981e-02
1.080629453063011169e-01
1.461405158042907715e-01
2.560543417930603027e-01
2.258990406990051270e-01
2.256083637475967407e-01
8.632171154022216797e-02
6.552663445472717285e-02
2.542702667415142059e-02
6.607807427644729614e-02
1.469099670648574829e-01
2.560543417930603027e-01
2.560543417930603027e-01
2.560543417930603027e-01
1.757745593786239624e-01
7.230823487043380737e-02
4.625803977251052856e-02
4.028254747390747070e-02
7.637486606836318970e-02
1.216163113713264465e-01
2.560543417930603027e-01
2.560543417930603027e-01
2.560543417930603027e-01
2.560543417930603027e-01
6.182091310620307922e-02
6.585732102394104004e-02
1.955945976078510284e-02
7.126846909523010254e-02
1.423338353633880615e-01
2.560543417930603027e-01
2.458027601242065430e-01
2.062697261571884155e-01
1.657318621873855591e-01
6.719149649143218994e-02
7.569647580385208130e-02
3.260795027017593384e-02
9.577085822820663452e-02
1.717771589756011963e-01
2.458027601242065430e-01
1.865996867418289185e-01
2.164662182331085205e-01
1.969013363122940063e-01
6.061935424804687500e-02
1.012376770377159119e-01
3.394404426217079163e-02
9.358665347099304199e-02
1.851840019226074219e-01
2.458027601242065430e-01
2.458027601242065430e-01
2.036378532648086548e-01
1.782581061124801636e-01
4.112124443054199219e-02
8.993887901306152344e-02
3.416700661182403564e-02
1.096593737602233887e-01
1.667537689208984375e-01
2.458027601242065430e-01
2.458027601242065430e-01
2.458027601242065430e-01
1.561518758535385132e-01
3.616486489772796631e-02
5.447513982653617859e-02
3.026034869253635406e-02
1.123809814453125000e-01
2.222326397895812988e-01
2.458027601242065430e-01
2.087268233299255371e-01
1.063425540924072266e-01
1.255061924457550049e-01
8.219123631715774536e-02
6.639591604471206665e-02
3.028340823948383331e-02
6.584919244050979614e-02
1.592477560043334961e-01
2.688671648502349854e-01
2.688671648502349854e-01
7.803615927696228027e-02
7.996495813131332397e-02
1.469247341156005859e-01
9.825166314840316772e-02
9.797551482915878296e-02
2.019020766019821167e-01
1.659014523029327393e-01
2.688671648502349854e-01
2.688671648502349854e-01
1.814276278018951416e-01
1.304047256708145142e-01
4.066946730017662048e-02
2.638049796223640442e-02
1.812876015901565552e-02
6.481546163558959961e-02
2.030663639307022095e-01
2.688671648502349854e-01
2.688671648502349854e-01
8.851615339517593384e-02
9.836167097091674805e-02
9.608196467161178589e-02
1.272250711917877197e-01
1.071994155645370483e-01
1.803451925516128540e-01
2.688671648502349854e-01
2.688671648502349854e-01
2.170138210058212280e-01
2.045243382453918457e-01
1.037608012557029724e-01
5.253646895289421082e-02
8.446647226810455322e-02
1.991504132747650146e-01
1.560395956039428711e-01
1.352757662534713745e-01
2.294296324253082275e-01
2.294296324253082275e-01
1.598556488752365112e-01
1.113611012697219849e-01
4.024049267172813416e-02
1.095943525433540344e-01
7.326401025056838989e-02
1.499757766723632812e-01
1.639672964811325073e-01
2.294296324253082275e-01
2.002994716167449951e-01
2.294296324253082275e-01
1.367867290973663330e-01
7.757048308849334717e-02
1.183805689215660095e-01
1.384246051311492920e-01
1.385727524757385254e-01
1.761632263660430908e-01
2.294296324253082275e-01
2.294296324253082275e-01
2.294296324253082275e-01
9.569025039672851562e-02
7.211467623710632324e-02
1.324017643928527832e-01
7.872141152620315552e-02
2.294296324253082275e-01
2.294296324253082275e-01
1.984845399856567383e-01
2.066435515880584717e-01
1.467884927988052368e-01
1.431193202733993530e-01
8.102408051490783691e-02
1.142692491412162781e-01
2.133531309664249420e-02
1.041840240359306335e-01
2.224627286195755005e-01
2.055165916681289673e-01
2.102417051792144775e-01
1.608755439519882202e-01
1.193685457110404968e-01
1.007567346096038818e-01
1.371996551752090454e-01
4.288044199347496033e-02
1.750246584415435791e-01
2.299488633871078491e-01
2.082873433828353882e-01
2.094978690147399902e-01
2.293001115322113037e-01
1.392568498849868774e-01
8.433470875024795532e-02
1.215906143188476562e-01
1.263864338397979736e-01
2.096417099237442017e-01
2.299488633871078491e-01
1.420424282550811768e-01
1.687900573015213013e-01
1.611360013484954834e-01
1.538902521133422852e-01
1.160042583942413330e-01
1.174862384796142578e-01
1.220486760139465332e-01
2.299488633871078491e-01
2.299488633871078491e-01
2.269222736358642578e-01
2.073769420385360718e-01
1.560388207435607910e-01
8.375942707061767578e-02
4.622031375765800476e-02
1.116059720516204834e-01
5.316803604364395142e-02
1.892672628164291382e-01
1.437259763479232788e-01
1.675023287534713745e-01
2.400362789630889893e-01
1.772879213094711304e-01
1.012332811951637268e-01
9.266131371259689331e-02
1.733866333961486816e-01
1.089035570621490479e-01
2.400362789630889893e-01
1.890876144170761108e-01
1.356827765703201294e-01
1.937289834022521973e-01
1.440915614366531372e-01
1.014577746391296387e-01
7.979609817266464233e-02
8.540289103984832764e-02
6.162100285291671753e-02
2.400362789630889893e-01
2.400362789630889893e-01
2.400362789630889893e-01
1.820894926786422729e-01
1.306182742118835449e-01
9.105711430311203003e-02
1.308702230453491211e-01
2.124513834714889526e-01
1.566079854965209961e-01
2.400362789630889893e-01
2.400362789630889893e-01
2.006486654281616211e-01
2.019109129905700684e-01
1.586174070835113525e-01
1.251255273818969727e-01
1.186573430895805359e-01
1.077101975679397583e-01
1.026353091001510620e-01
2.390896379947662354e-01
2.095772624015808105e-01
8.385339379310607910e-02
9.340405464172363281e-02
1.485460698604583740e-01
2.176929265260696411e-01
2.316104322671890259e-01
1.582608371973037720e-01
1.359516084194183350e-01
2.390896379947662354e-01
2.390896379947662354e-01
1.500711143016815186e-01
9.263141453266143799e-02
1.235025301575660706e-01
8.515726029872894287e-02
8.285294473171234131e-02
1.883585602045059204e-01
1.598736345767974854e-01
2.390896379947662354e-01
2.390896379947662354e-01
8.175286650657653809e-02
1.098475605249404907e-01
1.529254168272018433e-01
1.369045376777648926e-01
8.637075126171112061e-02
1.192746609449386597e-01
1.316339820623397827e-01
2.390896379947662354e-01
2.390896379947662354e-01
1.787591129541397095e-01
1.026277542114257812e-01
1.080523431301116943e-01
1.458165049552917480e-01
2.427287995815277100e-01
2.509563863277435303e-01
1.384819447994232178e-01
1.597152799367904663e-01
1.493573784828186035e-01
1.794025450944900513e-01
1.530715227127075195e-01
1.518450975418090820e-01
1.136820986866950989e-01
1.444429159164428711e-01
1.541316211223602295e-01
1.165091246366500854e-01
1.656292378902435303e-01
1.264359205961227417e-01
1.986761391162872314e-01
1.787052601575851440e-01
9.320192039012908936e-02
8.678022772073745728e-02
6.850043684244155884e-02
9.503363072872161865e-02
1.184104681015014648e-01
2.075302153825759888e-01
2.532798349857330322e-01
2.532798349857330322e-01
2.532798349857330322e-01
1.133005321025848389e-01
9.336076676845550537e-02
5.706923082470893860e-02
7.415559887886047363e-02
1.270430088043212891e-01
2.150736898183822632e-01
2.532798349857330322e-01
2.532798349857330322e-01
1.298944056034088135e-01
1.033660694956779480e-01
7.671631872653961182e-02
4.387665167450904846e-02
1.034486293792724609e-01
8.677971363067626953e-02
1.700849384069442749e-01
2.001726627349853516e-01
2.025953978300094604e-01
2.035406827926635742e-01
1.305611580610275269e-01
7.861544936895370483e-02
4.175167903304100037e-02
1.081321835517883301e-01
1.198963671922683716e-01
2.013399004936218262e-01
2.532323598861694336e-01
2.532323598861694336e-01
2.201870530843734741e-01
1.224828585982322693e-01
1.143839955329895020e-01
2.639490179717540741e-02
7.056459039449691772e-02
9.504158049821853638e-02
1.879838556051254272e-01
2.532323598861694336e-01
2.532323598861694336e-01
2.532323598861694336e-01
1.330619156360626221e-01
1.801687031984329224e-01
3.653595596551895142e-02
1.491976678371429443e-01
9.549085050821304321e-02
2.060133069753646851e-01
2.532323598861694336e-01
2.532323598861694336e-01
1.101105213165283203e-01
5.291194468736648560e-02
4.543010890483856201e-02
1.526162493973970413e-02
6.735824048519134521e-02
1.208003684878349304e-01
2.230919748544692993e-01
2.826824486255645752e-01
2.031189054250717163e-01
1.333733201026916504e-01
6.585144251585006714e-02
4.039903357625007629e-02
1.113029383122920990e-02
2.136979065835475922e-02
9.473706781864166260e-02
2.577561736106872559e-01
2.826824486255645752e-01
2.826824486255645752e-01
1.841565966606140137e-01
9.408144652843475342e-02
1.000382751226425171e-01
2.348779328167438507e-02
1.360282599925994873e-01
7.139953225851058960e-02
1.496222913265228271e-01
2.826824486255645752e-01
2.826824486255645752e-01
2.369573563337326050e-01
1.184433177113533020e-01
5.799073353409767151e-02
1.034768857061862946e-02
7.157104462385177612e-02
5.849989131093025208e-02
1.708090305328369141e-01
2.826824486255645752e-01
2.826824486255645752e-01
2.123772948980331421e-01
6.556041538715362549e-02
2.750588580965995789e-02
8.910133503377437592e-03
7.484218105673789978e-03
2.928913757205009460e-02
1.620076298713684082e-01
2.742711901664733887e-01
2.667856812477111816e-01
1.894355714321136475e-01
4.933336004614830017e-02
2.899179980158805847e-02
5.818407516926527023e-03
3.282032534480094910e-02
5.523084104061126709e-02
1.877243220806121826e-01
2.742711901664733887e-01
2.742711901664733887e-01
2.742711901664733887e-01
9.540767967700958252e-02
6.626476347446441650e-02
5.843054503202438354e-03
1.558277383446693420e-02
1.903021708130836487e-02
1.610189825296401978e-01
2.742711901664733887e-01
2.742711901664733887e-01
2.742711901664733887e-01
6.910794228315353394e-02
5.663200095295906067e-02
1.023839414119720459e-02
3.996718302369117737e-02
3.852098435163497925e-02
2.046284675598144531e-01
2.742711901664733887e-01
2.742711901664733887e-01
1.416967809200286865e-01
6.902179121971130371e-02
3.796744719147682190e-02
1.520289760082960129e-02
3.405790030956268311e-02
6.173646450042724609e-02
1.354950219392776489e-01
2.635744512081146240e-01
2.574677169322967529e-01
2.378807216882705688e-01
1.047566086053848267e-01
5.501206964254379272e-02
2.362535893917083740e-02
1.384813785552978516e-01
7.763823121786117554e-02
2.635744512081146240e-01
2.635744512081146240e-01
2.635744512081146240e-01
2.477631419897079468e-01
9.089852124452590942e-02
4.678286612033843994e-02
3.783524408936500549e-02
2.920999191701412201e-02
3.385958448052406311e-02
1.222463622689247131e-01
2.635744512081146240e-01
2.635744512081146240e-01
2.635744512081146240e-01
2.484537512063980103e-01
9.069420397281646729e-02
5.137312412261962891e-02
8.989469707012176514e-02
2.382752113044261932e-02
5.542138591408729553e-02
2.336276024580001831e-01
2.635744512081146240e-01
1.496124267578125000e-01
8.928348869085311890e-02
5.969303846359252930e-02
2.767641656100749969e-02
1.353527456521987915e-01
6.486254185438156128e-02
2.462501823902130127e-01
2.462501823902130127e-01
2.416561096906661987e-01
1.843059957027435303e-01
9.062468260526657104e-02
9.445888549089431763e-02
3.802132979035377502e-02
8.288712054491043091e-02
6.432922184467315674e-02
2.462501823902130127e-01
2.462501823902130127e-01
2.462501823902130127e-01
2.462501823902130127e-01
1.887604147195816040e-01
1.146002411842346191e-01
3.590898588299751282e-02
1.097372099757194519e-01
2.497280016541481018e-02
9.417650103569030762e-02
1.767440140247344971e-01
2.177920043468475342e-01
1.748204529285430908e-01
1.770392209291458130e-01
2.228832095861434937e-01
7.367193698883056641e-02
1.031714901328086853e-01
7.059714943170547485e-02
2.462501823902130127e-01
2.462501823902130127e-01
2.244101762771606445e-01
1.970488429069519043e-01
7.324294745922088623e-02
5.421433970332145691e-02
1.898976974189281464e-02
1.601999625563621521e-02
4.558959603309631348e-02
1.908722072839736938e-01
2.609595656394958496e-01
2.609595656394958496e-01
2.609595656394958496e-01
1.370877474546432495e-01
3.822226449847221375e-02
1.915734261274337769e-02
2.845158567652106285e-03
2.603201381862163544e-02
9.295341372489929199e-02
2.434209734201431274e-01
2.294964045286178589e-01
1.428802758455276489e-01
1.112528592348098755e-01
1.358369141817092896e-01
7.408875226974487305e-02
4.014497622847557068e-02
1.008517220616340637e-01
2.609595656394958496e-01
2.609595656394958496e-01
2.472067326307296753e-01
2.609595656394958496e-01
1.044987365603446960e-01
5.191319435834884644e-02
8.504506945610046387e-02
2.412408962845802307e-02
7.285295426845550537e-02
2.609595656394958496e-01
2.609595656394958496e-01
2.609595656394958496e-01
2.608981728553771973e-01
1.655248850584030151e-01
8.500915020704269409e-02
3.484063968062400818e-02
3.147696610540151596e-03
4.643528256565332413e-03
4.989334195852279663e-02
1.883585453033447266e-01
2.466667741537094116e-01
2.608981728553771973e-01
2.608981728553771973e-01
1.525228023529052734e-01
8.639965206384658813e-02
3.190790861845016479e-02
1.241458114236593246e-02
4.154407605528831482e-02
1.394510567188262939e-01
2.608981728553771973e-01
2.608981728553771973e-01
1.447595208883285522e-01
9.923547506332397461e-02
6.146570667624473572e-02
1.280894596129655838e-02
1.653387956321239471e-02
1.495138108730316162e-01
2.608981728553771973e-01
2.608981728553771973e-01
2.608981728553771973e-01
2.608981728553771973e-01
1.624474525451660156e-01
1.067849844694137573e-01
3.624693304300308228e-02
1.786570064723491669e-03
4.955136030912399292e-02
1.732650697231292725e-01
2.608981728553771973e-01
2.650454938411712646e-01
2.650454938411712646e-01
9.779053926467895508e-02
6.154480203986167908e-02
3.728571906685829163e-02
9.787590242922306061e-03
3.897958248853683472e-02
1.066381707787513733e-01
2.650454938411712646e-01
2.650454938411712646e-01
1.762923747301101685e-01
8.794613927602767944e-02
2.938625402748584747e-02
4.279513657093048096e-02
5.570518318563699722e-03
8.404050022363662720e-02
1.632511913776397705e-01
2.650454938411712646e-01
2.650454938411712646e-01
2.650454938411712646e-01
1.011834964156150818e-01
7.553462684154510498e-02
4.782360792160034180e-02
9.242841973900794983e-03
4.970182850956916809e-02
1.338542401790618896e-01
2.650454938411712646e-01
2.650454938411712646e-01
2.650454938411712646e-01
9.884415566921234131e-02
4.773092642426490784e-02
3.742330893874168396e-02
8.772814646363258362e-03
6.487975269556045532e-02
2.553259432315826416e-01
2.650454938411712646e-01
2.778011262416839600e-01
1.520925313234329224e-01
7.046090066432952881e-02
2.528921328485012054e-02
4.648321494460105896e-02
1.189237087965011597e-02
6.137850508093833923e-02
1.344304531812667847e-01
2.085921764373779297e-01
2.778011262416839600e-01
2.193004935979843140e-01
1.114953011274337769e-01
2.799063548445701599e-02
1.915928535163402557e-02
1.017141621559858322e-02
3.994552418589591980e-02
1.160550341010093689e-01
2.469027340412139893e-01
2.778011262416839600e-01
2.734284996986389160e-01
1.156214550137519836e-01
3.816044703125953674e-02
2.311102859675884247e-02
5.469958414323627949e-04
3.457970172166824341e-02
2.429908961057662964e-01
2.778011262416839600e-01
2.778011262416839600e-01
2.778011262416839600e-01
1.597934216260910034e-01
2.953169494867324829e-02
2.537386491894721985e-02
0.000000000000000000e+00
2.011165581643581390e-02
2.121351957321166992e-01
2.778011262416839600e-01
2.691303491592407227e-01
1.570914983749389648e-01
1.208991482853889465e-01
2.786239050328731537e-02
7.836121134459972382e-03
1.619352842681109905e-03
3.389282152056694031e-02
1.084295362234115601e-01
2.691303491592407227e-01
2.691303491592407227e-01
9.374343603849411011e-02
8.313316851854324341e-02
1.932464726269245148e-02
4.468458518385887146e-02
6.277373433113098145e-02
1.275945454835891724e-01
2.564936280250549316e-01
2.691303491592407227e-01
2.691303491592407227e-01
2.691303491592407227e-01
1.199583783745765686e-01
2.136220224201679230e-02
2.523308619856834412e-02
1.455536927096545696e-03
2.388402260839939117e-02
1.541040390729904175e-01
2.691303491592407227e-01
2.691303491592407227e-01
2.309409528970718384e-01
8.699139207601547241e-02
1.916892454028129578e-02
7.374387979507446289e-02
1.122619807720184326e-01
1.269366145133972168e-01
2.304012179374694824e-01
2.691303491592407227e-01
