2.334361821413040161e-01
1.668580323457717896e-01
1.378250718116760254e-01
5.823909118771553040e-02
1.344632953405380249e-01
5.748638883233070374e-02
9.546145051717758179e-02
1.050483360886573792e-01
1.240917518734931946e-01
2.203447371721267700e-01
8.541978150606155396e-02
1.169713884592056274e-01
6.213864311575889587e-02
2.312685102224349976e-01
6.521419435739517212e-02
9.079299122095108032e-02
1.543052345514297485e-01
1.916644126176834106e-01
2.334361821413040161e-01
2.334361821413040161e-01
1.995544284582138062e-01
1.501104533672332764e-01
9.807502478361129761e-02
1.482253521680831909e-01
1.539208739995956421e-01
1.884860694408416748e-01
2.334361821413040161e-01
2.334361821413040161e-01
1.781438589096069336e-01
1.850988119840621948e-01
2.123261541128158569e-01
2.045046538114547729e-01
9.065341204404830933e-02
1.341517865657806396e-01
1.770685464143753052e-01
2.334361821413040161e-01
1.821199208498001099e-01
9.686436504125595093e-02
1.263245195150375366e-01
6.581948697566986084e-02
1.520629078149795532e-01
7.891375571489334106e-02
3.796014562249183655e-02
1.354570686817169189e-01
2.002537846565246582e-01
2.272096574306488037e-01
1.470194160938262939e-01
1.566541194915771484e-01
9.706087410449981689e-02
1.950454562902450562e-01
1.767176836729049683e-01
8.127912878990173340e-02
1.823002994060516357e-01
2.505109012126922607e-01
2.505109012126922607e-01
1.743262559175491333e-01
1.436953246593475342e-01
1.223212778568267822e-01
1.546308547258377075e-01
1.000329479575157166e-01
3.662431612610816956e-02
1.085280627012252808e-01
2.505109012126922607e-01
2.505109012126922607e-01
1.830961108207702637e-01
1.474836170673370361e-01
1.234535053372383118e-01
1.856684386730194092e-01
1.615273058414459229e-01
9.192747622728347778e-02
2.505109012126922607e-01
2.505109012126922607e-01
1.921385377645492554e-01
1.185231879353523254e-01
1.275981366634368896e-01
7.430780678987503052e-02
1.906404942274093628e-01
1.068000346422195435e-01
9.904375672340393066e-02
1.251028776168823242e-01
2.306690216064453125e-01
2.306690216064453125e-01
1.909688711166381836e-01
1.985092014074325562e-01
1.038590446114540100e-01
1.535949856042861938e-01
9.278997778892517090e-02
1.316546052694320679e-01
1.018964126706123352e-01
2.306690216064453125e-01
2.073899954557418823e-01
1.480149328708648682e-01
1.336449086666107178e-01
1.177287101745605469e-01
1.854509562253952026e-01
1.475301235914230347e-01
1.050534397363662720e-01
1.703998595476150513e-01
2.306690216064453125e-01
2.306690216064453125e-01
1.812784075736999512e-01
1.686916351318359375e-01
1.389639675617218018e-01
2.306690216064453125e-01
1.670029163360595703e-01
9.541050344705581665e-02
1.489550769329071045e-01
2.306690216064453125e-01
1.644252240657806396e-01
1.604498773813247681e-01
9.829338639974594116e-02
8.092055469751358032e-02
9.546091407537460327e-02
8.982618153095245361e-02
1.039324030280113220e-01
1.247808933258056641e-01
2.293434292078018188e-01
2.142222523689270020e-01
1.811263859272003174e-01
1.701680123805999756e-01
1.851156651973724365e-01
1.715451180934906006e-01
9.031981974840164185e-02
1.050727143883705139e-01
1.783095896244049072e-01
2.378311604261398315e-01
2.093818336725234985e-01
1.423363238573074341e-01
8.224677294492721558e-02
7.779686152935028076e-02
1.589053422212600708e-01
1.300660222768783569e-01
5.922292917966842651e-02
1.685665547847747803e-01
2.378311604261398315e-01
2.378311604261398315e-01
2.287613600492477417e-01
1.524999290704727173e-01
1.645683795213699341e-01
2.010113596916198730e-01
1.452411115169525146e-01
1.101885214447975159e-01
2.378311604261398315e-01
2.378311604261398315e-01
2.153472900390625000e-01
1.246360987424850464e-01
1.501738578081130981e-01
1.460945010185241699e-01
1.555040478706359863e-01
7.673220336437225342e-02
8.927235752344131470e-02
1.027731001377105713e-01
2.343174517154693604e-01
2.343174517154693604e-01
2.343174517154693604e-01
2.204334586858749390e-01
1.360611915588378906e-01
1.578794866800308228e-01
7.054084539413452148e-02
6.033837050199508667e-02
4.872685670852661133e-02
2.091137766838073730e-01
2.343174517154693604e-01
1.503402292728424072e-01
1.243740469217300415e-01
1.187525466084480286e-01
1.579092144966125488e-01
1.285903304815292358e-01
1.090192273259162903e-01
1.598111689090728760e-01
2.343174517154693604e-01
2.343174517154693604e-01
2.343174517154693604e-01
1.835188418626785278e-01
1.232601851224899292e-01
1.723270863294601440e-01
1.629836559295654297e-01
1.100832819938659668e-01
9.458533674478530884e-02
2.343174517154693604e-01
2.516697943210601807e-01
2.047843933105468750e-01
1.908705830574035645e-01
9.135596454143524170e-02
7.123542577028274536e-02
3.640219196677207947e-02
4.313604906201362610e-02
4.544957727193832397e-02
1.690565198659896851e-01
2.516697943210601807e-01
2.406717538833618164e-01
1.010850146412849426e-01
3.895505890250205994e-02
4.313905537128448486e-02
5.347405374050140381e-02
1.281002312898635864e-01
1.530841290950775146e-01
2.516697943210601807e-01
2.516697943210601807e-01
2.516697943210601807e-01
1.701981425285339355e-01
7.798182219266891479e-02
8.858042210340499878e-02
1.194890439510345459e-01
7.746344804763793945e-02
7.580661773681640625e-02
2.516697943210601807e-01
2.516697943210601807e-01
2.516697943210601807e-01
1.636070013046264648e-01
2.712986990809440613e-02
8.053946495056152344e-02
1.780389249324798584e-01
1.683156192302703857e-01
1.570482552051544189e-01
2.516697943210601807e-01
1.597831100225448608e-01
1.305515617132186890e-01
3.533696383237838745e-02
2.687101997435092926e-02
6.073466315865516663e-02
9.090782701969146729e-02
2.333102673292160034e-01
1.890793442726135254e-01
1.979589909315109253e-01
1.294583231210708618e-01
1.215077936649322510e-01
4.465761035680770874e-02
1.436222642660140991e-01
1.518930494785308838e-01
1.533950269222259521e-01
2.333102673292160034e-01
1.832948774099349976e-01
1.793943196535110474e-01
1.304495185613632202e-01
1.389693915843963623e-01
1.055470332503318787e-01
3.873836994171142578e-02
1.360899507999420166e-01
2.027731984853744507e-01
2.333102673292160034e-01
1.609465479850769043e-01
1.977372020483016968e-01
2.006902545690536499e-01
1.794316023588180542e-01
8.711442351341247559e-02
1.363189369440078735e-01
2.277534753084182739e-01
2.213048934936523438e-01
2.333102673292160034e-01
2.333102673292160034e-01
2.333102673292160034e-01
1.881035566329956055e-01
1.355005651712417603e-01
4.979616776108741760e-02
1.082617864012718201e-01
1.067910268902778625e-01
1.055283546447753906e-01
1.196729540824890137e-01
1.378981471061706543e-01
1.875479668378829956e-01
2.460065633058547974e-01
1.318904310464859009e-01
5.357382819056510925e-02
3.043260797858238220e-02
8.650794625282287598e-02
7.493603229522705078e-02
7.892549782991409302e-02
2.460065633058547974e-01
2.460065633058547974e-01
2.362615615129470825e-01
1.697678416967391968e-01
9.044567495584487915e-02
1.511328667402267456e-01
1.683425307273864746e-01
1.095594093203544617e-01
1.526390165090560913e-01
2.330910414457321167e-01
2.460065633058547974e-01
2.460065633058547974e-01
2.367721647024154663e-01
1.681876033544540405e-01
1.410249024629592896e-01
1.443114876747131348e-01
2.285235002636909485e-02
1.274235248565673828e-01
2.438333928585052490e-01
2.460065633058547974e-01
2.389103621244430542e-01
3.973456099629402161e-02
4.589115455746650696e-02
4.322505369782447815e-02
4.568389430642127991e-02
6.244388967752456665e-02
6.216910108923912048e-02
2.260411381721496582e-01
2.389103621244430542e-01
1.662582606077194214e-01
1.340033560991287231e-01
1.879259794950485229e-01
2.389103621244430542e-01
1.392937004566192627e-01
7.519806176424026489e-02
3.641839697957038879e-02
1.117492169141769409e-01
1.601753234863281250e-01
2.389103621244430542e-01
1.813497394323348999e-01
1.620271950960159302e-01
1.180576458573341370e-01
9.164054691791534424e-02
2.786264568567276001e-02
5.654727667570114136e-02
2.069793045520782471e-01
2.389103621244430542e-01
2.389103621244430542e-01
2.389103621244430542e-01
2.389103621244430542e-01
2.389103621244430542e-01
1.802544891834259033e-01
1.196846663951873779e-01
4.261227697134017944e-02
1.948494017124176025e-01
2.389103621244430542e-01
7.654234766960144043e-02
1.234498545527458191e-01
2.185897231101989746e-01
2.704420983791351318e-01
2.289650142192840576e-01
4.765097051858901978e-02
1.082635484635829926e-02
3.070159628987312317e-02
5.681636184453964233e-02
7.296126335859298706e-02
7.091497629880905151e-02
1.062134280800819397e-01
1.833698451519012451e-01
1.378674954175949097e-01
2.857523038983345032e-02
2.230924926698207855e-02
4.185189679265022278e-02
6.163468211889266968e-02
2.704420983791351318e-01
2.704420983791351318e-01
2.279424667358398438e-01
2.704420983791351318e-01
1.585395932197570801e-01
1.336326897144317627e-01
6.783153861761093140e-02
1.549210548400878906e-01
2.704420983791351318e-01
2.704420983791351318e-01
1.765339374542236328e-01
1.618189811706542969e-01
2.034469544887542725e-01
1.181884333491325378e-01
5.435778945684432983e-02
7.240097969770431519e-02
1.785323470830917358e-01
2.704420983791351318e-01
8.206234127283096313e-02
1.044867560267448425e-01
7.505895942449569702e-02
1.081096008419990540e-01
6.758728623390197754e-02
2.568306773900985718e-02
4.218693077564239502e-02
6.501436233520507812e-02
6.871636211872100830e-02
1.174407005310058594e-01
1.397453248500823975e-01
1.060958653688430786e-01
1.223485097289085388e-01
7.182518392801284790e-02
8.043745160102844238e-02
5.802970752120018005e-02
8.935713768005371094e-02
1.151186674833297729e-01
2.707509398460388184e-01
1.599154770374298096e-01
2.101881951093673706e-01
2.707509398460388184e-01
9.528268128633499146e-02
4.848648235201835632e-02
1.473143696784973145e-01
2.707509398460388184e-01
2.707509398460388184e-01
2.707509398460388184e-01
2.058400511741638184e-01
2.049746066331863403e-01
2.028009146451950073e-01
8.801840990781784058e-02
1.673110127449035645e-01
2.707509398460388184e-01
2.707509398460388184e-01
2.707509398460388184e-01
1.831718385219573975e-01
1.344676613807678223e-01
8.155103772878646851e-02
7.865140587091445923e-02
6.292926520109176636e-02
7.777780294418334961e-02
6.715000420808792114e-02
9.804268181324005127e-02
1.221931353211402893e-01
2.453143894672393799e-01
1.830027997493743896e-01
8.768280595541000366e-02
1.449175626039505005e-01
1.015643104910850525e-01
6.130972877144813538e-02
8.030185848474502563e-02
8.347962796688079834e-02
9.793399274349212646e-02
2.453143894672393799e-01
1.578603237867355347e-01
1.387385427951812744e-01
1.225532442331314087e-01
1.082686334848403931e-01
1.549026817083358765e-01
2.453143894672393799e-01
2.453143894672393799e-01
2.453143894672393799e-01
2.453143894672393799e-01
2.325734645128250122e-01
1.237287968397140503e-01
2.453143894672393799e-01
2.335511296987533569e-01
9.332729876041412354e-02
2.201222777366638184e-01
1.931514143943786621e-01
2.453143894672393799e-01
2.165397852659225464e-01
1.396053880453109741e-01
9.945097565650939941e-02
1.555801928043365479e-01
1.260709464550018311e-01
3.614307194948196411e-02
5.275080353021621704e-02
9.292928874492645264e-02
9.096634387969970703e-02
1.634366959333419800e-01
1.245581209659576416e-01
2.002861648797988892e-01
1.710013449192047119e-01
1.422458887100219727e-01
7.453616708517074585e-02
8.876121044158935547e-02
1.969561129808425903e-01
1.991641968488693237e-01
2.394781410694122314e-01
2.394781410694122314e-01
1.393014043569564819e-01
2.081223279237747192e-01
2.130685299634933472e-01
3.164803609251976013e-02
7.384681701660156250e-02
1.162027940154075623e-01
2.394781410694122314e-01
2.394781410694122314e-01
2.380020469427108765e-01
2.164725512266159058e-01
1.592199355363845825e-01
1.592676639556884766e-01
6.033429503440856934e-02
1.194994822144508362e-01
2.226252853870391846e-01
2.394781410694122314e-01
8.175253123044967651e-02
9.839362651109695435e-02
1.243470385670661926e-01
1.128812581300735474e-01
1.474710255861282349e-01
1.167248263955116272e-01
1.125701218843460083e-01
1.876695007085800171e-01
1.610277742147445679e-01
1.555595099925994873e-01
2.287018150091171265e-01
1.865020990371704102e-01
7.030431181192398071e-02
1.365624666213989258e-01
1.163385063409805298e-01
1.307553946971893311e-01
1.918330341577529907e-01
2.033746242523193359e-01
1.439515203237533569e-01
9.379485994577407837e-02
1.741830557584762573e-01
1.627432256937026978e-01
1.685691177845001221e-01
7.701407372951507568e-02
1.794601082801818848e-01
2.287018150091171265e-01
2.287018150091171265e-01
1.578414589166641235e-01
1.907128095626831055e-01
2.287018150091171265e-01
2.241704463958740234e-01
1.265406012535095215e-01
7.749384641647338867e-02
2.287018150091171265e-01
2.287018150091171265e-01
2.287018150091171265e-01
1.984949558973312378e-01
2.263425886631011963e-01
2.256109416484832764e-01
7.804489880800247192e-02
5.652788281440734863e-02
7.331027835607528687e-02
1.157129704952239990e-01
1.337081789970397949e-01
1.744387596845626831e-01
1.510591953992843628e-01
1.941649168729782104e-01
1.826474517583847046e-01
1.040997356176376343e-01
4.286655783653259277e-02
7.056001573801040649e-02
1.151762679219245911e-01
1.067057326436042786e-01
1.329928338527679443e-01
2.263425886631011963e-01
2.263425886631011963e-01
2.263425886631011963e-01
1.861877441406250000e-01
4.337707534432411194e-02
7.541479170322418213e-02
1.876365542411804199e-01
2.263425886631011963e-01
2.091404646635055542e-01
2.102601081132888794e-01
2.263425886631011963e-01
2.263425886631011963e-01
1.738430410623550415e-01
8.364472538232803345e-02
8.519270271062850952e-02
1.909609586000442505e-01
2.003663182258605957e-01
1.792007833719253540e-01
2.495290338993072510e-01
1.193436682224273682e-01
1.155738085508346558e-01
9.595294296741485596e-02
3.038832545280456543e-02
1.277995407581329346e-01
1.084498912096023560e-01
1.280440092086791992e-01
2.495290338993072510e-01
2.399136871099472046e-01
1.430866271257400513e-01
1.787849366664886475e-01
1.657652556896209717e-01
6.468854099512100220e-02
4.661975055932998657e-02
5.785270035266876221e-02
8.887206017971038818e-02
2.323503345251083374e-01
2.495290338993072510e-01
1.043221503496170044e-01
1.088046655058860779e-01
1.364205479621887207e-01
9.499306976795196533e-02
2.001446485519409180e-01
1.279467493295669556e-01
1.503932327032089233e-01
2.495290338993072510e-01
2.495290338993072510e-01
2.320319265127182007e-01
1.953606158494949341e-01
2.197541296482086182e-01
1.260049492120742798e-01
1.013738587498664856e-01
1.519197374582290649e-01
1.170525848865509033e-01
2.495290338993072510e-01
2.411583214998245239e-01
1.545145660638809204e-01
1.193143874406814575e-01
9.605089575052261353e-02
6.917343288660049438e-02
4.117702692747116089e-02
3.535589203238487244e-02
5.964238196611404419e-02
2.170160859823226929e-01
2.539216876029968262e-01
1.496834754943847656e-01
9.878948330879211426e-02
6.407465785741806030e-02
5.353789776563644409e-02
4.036488756537437439e-02
6.673692911863327026e-02
1.525733023881912231e-01
2.539216876029968262e-01
2.539216876029968262e-01
1.844468563795089722e-01
1.695384979248046875e-01
1.587960571050643921e-01
9.585596621036529541e-02
8.633232116699218750e-02
1.762177348136901855e-01
1.819431036710739136e-01
2.539216876029968262e-01
2.539216876029968262e-01
1.911202371120452881e-01
1.475649029016494751e-01
1.284630596637725830e-01
1.384916454553604126e-01
9.287475049495697021e-02
2.058268040418624878e-01
2.539216876029968262e-01
2.539216876029968262e-01
2.168765366077423096e-01
1.449902802705764771e-01
5.978970602154731750e-02
6.247302144765853882e-02
7.422983646392822266e-02
6.035827472805976868e-02
5.365937575697898865e-02
1.071281358599662781e-01
1.472978144884109497e-01
2.621299922466278076e-01
2.046419382095336914e-01
6.133478879928588867e-02
8.424941450357437134e-02
1.538955569267272949e-01
7.735131680965423584e-02
4.593781009316444397e-02
1.598918735980987549e-01
2.621299922466278076e-01
2.621299922466278076e-01
2.146946489810943604e-01
7.210475951433181763e-02
9.026574343442916870e-02
1.630709767341613770e-01
1.503807902336120605e-01
9.249938279390335083e-02
1.650845259428024292e-01
2.621299922466278076e-01
2.621299922466278076e-01
2.621299922466278076e-01
7.988375425338745117e-02
1.049108132719993591e-01
1.497501283884048462e-01
1.355986893177032471e-01
1.191856563091278076e-01
2.621299922466278076e-01
2.621299922466278076e-01
2.378044873476028442e-01
1.492135226726531982e-01
3.347495943307876587e-02
3.342330083250999451e-02
8.634609729051589966e-02
4.735941812396049500e-02
3.286585956811904907e-02
1.568231284618377686e-01
2.648782730102539062e-01
2.445564270019531250e-01
2.166217118501663208e-01
7.785859704017639160e-02
1.009998247027397156e-01
6.370351463556289673e-02
5.933221429586410522e-02
6.143710389733314514e-02
1.341414153575897217e-01
2.648782730102539062e-01
2.648782730102539062e-01
2.496104985475540161e-01
6.870922446250915527e-02
3.107583150267601013e-02
5.091415718197822571e-02
2.482977136969566345e-02
1.128745898604393005e-01
2.521601617336273193e-01
2.648782730102539062e-01
2.648782730102539062e-01
2.582726478576660156e-01
9.429511427879333496e-02
7.723076641559600830e-02
6.355817615985870361e-02
3.844460099935531616e-02
1.697205007076263428e-01
2.102664113044738770e-01
2.648782730102539062e-01
2.002072930335998535e-01
1.516887098550796509e-01
9.432106465101242065e-02
7.697307318449020386e-02
7.141297310590744019e-02
8.663214743137359619e-02
7.629725337028503418e-02
1.224032491445541382e-01
1.779221892356872559e-01
2.741191089153289795e-01
2.084301412105560303e-01
1.031294614076614380e-01
2.982349134981632233e-02
9.831143915653228760e-02
1.625770330429077148e-01
8.900587260723114014e-02
1.249503120779991150e-01
1.956032961606979370e-01
2.741191089153289795e-01
2.388706207275390625e-01
1.345186233520507812e-01
7.647371292114257812e-02
5.851909145712852478e-02
9.712138772010803223e-02
1.455627530813217163e-01
1.569312512874603271e-01
2.741191089153289795e-01
2.741191089153289795e-01
2.741191089153289795e-01
1.773184537887573242e-01
7.593958824872970581e-02
6.606004387140274048e-02
1.353860050439834595e-01
1.029267087578773499e-01
2.010042965412139893e-01
2.741191089153289795e-01
2.420901656150817871e-01
2.694100141525268555e-01
7.430747896432876587e-02
2.124987728893756866e-02
5.135160312056541443e-02
1.201425269246101379e-01
5.821045860648155212e-02
9.698559343814849854e-02
2.396311312913894653e-01
2.594831287860870361e-01
2.500912547111511230e-01
8.406919986009597778e-02
3.396736830472946167e-02
7.057012617588043213e-02
1.704934537410736084e-01
8.781029284000396729e-02
1.204861029982566833e-01
2.721041142940521240e-01
2.791761755943298340e-01
2.791761755943298340e-01
1.162903308868408203e-01
6.023509800434112549e-02
3.218470886349678040e-02
8.627903461456298828e-02
4.975506663322448730e-02
1.121654435992240906e-01
1.781307607889175415e-01
2.791761755943298340e-01
2.791761755943298340e-01
1.188583523035049438e-01
6.149751693010330200e-02
3.076495043933391571e-02
9.402387589216232300e-02
5.214864760637283325e-02
1.086848378181457520e-01
2.791761755943298340e-01
1.444225013256072998e-01
1.347490102052688599e-01
7.618334144353866577e-02
5.179175361990928650e-02
8.314481377601623535e-02
1.243688464164733887e-01
9.946304559707641602e-02
8.555691689252853394e-02
1.762791574001312256e-01
2.677999436855316162e-01
1.741079241037368774e-01
8.402920514345169067e-02
8.587659895420074463e-02
9.327973425388336182e-02
1.220413595438003540e-01
2.429122924804687500e-01
1.394028365612030029e-01
2.844481766223907471e-01
2.844481766223907471e-01
2.844481766223907471e-01
1.053585931658744812e-01
6.011496856808662415e-02
2.634623646736145020e-02
5.105195567011833191e-02
5.276378244161605835e-02
1.061976477503776550e-01
2.775036096572875977e-01
2.844481766223907471e-01
2.844481766223907471e-01
1.103028580546379089e-01
7.684767246246337891e-02
3.517416119575500488e-02
6.706381589174270630e-02
1.776615381240844727e-01
1.027970984578132629e-01
2.844481766223907471e-01
2.594227492809295654e-01
1.574463099241256714e-01
9.043484926223754883e-02
1.247505843639373779e-01
8.130107820034027100e-02
6.793203949928283691e-02
1.294029951095581055e-01
1.161390617489814758e-01
2.594227492809295654e-01
2.413618415594100952e-01
1.911779642105102539e-01
1.867438852787017822e-01
2.027031183242797852e-01
1.105209663510322571e-01
2.144432254135608673e-02
7.593125104904174805e-02
1.892500221729278564e-01
2.334080785512924194e-01
2.594227492809295654e-01
2.284887135028839111e-01
6.597184389829635620e-02
7.578852772712707520e-02
4.763704910874366760e-02
4.105547815561294556e-02
9.889525175094604492e-02
8.431388437747955322e-02
2.594227492809295654e-01
2.594227492809295654e-01
2.281407713890075684e-01
1.294515281915664673e-01
1.381780952215194702e-01
7.582658529281616211e-02
1.405208278447389603e-02
5.283288657665252686e-02
2.105507999658584595e-01
2.594227492809295654e-01
2.145799249410629272e-01
2.036528885364532471e-01
2.252486497163772583e-01
2.252486497163772583e-01
1.478251367807388306e-01
3.745211660861968994e-02
7.940682023763656616e-02
1.725894659757614136e-01
2.252486497163772583e-01
2.252486497163772583e-01
2.252486497163772583e-01
1.955672204494476318e-01
2.252486497163772583e-01
1.708030700683593750e-01
1.421523392200469971e-01
1.033088043332099915e-01
1.981011927127838135e-01
2.252486497163772583e-01
1.782546192407608032e-01
1.330240666866302490e-01
2.053270787000656128e-01
2.177750468254089355e-01
1.054300889372825623e-01
5.661030486226081848e-02
8.012368530035018921e-02
1.322157382965087891e-01
2.252486497163772583e-01
1.606941968202590942e-01
1.377736330032348633e-01
1.452769637107849121e-01
1.447428762912750244e-01
9.594651311635971069e-02
1.103075072169303894e-01
8.917181193828582764e-02
6.548285484313964844e-02
9.845174849033355713e-02
3.043008148670196533e-01
3.043008148670196533e-01
1.199071258306503296e-01
1.524897217750549316e-01
1.075124517083168030e-01
1.166982203722000122e-01
1.258308440446853638e-01
1.936846226453781128e-01
3.043008148670196533e-01
3.043008148670196533e-01
1.930088847875595093e-01
1.076791658997535706e-01
9.130986034870147705e-02
7.355455309152603149e-02
5.161871016025543213e-02
1.230686232447624207e-01
2.383513897657394409e-01
3.043008148670196533e-01
1.703736633062362671e-01
1.727512925863265991e-01
9.403229504823684692e-02
9.312188625335693359e-02
8.466810733079910278e-02
4.905759170651435852e-02
6.989832222461700439e-02
6.286270171403884888e-02
1.001216620206832886e-01
1.923318803310394287e-01
1.194056198000907898e-01
1.148900762200355530e-01
7.356230169534683228e-02
9.079559892416000366e-02
9.862943738698959351e-02
1.105457618832588196e-01
1.062071993947029114e-01
2.538479864597320557e-01
2.327286452054977417e-01
8.488440513610839844e-02
1.377888172864913940e-01
7.953040301799774170e-02
3.645993769168853760e-02
4.045359790325164795e-02
1.177981570363044739e-01
1.978191286325454712e-01
2.327286452054977417e-01
2.327286452054977417e-01
1.338155865669250488e-01
1.883300244808197021e-01
5.738588422536849976e-02
4.909829795360565186e-02
7.062949985265731812e-02
2.111662179231643677e-01
2.327286452054977417e-01
2.327286452054977417e-01
8.755335211753845215e-02
1.871141195297241211e-01
2.219569236040115356e-01
6.273730844259262085e-02
4.733328893780708313e-02
1.241716593503952026e-01
1.531101614236831665e-01
1.334645748138427734e-01
2.306029796600341797e-01
1.609586179256439209e-01
2.327286452054977417e-01
2.327286452054977417e-01
4.744099453091621399e-02
5.531238019466400146e-02
1.403940320014953613e-01
2.327286452054977417e-01
2.327286452054977417e-01
2.327286452054977417e-01
2.260427325963973999e-01
1.363512575626373291e-01
1.377453655004501343e-01
4.761613905429840088e-02
9.998273104429244995e-02
8.163114637136459351e-02
1.981896758079528809e-01
2.260427325963973999e-01
2.260427325963973999e-01
2.260427325963973999e-01
2.124693095684051514e-01
7.564625889062881470e-02
9.236627817153930664e-02
1.881104111671447754e-01
6.784461438655853271e-02
1.504628062248229980e-01
2.114818692207336426e-01
1.911810040473937988e-01
2.026091516017913818e-01
1.700805872678756714e-01
1.734575331211090088e-01
3.837011009454727173e-02
7.541752606630325317e-02
1.280233860015869141e-01
2.260427325963973999e-01
2.260427325963973999e-01
2.106478363275527954e-01
2.260427325963973999e-01
1.643913537263870239e-01
9.630006551742553711e-02
4.346283152699470520e-02
1.221341565251350403e-01
8.769121766090393066e-02
1.829448193311691284e-01
2.260427325963973999e-01
1.663017272949218750e-01
2.415163815021514893e-01
2.415163815021514893e-01
1.168490126729011536e-01
8.545723557472229004e-02
1.358219236135482788e-01
3.066413104534149170e-02
5.372466519474983215e-02
8.829325437545776367e-02
2.415163815021514893e-01
2.415163815021514893e-01
2.415163815021514893e-01
1.991600543260574341e-01
1.645463556051254272e-01
1.146265193819999695e-01
7.342232763767242432e-02
7.183785736560821533e-02
1.090960875153541565e-01
2.415163815021514893e-01
2.415163815021514893e-01
1.865860372781753540e-01
8.800050616264343262e-02
9.513538330793380737e-02
1.216081157326698303e-01
9.974896907806396484e-02
1.070278808474540710e-01
1.219507679343223572e-01
1.590604633092880249e-01
2.415163815021514893e-01
1.602431088685989380e-01
1.396699994802474976e-01
2.415163815021514893e-01
1.880325675010681152e-01
1.730955541133880615e-01
1.172413453459739685e-01
9.327905625104904175e-02
2.415163815021514893e-01
1.705295741558074951e-01
1.706049293279647827e-01
2.084884345531463623e-01
2.156891673803329468e-01
1.377199143171310425e-01
7.575670629739761353e-02
9.934516996145248413e-02
1.029319092631340027e-01
1.698545068502426147e-01
1.781907230615615845e-01
1.740073710680007935e-01
2.185198813676834106e-01
2.185198813676834106e-01
8.609372377395629883e-02
1.099186614155769348e-01
1.520590484142303467e-01
2.185198813676834106e-01
1.540834605693817139e-01
2.185198813676834106e-01
1.543874293565750122e-01
1.439947932958602905e-01
2.185198813676834106e-01
1.673807799816131592e-01
1.097978428006172180e-01
7.183887809514999390e-02
7.361144572496414185e-02
2.185198813676834106e-01
2.185198813676834106e-01
2.185198813676834106e-01
2.046564221382141113e-01
1.635166406631469727e-01
1.331024318933486938e-01
1.915420591831207275e-01
1.036014780402183533e-01
1.091060861945152283e-01
1.560070365667343140e-01
1.963168531656265259e-01
1.877229064702987671e-01
2.145333588123321533e-01
2.039751857519149780e-01
7.030749320983886719e-02
7.175109535455703735e-02
1.000917255878448486e-01
1.856290400028228760e-01
1.590576767921447754e-01
2.329223006963729858e-01
2.329223006963729858e-01
1.797638684511184692e-01
1.257823407649993896e-01
1.050646528601646423e-01
6.481408327817916870e-02
1.161042079329490662e-01
1.252268701791763306e-01
1.742415726184844971e-01
2.329223006963729858e-01
2.329223006963729858e-01
2.329223006963729858e-01
1.511258929967880249e-01
1.005708575248718262e-01
1.060502007603645325e-01
7.974806427955627441e-02
9.941093623638153076e-02
1.865462064743041992e-01
2.329223006963729858e-01
2.329223006963729858e-01
2.329223006963729858e-01
1.269962489604949951e-01
9.277606755495071411e-02
8.006428182125091553e-02
1.061900183558464050e-01
8.693356812000274658e-02
2.329223006963729858e-01
2.660508751869201660e-01
7.298963516950607300e-02
3.513426706194877625e-02
6.342516839504241943e-02
7.384682446718215942e-02
5.812134221196174622e-02
6.891343742609024048e-02
1.069214344024658203e-01
2.660508751869201660e-01
2.660508751869201660e-01
1.665699928998947144e-01
5.397957190871238708e-02
7.490326464176177979e-02
7.027423381805419922e-02
4.897215962409973145e-02
1.025295779109001160e-01
1.377407163381576538e-01
2.660508751869201660e-01
2.660508751869201660e-01
1.033515185117721558e-01
5.734134465456008911e-02
5.926386266946792603e-02
9.190569818019866943e-02
3.626988083124160767e-02
2.614557445049285889e-01
2.660508751869201660e-01
2.660508751869201660e-01
2.660508751869201660e-01
9.040852636098861694e-02
3.437526151537895203e-02
4.535809531807899475e-02
4.989050701260566711e-02
6.357778608798980713e-02
2.593736946582794189e-01
2.660508751869201660e-01
2.660508751869201660e-01
3.061710298061370850e-01
1.250956803560256958e-01
4.674690216779708862e-02
5.227405577898025513e-02
6.515335291624069214e-02
4.900650680065155029e-02
1.089132577180862427e-01
1.585606187582015991e-01
2.510199844837188721e-01
3.061710298061370850e-01
8.345987647771835327e-02
3.568461537361145020e-02
4.611798003315925598e-02
8.928130567073822021e-02
6.258495897054672241e-02
1.091435179114341736e-01
1.926815658807754517e-01
3.061710298061370850e-01
3.061710298061370850e-01
9.654247760772705078e-02
2.856368944048881531e-02
2.962708100676536560e-02
6.504280865192413330e-02
7.822112739086151123e-02
1.389909833669662476e-01
2.110611200332641602e-01
3.061710298061370850e-01
3.061710298061370850e-01
1.388581395149230957e-01
6.176812574267387390e-02
4.888337478041648865e-02
5.003067478537559509e-02
7.196375727653503418e-02
6.702902168035507202e-02
1.390885263681411743e-01
3.061710298061370850e-01
2.815834581851959229e-01
9.627075493335723877e-02
3.356652334332466125e-02
5.807410925626754761e-02
1.001775041222572327e-01
6.828612089157104492e-02
4.682976379990577698e-02
1.346718519926071167e-01
2.815834581851959229e-01
2.815834581851959229e-01
2.815834581851959229e-01
9.212461858987808228e-02
9.235490113496780396e-02
8.663614094257354736e-02
5.445751920342445374e-02
5.017706751823425293e-02
1.350074261426925659e-01
2.815834581851959229e-01
2.815834581851959229e-01
1.173464879393577576e-01
8.182025700807571411e-02
7.854969799518585205e-02
4.247167706489562988e-02
4.608454555273056030e-02
3.851671516895294189e-02
1.198006644845008850e-01
2.815834581851959229e-01
2.815834581851959229e-01
2.815834581851959229e-01
1.462582498788833618e-01
1.475999057292938232e-01
6.469719111919403076e-02
5.203904211521148682e-02
5.647519975900650024e-02
8.721874654293060303e-02
2.815834581851959229e-01
2.738131582736968994e-01
2.738131582736968994e-01
1.335206776857376099e-01
4.093119129538536072e-02
3.289460390806198120e-02
2.312805131077766418e-02
7.301026582717895508e-02
1.126764789223670959e-01
2.738131582736968994e-01
2.738131582736968994e-01
2.175922989845275879e-01
9.555745124816894531e-02
3.635389730334281921e-02
6.537762284278869629e-02
3.516495972871780396e-02
1.094480007886886597e-01
1.629976332187652588e-01
2.738131582736968994e-01
2.677444815635681152e-01
2.738131582736968994e-01
1.823433339595794678e-01
7.696695625782012939e-02
3.703126311302185059e-02
5.944339931011199951e-02
5.516193062067031860e-02
4.197626560926437378e-02
2.047839164733886719e-01
2.738131582736968994e-01
2.738131582736968994e-01
1.564802527427673340e-01
5.234960094094276428e-02
6.506244838237762451e-02
8.138310909271240234e-02
5.607764050364494324e-02
1.021603122353553772e-01
2.056704908609390259e-01
2.843577265739440918e-01
2.843577265739440918e-01
9.088917821645736694e-02
3.775004297494888306e-02
4.609619453549385071e-02
5.132266506552696228e-02
7.782441377639770508e-02
1.694264262914657593e-01
2.843577265739440918e-01
2.843577265739440918e-01
2.843577265739440918e-01
1.275981813669204712e-01
6.772425770759582520e-02
3.081567585468292236e-02
5.938892811536788940e-02
5.409093946218490601e-02
1.609934866428375244e-01
2.342566251754760742e-01
2.843577265739440918e-01
2.566452324390411377e-01
1.074074283242225647e-01
5.438077077269554138e-02
6.052705645561218262e-02
7.546198368072509766e-02
7.174016535282135010e-02
1.645795106887817383e-01
1.608187705278396606e-01
2.843577265739440918e-01
2.081162780523300171e-01
1.211578771471977234e-01
9.313111007213592529e-02
6.838389486074447632e-02
5.037660151720046997e-02
5.926598608493804932e-02
1.443095505237579346e-01
1.638295799493789673e-01
3.175877928733825684e-01
3.175877928733825684e-01
1.530300080776214600e-01
1.379833221435546875e-01
3.286113590002059937e-02
4.640406370162963867e-02
7.167690992355346680e-02
1.269777715206146240e-01
2.078038156032562256e-01
3.175877928733825684e-01
3.175877928733825684e-01
1.240624859929084778e-01
1.225386857986450195e-01
5.991798266768455505e-02
7.609949260950088501e-02
1.047778949141502380e-01
1.035589352250099182e-01
2.882137596607208252e-01
2.456794083118438721e-01
1.736843585968017578e-01
1.564771831035614014e-01
1.466421484947204590e-01
7.963673770427703857e-02
5.223751440644264221e-02
7.917067408561706543e-02
1.053984463214874268e-01
1.569567620754241943e-01
1.235370263457298279e-01
1.766665130853652954e-01
1.216783225536346436e-01
1.189365088939666748e-01
8.217007666826248169e-02
1.017922535538673401e-01
1.647841632366180420e-01
9.894832223653793335e-02
1.469940692186355591e-01
2.658478915691375732e-01
2.658478915691375732e-01
1.186356842517852783e-01
8.485911041498184204e-02
7.243766635656356812e-02
6.589506566524505615e-02
7.314158976078033447e-02
7.700733095407485962e-02
2.099629789590835571e-01
2.658478915691375732e-01
2.564894556999206543e-01
2.363618910312652588e-01
1.084385067224502563e-01
1.295990496873855591e-01
1.762877404689788818e-01
7.145787030458450317e-02
7.228471338748931885e-02
2.658478915691375732e-01
5.197476223111152649e-02
1.091131344437599182e-01
1.032717823982238770e-01
5.243589356541633606e-02
9.738318622112274170e-02
7.292035222053527832e-02
1.098023951053619385e-01
5.577317997813224792e-02
8.548706024885177612e-02
2.658478915691375732e-01
1.333255767822265625e-01
2.341160923242568970e-01
7.509917020797729492e-02
2.282962054014205933e-01
2.658478915691375732e-01
1.107295900583267212e-01
1.298738867044448853e-01
2.658478915691375732e-01
2.787882089614868164e-01
1.088378578424453735e-01
1.341173499822616577e-01
5.587382614612579346e-02
6.295579671859741211e-02
9.465664625167846680e-02
5.314544215798377991e-02
3.852860629558563232e-02
2.787882089614868164e-01
2.787882089614868164e-01
9.969959408044815063e-02
1.101223379373550415e-01
8.589915931224822998e-02
5.182217806577682495e-02
6.396126002073287964e-02
1.022747233510017395e-01
7.443337887525558472e-02
2.787882089614868164e-01
2.787882089614868164e-01
1.186863183975219727e-01
2.044100314378738403e-01
8.862713724374771118e-02
1.130927950143814087e-01
2.077369838953018188e-01
9.274468570947647095e-02
7.947557419538497925e-02
2.787882089614868164e-01
2.787882089614868164e-01
1.567950546741485596e-01
1.896832138299942017e-01
1.520319133996963501e-01
7.916696369647979736e-02
1.117168962955474854e-01
1.673013865947723389e-01
8.954396098852157593e-02
2.787882089614868164e-01
2.122495323419570923e-01
1.223292499780654907e-01
1.501471400260925293e-01
1.360894441604614258e-01
1.069370731711387634e-01
1.716571897268295288e-01
1.557331383228302002e-01
1.212274283170700073e-01
2.219912558794021606e-01
1.138814687728881836e-01
9.185707569122314453e-02
1.808303445577621460e-01
1.493753343820571899e-01
1.524944454431533813e-01
2.219912558794021606e-01
1.679869443178176880e-01
1.207144334912300110e-01
1.299810558557510376e-01
1.910028308629989624e-01
1.452196687459945679e-01
1.624744236469268799e-01
1.716767400503158569e-01
1.489537656307220459e-01
2.112075686454772949e-01
2.219912558794021606e-01
1.744418740272521973e-01
1.856358647346496582e-01
7.574646174907684326e-02
1.472351998090744019e-01
1.737321317195892334e-01
1.198395937681198120e-01
1.842725574970245361e-01
2.219912558794021606e-01
2.219912558794021606e-01
1.963995546102523804e-01
1.465378105640411377e-01
1.409646719694137573e-01
1.503679901361465454e-01
1.866105496883392334e-01
1.826310008764266968e-01
1.848218590021133423e-01
1.463642865419387817e-01
1.327711343765258789e-01
1.385354846715927124e-01
1.269094496965408325e-01
1.351488381624221802e-01
1.640938967466354370e-01
1.940293610095977783e-01
1.219992190599441528e-01
1.750128865242004395e-01
1.527866274118423462e-01
9.666225314140319824e-02
1.240959987044334412e-01
2.169602960348129272e-01
1.378618925809860229e-01
1.998123526573181152e-01
1.414466351270675659e-01
1.758350133895874023e-01
2.131876945495605469e-01
1.737550050020217896e-01
2.169602960348129272e-01
2.051180452108383179e-01
1.985986828804016113e-01
1.252536028623580933e-01
1.429784595966339111e-01
9.410689026117324829e-02
1.064082011580467224e-01
2.034284025430679321e-01
1.493802666664123535e-01
1.640712022781372070e-01
2.169602960348129272e-01
2.169602960348129272e-01
7.131305336952209473e-02
1.987875401973724365e-01
1.889149844646453857e-01
6.665646284818649292e-02
7.803031057119369507e-02
1.561848074197769165e-01
2.043780833482742310e-01
1.982835531234741211e-01
2.913821041584014893e-01
1.738830357789993286e-01
2.342368960380554199e-01
2.131385654211044312e-01
6.250876188278198242e-02
6.870268285274505615e-02
1.991123259067535400e-01
2.913821041584014893e-01
2.913821041584014893e-01
2.913821041584014893e-01
5.754977837204933167e-02
7.215189188718795776e-02
4.607891663908958435e-02
3.060560114681720734e-02
9.210361540317535400e-02
7.378276437520980835e-02
9.657689183950424194e-02
1.553052663803100586e-01
1.189940199255943298e-01
7.455619424581527710e-02
4.353052005171775818e-02
3.539252653717994690e-02
2.155989594757556915e-02
5.153160169720649719e-02
7.553260028362274170e-02
2.913821041584014893e-01
2.913821041584014893e-01
1.480458378791809082e-01
1.102646589279174805e-01
7.939603924751281738e-02
5.631074309349060059e-02
2.642073854804039001e-02
2.871489152312278748e-02
1.058480963110923767e-01
2.859576046466827393e-01
2.859576046466827393e-01
1.477674990892410278e-01
2.253763079643249512e-01
1.278519630432128906e-01
7.229167968034744263e-02
3.529025241732597351e-02
9.341325610876083374e-02
8.121516555547714233e-02
2.788954079151153564e-01
2.859576046466827393e-01
1.801608353853225708e-01
3.942615166306495667e-02
2.090228535234928131e-02
2.006945386528968811e-02
9.244681335985660553e-03
1.936262659728527069e-02
1.014323830604553223e-01
2.859576046466827393e-01
2.859576046466827393e-01
9.310402721166610718e-02
2.099714875221252441e-01
1.427128016948699951e-01
4.922104999423027039e-02
2.956213615834712982e-02
7.479774206876754761e-02
1.994667500257492065e-01
2.859576046466827393e-01
2.859576046466827393e-01
1.855435967445373535e-01
2.162586748600006104e-01
9.854242205619812012e-02
6.341245025396347046e-02
6.239082291722297668e-02
1.269462555646896362e-01
9.109594672918319702e-02
1.404624432325363159e-01
1.567424535751342773e-01
1.691674441099166870e-01
2.359316796064376831e-01
6.770796328783035278e-02
8.567024767398834229e-02
1.320628970861434937e-01
1.176550388336181641e-01
1.253026276826858521e-01
1.228140294551849365e-01
1.040877327322959900e-01
2.163938730955123901e-01
2.359316796064376831e-01
2.359316796064376831e-01
1.648113578557968140e-01
7.643999159336090088e-02
1.554833650588989258e-01
1.718833893537521362e-01
2.359316796064376831e-01
2.359316796064376831e-01
2.224685549736022949e-01
2.359316796064376831e-01
1.604725569486618042e-01
2.359316796064376831e-01
1.081079766154289246e-01
1.611653119325637817e-01
8.565936982631683350e-02
1.553167551755905151e-01
1.986214071512222290e-01
2.099553942680358887e-01
2.324723452329635620e-01
7.840618491172790527e-02
6.518114358186721802e-02
8.260194957256317139e-02
7.484477013349533081e-02
7.291725277900695801e-02
1.400748193264007568e-01
1.471965312957763672e-01
2.324723452329635620e-01
2.324723452329635620e-01
1.605289429426193237e-01
1.847743093967437744e-01
9.616003185510635376e-02
8.218631893396377563e-02
9.967966377735137939e-02
2.302653044462203979e-01
1.351424008607864380e-01
1.945379972457885742e-01
2.324723452329635620e-01
9.034910798072814941e-02
1.589147746562957764e-01
6.534541398286819458e-02
1.319573819637298584e-01
6.524100154638290405e-02
1.557317823171615601e-01
2.324723452329635620e-01
2.324723452329635620e-01
2.324723452329635620e-01
1.071639508008956909e-01
2.028939574956893921e-01
1.416418403387069702e-01
1.663320660591125488e-01
1.036895960569381714e-01
2.324723452329635620e-01
2.324723452329635620e-01
2.283476144075393677e-01
2.344881594181060791e-01
2.059811353683471680e-01
2.344881594181060791e-01
1.220185160636901855e-01
6.719490885734558105e-02
6.004705280065536499e-02
1.006281599402427673e-01
5.792907252907752991e-02
1.181016638875007629e-01
2.344881594181060791e-01
2.130881249904632568e-01
2.338992059230804443e-01
9.859716892242431641e-02
3.991762176156044006e-02
4.011974111199378967e-02
4.365610703825950623e-02
7.741747051477432251e-02
2.309094816446304321e-01
2.228970229625701904e-01
1.075789406895637512e-01
2.344881594181060791e-01
1.606471240520477295e-01
1.024954840540885925e-01
7.610229402780532837e-02
2.329289317131042480e-01
1.884935647249221802e-01
2.344881594181060791e-01
2.344881594181060791e-01
2.344881594181060791e-01
1.831533610820770264e-01
8.577685058116912842e-02
5.863499641418457031e-02
6.018344312906265259e-02
1.309983879327774048e-01
1.799536794424057007e-01
2.344881594181060791e-01
1.300382763147354126e-01
1.167410314083099365e-01
1.194208487868309021e-01
4.192744567990303040e-02
5.498816817998886108e-02
4.341374710202217102e-02
2.222670018672943115e-01
2.683581709861755371e-01
2.436079680919647217e-01
2.683581709861755371e-01
8.595521003007888794e-02
1.301949322223663330e-01
4.245048388838768005e-02
4.068554937839508057e-02
4.920444637537002563e-02
2.350568920373916626e-01
2.683581709861755371e-01
2.683581709861755371e-01
1.934632360935211182e-01
1.629833579063415527e-01
1.256471425294876099e-01
9.125606715679168701e-02
7.317302376031875610e-02
5.856292322278022766e-02
1.060254126787185669e-01
1.431999653577804565e-01
2.431122213602066040e-01
2.683581709861755371e-01
1.771935969591140747e-01
1.922922581434249878e-01
7.867097109556198120e-02
1.017904579639434814e-01
6.658263504505157471e-02
8.095188438892364502e-02
1.894372105598449707e-01
2.683581709861755371e-01
2.768714129924774170e-01
3.791749477386474609e-02
3.634401410818099976e-02
1.624155789613723755e-02
3.269614651799201965e-02
3.819185495376586914e-02
1.157529652118682861e-01
2.768714129924774170e-01
2.768714129924774170e-01
2.768714129924774170e-01
6.814630329608917236e-02
4.531736299395561218e-02
3.597402572631835938e-02
2.340961992740631104e-02
4.727377742528915405e-02
1.537071913480758667e-01
2.768714129924774170e-01
2.768714129924774170e-01
2.521068751811981201e-01
3.020382113754749298e-02
4.632961004972457886e-02
1.635571382939815521e-02
5.844864621758460999e-02
1.680040732026100159e-02
6.574386358261108398e-02
2.607735991477966309e-01
2.768714129924774170e-01
2.597368061542510986e-01
1.576796174049377441e-02
3.200777620077133179e-02
1.554611790925264359e-02
4.096583649516105652e-02
1.426428556442260742e-02
2.004907131195068359e-01
2.768714129924774170e-01
2.768714129924774170e-01
2.042261064052581787e-01
5.859161168336868286e-02
6.456102430820465088e-02
7.547913491725921631e-02
3.443974256515502930e-02
5.076351389288902283e-02
1.186577677726745605e-01
2.373012006282806396e-01
3.029738366603851318e-01
1.437616944313049316e-01
1.066152229905128479e-01
1.099712103605270386e-01
1.548035293817520142e-01
6.766348332166671753e-02
9.230258315801620483e-02
1.062829643487930298e-01
1.255242675542831421e-01
1.640292406082153320e-01
1.996813863515853882e-01
1.852184906601905823e-02
3.433906286954879761e-02
3.614945337176322937e-02
2.818460948765277863e-02
3.198472037911415100e-02
2.317079007625579834e-01
3.029738366603851318e-01
3.029738366603851318e-01
2.851246297359466553e-01
4.232868924736976624e-02
9.353365749120712280e-02
1.056541725993156433e-01
5.147728323936462402e-02
9.224885702133178711e-02
2.476512491703033447e-01
3.029738366603851318e-01
3.029738366603851318e-01
8.312103152275085449e-02
2.009514123201370239e-01
1.840142756700515747e-01
1.334155946969985962e-01
5.509088933467864990e-02
1.109482124447822571e-01
7.829833030700683594e-02
6.192978098988533020e-02
6.532356142997741699e-02
1.681669950485229492e-01
2.622765302658081055e-01
2.088996171951293945e-01
1.217119172215461731e-01
8.754542469978332520e-02
1.274874359369277954e-01
4.940474778413772583e-02
7.183908671140670776e-02
7.404963672161102295e-02
2.683942019939422607e-01
1.090227216482162476e-01
1.702256351709365845e-01
1.575371474027633667e-01
6.268192082643508911e-02
8.137436211109161377e-02
1.808204501867294312e-01
2.683942019939422607e-01
2.683942019939422607e-01
2.623745799064636230e-01
1.763771921396255493e-01
1.831871122121810913e-01
1.538196355104446411e-01
1.137383207678794861e-01
9.998776018619537354e-02
1.644942611455917358e-01
2.683942019939422607e-01
2.683942019939422607e-01
2.387760132551193237e-01
2.137772291898727417e-01
1.763779222965240479e-01
1.243599876761436462e-01
1.068313494324684143e-01
1.540178805589675903e-01
1.235185861587524414e-01
1.112473830580711365e-01
1.086506843566894531e-01
1.501894891262054443e-01
1.306346207857131958e-01
1.727872937917709351e-01
1.670856326818466187e-01
1.011988520622253418e-01
1.078441888093948364e-01
1.409275233745574951e-01
1.158535927534103394e-01
1.155378967523574829e-01
2.397433966398239136e-01
1.533397883176803589e-01
1.466109603643417358e-01
9.487100690603256226e-02
1.392007768154144287e-01
1.407406628131866455e-01
2.397433966398239136e-01
2.397433966398239136e-01
2.397433966398239136e-01
1.985537856817245483e-01
1.583366841077804565e-01
1.757693737745285034e-01
1.025215387344360352e-01
1.216341927647590637e-01
1.114084720611572266e-01
2.397433966398239136e-01
2.397433966398239136e-01
1.915279626846313477e-01
1.699946373701095581e-01
1.808083653450012207e-01
2.231955081224441528e-01
1.836666166782379150e-01
1.341844350099563599e-01
8.735943585634231567e-02
1.067264303565025330e-01
1.364862918853759766e-01
1.149182543158531189e-01
1.107231080532073975e-01
1.974229067564010620e-01
2.129637151956558228e-01
7.521664351224899292e-02
1.270174682140350342e-01
7.909054309129714966e-02
1.707171797752380371e-01
1.592364460229873657e-01
1.407641172409057617e-01
2.231955081224441528e-01
2.231955081224441528e-01
2.231955081224441528e-01
1.941549926996231079e-01
1.498779058456420898e-01
6.784399598836898804e-02
1.819148808717727661e-01
2.004442960023880005e-01
1.406119912862777710e-01
1.821488291025161743e-01
1.914319694042205811e-01
2.231955081224441528e-01
1.597780883312225342e-01
1.981246620416641235e-01
6.026535481214523315e-02
1.404149383306503296e-01
2.096528261899948120e-01
1.607412546873092651e-01
7.168932259082794189e-02
1.720781773328781128e-01
1.707135736942291260e-01
4.584765061736106873e-02
2.322624176740646362e-01
7.681112736463546753e-02
2.134338319301605225e-01
1.488418281078338623e-01
1.477103233337402344e-01
1.880639642477035522e-01
1.535282731056213379e-01
1.673580557107925415e-01
9.840442240238189697e-02
2.353206723928451538e-01
2.353206723928451538e-01
1.890765577554702759e-01
2.021107673645019531e-01
2.353206723928451538e-01
1.407511234283447266e-01
1.427574306726455688e-01
1.623385697603225708e-01
1.079634428024291992e-01
2.353206723928451538e-01
1.053081303834915161e-01
1.614078581333160400e-01
1.758794635534286499e-01
1.702828556299209595e-01
1.507548391819000244e-01
1.615901142358779907e-01
1.765368729829788208e-01
1.251402050256729126e-01
1.963337510824203491e-01
9.527177363634109497e-02
1.413027048110961914e-01
1.059066578745841980e-01
1.944354772567749023e-01
2.608383595943450928e-01
1.397122740745544434e-01
1.760065108537673950e-01
1.345119476318359375e-01
1.326679736375808716e-01
1.753708422183990479e-01
1.340207308530807495e-01
1.356183290481567383e-01
2.608383595943450928e-01
2.608383595943450928e-01
2.608383595943450928e-01
2.056349217891693115e-01
1.928045451641082764e-01
1.223727613687515259e-01
1.002319306135177612e-01
2.217627912759780884e-01
1.806487441062927246e-01
2.608383595943450928e-01
1.063038036227226257e-01
1.097340881824493408e-01
9.984650462865829468e-02
1.153658628463745117e-01
9.267486631870269775e-02
5.799064040184020996e-02
6.709648668766021729e-02
8.258082717657089233e-02
1.603576540946960449e-01
1.787137240171432495e-01
1.898521631956100464e-01
1.171108782291412354e-01
1.558057814836502075e-01
1.342228055000305176e-01
6.883951276540756226e-02
1.011099591851234436e-01
1.564951837062835693e-01
2.420041114091873169e-01
1.355097591876983643e-01
1.771655678749084473e-01
1.678058654069900513e-01
1.852216720581054688e-01
1.288067698478698730e-01
1.293271481990814209e-01
2.146797478199005127e-01
1.656123101711273193e-01
1.042676866054534912e-01
1.033476069569587708e-01
1.581267863512039185e-01
1.876722127199172974e-01
1.812297403812408447e-01
1.746358722448348999e-01
1.590628623962402344e-01
1.799479722976684570e-01
1.449984461069107056e-01
1.320762336254119873e-01
1.943209320306777954e-01
1.619418710470199585e-01
1.590645164251327515e-01
2.130627036094665527e-01
1.222309991717338562e-01
9.588782489299774170e-02
1.820587813854217529e-01
1.636930853128433228e-01
1.910304278135299683e-01
1.817251145839691162e-01
1.561981737613677979e-01
1.399511396884918213e-01
2.041118294000625610e-01
1.430053114891052246e-01
1.372138261795043945e-01
2.146797478199005127e-01
1.793379038572311401e-01
2.146797478199005127e-01
1.350441128015518188e-01
1.600892245769500732e-01
1.329801082611083984e-01
1.629715561866760254e-01
1.717547178268432617e-01
1.138257458806037903e-01
1.969008594751358032e-01
1.285559386014938354e-01
1.968372017145156860e-01
1.169067695736885071e-01
8.527857065200805664e-02
9.297960251569747925e-02
8.950804173946380615e-02
2.108609080314636230e-01
1.285344511270523071e-01
2.265411466360092163e-01
2.218409478664398193e-01
2.265411466360092163e-01
1.824304908514022827e-01
1.505131423473358154e-01
1.114591285586357117e-01
1.545917391777038574e-01
1.838547140359878540e-01
1.004075780510902405e-01
2.265411466360092163e-01
1.374090313911437988e-01
2.265411466360092163e-01
1.588420420885086060e-01
8.088339865207672119e-02
1.248086839914321899e-01
9.419527649879455566e-02
2.265411466360092163e-01
1.135968565940856934e-01
2.265411466360092163e-01
2.047933787107467651e-01
2.265411466360092163e-01
1.067878752946853638e-01
9.549715369939804077e-02
6.665492057800292969e-02
4.964187368750572205e-02
2.312632799148559570e-01
1.667535901069641113e-01
2.312632799148559570e-01
2.312632799148559570e-01
1.573806405067443848e-01
1.181241199374198914e-01
1.040680259466171265e-01
5.423189699649810791e-02
3.588386252522468567e-02
1.627130657434463501e-01
1.164974868297576904e-01
2.310364842414855957e-01
2.142066508531570435e-01
1.389437019824981689e-01
1.734342575073242188e-01
1.438923925161361694e-01
1.279695630073547363e-01
1.074659377336502075e-01
2.312632799148559570e-01
1.350794732570648193e-01
2.312632799148559570e-01
2.189968973398208618e-01
1.779047101736068726e-01
2.244101613759994507e-01
2.312632799148559570e-01
1.288322806358337402e-01
1.366738528013229370e-01
1.865506917238235474e-01
1.322478204965591431e-01
2.312632799148559570e-01
1.554857790470123291e-01
1.304111331701278687e-01
5.116145685315132141e-02
3.369977697730064392e-02
2.145908027887344360e-02
6.536209955811500549e-03
4.903515800833702087e-02
1.177063062787055969e-01
2.117745727300643921e-01
3.230150341987609863e-01
1.047193109989166260e-01
1.451188623905181885e-01
1.379727721214294434e-01
4.350774735212326050e-02
3.140967339277267456e-02
1.346150189638137817e-01
3.622725009918212891e-01
3.622725009918212891e-01
3.622725009918212891e-01
2.607370316982269287e-01
8.696455508470535278e-02
9.155447036027908325e-02
6.263064593076705933e-02
5.231149122118949890e-02
8.190396428108215332e-02
8.055519312620162964e-02
8.748240023851394653e-02
9.167670458555221558e-02
6.817752867937088013e-02
6.744837015867233276e-02
6.934880465269088745e-02
4.926570132374763489e-02
3.843704983592033386e-02
1.489664167165756226e-01
1.392675936222076416e-01
3.053393065929412842e-01
2.627880275249481201e-01
1.387820094823837280e-01
1.040952205657958984e-01
1.289623379707336426e-01
7.016275078058242798e-02
3.029639273881912231e-02
7.245077937841415405e-02
1.393249779939651489e-01
2.882110178470611572e-01
2.882110178470611572e-01
1.853134483098983765e-01
1.496008038520812988e-01
1.166102588176727295e-01
1.574163436889648438e-01
6.476261466741561890e-02
1.226672902703285217e-01
8.046823740005493164e-02
2.882110178470611572e-01
2.882110178470611572e-01
2.539476752281188965e-01
4.527867957949638367e-02
3.178787976503372192e-02
2.142265439033508301e-02
8.880877867341041565e-03
2.649339847266674042e-02
4.788110405206680298e-02
2.077642381191253662e-01
2.882110178470611572e-01
1.507561653852462769e-01
9.328048676252365112e-02
3.339602425694465637e-02
3.856558352708816528e-02
2.750867418944835663e-02
5.143813043832778931e-02
4.613734036684036255e-02
2.882110178470611572e-01
2.882110178470611572e-01
2.882110178470611572e-01
1.352088749408721924e-01
5.756445974111557007e-02
1.108573675155639648e-01
5.461613461375236511e-02
1.326005607843399048e-01
9.163295477628707886e-02
1.878722608089447021e-01
2.735665142536163330e-01
1.230041608214378357e-01
1.447340995073318481e-01
1.209418252110481262e-01
1.502671092748641968e-01
7.018536329269409180e-02
1.160688400268554688e-01
1.098769903182983398e-01
1.453221738338470459e-01
2.346787601709365845e-01
8.582668006420135498e-02
1.404614299535751343e-01
4.479577392339706421e-02
3.976780921220779419e-02
2.966500073671340942e-02
7.456339895725250244e-02
7.298282533884048462e-02
2.839127779006958008e-01
2.839127779006958008e-01
2.839127779006958008e-01
2.457336932420730591e-01
1.746158450841903687e-01
1.194583848118782043e-01
3.135574236512184143e-02
8.135065436363220215e-02
7.346347719430923462e-02
2.839127779006958008e-01
2.839127779006958008e-01
2.839127779006958008e-01
1.068167611956596375e-01
1.043445691466331482e-01
1.930518895387649536e-01
6.294089555740356445e-02
9.218474477529525757e-02
8.858061581850051880e-02
1.471321880817413330e-01
2.041416317224502563e-01
1.779289990663528442e-01
2.412713021039962769e-01
1.594678610563278198e-01
1.275518685579299927e-01
4.041408002376556396e-02
1.099740117788314819e-01
1.155040785670280457e-01
1.627240031957626343e-01
2.063092440366744995e-01
2.412713021039962769e-01
2.412713021039962769e-01
1.347394138574600220e-01
1.354408115148544312e-01
4.767834022641181946e-02
1.280001550912857056e-01
8.207031339406967163e-02
2.109262794256210327e-01
2.412713021039962769e-01
2.412713021039962769e-01
2.412713021039962769e-01
9.341368079185485840e-02
8.889427036046981812e-02
6.478758901357650757e-02
1.960799396038055420e-01
1.570373773574829102e-01
1.700424700975418091e-01
2.412713021039962769e-01
2.412713021039962769e-01
2.560811340808868408e-01
1.717119663953781128e-01
1.452480703592300415e-01
1.377502083778381348e-01
1.302601099014282227e-01
6.968373060226440430e-02
1.354578584432601929e-01
1.287273466587066650e-01
2.560811340808868408e-01
2.121116220951080322e-01
1.383273899555206299e-01
1.385611146688461304e-01
8.548774570226669312e-02
1.767357140779495239e-01
8.374610543251037598e-02
6.478537619113922119e-02
4.838513210415840149e-02
1.643386781215667725e-01
2.560811340808868408e-01
1.754366904497146606e-01
8.820501714944839478e-02
7.596819847822189331e-02
1.308200657367706299e-01
6.672663241624832153e-02
2.550788521766662598e-01
2.560811340808868408e-01
2.560811340808868408e-01
2.264542430639266968e-01
6.379476934671401978e-02
6.172011792659759521e-02
4.807219281792640686e-02
2.021338790655136108e-01
3.729822114109992981e-02
1.224281340837478638e-01
2.560811340808868408e-01
2.560811340808868408e-01
2.438325434923171997e-01
5.972442775964736938e-02
1.072145253419876099e-01
3.928885981440544128e-02
2.561078369617462158e-01
4.972509294748306274e-02
3.813606873154640198e-02
8.931256085634231567e-02
2.237536758184432983e-01
2.691438198089599609e-01
3.908082842826843262e-02
9.000716358423233032e-02
1.893874257802963257e-02
1.903023421764373779e-01
3.134666755795478821e-02
2.158884555101394653e-01
2.704116404056549072e-01
2.704116404056549072e-01
2.367096692323684692e-01
3.687523677945137024e-02
7.682244479656219482e-02
2.006737701594829559e-02
2.704116404056549072e-01
5.127016827464103699e-02
3.618802502751350403e-02
1.703901439905166626e-01
2.704116404056549072e-01
2.704116404056549072e-01
3.353796526789665222e-02
6.539157778024673462e-02
2.654498908668756485e-03
2.704116404056549072e-01
4.532425105571746826e-02
9.059067815542221069e-02
5.703741684556007385e-02
2.704116404056549072e-01
1.557002216577529907e-01
4.414024949073791504e-02
4.697602614760398865e-02
2.128030546009540558e-02
5.123141780495643616e-02
4.030946269631385803e-02
1.818282455205917358e-01
3.575936257839202881e-01
3.575936257839202881e-01
3.575936257839202881e-01
9.320390224456787109e-02
8.725358545780181885e-02
4.384088516235351562e-02
5.497553944587707520e-02
7.516315579414367676e-02
2.921823859214782715e-01
3.575936257839202881e-01
3.575936257839202881e-01
1.576571762561798096e-01
4.167241603136062622e-02
2.517843432724475861e-02
7.622993085533380508e-03
1.869350969791412354e-01
3.523360192775726318e-02
4.897505417466163635e-02
2.554096654057502747e-02
1.236904636025428772e-01
1.325684189796447754e-01
1.382055878639221191e-01
7.798589766025543213e-02
1.877889037132263184e-02
1.112889871001243591e-01
6.100784987211227417e-02
6.890966743230819702e-02
9.939116239547729492e-02
1.515600681304931641e-01
3.089549839496612549e-01
5.031283572316169739e-02
4.921010136604309082e-02
3.941077366471290588e-02
4.283668473362922668e-02
2.388293482363224030e-02
1.581590324640274048e-01
3.180265724658966064e-01
3.180265724658966064e-01
3.180265724658966064e-01
5.283429101109504700e-02
7.364631444215774536e-02
7.357171177864074707e-02
9.032277017831802368e-02
4.496591165661811829e-02
2.591630220413208008e-01
3.180265724658966064e-01
3.180265724658966064e-01
9.789003431797027588e-02
6.356947124004364014e-02
5.192959681153297424e-02
1.524431444704532623e-02
4.750316962599754333e-02
3.356650471687316895e-02
5.546759814023971558e-02
9.904252737760543823e-02
1.578759998083114624e-01
2.037589401006698608e-01
4.909438267350196838e-02
7.361025363206863403e-02
5.366639420390129089e-02
8.122117817401885986e-02
5.885758996009826660e-02
1.434376239776611328e-01
2.024029791355133057e-01
2.986460924148559570e-01
2.020192146301269531e-01
2.895930409431457520e-02
3.525526449084281921e-02
4.094670712947845459e-02
6.829458475112915039e-02
4.052537679672241211e-02
2.637180089950561523e-01
2.696144282817840576e-01
2.696144282817840576e-01
2.132700085639953613e-01
6.139966100454330444e-02
4.485547915101051331e-02
2.502184174954891205e-02
4.664535075426101685e-02
3.395951539278030396e-02
2.396200746297836304e-01
2.696144282817840576e-01
2.696144282817840576e-01
1.444493532180786133e-01
4.558318108320236206e-02
4.418348148465156555e-02
7.225534319877624512e-02
6.239520385861396790e-02
3.030839376151561737e-02
1.607961952686309814e-01
2.537285983562469482e-01
2.696144282817840576e-01
2.006611526012420654e-01
7.454951107501983643e-02
9.240945428609848022e-02
7.898571342229843140e-02
3.553672879934310913e-02
1.891742460429668427e-02
2.607989907264709473e-01
2.696144282817840576e-01
2.696144282817840576e-01
1.866127848625183105e-01
8.869083970785140991e-02
6.959381699562072754e-02
4.508616775274276733e-02
4.355941340327262878e-02
1.812719553709030151e-02
1.615560203790664673e-01
2.738946378231048584e-01
2.738946378231048584e-01
1.481028497219085693e-01
7.726565748453140259e-02
7.551742345094680786e-02
7.487446814775466919e-02
8.330556750297546387e-02
4.562760517001152039e-02
9.177950024604797363e-02
2.102189213037490845e-01
1.722141057252883911e-01
2.240285128355026245e-01
9.000005573034286499e-02
1.170229241251945496e-01
6.330416351556777954e-02
4.061064496636390686e-02
3.169119730591773987e-02
2.711366415023803711e-01
2.738946378231048584e-01
2.738946378231048584e-01
2.738946378231048584e-01
1.311733722686767578e-01
9.468364715576171875e-02
6.537479907274246216e-02
5.995788425207138062e-02
9.336009621620178223e-02
2.623324096202850342e-01
2.738946378231048584e-01
2.738946378231048584e-01
1.572872847318649292e-01
8.986981213092803955e-02
9.274299442768096924e-02
7.802715897560119629e-02
1.053347364068031311e-01
7.807545363903045654e-02
9.390053898096084595e-02
1.297465115785598755e-01
1.246670782566070557e-01
9.257285296916961670e-02
7.674415409564971924e-02
1.023871302604675293e-01
7.435963302850723267e-02
8.125165104866027832e-02
6.571837514638900757e-02
9.539805352687835693e-02
9.050647169351577759e-02
1.880300641059875488e-01
2.965623736381530762e-01
1.440937668085098267e-01
1.021532416343688965e-01
8.000572025775909424e-02
8.415389806032180786e-02
1.618524789810180664e-01
2.965623736381530762e-01
2.965623736381530762e-01
2.965623736381530762e-01
2.107432335615158081e-01
7.805079966783523560e-02
8.578467369079589844e-02
7.624819874763488770e-02
9.173164516687393188e-02
1.961947828531265259e-01
2.965623736381530762e-01
2.965623736381530762e-01
2.965623736381530762e-01
1.243982836604118347e-01
1.003673672676086426e-01
9.971506148576736450e-02
1.062567383050918579e-01
1.232825815677642822e-01
7.847698032855987549e-02
5.652271211147308350e-02
1.140697151422500610e-01
2.191383540630340576e-01
2.087230086326599121e-01
1.730568856000900269e-01
1.725995242595672607e-01
1.407967358827590942e-01
1.767764091491699219e-01
1.074397191405296326e-01
9.826757013797760010e-02
1.610322445631027222e-01
2.197150737047195435e-01
1.613938808441162109e-01
1.622614264488220215e-01
1.269797384738922119e-01
7.700806856155395508e-02
1.678066998720169067e-01
1.744769364595413208e-01
1.838130503892898560e-01
2.197150737047195435e-01
2.197150737047195435e-01
2.197150737047195435e-01
2.197150737047195435e-01
2.197150737047195435e-01
1.224422156810760498e-01
2.197150737047195435e-01
1.532204747200012207e-01
1.564209908246994019e-01
2.197150737047195435e-01
2.190288156270980835e-01
1.642837226390838623e-01
1.395730376243591309e-01
1.671047657728195190e-01
1.146114394068717957e-01
1.014901995658874512e-01
8.619257807731628418e-02
1.398577988147735596e-01
1.238866373896598816e-01
1.986960172653198242e-01
1.516608297824859619e-01
1.611786186695098877e-01
1.304803639650344849e-01
1.467346549034118652e-01
9.507924318313598633e-02
9.253276139497756958e-02
2.021776735782623291e-01
1.367037147283554077e-01
2.203810214996337891e-01
1.094883084297180176e-01
2.237105369567871094e-01
2.237105369567871094e-01
1.555384397506713867e-01
2.099260538816452026e-01
1.336510479450225830e-01
1.095886230468750000e-01
1.642157435417175293e-01
2.237105369567871094e-01
1.635716110467910767e-01
2.237105369567871094e-01
2.237105369567871094e-01
2.033866047859191895e-01
1.696285754442214966e-01
1.548789888620376587e-01
1.411999613046646118e-01
1.632801592350006104e-01
2.237105369567871094e-01
1.539638936519622803e-01
1.234484985470771790e-01
7.680305093526840210e-02
1.457687616348266602e-01
1.052488461136817932e-01
6.512311846017837524e-02
2.240810543298721313e-01
1.693705171346664429e-01
2.438034266233444214e-01
1.255138218402862549e-01
8.081698417663574219e-02
1.066471338272094727e-01
1.152989342808723450e-01
1.036026999354362488e-01
5.195507407188415527e-02
1.688326150178909302e-01
1.971799731254577637e-01
2.438034266233444214e-01
2.242998629808425903e-01
1.711661070585250854e-01
1.683510243892669678e-01
1.786525100469589233e-01
1.125399842858314514e-01
1.197570040822029114e-01
1.519635021686553955e-01
1.858063489198684692e-01
2.438034266233444214e-01
2.438034266233444214e-01
2.438034266233444214e-01
2.199623733758926392e-01
1.631416976451873779e-01
9.852404892444610596e-02
8.524691313505172729e-02
9.591861814260482788e-02
1.648643314838409424e-01
2.438034266233444214e-01
1.030943915247917175e-01
1.201205700635910034e-01
1.316595673561096191e-01
1.209366768598556519e-01
9.970568120479583740e-02
3.796076029539108276e-02
8.633866906166076660e-02
1.167746707797050476e-01
1.465307027101516724e-01
1.402353644371032715e-01
1.558002978563308716e-01
1.020401045680046082e-01
9.160978347063064575e-02
1.041263267397880554e-01
7.963211089372634888e-02
1.113105341792106628e-01
9.903908520936965942e-02
9.323422610759735107e-02
3.249355256557464600e-01
3.249355256557464600e-01
1.802549511194229126e-01
1.411090791225433350e-01
8.226885646581649780e-02
5.204262956976890564e-02
6.615890562534332275e-02
1.569137573242187500e-01
3.249355256557464600e-01
3.249355256557464600e-01
3.097117543220520020e-01
9.756805747747421265e-02
9.567296504974365234e-02
1.079562231898307800e-01
5.599400773644447327e-02
6.726364791393280029e-02
1.492293626070022583e-01
3.249355256557464600e-01
7.863176614046096802e-02
7.956191152334213257e-02
5.695689842104911804e-02
5.526779592037200928e-02
7.047838717699050903e-02
7.371227443218231201e-02
5.862322449684143066e-02
7.825405150651931763e-02
6.885419040918350220e-02
7.127355039119720459e-02
9.083842486143112183e-02
6.409072875976562500e-02
4.715396836400032043e-02
7.825709134340286255e-02
7.272831350564956665e-02
7.543718814849853516e-02
7.626309990882873535e-02
4.975413158535957336e-02
3.712779283523559570e-01
3.643195629119873047e-01
8.516468107700347900e-02
4.863420873880386353e-02
6.158994138240814209e-02
4.993349313735961914e-02
6.488595157861709595e-02
9.096529334783554077e-02
3.712779283523559570e-01
3.712779283523559570e-01
3.712779283523559570e-01
1.233335360884666443e-01
2.425855211913585663e-02
4.575346410274505615e-02
8.062676340341567993e-02
1.308969706296920776e-01
1.258401572704315186e-01
3.712779283523559570e-01
7.592038810253143311e-02
6.015111878514289856e-02
6.257552653551101685e-02
1.404207386076450348e-02
3.309526666998863220e-02
3.249352425336837769e-02
6.082307547330856323e-02
8.853626251220703125e-02
5.948516726493835449e-02
1.135510876774787903e-01
6.148961931467056274e-02
8.042250573635101318e-02
3.033781051635742188e-02
5.113623291254043579e-02
1.562451105564832687e-02
2.100148797035217285e-01
2.942102253437042236e-01
1.944579929113388062e-01
3.933027982711791992e-01
1.719606816768646240e-01
9.264875203371047974e-02
1.566937007009983063e-02
3.046095557510852814e-02
3.267798945307731628e-02
4.282386228442192078e-02
7.329677045345306396e-02
3.933027982711791992e-01
3.933027982711791992e-01
2.889876067638397217e-01
1.055816486477851868e-01
3.811456635594367981e-02
6.189909577369689941e-02
3.378745913505554199e-02
2.767442725598812103e-02
4.352525994181632996e-02
3.931104242801666260e-01
1.094653159379959106e-01
4.845734313130378723e-02
3.743824735283851624e-02
1.262407843023538589e-02
2.349665574729442596e-02
1.652926392853260040e-02
1.663507074117660522e-01
2.886528968811035156e-01
2.393092215061187744e-01
2.886528968811035156e-01
1.267589777708053589e-01
4.561297968029975891e-02
9.459855034947395325e-03
3.459824994206428528e-02
1.833028905093669891e-02
2.158555686473846436e-01
2.886528968811035156e-01
2.886528968811035156e-01
2.886528968811035156e-01
2.667354643344879150e-01
8.701951801776885986e-02
3.452448546886444092e-02
2.878289110958576202e-02
4.011385515332221985e-02
3.439963608980178833e-02
2.273513749241828918e-02
1.995528787374496460e-01
2.886528968811035156e-01
2.886528968811035156e-01
1.034000515937805176e-01
5.361785367131233215e-02
2.870631404221057892e-02
5.785010010004043579e-02
1.022888049483299255e-01
1.022605150938034058e-01
2.886528968811035156e-01
2.505576908588409424e-01
1.055910959839820862e-01
7.447953522205352783e-02
1.759867556393146515e-02
3.823857754468917847e-02
1.685416698455810547e-02
1.633723527193069458e-01
2.505576908588409424e-01
2.505576908588409424e-01
2.000679820775985718e-01
8.001308888196945190e-02
1.902061849832534790e-01
4.853011667728424072e-02
9.536002576351165771e-02
5.756349116563796997e-02
1.462529152631759644e-01
2.494330853223800659e-01
2.505576908588409424e-01
2.505576908588409424e-01
2.505576908588409424e-01
1.203677579760551453e-01
2.511373721063137054e-02
1.617125235497951508e-02
4.878016188740730286e-02
1.142767146229743958e-01
1.540104150772094727e-01
2.505576908588409424e-01
2.361159324645996094e-01
1.580256819725036621e-01
2.505576908588409424e-01
5.331119522452354431e-02
8.214759081602096558e-02
1.118782311677932739e-01
1.385689377784729004e-01
1.717379987239837646e-01
2.505576908588409424e-01
2.489327043294906616e-01
1.490432322025299072e-01
6.514820456504821777e-02
6.544551998376846313e-02
1.188319250941276550e-01
4.878299310803413391e-02
1.458393633365631104e-01
2.274243831634521484e-01
2.489327043294906616e-01
2.489327043294906616e-01
8.956143260002136230e-02
4.039853438735008240e-02
5.610820278525352478e-02
1.615204513072967529e-01
5.139217898249626160e-02
8.129344880580902100e-02
2.439752370119094849e-01
2.489327043294906616e-01
2.489327043294906616e-01
2.489327043294906616e-01
1.582631915807723999e-01
9.912100434303283691e-02
1.415179818868637085e-01
8.133948594331741333e-02
8.778183907270431519e-02
1.862835735082626343e-01
1.572026312351226807e-01
2.489327043294906616e-01
2.151282876729965210e-01
6.748007982969284058e-02
8.089803159236907959e-02
1.604794859886169434e-01
1.414168477058410645e-01
9.827023744583129883e-02
1.801442801952362061e-01
2.489327043294906616e-01
2.486036568880081177e-01
7.337597757577896118e-02
4.123184084892272949e-02
5.218887329101562500e-02
1.142332255840301514e-01
5.262212082743644714e-02
9.104972332715988159e-02
1.314869821071624756e-01
2.486036568880081177e-01
2.486036568880081177e-01
5.400951206684112549e-02
2.641602233052253723e-02
3.151690214872360229e-02
1.881414502859115601e-01
3.002217784523963928e-02
1.233845278620719910e-01
9.500244259834289551e-02
2.486036568880081177e-01
2.486036568880081177e-01
2.486036568880081177e-01
8.176112174987792969e-02
1.256728470325469971e-01
1.107859238982200623e-01
1.247270107269287109e-01
2.044650614261627197e-01
1.570941805839538574e-01
2.486036568880081177e-01
2.486036568880081177e-01
1.506418138742446899e-01
1.053679734468460083e-01
1.640032976865768433e-01
1.548906266689300537e-01
1.566183567047119141e-01
2.486036568880081177e-01
1.926407217979431152e-01
2.486036568880081177e-01
2.623287141323089600e-01
3.895590081810951233e-02
3.779514506459236145e-02
2.534108795225620270e-02
2.527459859848022461e-01
3.677622601389884949e-02
7.678660750389099121e-02
7.415931671857833862e-02
2.623287141323089600e-01
1.093893125653266907e-01
5.159203335642814636e-02
6.719587743282318115e-02
3.268992155790328979e-02
1.155051812529563904e-01
7.093561440706253052e-02
1.039720624685287476e-01
8.718173205852508545e-02
1.679553687572479248e-01
2.623287141323089600e-01
7.608781754970550537e-02
1.018821969628334045e-01
1.637432277202606201e-01
2.623287141323089600e-01
2.553051114082336426e-01
1.595040857791900635e-01
1.764664053916931152e-01
2.623287141323089600e-01
2.623287141323089600e-01
1.223861798644065857e-01
1.146977543830871582e-01
9.625817090272903442e-02
2.308491617441177368e-01
1.637750566005706787e-01
1.877495050430297852e-01
1.809286326169967651e-01
2.623287141323089600e-01
1.084375530481338501e-01
7.596871256828308105e-02
9.343914687633514404e-02
7.178195565938949585e-02
7.200650125741958618e-02
6.603541970252990723e-02
1.381711661815643311e-01
7.827287167310714722e-02
1.026250049471855164e-01
2.562351822853088379e-01
1.702864766120910645e-01
1.308783292770385742e-01
1.118267551064491272e-01
1.585778594017028809e-01
1.048747599124908447e-01
1.702809333801269531e-01
1.020638942718505859e-01
1.190377920866012573e-01
2.562351822853088379e-01
2.366705536842346191e-01
1.525966525077819824e-01
1.343811601400375366e-01
9.665788710117340088e-02
4.950778186321258545e-02
1.921681016683578491e-01
1.524011343717575073e-01
2.361465692520141602e-01
2.562351822853088379e-01
2.562351822853088379e-01
2.017190009355545044e-01
1.729308217763900757e-01
1.996900737285614014e-01
1.183568388223648071e-01
2.562351822853088379e-01
1.699432581663131714e-01
2.562351822853088379e-01
2.301484942436218262e-01
1.791509091854095459e-01
1.626893877983093262e-01
1.190440654754638672e-01
1.016367599368095398e-01
7.295623421669006348e-02
8.642009645700454712e-02
9.014867246150970459e-02
1.075171977281570435e-01
1.699837446212768555e-01
2.311095297336578369e-01
2.311095297336578369e-01
1.685755997896194458e-01
7.187791913747787476e-02
5.223900079727172852e-02
1.362740546464920044e-01
2.069810926914215088e-01
1.810759752988815308e-01
2.311095297336578369e-01
1.783224791288375854e-01
1.637238264083862305e-01
1.008386909961700439e-01
2.100062221288681030e-01
1.412378549575805664e-01
1.108891293406486511e-01
1.536602377891540527e-01
1.220363378524780273e-01
1.652074158191680908e-01
2.311095297336578369e-01
2.311095297336578369e-01
1.449311226606369019e-01
2.156460732221603394e-01
1.423623859882354736e-01
7.606279104948043823e-02
2.311095297336578369e-01
2.117156982421875000e-01
1.736515462398529053e-01
1.774829328060150146e-01
2.093443721532821655e-01
7.502239942550659180e-02
4.208130761981010437e-02
4.004376009106636047e-02
1.426514834165573120e-01
2.307443767786026001e-01
2.060057967901229858e-01
2.524597942829132080e-01
2.524597942829132080e-01
1.055517867207527161e-01
5.255872756242752075e-02
3.766207769513130188e-02
9.251680970191955566e-02
1.847808361053466797e-01
2.524597942829132080e-01
2.524597942829132080e-01
1.643064916133880615e-01
1.677324622869491577e-01
1.644174158573150635e-01
8.684036135673522949e-02
6.702606379985809326e-02
4.548804834485054016e-02
7.772105932235717773e-02
1.987944394350051880e-01
2.451621592044830322e-01
2.524597942829132080e-01
2.524597942829132080e-01
1.251481324434280396e-01
6.450304388999938965e-02
6.992340087890625000e-02
4.991042986512184143e-02
8.021409809589385986e-02
1.649790257215499878e-01
2.524597942829132080e-01
2.397292703390121460e-01
1.460399627685546875e-01
5.416196584701538086e-02
4.792709648609161377e-02
5.388066172599792480e-02
8.246935904026031494e-02
1.694820225238800049e-01
2.397292703390121460e-01
2.397292703390121460e-01
1.422320306301116943e-01
4.799148067831993103e-02
2.752072922885417938e-02
5.117448419332504272e-02
8.700639009475708008e-02
2.397292703390121460e-01
2.397292703390121460e-01
2.397292703390121460e-01
2.397292703390121460e-01
2.397292703390121460e-01
2.156671136617660522e-01
5.928554385900497437e-02
6.689263135194778442e-02
8.952652662992477417e-02
7.709045708179473877e-02
1.252855360507965088e-01
1.608596146106719971e-01
2.001352161169052124e-01
1.895417571067810059e-01
1.219920217990875244e-01
3.502269834280014038e-02
7.929288595914840698e-02
1.112944930791854858e-01
2.314887642860412598e-01
2.397292703390121460e-01
2.397292703390121460e-01
2.237303406000137329e-01
1.199719533324241638e-01
7.834647595882415771e-02
4.174446687102317810e-02
2.997691556811332703e-02
8.599081635475158691e-02
2.113012075424194336e-01
2.267595827579498291e-01
1.805656105279922485e-01
1.826074570417404175e-01
1.361698359251022339e-01
1.061657071113586426e-01
1.049178913235664368e-01
4.651568830013275146e-02
9.744176268577575684e-02
6.227568536996841431e-02
7.723335176706314087e-02
1.125910058617591858e-01
2.404191344976425171e-01
2.846403419971466064e-01
1.669978946447372437e-01
6.020554155111312866e-02
3.275161236524581909e-02
7.041069120168685913e-02
1.872216016054153442e-01
2.608354091644287109e-01
2.746898531913757324e-01
2.846403419971466064e-01
2.846403419971466064e-01
1.191789135336875916e-01
1.120788082480430603e-01
4.502663016319274902e-02
4.445895180106163025e-02
4.453201964497566223e-02
1.335371881723403931e-01
2.846403419971466064e-01
2.846403419971466064e-01
7.580563426017761230e-02
1.447523534297943115e-01
1.603713780641555786e-01
1.048698499798774719e-01
1.573426425457000732e-01
9.620486944913864136e-02
7.282605767250061035e-02
1.113485395908355713e-01
1.893192529678344727e-01
1.638847589492797852e-01
2.416524738073348999e-01
2.041831761598587036e-01
1.497913151979446411e-01
1.406032592058181763e-01
9.988960623741149902e-02
9.547755122184753418e-02
9.306430071592330933e-02
2.066858708858489990e-01
1.697490066289901733e-01
1.812272667884826660e-01
1.412237584590911865e-01
9.003455191850662231e-02
1.038838326930999756e-01
8.553023636341094971e-02
1.203913241624832153e-01
2.774074971675872803e-01
2.774074971675872803e-01
2.206657528877258301e-01
2.774074971675872803e-01
2.774074971675872803e-01
1.037036329507827759e-01
1.193604916334152222e-01
9.453132748603820801e-02
1.471097916364669800e-01
1.736033558845520020e-01
2.051589339971542358e-01
2.153392434120178223e-01
2.012069374322891235e-01
1.608519703149795532e-01
8.673148602247238159e-02
3.493538126349449158e-02
3.339223191142082214e-02
5.746646970510482788e-02
5.225279182195663452e-02
2.250536233186721802e-01
2.628692090511322021e-01
2.628692090511322021e-01
1.484383195638656616e-01
5.643342435359954834e-02
2.980747260153293610e-02
3.615658730268478394e-02
6.041172519326210022e-02
7.566511631011962891e-02
2.628692090511322021e-01
2.387407422065734863e-01
2.628692090511322021e-01
2.628692090511322021e-01
9.510297328233718872e-02
6.176380813121795654e-02
3.541681915521621704e-02
8.380655199289321899e-02
7.399263978004455566e-02
1.473349481821060181e-01
2.628692090511322021e-01
2.628692090511322021e-01
2.045794278383255005e-01
1.019998714327812195e-01
8.040850609540939331e-02
4.654260352253913879e-02
1.170557662844657898e-01
2.204686850309371948e-01
2.628692090511322021e-01
2.862946987152099609e-01
2.862946987152099609e-01
8.741770684719085693e-02
2.403967827558517456e-02
3.535566106438636780e-02
3.215113282203674316e-02
4.582503437995910645e-02
8.288814127445220947e-02
2.854332923889160156e-01
2.862946987152099609e-01
1.926754117012023926e-01
5.152716115117073059e-02
2.486781217157840729e-02
6.569281220436096191e-02
3.981302306056022644e-02
3.801055625081062317e-02
7.638038694858551025e-02
2.862946987152099609e-01
2.862946987152099609e-01
2.114063799381256104e-01
9.803307801485061646e-02
3.979871049523353577e-02
6.352129578590393066e-02
5.160241574048995972e-02
8.909839391708374023e-02
1.845572590827941895e-01
2.862946987152099609e-01
2.862946987152099609e-01
1.126421988010406494e-01
8.429302275180816650e-02
4.262344911694526672e-02
1.047809496521949768e-01
1.045997887849807739e-01
1.099002063274383545e-01
1.634191423654556274e-01
2.862946987152099609e-01
2.919090986251831055e-01
2.514629662036895752e-01
4.585264995694160461e-02
2.536886744201183319e-02
4.518767818808555603e-02
4.625087976455688477e-02
4.326643794775009155e-02
6.125773116946220398e-02
2.919090986251831055e-01
2.919090986251831055e-01
2.699027955532073975e-01
8.931292593479156494e-02
2.948690392076969147e-02
4.685854166746139526e-02
4.258184880018234253e-02
4.649991914629936218e-02
5.757665634155273438e-02
2.919090986251831055e-01
2.352114915847778320e-01
1.399022638797760010e-01
8.547721058130264282e-02
7.063315808773040771e-02
9.768206626176834106e-02
1.009422391653060913e-01
1.019191518425941467e-01
1.396522521972656250e-01
2.919090986251831055e-01
2.919090986251831055e-01
1.868032217025756836e-01
1.077263727784156799e-01
1.250915825366973877e-01
1.100249588489532471e-01
5.648294836282730103e-02
9.222790598869323730e-02
1.042945683002471924e-01
2.919090986251831055e-01
3.170319497585296631e-01
1.322712153196334839e-01
7.805193960666656494e-02
2.343884855508804321e-02
4.150981083512306213e-02
2.591789886355400085e-02
2.273292280733585358e-02
6.709420680999755859e-02
3.170319497585296631e-01
3.170319497585296631e-01
1.787517517805099487e-01
4.362121969461441040e-02
2.401527389883995056e-02
5.704021453857421875e-02
4.445251077413558960e-02
3.815284743905067444e-02
1.167224347591400146e-01
3.170319497585296631e-01
2.557607889175415039e-01
1.494767218828201294e-01
7.275707274675369263e-02
7.627695053815841675e-02
7.250545918941497803e-02
2.475002408027648926e-02
6.751342862844467163e-02
1.537505239248275757e-01
3.156654238700866699e-01
2.119064778089523315e-01
1.245155707001686096e-01
4.586983472108840942e-02
4.713353142142295837e-02
5.359362810850143433e-02
4.462856426835060120e-02
7.284808158874511719e-02
3.170319497585296631e-01
3.170319497585296631e-01
2.699287831783294678e-01
2.565841376781463623e-01
8.231667429208755493e-02
4.751853272318840027e-02
3.900517895817756653e-02
5.665705353021621704e-02
6.586850434541702271e-02
9.060740470886230469e-02
2.699287831783294678e-01
2.699287831783294678e-01
2.699287831783294678e-01
1.331307739019393921e-01
1.259376704692840576e-01
5.369067564606666565e-02
1.016460433602333069e-01
1.349530667066574097e-01
1.101776584982872009e-01
2.699287831783294678e-01
2.277035564184188843e-01
8.416802436113357544e-02
5.522765219211578369e-02
5.398997664451599121e-02
4.417989403009414673e-02
4.007939621806144714e-02
7.047969102859497070e-02
2.699287831783294678e-01
2.699287831783294678e-01
2.699287831783294678e-01
1.453745067119598389e-01
9.690352529287338257e-02
1.327686756849288940e-01
8.356313407421112061e-02
6.136949360370635986e-02
8.958767354488372803e-02
1.786025464534759521e-01
2.699287831783294678e-01
2.542966306209564209e-01
2.262777984142303467e-01
9.302774816751480103e-02
8.598416298627853394e-02
5.207167565822601318e-02
1.237379610538482666e-01
1.553398370742797852e-01
1.703805774450302124e-01
2.458322942256927490e-01
2.429214864969253540e-01
1.440279483795166016e-01
1.111770346760749817e-01
7.583228498697280884e-02
8.447919040918350220e-02
1.714892685413360596e-01
1.373088806867599487e-01
1.690108627080917358e-01
2.542966306209564209e-01
2.342456728219985962e-01
1.225703805685043335e-01
6.464830040931701660e-02
9.185428917407989502e-02
5.581700056791305542e-02
7.050272077322006226e-02
1.362849026918411255e-01
2.459013313055038452e-01
2.542966306209564209e-01
2.203838080167770386e-01
1.280090957880020142e-01
4.872485622763633728e-02
7.795991003513336182e-02
5.014479532837867737e-02
7.845697551965713501e-02
2.042416185140609741e-01
2.542966306209564209e-01
2.542966306209564209e-01
2.479360848665237427e-01
2.479360848665237427e-01
1.922642737627029419e-01
8.005692064762115479e-02
7.885350286960601807e-02
1.203743517398834229e-01
9.105964750051498413e-02
2.161423116922378540e-01
1.373471170663833618e-01
2.479360848665237427e-01
2.034451216459274292e-01
1.088604778051376343e-01
4.510462284088134766e-02
7.115347683429718018e-02
1.692462265491485596e-01
1.188917979598045349e-01
1.937555968761444092e-01
2.372425645589828491e-01
2.479360848665237427e-01
2.270086854696273804e-01
2.001064568758010864e-01
8.964400738477706909e-02
7.443752139806747437e-02
8.306540548801422119e-02
7.297593355178833008e-02
1.333922594785690308e-01
2.141020148992538452e-01
2.479360848665237427e-01
1.656497865915298462e-01
1.284850984811782837e-01
6.602025777101516724e-02
6.118467077612876892e-02
1.024358719587326050e-01
1.063704416155815125e-01
1.972825825214385986e-01
2.479360848665237427e-01
2.302943468093872070e-01
2.247256189584732056e-01
6.357511878013610840e-02
5.196262523531913757e-02
7.529770582914352417e-02
1.240413561463356018e-01
1.320412755012512207e-01
1.401806175708770752e-01
1.855779588222503662e-01
2.232786566019058228e-01
1.892197281122207642e-01
8.647930622100830078e-02
1.082231551408767700e-01
1.188335567712783813e-01
1.357755213975906372e-01
2.302943468093872070e-01
2.302943468093872070e-01
2.166986614465713501e-01
2.302943468093872070e-01
2.302943468093872070e-01
7.260271161794662476e-02
3.337143361568450928e-02
7.420173287391662598e-02
9.927771240472793579e-02
1.173914521932601929e-01
1.621465682983398438e-01
2.302943468093872070e-01
1.380024999380111694e-01
2.302943468093872070e-01
1.067464947700500488e-01
4.580774903297424316e-02
1.699589043855667114e-01
2.272571623325347900e-01
2.302943468093872070e-01
2.041814476251602173e-01
1.504935473203659058e-01
1.867042928934097290e-01
1.051119193434715271e-01
7.510016113519668579e-02
9.523133933544158936e-02
1.793177276849746704e-01
9.848044067621231079e-02
1.226122379302978516e-01
1.138139069080352783e-01
2.256778478622436523e-01
2.610004842281341553e-01
1.317468136548995972e-01
1.004235818982124329e-01
8.216693252325057983e-02
2.610004842281341553e-01
9.574620425701141357e-02
7.943003624677658081e-02
8.608751744031906128e-02
2.610004842281341553e-01
1.932784020900726318e-01
1.259195208549499512e-01
9.522390365600585938e-02
8.336954563856124878e-02
2.406727522611618042e-01
1.471086442470550537e-01
2.378630191087722778e-01
1.107210665941238403e-01
1.930118799209594727e-01
2.610004842281341553e-01
1.727342903614044189e-01
1.235011145472526550e-01
1.155155450105667114e-01
2.610004842281341553e-01
1.421632766723632812e-01
1.043395325541496277e-01
7.602088898420333862e-02
2.610004842281341553e-01
2.414920181035995483e-01
1.611230373382568359e-01
1.278732419013977051e-01
9.830508381128311157e-02
1.727619618177413940e-01
6.344331800937652588e-02
1.052743569016456604e-01
1.168179139494895935e-01
2.252212911844253540e-01
2.414920181035995483e-01
1.788832247257232666e-01
1.506741195917129517e-01
1.052705794572830200e-01
6.780442595481872559e-02
6.353062391281127930e-02
1.437498480081558228e-01
1.028339564800262451e-01
1.712964922189712524e-01
2.414920181035995483e-01
2.392621040344238281e-01
1.348052024841308594e-01
1.291507184505462646e-01
2.414920181035995483e-01
1.326901763677597046e-01
1.172938719391822815e-01
1.246934011578559875e-01
2.414920181035995483e-01
2.414920181035995483e-01
2.384299337863922119e-01
1.527350544929504395e-01
1.602725535631179810e-01
1.433193534612655640e-01
1.010037064552307129e-01
1.374784559011459351e-01
1.268437951803207397e-01
2.019116282463073730e-01
2.466735094785690308e-01
1.576814800500869751e-01
8.703357726335525513e-02
5.485754832625389099e-02
1.277130991220474243e-01
1.083665117621421814e-01
1.298883259296417236e-01
2.017599046230316162e-01
1.651151925325393677e-01
1.757795512676239014e-01
8.855829387903213501e-02
7.973689585924148560e-02
7.900881022214889526e-02
1.979731321334838867e-01
8.455520868301391602e-02
8.280796557664871216e-02
2.466735094785690308e-01
2.281208187341690063e-01
2.466735094785690308e-01
2.261015176773071289e-01
1.184440106153488159e-01
9.678501635789871216e-02
1.403245627880096436e-01
1.497027277946472168e-01
1.228738948702812195e-01
2.259144932031631470e-01
2.466735094785690308e-01
2.466735094785690308e-01
1.699338406324386597e-01
6.283690780401229858e-02
6.212173029780387878e-02
1.559595316648483276e-01
1.074202507734298706e-01
1.066482737660408020e-01
2.466735094785690308e-01
2.466735094785690308e-01
2.100515663623809814e-01
1.127943843603134155e-01
9.821981191635131836e-02
1.033878102898597717e-01
1.064328104257583618e-01
6.790928542613983154e-02
5.682104453444480896e-02
2.257123142480850220e-01
2.379245460033416748e-01
2.579132318496704102e-01
2.579132318496704102e-01
9.074959903955459595e-02
1.108125820755958557e-01
1.162141561508178711e-01
1.457250714302062988e-01
9.222381561994552612e-02
1.283660829067230225e-01
2.209510207176208496e-01
2.579132318496704102e-01
1.440581381320953369e-01
6.147838756442070007e-02
9.436413645744323730e-02
1.161793470382690430e-01
9.979300200939178467e-02
9.978676587343215942e-02
2.167138159275054932e-01
2.579132318496704102e-01
2.579132318496704102e-01
2.437913119792938232e-01
8.134063333272933960e-02
1.071253567934036255e-01
1.297859996557235718e-01
1.559885293245315552e-01
1.457669883966445923e-01
1.076048985123634338e-01
2.579132318496704102e-01
2.472143620252609253e-01
2.472143620252609253e-01
6.229585409164428711e-02
7.808063924312591553e-02
1.120157837867736816e-01
1.750100553035736084e-01
1.413632184267044067e-01
1.173882707953453064e-01
1.460232883691787720e-01
2.472143620252609253e-01
2.472143620252609253e-01
6.610018014907836914e-02
6.910557299852371216e-02
1.243565380573272705e-01
1.772087663412094116e-01
1.997224241495132446e-01
2.005650103092193604e-01
1.883302330970764160e-01
2.472143620252609253e-01
2.471448928117752075e-01
7.375936955213546753e-02
5.331950634717941284e-02
1.045220196247100830e-01
1.158587560057640076e-01
1.100301742553710938e-01
1.012943014502525330e-01
2.472143620252609253e-01
2.472143620252609253e-01
2.165165543556213379e-01
1.058505177497863770e-01
1.044975146651268005e-01
1.327162086963653564e-01
1.018894612789154053e-01
1.020477637648582458e-01
1.563776284456253052e-01
2.048009485006332397e-01
2.523334920406341553e-01
1.632208973169326782e-01
4.957071319222450256e-02
1.961935311555862427e-02
7.501012086868286133e-02
8.755374699831008911e-02
1.978747397661209106e-01
2.232490628957748413e-01
2.523334920406341553e-01
2.523334920406341553e-01
1.227650567889213562e-01
1.091542914509773254e-01
8.454162627458572388e-02
4.906239360570907593e-02
5.915956571698188782e-02
1.860476732254028320e-01
2.523334920406341553e-01
2.523334920406341553e-01
2.523334920406341553e-01
1.243210583925247192e-01
6.624853610992431641e-02
6.036096811294555664e-02
1.034624874591827393e-01
6.726508587598800659e-02
1.308445632457733154e-01
1.768963783979415894e-01
2.142026722431182861e-01
2.523334920406341553e-01
2.222233414649963379e-01
1.277666836977005005e-01
1.213891878724098206e-01
1.056275740265846252e-01
5.496155098080635071e-02
1.471600234508514404e-01
1.799650341272354126e-01
2.523334920406341553e-01
2.082760632038116455e-01
1.953641623258590698e-01
1.865211427211761475e-01
1.370644122362136841e-01
8.652117848396301270e-02
4.655700176954269409e-02
9.632524847984313965e-02
2.431591600179672241e-01
2.431591600179672241e-01
1.702381819486618042e-01
2.431591600179672241e-01
2.431591600179672241e-01
7.925840467214584351e-02
9.140173345804214478e-02
5.153753980994224548e-02
1.273470669984817505e-01
2.032940387725830078e-01
1.485711783170700073e-01
2.431591600179672241e-01
2.310779690742492676e-01
1.692129224538803101e-01
1.515103727579116821e-01
1.076093912124633789e-01
3.615289181470870972e-02
1.043480932712554932e-01
1.265965551137924194e-01
2.431591600179672241e-01
1.538672745227813721e-01
1.731604188680648804e-01
1.717557907104492188e-01
9.200559556484222412e-02
1.056871563196182251e-01
3.704737499356269836e-02
1.258674412965774536e-01
2.122216075658798218e-01
2.302806526422500610e-01
1.608235388994216919e-01
2.444649040699005127e-01
2.444649040699005127e-01
6.785463541746139526e-02
9.226121008396148682e-02
7.924097031354904175e-02
1.590513885021209717e-01
2.444649040699005127e-01
1.514251232147216797e-01
2.115829437971115112e-01
1.348224133253097534e-01
1.413910835981369019e-01
9.588824212551116943e-02
1.074787452816963196e-01
1.123823076486587524e-01
1.744820028543472290e-01
2.444649040699005127e-01
2.444649040699005127e-01
1.244648024439811707e-01
9.048036485910415649e-02
7.078733295202255249e-02
1.013628840446472168e-01
1.158795654773712158e-01
8.183755725622177124e-02
1.495555341243743896e-01
2.444649040699005127e-01
2.111573219299316406e-01
2.262491136789321899e-01
1.115892082452774048e-01
7.624098658561706543e-02
1.403310894966125488e-01
1.624195724725723267e-01
1.482634246349334717e-01
1.251313835382461548e-01
2.444649040699005127e-01
2.444649040699005127e-01
1.890535652637481689e-01
9.366542845964431763e-02
7.026071846485137939e-02
6.080413609743118286e-02
9.219804406166076660e-02
1.265872865915298462e-01
1.425213217735290527e-01
2.339199632406234741e-01
2.339199632406234741e-01
1.674736440181732178e-01
1.044686287641525269e-01
8.572378009557723999e-02
8.726253360509872437e-02
1.315426081418991089e-01
1.446401774883270264e-01
1.843519508838653564e-01
2.339199632406234741e-01
2.339199632406234741e-01
1.943163126707077026e-01
1.010022759437561035e-01
7.407140731811523438e-02
9.105520695447921753e-02
1.637904495000839233e-01
1.742230057716369629e-01
1.279501169919967651e-01
2.339199632406234741e-01
2.219106107950210571e-01
2.339199632406234741e-01
1.839011311531066895e-01
9.422418475151062012e-02
1.245060786604881287e-01
2.339199632406234741e-01
1.501756608486175537e-01
1.256530731916427612e-01
2.339199632406234741e-01
2.339199632406234741e-01
1.056343838572502136e-01
1.515060514211654663e-01
1.210864707827568054e-01
1.051734611392021179e-01
1.611482352018356323e-01
8.442419022321701050e-02
1.361678093671798706e-01
1.796920001506805420e-01
2.294003218412399292e-01
2.294003218412399292e-01
2.232631295919418335e-01
1.374821215867996216e-01
1.458714902400970459e-01
1.707946658134460449e-01
5.531010031700134277e-02
1.459244042634963989e-01
1.350118070840835571e-01
2.294003218412399292e-01
2.168971300125122070e-01
2.294003218412399292e-01
8.980763703584671021e-02
1.042471751570701599e-01
2.122166156768798828e-01
5.251452699303627014e-02
8.526515960693359375e-02
2.061654329299926758e-01
2.172559499740600586e-01
2.294003218412399292e-01
2.294003218412399292e-01
2.294003218412399292e-01
9.301219135522842407e-02
1.715992838144302368e-01
4.905902594327926636e-02
1.272929906845092773e-01
1.269593089818954468e-01
2.005546540021896362e-01
2.096025645732879639e-01
1.770522147417068481e-01
1.200477331876754761e-01
1.229623407125473022e-01
1.056186333298683167e-01
2.716833166778087616e-02
8.890615403652191162e-02
1.187237277626991272e-01
2.330043762922286987e-01
2.330043762922286987e-01
2.292898446321487427e-01
1.239765360951423645e-01
9.290914237499237061e-02
9.612713009119033813e-02
8.178727328777313232e-02
9.793128818273544312e-02
2.330043762922286987e-01
2.330043762922286987e-01
2.115939706563949585e-01
2.330043762922286987e-01
2.330043762922286987e-01
1.574459969997406006e-01
1.555607169866561890e-01
3.510813787579536438e-02
9.091570228338241577e-02
6.707244366407394409e-02
1.704001575708389282e-01
2.330043762922286987e-01
2.330043762922286987e-01
2.330043762922286987e-01
1.518733203411102295e-01
1.994541883468627930e-01
1.273164004087448120e-01
1.013853549957275391e-01
1.158024519681930542e-01
1.694430708885192871e-01
2.434113770723342896e-01
1.762368083000183105e-01
9.210830926895141602e-02
1.046466752886772156e-01
1.204436793923377991e-01
1.068150252103805542e-01
1.042960733175277710e-01
2.321282178163528442e-01
2.434113770723342896e-01
2.434113770723342896e-01
2.014291882514953613e-01
1.050514802336692810e-01
1.997203826904296875e-01
1.157833933830261230e-01
7.349230349063873291e-02
1.100445613265037537e-01
2.047668993473052979e-01
2.434113770723342896e-01
2.434113770723342896e-01
2.055365890264511108e-01
1.694135367870330811e-01
1.668025404214859009e-01
1.932650804519653320e-01
1.448753029108047485e-01
9.742591530084609985e-02
7.741678506135940552e-02
1.142413169145584106e-01
2.434113770723342896e-01
1.736319661140441895e-01
1.513154953718185425e-01
1.750593185424804688e-01
8.921130001544952393e-02
5.925747007131576538e-02
8.246106654405593872e-02
1.212490871548652649e-01
1.850677132606506348e-01
1.824792772531509399e-01
1.571478694677352905e-01
5.281795188784599304e-02
8.669520169496536255e-02
4.290220886468887329e-02
3.971767425537109375e-02
1.384762376546859741e-01
2.587583661079406738e-01
2.587583661079406738e-01
2.587583661079406738e-01
1.853207945823669434e-01
5.555320903658866882e-02
7.117684930562973022e-02
3.072911873459815979e-02
6.888891011476516724e-02
2.421295791864395142e-01
2.587583661079406738e-01
2.587583661079406738e-01
1.776818186044692993e-01
1.223987713456153870e-01
7.483009248971939087e-02
7.051642239093780518e-02
4.072896018624305725e-02
4.860372841358184814e-02
1.362855434417724609e-01
2.122599333524703979e-01
2.446453720331192017e-01
2.587583661079406738e-01
2.134418934583663940e-01
1.137959137558937073e-01
1.090547293424606323e-01
8.290520310401916504e-02
7.716712355613708496e-02
1.282897293567657471e-01
2.161141484975814819e-01
2.587583661079406738e-01
