2.163559943437576294e-01
1.484898179769515991e-01
7.567495107650756836e-02
2.504878118634223938e-02
3.196812048554420471e-02
3.484724834561347961e-02
1.464054435491561890e-01
2.757443487644195557e-01
2.757443487644195557e-01
1.318298727273941040e-01
1.340737193822860718e-01
8.521250635385513306e-02
7.909458130598068237e-02
1.156935989856719971e-01
9.318238496780395508e-02
2.314980775117874146e-01
2.757443487644195557e-01
2.757443487644195557e-01
1.236378103494644165e-01
1.157765462994575500e-01
7.525118440389633179e-02
7.770645618438720703e-02
5.556796118617057800e-02
7.719928771257400513e-02
9.604115039110183716e-02
1.623705923557281494e-01
1.812286078929901123e-01
1.166139021515846252e-01
1.286008805036544800e-01
7.021927088499069214e-02
1.359713524580001831e-01
2.194844037294387817e-01
2.577524781227111816e-01
2.577130198478698730e-01
2.757443487644195557e-01
2.029820680618286133e-01
6.088880449533462524e-02
2.469429932534694672e-02
3.786747902631759644e-02
6.847507506608963013e-02
1.022505536675453186e-01
1.194151118397712708e-01
1.980623304843902588e-01
2.307369410991668701e-01
1.748148649930953979e-01
1.288458406925201416e-01
7.273267209529876709e-02
4.201835393905639648e-02
4.788485914468765259e-02
2.460768669843673706e-01
2.460768669843673706e-01
2.402395159006118774e-01
2.460768669843673706e-01
2.460768669843673706e-01
7.695127278566360474e-02
6.545903533697128296e-02
7.672035694122314453e-02
1.089544296264648438e-01
1.859979182481765747e-01
1.781542301177978516e-01
1.791013181209564209e-01
2.351202368736267090e-01
1.067146211862564087e-01
1.832696050405502319e-01
1.155443117022514343e-01
8.900549262762069702e-02
8.512691408395767212e-02
2.460768669843673706e-01
2.460768669843673706e-01
1.269266158342361450e-01
2.460768669843673706e-01
2.460768669843673706e-01
1.909995377063751221e-01
1.637892723083496094e-01
4.612017050385475159e-02
4.608424380421638489e-02
2.184448540210723877e-01
2.293412536382675171e-01
1.696181446313858032e-01
2.293412536382675171e-01
2.293412536382675171e-01
1.860866695642471313e-01
1.863399744033813477e-01
6.893678754568099976e-02
1.266463398933410645e-01
1.423147469758987427e-01
1.610365658998489380e-01
9.352591633796691895e-02
9.225799143314361572e-02
1.143771484494209290e-01
2.219161242246627808e-01
2.293412536382675171e-01
1.022544875741004944e-01
8.610659092664718628e-02
2.293412536382675171e-01
2.293412536382675171e-01
7.227998226881027222e-02
1.476100534200668335e-01
2.293412536382675171e-01
1.800470650196075439e-01
2.293412536382675171e-01
1.529027372598648071e-01
1.574320495128631592e-01
1.955847591161727905e-01
1.597971171140670776e-01
1.010817736387252808e-01
1.020068302750587463e-01
8.419875055551528931e-02
1.170954480767250061e-01
1.314715892076492310e-01
9.935596585273742676e-02
1.938869953155517578e-01
2.242486476898193359e-01
1.791857331991195679e-01
1.350118666887283325e-01
1.352852135896682739e-01
1.149866282939910889e-01
1.199702471494674683e-01
1.526719778776168823e-01
1.439471989870071411e-01
1.488661468029022217e-01
2.242486476898193359e-01
1.369197070598602295e-01
1.211998015642166138e-01
1.405696421861648560e-01
1.270137280225753784e-01
1.726240813732147217e-01
1.874526888132095337e-01
1.499753445386886597e-01
2.029749006032943726e-01
2.242486476898193359e-01
1.917380988597869873e-01
1.847809851169586182e-01
1.815313994884490967e-01
9.717471152544021606e-02
1.629111021757125854e-01
1.537340730428695679e-01
2.242486476898193359e-01
2.242486476898193359e-01
2.242486476898193359e-01
1.225813105702400208e-01
1.678225845098495483e-01
1.462702900171279907e-01
1.706141680479049683e-01
1.377703100442886353e-01
1.369258016347885132e-01
9.472232311964035034e-02
1.087698563933372498e-01
1.675983816385269165e-01
4.926485568284988403e-02
4.877662286162376404e-02
1.306389719247817993e-01
2.042668908834457397e-01
1.683762520551681519e-01
1.710331737995147705e-01
2.303198426961898804e-01
1.432896852493286133e-01
7.684407383203506470e-02
7.816591858863830566e-02
1.512484252452850342e-01
1.463556289672851562e-01
1.845192611217498779e-01
1.484888046979904175e-01
2.258686721324920654e-01
1.785788983106613159e-01
2.303198426961898804e-01
2.303198426961898804e-01
1.050757467746734619e-01
9.607289731502532959e-02
1.288027763366699219e-01
1.524292081594467163e-01
1.139760538935661316e-01
2.303198426961898804e-01
2.303198426961898804e-01
2.303198426961898804e-01
2.303198426961898804e-01
2.303198426961898804e-01
1.770842969417572021e-01
1.803978234529495239e-01
1.125305667519569397e-01
1.278908550739288330e-01
1.537937819957733154e-01
1.516422033309936523e-01
6.332509964704513550e-02
4.299049451947212219e-02
1.011268794536590576e-01
1.939033567905426025e-01
1.363240927457809448e-01
1.063167601823806763e-01
1.795590370893478394e-01
1.510216593742370605e-01
9.589529037475585938e-02
7.023739069700241089e-02
1.066269874572753906e-01
1.114538162946701050e-01
1.672261208295822144e-01
1.663741618394851685e-01
2.169337421655654907e-01
9.463586658239364624e-02
1.513655930757522583e-01
2.035833150148391724e-01
1.436504721641540527e-01
2.279444485902786255e-01
2.279444485902786255e-01
2.279444485902786255e-01
1.936188638210296631e-01
1.182978749275207520e-01
2.279444485902786255e-01
7.527928799390792847e-02
1.393870115280151367e-01
2.279444485902786255e-01
2.279444485902786255e-01
2.279444485902786255e-01
1.871856898069381714e-01
1.850325465202331543e-01
2.279444485902786255e-01
1.278313845396041870e-01
1.033307462930679321e-01
8.450722694396972656e-02
8.503682166337966919e-02
1.310285627841949463e-01
5.517914518713951111e-02
1.604952216148376465e-01
2.212778329849243164e-01
2.076978385448455811e-01
1.831391900777816772e-01
1.644654572010040283e-01
1.307148039340972900e-01
9.642778337001800537e-02
1.527054011821746826e-01
4.972022771835327148e-02
1.602214425802230835e-01
2.169963717460632324e-01
2.060151845216751099e-01
1.783623546361923218e-01
1.215554922819137573e-01
1.225158274173736572e-01
2.212778329849243164e-01
2.212778329849243164e-01
5.194631218910217285e-02
1.726891249418258667e-01
2.212778329849243164e-01
2.212778329849243164e-01
1.730626076459884644e-01
1.980633437633514404e-01
1.443426162004470825e-01
1.739661097526550293e-01
2.212778329849243164e-01
8.089590072631835938e-02
2.212778329849243164e-01
2.212778329849243164e-01
1.633071303367614746e-01
1.553032249212265015e-01
1.956627219915390015e-01
1.303268522024154663e-01
1.047316268086433411e-01
1.271131634712219238e-01
8.401920646429061890e-02
1.545637995004653931e-01
9.649514406919479370e-02
1.751294285058975220e-01
2.192649841308593750e-01
2.192649841308593750e-01
1.298587769269943237e-01
1.121650263667106628e-01
1.718759983777999878e-01
8.666832000017166138e-02
1.683521419763565063e-01
1.336828023195266724e-01
1.817692667245864868e-01
1.584993004798889160e-01
1.621788144111633301e-01
1.326713114976882935e-01
1.615068614482879639e-01
2.180156409740447998e-01
1.911561638116836548e-01
2.192649841308593750e-01
1.480122357606887817e-01
1.903454959392547607e-01
1.983829587697982788e-01
1.835561990737915039e-01
1.264868974685668945e-01
1.675784438848495483e-01
2.192649841308593750e-01
1.830469518899917603e-01
1.763513982295989990e-01
1.231667324900627136e-01
2.192649841308593750e-01
2.780394554138183594e-01
2.640288174152374268e-01
1.042955219745635986e-01
7.155496627092361450e-02
1.479535847902297974e-01
6.203897297382354736e-02
9.122806787490844727e-02
1.362246274948120117e-01
2.780394554138183594e-01
2.780394554138183594e-01
2.780394554138183594e-01
6.472858786582946777e-02
2.253499813377857208e-02
6.490888446569442749e-02
3.222601488232612610e-02
2.676557563245296478e-02
8.192683756351470947e-02
2.780394554138183594e-01
2.642130851745605469e-01
1.527020484209060669e-01
9.523644298315048218e-02
9.967643767595291138e-02
2.780394554138183594e-01
1.110666766762733459e-01
7.649195194244384766e-02
8.854524791240692139e-02
2.441667765378952026e-01
2.780394554138183594e-01
1.567949354648590088e-01
4.645349085330963135e-02
3.273183479905128479e-02
1.201875284314155579e-01
1.000965833663940430e-01
7.968302816152572632e-02
7.040138542652130127e-02
1.975206285715103149e-01
3.304758965969085693e-01
3.304758965969085693e-01
3.999551385641098022e-02
2.266421215608716011e-03
5.052603036165237427e-02
1.636261492967605591e-02
2.053913101553916931e-02
8.850455284118652344e-02
3.304758965969085693e-01
3.304758965969085693e-01
2.014127820730209351e-01
4.805582016706466675e-02
1.192937046289443970e-02
5.586611106991767883e-02
7.776145823299884796e-03
4.103053733706474304e-02
1.207261160016059875e-01
3.304758965969085693e-01
2.993686795234680176e-01
1.649319529533386230e-01
3.000461496412754059e-02
1.478678174316883087e-02
1.077645793557167053e-01
9.656348079442977905e-02
7.824391871690750122e-02
7.014650851488113403e-02
1.683673113584518433e-01
2.804299592971801758e-01
1.780566573143005371e-01
7.821619510650634766e-02
4.398583248257637024e-02
1.016343459486961365e-01
6.336630880832672119e-02
7.498919963836669922e-02
6.910341978073120117e-02
2.325410842895507812e-01
3.721466660499572754e-01
1.132524907588958740e-01
4.503787681460380554e-02
1.317660696804523468e-02
3.906929492950439453e-02
9.602857753634452820e-03
6.196949630975723267e-02
1.251204460859298706e-01
3.721466660499572754e-01
3.721466660499572754e-01
1.235143393278121948e-01
2.733408845961093903e-02
6.151412148028612137e-03
1.944649219512939453e-02
1.017625536769628525e-02
4.115462675690650940e-02
1.019172519445419312e-01
3.721466660499572754e-01
2.491414844989776611e-01
1.265317350625991821e-01
9.288364648818969727e-02
4.149649292230606079e-02
9.929539263248443604e-02
5.345828831195831299e-02
5.949097871780395508e-02
8.636759221553802490e-02
2.420633733272552490e-01
2.946847379207611084e-01
1.055195257067680359e-01
7.244777679443359375e-02
4.273970052599906921e-02
1.043497845530509949e-01
2.043811604380607605e-02
7.073345780372619629e-02
9.719754010438919067e-02
2.757107913494110107e-01
3.829864263534545898e-01
1.495469808578491211e-01
3.078171052038669586e-02
2.767640398815274239e-03
2.471200004220008850e-02
1.128602307289838791e-02
2.000561170279979706e-02
4.109537601470947266e-02
3.829864263534545898e-01
3.829864263534545898e-01
1.448863446712493896e-01
3.965812921524047852e-02
1.494589075446128845e-02
4.685616493225097656e-02
1.294379308819770813e-02
3.038611635565757751e-02
5.981692671775817871e-02
3.829864263534545898e-01
2.803377211093902588e-01
1.166109368205070496e-01
6.408143043518066406e-02
2.117307670414447784e-02
1.150184646248817444e-01
1.861547306180000305e-02
7.813944667577743530e-02
7.391621172428131104e-02
2.022150754928588867e-01
2.838391065597534180e-01
1.241870522499084473e-01
8.370983600616455078e-02
1.497372612357139587e-02
1.003727167844772339e-01
6.455731391906738281e-02
1.212509945034980774e-01
1.050609946250915527e-01
2.183608710765838623e-01
3.238528668880462646e-01
1.104824319481849670e-01
3.686108067631721497e-02
2.912778407335281372e-02
5.805103853344917297e-02
1.424179039895534515e-02
2.870227955281734467e-02
6.982084363698959351e-02
3.238528668880462646e-01
3.238528668880462646e-01
6.251063197851181030e-02
4.972355812788009644e-02
3.888705000281333923e-02
7.664399594068527222e-02
3.178236633539199829e-02
4.895489290356636047e-02
2.208024710416793823e-01
3.238528668880462646e-01
2.193221896886825562e-01
1.264777183532714844e-01
7.959797233343124390e-02
5.249202623963356018e-02
8.543710410594940186e-02
6.732591986656188965e-02
7.648615539073944092e-02
8.787622302770614624e-02
1.896887570619583130e-01
2.656863331794738770e-01
2.634203732013702393e-01
2.741933166980743408e-01
1.953966319561004639e-01
1.299218535423278809e-01
8.468668907880783081e-02
6.233993545174598694e-02
1.237329468131065369e-01
2.376212477684020996e-01
1.612769514322280884e-01
4.903331398963928223e-02
4.040059819817543030e-02
4.953470826148986816e-02
6.849499046802520752e-02
6.895560026168823242e-02
9.899315237998962402e-02
2.334760427474975586e-01
2.334760427474975586e-01
1.665721833705902100e-01
2.066862136125564575e-01
1.105533316731452942e-01
1.041502505540847778e-01
1.782873421907424927e-01
1.628999114036560059e-01
1.170446276664733887e-01
2.137195169925689697e-01
2.055362910032272339e-01
2.182639986276626587e-01
2.315003424882888794e-01
2.334760427474975586e-01
1.568693518638610840e-01
1.001107990741729736e-01
9.167857468128204346e-02
6.846304982900619507e-02
1.182051673531532288e-01
1.710269302129745483e-01
2.241776734590530396e-01
1.962389200925827026e-01
1.991028934717178345e-01
1.195072159171104431e-01
2.334760427474975586e-01
2.334760427474975586e-01
1.615941971540451050e-01
1.799121797084808350e-01
1.629099845886230469e-01
1.224583834409713745e-01
2.057632356882095337e-01
1.007150337100028992e-01
1.160378158092498779e-01
1.892671138048171997e-01
1.451276391744613647e-01
1.014520153403282166e-01
1.221198588609695435e-01
8.522986620664596558e-02
2.740081250667572021e-01
1.853355765342712402e-01
9.244758635759353638e-02
1.055642887949943542e-01
1.421127021312713623e-01
9.924538433551788330e-02
1.577678024768829346e-01
2.740081250667572021e-01
2.740081250667572021e-01
6.031752005219459534e-02
5.690816044807434082e-02
4.265763238072395325e-02
1.044318675994873047e-01
2.730579972267150879e-01
2.740081250667572021e-01
1.227203160524368286e-01
7.745675742626190186e-02
3.849109262228012085e-02
2.740081250667572021e-01
8.571016043424606323e-02
4.802358523011207581e-02
8.880437910556793213e-02
2.068368345499038696e-01
2.540967166423797607e-01
9.726753085851669312e-02
2.373921871185302734e-01
1.875658929347991943e-01
1.416118741035461426e-01
1.305418312549591064e-01
1.053961366415023804e-01
1.246977448463439941e-01
1.023428514599800110e-01
6.623542308807373047e-02
4.441398754715919495e-02
7.838701456785202026e-02
1.370192617177963257e-01
8.747572451829910278e-02
1.058410406112670898e-01
9.193164855241775513e-02
1.092956289649009705e-01
2.001363635063171387e-01
2.306714802980422974e-01
2.022725045680999756e-01
1.601690053939819336e-01
1.277183592319488525e-01
1.832913309335708618e-01
2.306714802980422974e-01
2.177214026451110840e-01
2.306714802980422974e-01
2.306714802980422974e-01
1.144801378250122070e-01
7.458859682083129883e-02
8.416458219289779663e-02
1.700610816478729248e-01
1.720248907804489136e-01
2.306714802980422974e-01
2.306714802980422974e-01
2.208591103553771973e-01
2.306714802980422974e-01
2.306714802980422974e-01
1.620368212461471558e-01
1.751259863376617432e-01
1.826471686363220215e-01
8.808046579360961914e-02
1.336944103240966797e-01
1.529395580291748047e-01
8.670375496149063110e-02
1.474671661853790283e-01
2.285737097263336182e-01
1.580232977867126465e-01
1.457363516092300415e-01
1.043191477656364441e-01
2.131395041942596436e-01
1.805905550718307495e-01
1.807516664266586304e-01
1.021956875920295715e-01
1.876123696565628052e-01
1.049395129084587097e-01
1.286122798919677734e-01
1.384655088186264038e-01
2.104810923337936401e-01
1.638646870851516724e-01
2.306245118379592896e-01
2.306245118379592896e-01
1.424295753240585327e-01
1.456250697374343872e-01
2.306245118379592896e-01
9.102705121040344238e-02
7.969056814908981323e-02
1.338231712579727173e-01
2.306245118379592896e-01
2.306245118379592896e-01
2.306245118379592896e-01
2.306245118379592896e-01
1.642059683799743652e-01
1.341316103935241699e-01
1.088870838284492493e-01
6.794699281454086304e-02
1.674948930740356445e-01
1.654777675867080688e-01
1.525204032659530640e-01
1.368770599365234375e-01
1.495968252420425415e-01
2.170715630054473877e-01
1.184493526816368103e-01
9.747890383005142212e-02
9.895873069763183594e-02
1.694867312908172607e-01
1.723165214061737061e-01
1.709297299385070801e-01
1.529642194509506226e-01
1.347807943820953369e-01
2.170715630054473877e-01
1.987629532814025879e-01
1.503175646066665649e-01
1.662572920322418213e-01
1.594143062829971313e-01
2.170715630054473877e-01
1.986603587865829468e-01
1.783614605665206909e-01
2.170715630054473877e-01
1.467408537864685059e-01
1.226552799344062805e-01
1.321099400520324707e-01
1.166488006711006165e-01
1.813688129186630249e-01
2.170715630054473877e-01
2.170715630054473877e-01
9.485746920108795166e-02
9.456539154052734375e-02
1.476168334484100342e-01
1.803043186664581299e-01
1.729281395673751831e-01
1.568223685026168823e-01
2.170715630054473877e-01
1.693566292524337769e-01
1.211967393755912781e-01
1.610111445188522339e-01
8.826829493045806885e-02
1.441095769405364990e-01
1.746702492237091064e-01
1.866525560617446899e-01
1.538987159729003906e-01
1.368752717971801758e-01
1.430021822452545166e-01
1.490948349237442017e-01
2.205988466739654541e-01
1.658397763967514038e-01
1.175643652677536011e-01
1.156971752643585205e-01
1.654035001993179321e-01
1.501380354166030884e-01
2.057841420173645020e-01
2.205988466739654541e-01
1.800627708435058594e-01
1.801384091377258301e-01
9.918763488531112671e-02
1.176532432436943054e-01
1.487430930137634277e-01
1.837068647146224976e-01
1.245360001921653748e-01
1.831907629966735840e-01
2.205988466739654541e-01
2.205988466739654541e-01
2.205988466739654541e-01
1.474252343177795410e-01
5.401179939508438110e-02
9.928815811872482300e-02
1.934572607278823853e-01
2.124263793230056763e-01
2.205988466739654541e-01
1.262891888618469238e-01
1.892787665128707886e-01
1.490263491868972778e-01
1.279380172491073608e-01
1.276537030935287476e-01
9.655042737722396851e-02
1.187090203166007996e-01
1.418001204729080200e-01
1.433756947517395020e-01
9.222195297479629517e-02
2.285561859607696533e-01
1.443916559219360352e-01
1.399582028388977051e-01
2.285561859607696533e-01
2.285561859607696533e-01
1.851783543825149536e-01
1.685498058795928955e-01
1.083939000964164734e-01
2.285561859607696533e-01
1.836582720279693604e-01
1.287812292575836182e-01
6.395879387855529785e-02
2.804052829742431641e-02
6.872533261775970459e-02
1.278973668813705444e-01
2.071219980716705322e-01
2.285561859607696533e-01
2.285561859607696533e-01
1.681685745716094971e-01
9.340609610080718994e-02
1.559502184391021729e-01
1.021789461374282837e-01
2.214610278606414795e-01
2.285561859607696533e-01
2.138027548789978027e-01
2.285561859607696533e-01
7.209408283233642578e-02
1.303204298019409180e-01
1.077585592865943909e-01
1.682461500167846680e-01
2.314734756946563721e-01
2.314734756946563721e-01
1.333674490451812744e-01
1.309070587158203125e-01
8.945376425981521606e-02
1.703369766473770142e-01
4.820953309535980225e-02
1.722634285688400269e-01
2.314734756946563721e-01
2.314734756946563721e-01
2.314734756946563721e-01
9.213439375162124634e-02
1.030517071485519409e-01
1.810994297266006470e-01
2.059171348810195923e-01
1.538398116827011108e-01
8.564297109842300415e-02
1.423361152410507202e-01
1.578551083803176880e-01
1.940274089574813843e-01
1.688898950815200806e-01
1.406622827053070068e-01
1.840135306119918823e-01
2.314734756946563721e-01
1.448652595281600952e-01
1.385004520416259766e-01
1.679681837558746338e-01
1.546421647071838379e-01
1.758604198694229126e-01
1.751108467578887939e-01
1.302912086248397827e-01
2.213638275861740112e-01
1.320114880800247192e-01
6.454843282699584961e-02
1.518150866031646729e-01
2.202766388654708862e-01
2.157637476921081543e-01
9.281945228576660156e-02
1.278786957263946533e-01
1.642817556858062744e-01
1.382230669260025024e-01
1.155229136347770691e-01
1.155108213424682617e-01
1.130343079566955566e-01
1.589275449514389038e-01
2.202766388654708862e-01
1.358801424503326416e-01
2.202766388654708862e-01
2.077744603157043457e-01
1.357976794242858887e-01
2.202766388654708862e-01
9.790018945932388306e-02
1.349083483219146729e-01
1.405505239963531494e-01
1.395026594400405884e-01
1.385414153337478638e-01
2.122923880815505981e-01
1.531869024038314819e-01
1.355597674846649170e-01
2.092524319887161255e-01
2.202766388654708862e-01
1.579071879386901855e-01
1.715020388364791870e-01
2.026723474264144897e-01
2.022960633039474487e-01
2.202766388654708862e-01
1.706478446722030640e-01
1.313498467206954956e-01
1.619620323181152344e-01
8.994306623935699463e-02
1.064425334334373474e-01
1.109758168458938599e-01
1.456275731325149536e-01
1.918791383504867554e-01
1.845401972532272339e-01
1.139240711927413940e-01
1.669505536556243896e-01
1.776269525289535522e-01
1.204615831375122070e-01
9.442406147718429565e-02
1.406139135360717773e-01
2.006194144487380981e-01
1.114786341786384583e-01
8.698536455631256104e-02
5.183183774352073669e-02
1.654000580310821533e-01
3.298148214817047119e-01
3.298148214817047119e-01
1.466226726770401001e-01
1.107223555445671082e-01
1.465781927108764648e-01
1.809287220239639282e-01
1.502189487218856812e-01
6.850061565637588501e-02
1.396227926015853882e-01
3.298148214817047119e-01
3.298148214817047119e-01
1.031785905361175537e-01
6.434124708175659180e-02
1.138960346579551697e-01
1.206235438585281372e-01
9.756422042846679688e-02
3.187242150306701660e-02
1.344825178384780884e-01
1.055838689208030701e-01
8.702129870653152466e-02
5.376910045742988586e-02
7.704177498817443848e-02
1.400744169950485229e-01
4.295582696795463562e-02
3.510570898652076721e-02
3.596709296107292175e-02
1.084335595369338989e-01
1.856930553913116455e-01
7.054115086793899536e-02
3.755282610654830933e-02
4.436966776847839355e-02
8.405344933271408081e-02
8.010738343000411987e-02
5.284899100661277771e-02
7.564571499824523926e-02
1.288998723030090332e-01
3.873080611228942871e-01
3.873080611228942871e-01
6.613017618656158447e-02
4.700676724314689636e-02
7.213443517684936523e-02
3.411751985549926758e-02
3.583410009741783142e-02
3.601666167378425598e-02
2.571490406990051270e-01
3.873080611228942871e-01
3.873080611228942871e-01
7.829255610704421997e-02
4.635519161820411682e-02
5.845215171575546265e-02
3.515411168336868286e-02
1.880441978573799133e-02
8.002907037734985352e-02
3.873080611228942871e-01
1.575468033552169800e-01
7.951457053422927856e-02
4.191342368721961975e-02
2.446803078055381775e-02
5.575212091207504272e-02
5.796560272574424744e-02
3.622452542185783386e-02
6.008925288915634155e-02
7.605563849210739136e-02
1.790943592786788940e-01
1.036375835537910461e-01
7.534721493721008301e-02
4.253089055418968201e-02
1.027152240276336670e-01
4.972843825817108154e-02
4.625246673822402954e-02
1.012538075447082520e-01
1.661709845066070557e-01
3.512371182441711426e-01
3.512371182441711426e-01
6.847774982452392578e-02
2.331271767616271973e-02
3.283856436610221863e-02
2.527144551277160645e-02
1.603198051452636719e-02
8.293005079030990601e-02
3.512371182441711426e-01
3.512371182441711426e-01
2.702004015445709229e-01
7.748664915561676025e-02
2.650849148631095886e-02
6.832941621541976929e-02
2.938815578818321228e-02
5.431181564927101135e-02
3.512371182441711426e-01
3.512371182441711426e-01
1.393683701753616333e-01
8.043953776359558105e-02
7.041335105895996094e-02
4.891888424754142761e-02
1.198517531156539917e-01
6.093194335699081421e-02
6.131970509886741638e-02
1.145301312208175659e-01
1.783486157655715942e-01
1.855630725622177124e-01
1.028512045741081238e-01
7.010941952466964722e-02
5.196534469723701477e-02
1.182344555854797363e-01
2.153451368212699890e-02
1.139744222164154053e-01
1.601079255342483521e-01
1.378579884767532349e-01
3.349981307983398438e-01
9.278043359518051147e-02
7.691305130720138550e-02
5.071861669421195984e-02
7.631492614746093750e-02
5.184566229581832886e-02
1.215992569923400879e-01
3.349981307983398438e-01
3.349981307983398438e-01
3.349981307983398438e-01
1.187418475747108459e-01
8.481821417808532715e-02
6.149856746196746826e-02
6.811095029115676880e-02
1.949710212647914886e-02
1.676678359508514404e-01
3.349981307983398438e-01
3.349981307983398438e-01
2.778173983097076416e-01
1.838869303464889526e-01
1.095154508948326111e-01
6.564334034919738770e-02
1.862795650959014893e-01
1.004295516759157181e-02
1.215812265872955322e-01
1.540205776691436768e-01
1.327257305383682251e-01
1.788016259670257568e-01
1.299629956483840942e-01
7.480773329734802246e-02
3.202442452311515808e-02
1.178317144513130188e-01
5.407572537660598755e-02
1.020326241850852966e-01
1.218115091323852539e-01
1.656238883733749390e-01
2.926338016986846924e-01
2.283800393342971802e-01
1.530400961637496948e-01
8.190079778432846069e-02
1.157575249671936035e-01
8.137125521898269653e-03
1.389380693435668945e-01
2.926338016986846924e-01
2.926338016986846924e-01
2.394967973232269287e-01
1.742364764213562012e-01
9.385951608419418335e-02
3.885680437088012695e-02
7.592427730560302734e-02
1.912624947726726532e-02
8.055090159177780151e-02
2.926338016986846924e-01
2.926338016986846924e-01
9.333147108554840088e-02
8.395338058471679688e-02
3.474305942654609680e-02
3.679425269365310669e-02
7.384964078664779663e-02
1.365527212619781494e-01
7.860758155584335327e-02
9.977374970912933350e-02
1.208401769399642944e-01
1.741641163825988770e-01
2.407364398241043091e-01
2.134103029966354370e-01
1.312837153673171997e-01
1.018416360020637512e-01
2.123961001634597778e-01
1.258042007684707642e-01
1.745336353778839111e-01
1.326202452182769775e-01
1.429941058158874512e-01
1.453873515129089355e-01
4.407867044210433960e-02
5.880214646458625793e-02
1.106145083904266357e-01
1.387874931097030640e-01
1.029762476682662964e-01
1.727560758590698242e-01
1.554312109947204590e-01
2.687709033489227295e-01
2.687709033489227295e-01
2.177824378013610840e-01
1.559111475944519043e-01
1.718649715185165405e-01
2.687709033489227295e-01
2.194897085428237915e-01
2.687709033489227295e-01
2.687709033489227295e-01
1.327527165412902832e-01
1.566767692565917969e-01
2.252865880727767944e-01
9.503412246704101562e-02
4.689103364944458008e-02
8.398032933473587036e-02
1.328214854001998901e-01
2.189301550388336182e-01
1.474346369504928589e-01
9.795948117971420288e-02
9.274780005216598511e-02
1.652621328830718994e-01
1.349162459373474121e-01
1.403021812438964844e-01
1.884694248437881470e-01
1.808400303125381470e-01
2.383321374654769897e-01
1.746966540813446045e-01
2.383321374654769897e-01
1.823687553405761719e-01
1.240190789103507996e-01
6.540315598249435425e-02
6.674563139677047729e-02
1.932693421840667725e-01
2.383321374654769897e-01
2.383321374654769897e-01
2.383321374654769897e-01
4.991244524717330933e-02
7.032559812068939209e-02
1.256277859210968018e-01
1.434358358383178711e-01
1.077786087989807129e-01
1.585949957370758057e-01
2.383321374654769897e-01
2.383321374654769897e-01
2.099044620990753174e-01
3.376404568552970886e-02
6.385559588670730591e-02
1.382884979248046875e-01
2.378454059362411499e-01
2.378454059362411499e-01
2.378454059362411499e-01
1.621663123369216919e-01
1.050090119242668152e-01
4.959482699632644653e-02
6.094204634428024292e-02
1.023327857255935669e-01
1.215936690568923950e-01
2.076511383056640625e-01
1.895840167999267578e-01
1.965012997388839722e-01
6.884118169546127319e-02
2.562208846211433411e-02
1.419591717422008514e-02
6.297872215509414673e-02
1.110316962003707886e-01
2.154102623462677002e-01
2.378454059362411499e-01
2.328487038612365723e-01
2.378454059362411499e-01
2.378454059362411499e-01
2.085728496313095093e-01
1.511419862508773804e-01
6.537176668643951416e-02
1.189893633127212524e-01
1.635412126779556274e-01
1.967225968837738037e-01
2.378454059362411499e-01
2.378454059362411499e-01
2.278534322977066040e-01
8.136729151010513306e-02
5.491494014859199524e-02
1.345389038324356079e-01
1.854150742292404175e-01
1.471435129642486572e-01
1.555490791797637939e-01
1.371804028749465942e-01
1.118525415658950806e-01
1.210752651095390320e-01
1.123372763395309448e-01
1.203380972146987915e-01
1.736354678869247437e-01
2.213667929172515869e-01
1.954831779003143311e-01
1.658335626125335693e-01
1.614543944597244263e-01
1.971801072359085083e-01
1.452152580022811890e-01
1.609994322061538696e-01
1.509433090686798096e-01
2.231884449720382690e-01
1.230776533484458923e-01
6.708397716283798218e-02
1.156698614358901978e-01
1.455753892660140991e-01
2.129324227571487427e-01
2.231884449720382690e-01
2.231884449720382690e-01
1.787920743227005005e-01
2.231884449720382690e-01
1.824729442596435547e-01
1.022402048110961914e-01
1.064123585820198059e-01
1.142047420144081116e-01
1.418546736240386963e-01
1.676395982503890991e-01
2.231884449720382690e-01
2.231884449720382690e-01
1.744093149900436401e-01
2.126576006412506104e-01
2.126576006412506104e-01
1.576481461524963379e-01
1.952645778656005859e-01
2.126576006412506104e-01
9.013640135526657104e-02
1.100236028432846069e-01
1.418203115463256836e-01
2.120918631553649902e-01
1.874311864376068115e-01
2.126576006412506104e-01
2.126576006412506104e-01
2.126576006412506104e-01
1.502493917942047119e-01
9.666910022497177124e-02
1.217402219772338867e-01
1.354760825634002686e-01
2.126576006412506104e-01
1.240563243627548218e-01
6.597491353750228882e-02
1.077384501695632935e-01
1.443015933036804199e-01
1.421102583408355713e-01
1.362089365720748901e-01
1.625134646892547607e-01
2.046561241149902344e-01
2.029538303613662720e-01
1.916162818670272827e-01
1.722007244825363159e-01
9.980293363332748413e-02
1.293274909257888794e-01
9.048864245414733887e-02
1.666433513164520264e-01
1.808708161115646362e-01
2.005661129951477051e-01
2.313421517610549927e-01
2.233632057905197144e-01
1.455409973859786987e-01
1.207923367619514465e-01
9.874451160430908203e-02
8.731473237276077271e-02
1.010252013802528381e-01
1.293077617883682251e-01
1.669007986783981323e-01
2.313421517610549927e-01
2.313421517610549927e-01
8.156596869230270386e-02
5.134909227490425110e-02
7.897944748401641846e-02
1.515492349863052368e-01
1.822064816951751709e-01
1.524773538112640381e-01
2.313421517610549927e-01
2.313421517610549927e-01
2.313421517610549927e-01
1.876375526189804077e-01
5.778934806585311890e-02
6.343276798725128174e-02
6.112027540802955627e-02
1.335231363773345947e-01
1.961324810981750488e-01
2.313421517610549927e-01
2.313421517610549927e-01
1.804277002811431885e-01
8.090560883283615112e-02
5.190633237361907959e-02
5.592806264758110046e-02
1.055794730782508850e-01
2.259636223316192627e-01
2.313421517610549927e-01
2.313421517610549927e-01
1.594741493463516235e-01
1.458962708711624146e-01
7.020418345928192139e-02
3.210574015974998474e-02
3.124362230300903320e-02
6.842947751283645630e-02
1.054457128047943115e-01
9.793572872877120972e-02
1.053039878606796265e-01
2.421972304582595825e-01
1.807188242673873901e-01
1.008118540048599243e-01
9.824585914611816406e-02
8.909124135971069336e-02
1.535640358924865723e-01
1.831940710544586182e-01
2.132740318775177002e-01
1.920557022094726562e-01
1.398292481899261475e-01
1.466945409774780273e-01
9.452063590288162231e-02
5.825326591730117798e-02
2.742927521467208862e-02
6.118765473365783691e-02
9.600938856601715088e-02
1.444903165102005005e-01
1.612999439239501953e-01
2.494258582592010498e-01
2.614118456840515137e-01
2.247221171855926514e-01
2.352985739707946777e-01
1.859140098094940186e-01
2.614118456840515137e-01
2.614118456840515137e-01
2.614118456840515137e-01
2.422241866588592529e-01
1.441030651330947876e-01
5.040077492594718933e-02
3.274188935756683350e-02
5.079261213541030884e-02
3.828761726617813110e-02
6.391192227602005005e-02
6.790929287672042847e-02
1.876976937055587769e-01
2.010611295700073242e-01
1.155657023191452026e-01
4.587652906775474548e-02
3.443577140569686890e-02
5.195684731006622314e-02
1.436358969658613205e-02
4.462038353085517883e-02
1.126354709267616272e-01
2.410009354352951050e-01
2.315010726451873779e-01
1.605316549539566040e-01
1.520192474126815796e-01
7.741305977106094360e-02
9.484160691499710083e-02
9.626557677984237671e-02
1.396113932132720947e-01
3.294501602649688721e-01
3.294501602649688721e-01
2.791574299335479736e-01
1.078845560550689697e-01
4.566469416022300720e-02
3.853319212794303894e-02
5.038912594318389893e-02
3.513498976826667786e-02
7.618017494678497314e-02
3.294501602649688721e-01
3.294501602649688721e-01
3.294501602649688721e-01
1.277283728122711182e-01
1.217246800661087036e-01
4.316181689500808716e-02
5.978034436702728271e-02
2.532065100967884064e-02
5.540820211172103882e-02
1.433041095733642578e-01
1.337348818778991699e-01
1.397223323583602905e-01
2.822115421295166016e-01
2.340783923864364624e-01
1.000151410698890686e-01
3.230968490242958069e-02
2.290472947061061859e-02
5.603350326418876648e-02
8.787638694047927856e-02
6.112435087561607361e-02
1.487179696559906006e-01
1.823959946632385254e-01
1.665024906396865845e-01
6.539492309093475342e-02
6.075089424848556519e-02
2.579341456294059753e-02
8.645316213369369507e-02
2.822115421295166016e-01
2.822115421295166016e-01
2.822115421295166016e-01
2.822115421295166016e-01
2.822115421295166016e-01
2.822115421295166016e-01
6.873056292533874512e-02
3.088244982063770294e-02
4.161727055907249451e-02
1.253886073827743530e-01
2.418697923421859741e-01
2.822115421295166016e-01
2.874593436717987061e-01
3.487311005592346191e-01
1.660321652889251709e-01
2.616412565112113953e-02
2.191570587456226349e-02
4.625695571303367615e-02
5.973751470446586609e-02
4.591792076826095581e-02
8.932922035455703735e-02
1.663582026958465576e-01
3.487311005592346191e-01
1.870302259922027588e-01
4.256559908390045166e-02
3.955049440264701843e-02
4.458879679441452026e-02
7.324761897325515747e-02
5.756782740354537964e-02
4.096536710858345032e-02
2.628814578056335449e-01
3.487311005592346191e-01
3.487311005592346191e-01
5.153204873204231262e-02
2.133239991962909698e-02
2.322216704487800598e-02
2.119481936097145081e-02
3.955425322055816650e-02
8.812638372182846069e-02
1.462396085262298584e-01
3.487311005592346191e-01
2.693455815315246582e-01
4.521032795310020447e-02
2.330479957163333893e-02
2.031455188989639282e-02
3.213405236601829529e-02
3.055472671985626221e-02
3.840894997119903564e-02
3.219106495380401611e-01
3.386763334274291992e-01
9.408694505691528320e-02
2.728977054357528687e-02
3.842885419726371765e-02
2.902095578610897064e-02
4.786819964647293091e-02
2.714473195374011993e-02
3.278508409857749939e-02
3.386763334274291992e-01
3.386763334274291992e-01
2.979881502687931061e-02
2.775752916932106018e-03
1.820061169564723969e-02
2.502314001321792603e-02
3.238137811422348022e-02
2.692352049052715302e-02
6.742554157972335815e-02
2.220974117517471313e-01
3.386763334274291992e-01
1.219363957643508911e-01
3.071284294128417969e-02
2.355257794260978699e-02
4.741421714425086975e-02
7.937647402286529541e-02
5.254347994923591614e-02
5.871929973363876343e-02
3.386763334274291992e-01
3.386763334274291992e-01
1.870140731334686279e-01
1.800230145454406738e-02
1.140890643000602722e-02
4.626305401325225830e-02
1.109445318579673767e-01
9.131765365600585938e-02
2.047443985939025879e-01
3.375382721424102783e-01
2.240799069404602051e-01
8.841500617563724518e-03
1.617151661776006222e-03
3.678938141092658043e-03
6.106395274400711060e-03
8.532060310244560242e-03
2.637680619955062866e-02
1.563085466623306274e-01
3.375382721424102783e-01
1.285265535116195679e-01
1.009437628090381622e-02
2.259621629491448402e-03
3.148581599816679955e-03
9.454911923967301846e-05
8.737200871109962463e-03
3.195686265826225281e-02
3.375382721424102783e-01
3.375382721424102783e-01
3.304404914379119873e-01
7.639554888010025024e-02
3.380146576091647148e-03
0.000000000000000000e+00
1.635514385998249054e-02
4.620950296521186829e-02
5.557719245553016663e-02
3.065319955348968506e-01
3.375382721424102783e-01
5.557956919074058533e-02
3.240634687244892120e-03
0.000000000000000000e+00
1.901675859699025750e-04
5.814998876303434372e-03
1.603116653859615326e-02
4.329706355929374695e-02
3.375382721424102783e-01
3.429438173770904541e-01
1.326472163200378418e-01
1.007811725139617920e-02
1.298093586228787899e-03
1.972760073840618134e-03
5.010461245547048748e-05
6.136458367109298706e-03
3.374340757727622986e-02
3.429438173770904541e-01
3.429438173770904541e-01
8.700665831565856934e-02
1.681812480092048645e-02
6.870219949632883072e-03
5.283039645291864872e-04
7.915175519883632660e-04
2.068640105426311493e-02
1.270024478435516357e-01
3.429438173770904541e-01
3.429438173770904541e-01
2.379152923822402954e-02
8.868222357705235481e-04
0.000000000000000000e+00
5.151978111825883389e-04
7.515691104345023632e-04
1.344181783497333527e-02
4.570022597908973694e-02
3.429438173770904541e-01
3.429438173770904541e-01
3.425811976194381714e-02
1.344696525484323502e-02
5.788835231214761734e-03
4.471702559385448694e-04
2.069118665531277657e-03
3.491900116205215454e-02
8.308862894773483276e-02
3.429438173770904541e-01
3.106902539730072021e-01
5.342740565538406372e-02
3.421798720955848694e-02
2.866723947227001190e-02
1.025132834911346436e-03
2.489497419446706772e-03
4.909307509660720825e-02
2.128977328538894653e-01
3.106902539730072021e-01
3.042533993721008301e-01
7.387779653072357178e-02
2.401636168360710144e-02
2.419060282409191132e-02
2.343568019568920135e-03
4.038511309772729874e-03
3.328085318207740784e-02
2.152854949235916138e-01
3.106902539730072021e-01
3.106902539730072021e-01
7.912892103195190430e-02
3.455572575330734253e-02
2.349581010639667511e-02
1.862665754742920399e-03
1.014860160648822784e-02
5.533482506871223450e-02
7.492998987436294556e-02
3.106902539730072021e-01
3.106902539730072021e-01
1.583320200443267822e-01
2.956606075167655945e-02
2.513479255139827728e-02
1.770575344562530518e-02
4.452094808220863342e-02
1.442156434059143066e-01
2.355422526597976685e-01
3.106902539730072021e-01
1.146060079336166382e-01
2.484755963087081909e-02
1.094053033739328384e-02
6.605246569961309433e-03
1.454071258194744587e-03
3.175716148689389229e-03
1.626556552946567535e-02
2.410169094800949097e-01
3.580160140991210938e-01
3.069298714399337769e-02
1.738784648478031158e-02
1.398828625679016113e-02
8.283799514174461365e-03
6.780672352761030197e-03
8.389538154006004333e-03
5.196123570203781128e-02
3.122860193252563477e-01
3.141692578792572021e-01
2.137528955936431885e-01
5.216459184885025024e-02
1.776762865483760834e-02
1.251737959682941437e-02
1.302848849445581436e-02
1.806090585887432098e-02
8.422385901212692261e-02
3.580160140991210938e-01
3.580160140991210938e-01
9.740986675024032593e-02
1.425617281347513199e-02
1.528234034776687622e-02
8.883112110197544098e-03
1.503873430192470551e-02
1.911147125065326691e-02
1.250814646482467651e-01
3.580160140991210938e-01
3.580160140991210938e-01
4.509775340557098389e-02
4.795252531766891479e-02
2.193049900233745575e-02
3.774982690811157227e-02
6.408520042896270752e-02
1.722042262554168701e-02
1.034743934869766235e-01
2.369319051504135132e-01
1.203517839312553406e-01
3.114318847656250000e-01
1.755553036928176880e-01
7.827163487672805786e-02
9.497474879026412964e-02
9.588675945997238159e-02
7.389660179615020752e-02
1.248773410916328430e-01
2.267930358648300171e-01
2.844120860099792480e-01
6.876671314239501953e-02
2.084984630346298218e-02
1.583514548838138580e-02
3.185719251632690430e-02
5.033778771758079529e-02
6.227338686585426331e-02
3.114318847656250000e-01
3.114318847656250000e-01
3.114318847656250000e-01
1.490849703550338745e-01
1.008485928177833557e-01
4.636469483375549316e-02
1.080910414457321167e-01
6.008094176650047302e-02
8.670633286237716675e-02
2.838457524776458740e-01
3.114318847656250000e-01
2.462918609380722046e-01
2.610990703105926514e-01
2.610990703105926514e-01
1.249618306756019592e-01
1.281781345605850220e-01
1.058201566338539124e-01
2.610990703105926514e-01
1.849730312824249268e-01
2.610990703105926514e-01
2.610990703105926514e-01
9.173627942800521851e-02
8.176953345537185669e-02
6.444274634122848511e-02
1.075253635644912720e-01
1.228667870163917542e-01
2.182259708642959595e-01
2.132835090160369873e-01
1.924852728843688965e-01
1.570418179035186768e-01
2.610990703105926514e-01
2.124002426862716675e-01
8.679980039596557617e-02
1.267488896846771240e-01
5.980852246284484863e-02
1.038265749812126160e-01
1.125530749559402466e-01
1.976003348827362061e-01
2.610990703105926514e-01
1.190195307135581970e-01
7.220898568630218506e-02
4.574635252356529236e-02
7.782079279422760010e-02
7.965853810310363770e-02
9.945464879274368286e-02
1.200858727097511292e-01
1.579665243625640869e-01
1.551194190979003906e-01
1.438459306955337524e-01
1.565647125244140625e-01
1.544271409511566162e-01
2.261172980070114136e-01
2.121467888355255127e-01
2.261172980070114136e-01
2.261172980070114136e-01
1.682233214378356934e-01
2.077839076519012451e-01
1.071050465106964111e-01
1.257498711347579956e-01
1.551085710525512695e-01
1.966865956783294678e-01
2.261172980070114136e-01
2.261172980070114136e-01
2.261172980070114136e-01
1.222221925854682922e-01
1.324935257434844971e-01
9.970223158597946167e-02
8.127615600824356079e-02
7.009045779705047607e-02
2.060143649578094482e-01
1.472815722227096558e-01
1.217814385890960693e-01
1.984333693981170654e-01
1.973925232887268066e-01
1.106253489851951599e-01
1.304746121168136597e-01
6.566391885280609131e-02
7.879401743412017822e-02
1.339411884546279907e-01
8.081949502229690552e-02
7.002847641706466675e-02
1.809247583150863647e-01
2.261172980070114136e-01
2.261172980070114136e-01
2.356542199850082397e-01
1.665082871913909912e-01
1.260529011487960815e-01
2.259183973073959351e-01
1.851689964532852173e-01
1.665710508823394775e-01
1.468903422355651855e-01
1.523487716913223267e-01
1.604733914136886597e-01
2.356542199850082397e-01
1.939789801836013794e-01
6.979876756668090820e-02
8.193519711494445801e-02
8.976294100284576416e-02
1.356491297483444214e-01
1.433647722005844116e-01
2.232229262590408325e-01
2.356542199850082397e-01
1.579481065273284912e-01
2.023949325084686279e-01
2.356542199850082397e-01
2.356542199850082397e-01
1.715523004531860352e-01
1.178254932165145874e-01
4.255941137671470642e-02
5.744514241814613342e-02
1.367077529430389404e-01
1.821731328964233398e-01
1.863471120595932007e-01
1.863926947116851807e-01
1.885683834552764893e-01
1.635006964206695557e-01
1.035092473030090332e-01
8.609337359666824341e-02
1.284408271312713623e-01
1.187801361083984375e-01
2.445567697286605835e-01
9.766543656587600708e-02
3.561726585030555725e-02
4.518636316061019897e-02
5.406322330236434937e-02
1.462616622447967529e-01
1.670066565275192261e-01
2.445567697286605835e-01
2.445567697286605835e-01
2.445567697286605835e-01
2.124799042940139771e-01
1.847331821918487549e-01
4.562372714281082153e-02
4.514127969741821289e-02
8.339381963014602661e-02
1.532931774854660034e-01
1.765415072441101074e-01
2.445567697286605835e-01
2.435250580310821533e-01
1.371949166059494019e-01
1.225098669528961182e-01
9.954228252172470093e-02
9.563239663839340210e-02
1.095591858029365540e-01
1.055724769830703735e-01
2.188301980495452881e-01
2.445567697286605835e-01
2.445567697286605835e-01
1.856940537691116333e-01
1.099439263343811035e-01
5.303746834397315979e-02
4.999626800417900085e-02
1.239927411079406738e-01
1.599477082490921021e-01
1.815426647663116455e-01
2.445567697286605835e-01
2.242855131626129150e-01
2.242855131626129150e-01
1.684150844812393188e-01
5.978776887059211731e-02
4.263190552592277527e-02
7.640797644853591919e-02
1.626189202070236206e-01
1.540018320083618164e-01
2.219304740428924561e-01
2.139090150594711304e-01
1.481338292360305786e-01
4.880121722817420959e-02
6.439756602048873901e-02
6.077865138649940491e-02
1.194127053022384644e-01
2.242855131626129150e-01
2.242855131626129150e-01
2.242855131626129150e-01
1.968210190534591675e-01
1.542885750532150269e-01
5.855203047394752502e-02
6.077413633465766907e-02
6.579883396625518799e-02
1.064162924885749817e-01
1.586680859327316284e-01
1.687402725219726562e-01
2.242855131626129150e-01
1.695285737514495850e-01
1.974878907203674316e-01
1.283133476972579956e-01
2.242855131626129150e-01
1.787895560264587402e-01
1.355453580617904663e-01
2.140997052192687988e-01
2.116236984729766846e-01
2.242855131626129150e-01
9.215043485164642334e-02
7.266420125961303711e-02
3.879625350236892700e-02
3.422436118125915527e-02
1.727477833628654480e-02
2.711128070950508118e-02
5.135707929730415344e-02
6.315869092941284180e-02
8.436905592679977417e-02
1.921318620443344116e-01
2.636250257492065430e-01
2.293014377355575562e-01
1.423641145229339600e-01
1.015230864286422729e-01
1.272791922092437744e-01
2.231711447238922119e-01
2.263007611036300659e-01
1.639095544815063477e-01
2.387388199567794800e-01
2.091569602489471436e-01
1.196319684386253357e-01
2.352680116891860962e-01
9.589940309524536133e-02
5.506715551018714905e-02
6.193264946341514587e-02
6.241474300622940063e-02
1.154250130057334900e-01
2.636250257492065430e-01
2.636250257492065430e-01
2.636250257492065430e-01
2.636250257492065430e-01
2.636250257492065430e-01
2.102238684892654419e-01
8.171441406011581421e-02
6.328692287206649780e-02
1.625813245773315430e-01
6.702068448066711426e-02
1.214318200945854187e-01
1.056991890072822571e-01
8.297445625066757202e-02
1.062483638525009155e-01
5.371304601430892944e-02
2.964291572570800781e-01
2.964291572570800781e-01
1.105516925454139709e-01
2.695860899984836578e-02
2.051403187215328217e-02
3.921909630298614502e-02
5.100399255752563477e-02
7.125844806432723999e-02
3.120830841362476349e-02
2.964291572570800781e-01
2.964291572570800781e-01
1.558546274900436401e-01
8.587869256734848022e-02
1.453898251056671143e-01
2.148897498846054077e-01
1.410448402166366577e-01
2.964291572570800781e-01
1.266117990016937256e-01
1.071621701121330261e-01
1.003938838839530945e-01
4.650310426950454712e-02
3.328242897987365723e-02
7.624952495098114014e-02
1.619118303060531616e-01
1.666802912950515747e-01
2.580303251743316650e-01
8.075368404388427734e-02
2.964291572570800781e-01
2.964291572570800781e-01
1.194403767585754395e-01
6.343149393796920776e-02
4.055951908230781555e-02
2.542268112301826477e-02
2.197112143039703369e-02
3.025894798338413239e-02
6.260105222463607788e-02
2.749422192573547363e-01
2.749422192573547363e-01
2.673128545284271240e-01
1.550878137350082397e-01
2.409736514091491699e-01
1.706127673387527466e-01
4.062873870134353638e-02
3.008666448295116425e-02
4.519310966134071350e-02
9.979315102100372314e-02
1.707165390253067017e-01
1.748614311218261719e-01
4.224824905395507812e-02
4.601523280143737793e-02
2.532928884029388428e-01
2.749422192573547363e-01
2.040818035602569580e-01
1.750013083219528198e-01
2.749422192573547363e-01
2.749422192573547363e-01
1.981778889894485474e-01
7.227862626314163208e-02
3.125595673918724060e-02
1.243537589907646179e-01
1.986127197742462158e-01
1.913322210311889648e-01
1.425705999135971069e-01
1.725573986768722534e-01
1.150109693408012390e-01
1.001608371734619141e-01
2.508555650711059570e-01
2.698848545551300049e-01
2.698848545551300049e-01
8.837996423244476318e-02
3.285161405801773071e-02
2.384194917976856232e-02
4.202857986092567444e-02
8.056197315454483032e-02
1.576884686946868896e-01
2.187665104866027832e-01
2.698848545551300049e-01
1.876788586378097534e-01
8.348949253559112549e-02
3.870295733213424683e-02
3.488933667540550232e-02
5.186602845788002014e-02
5.864568799734115601e-02
1.017669886350631714e-01
2.648429274559020996e-01
9.678406268358230591e-02
1.398536711931228638e-01
8.441560715436935425e-02
6.934724003076553345e-02
6.575203686952590942e-02
9.582205116748809814e-02
1.164081320166587830e-01
1.939411014318466187e-01
2.698848545551300049e-01
2.698848545551300049e-01
2.506647109985351562e-01
2.219436019659042358e-01
7.649607956409454346e-02
1.201226189732551575e-01
1.092082038521766663e-01
1.598163545131683350e-01
2.698848545551300049e-01
1.664174795150756836e-01
2.172309756278991699e-01
9.241446852684020996e-02
3.580280393362045288e-02
1.984577625989913940e-02
6.575821340084075928e-02
9.492308646440505981e-02
9.798059612512588501e-02
9.606681764125823975e-02
2.730574607849121094e-01
2.730574607849121094e-01
1.558814346790313721e-01
2.160640060901641846e-02
9.286114946007728577e-03
6.228090077638626099e-02
1.691578775644302368e-01
1.692932397127151489e-01
2.730574607849121094e-01
2.730574607849121094e-01
2.730574607849121094e-01
1.316080242395401001e-01
1.124973371624946594e-01
5.310115963220596313e-02
6.768230348825454712e-02
8.138884603977203369e-02
1.383413225412368774e-01
2.672021687030792236e-01
2.730574607849121094e-01
2.730574607849121094e-01
8.541840314865112305e-02
5.715077742934226990e-02
1.136619895696640015e-01
4.242357611656188965e-02
1.171681210398674011e-01
1.548312902450561523e-01
2.730574607849121094e-01
3.292199075222015381e-01
1.327527761459350586e-01
5.203299596905708313e-02
3.416406223550438881e-03
1.770031376508995891e-04
1.276283897459506989e-02
4.556679725646972656e-02
5.489804223179817200e-02
3.292199075222015381e-01
3.292199075222015381e-01
6.275709718465805054e-02
2.055394463241100311e-02
2.080110134556889534e-03
5.912543740123510361e-03
1.142642740160226822e-02
8.154461160302162170e-03
2.574970386922359467e-02
3.292199075222015381e-01
3.292199075222015381e-01
2.204425334930419922e-01
3.274386003613471985e-02
5.244970321655273438e-02
5.008653178811073303e-02
2.915676310658454895e-02
4.449647665023803711e-02
6.439626961946487427e-02
3.292199075222015381e-01
3.292199075222015381e-01
1.672282665967941284e-01
7.568168640136718750e-02
4.176611080765724182e-02
1.839002594351768494e-02
2.231316640973091125e-02
1.209097262471914291e-02
2.110587619245052338e-02
3.292199075222015381e-01
3.166845738887786865e-01
7.684811949729919434e-02
2.888299711048603058e-02
1.139533333480358124e-02
1.041240431368350983e-02
1.956664957106113434e-02
3.356448188424110413e-02
5.757283791899681091e-02
3.166845738887786865e-01
3.166845738887786865e-01
8.467031270265579224e-02
2.886248007416725159e-02
5.761590227484703064e-02
6.799973547458648682e-02
1.021165307611227036e-02
8.997432887554168701e-02
1.642752736806869507e-01
3.166845738887786865e-01
3.166845738887786865e-01
2.151861190795898438e-01
8.996877074241638184e-02
2.016175724565982819e-02
1.694349199533462524e-02
2.631451375782489777e-02
3.853606432676315308e-02
4.432326182723045349e-02
3.166845738887786865e-01
3.166845738887786865e-01
1.810961365699768066e-01
6.194531917572021484e-02
7.373010367155075073e-02
9.014124423265457153e-02
1.344874594360589981e-02
7.809233665466308594e-02
1.260150223970413208e-01
3.166845738887786865e-01
2.685845196247100830e-01
1.213097721338272095e-01
3.586093336343765259e-02
9.912798553705215454e-02
1.559774577617645264e-01
1.598687097430229187e-02
1.484402865171432495e-01
2.502082586288452148e-01
2.685845196247100830e-01
2.685845196247100830e-01
1.393975615501403809e-01
2.685638703405857086e-02
2.184912003576755524e-02
4.416906833648681641e-02
7.027688622474670410e-02
2.685845196247100830e-01
2.685845196247100830e-01
2.685845196247100830e-01
2.685845196247100830e-01
1.646668165922164917e-01
5.620982497930526733e-02
1.236463487148284912e-01
2.039583176374435425e-01
1.282621989957988262e-03
8.755654096603393555e-02
1.818176209926605225e-01
2.672444283962249756e-01
2.685845196247100830e-01
1.173857077956199646e-01
1.029869262129068375e-02
9.574354626238346100e-03
3.907651826739311218e-02
3.652281826362013817e-03
3.873284906148910522e-02
1.368234008550643921e-01
1.503251641988754272e-01
1.374686956405639648e-01
3.406120836734771729e-02
1.860878244042396545e-02
1.434502471238374710e-02
1.793828979134559631e-02
2.219820395112037659e-02
1.557388007640838623e-01
3.440106511116027832e-01
3.440106511116027832e-01
1.289632618427276611e-01
9.327438659965991974e-03
1.521506346762180328e-02
1.432542689144611359e-02
3.224400803446769714e-02
7.953663170337677002e-02
3.440106511116027832e-01
3.440106511116027832e-01
3.440106511116027832e-01
1.225669980049133301e-01
5.524147674441337585e-02
7.655526977032423019e-03
7.285695523023605347e-03
1.249105297029018402e-02
1.258007064461708069e-02
4.496019706130027771e-02
1.261507123708724976e-01
1.296856254339218140e-01
8.916155248880386353e-02
5.442680791020393372e-02
3.041998296976089478e-02
1.953290216624736786e-02
3.325653821229934692e-02
9.411408007144927979e-02
3.440106511116027832e-01
3.440106511116027832e-01
1.500774621963500977e-01
6.732503324747085571e-02
1.529139280319213867e-02
3.102681599557399750e-02
4.050361737608909607e-02
7.855395972728729248e-02
1.822384148836135864e-01
2.936595976352691650e-01
2.936595976352691650e-01
2.936595976352691650e-01
6.764612346887588501e-02
8.678584545850753784e-02
5.481562390923500061e-02
1.238480880856513977e-01
1.115515232086181641e-01
2.167738676071166992e-01
2.936595976352691650e-01
2.936595976352691650e-01
1.430514454841613770e-01
1.221541613340377808e-01
7.036183029413223267e-02
8.207169920206069946e-02
4.597117379307746887e-02
8.691795170307159424e-02
1.574092656373977661e-01
2.936595976352691650e-01
2.936595976352691650e-01
1.032500788569450378e-01
1.277095973491668701e-01
1.083872392773628235e-01
1.159727573394775391e-01
9.873040020465850830e-02
1.294334679841995239e-01
1.810787767171859741e-01
1.827604174613952637e-01
1.532038599252700806e-01
8.323843032121658325e-02
1.894752830266952515e-01
1.889834851026535034e-01
6.628020852804183960e-02
1.556081026792526245e-01
1.009383723139762878e-01
1.461126655340194702e-01
2.067793905735015869e-01
2.602798938751220703e-01
2.602798938751220703e-01
9.770595282316207886e-02
3.101580962538719177e-02
2.074250392615795135e-02
2.255149371922016144e-02
3.690699487924575806e-02
1.050140485167503357e-01
2.534274756908416748e-01
2.602798938751220703e-01
2.602798938751220703e-01
1.993843913078308105e-01
1.477340310811996460e-01
9.439349174499511719e-02
1.042760163545608521e-01
1.216796115040779114e-01
1.323281377553939819e-01
1.606601476669311523e-01
2.211102843284606934e-01
2.602798938751220703e-01
1.265379488468170166e-01
2.314625866711139679e-02
3.365688398480415344e-02
3.680257871747016907e-02
6.278273463249206543e-02
8.970418572425842285e-02
2.029640227556228638e-01
2.602798938751220703e-01
2.602798938751220703e-01
5.832028388977050781e-02
3.205298632383346558e-02
8.292990922927856445e-02
5.315347015857696533e-02
6.293527781963348389e-02
1.307184845209121704e-01
2.899052798748016357e-01
2.899052798748016357e-01
1.734620034694671631e-01
1.467100083827972412e-01
5.359628796577453613e-02
1.111500486731529236e-01
4.046247527003288269e-02
3.006963431835174561e-02
4.753647372126579285e-02
1.590147018432617188e-01
2.899052798748016357e-01
2.899052798748016357e-01
9.921651333570480347e-02
2.903855219483375549e-02
1.263648122549057007e-01
8.889093250036239624e-02
8.168811351060867310e-02
1.162069216370582581e-01
2.168210893869400024e-01
2.899052798748016357e-01
2.899052798748016357e-01
1.977867037057876587e-01
6.750334054231643677e-02
1.409656256437301636e-01
7.681584358215332031e-02
3.573093935847282410e-02
5.460318177938461304e-02
1.310901492834091187e-01
2.899052798748016357e-01
2.899052798748016357e-01
1.944453269243240356e-01
1.840367019176483154e-01
2.302375137805938721e-01
2.302375137805938721e-01
1.838517040014266968e-01
1.359898746013641357e-01
5.415904894471168518e-02
4.517510160803794861e-02
1.574679613113403320e-01
1.265700459480285645e-01
2.112746238708496094e-01
1.856849789619445801e-01
2.102022171020507812e-01
2.302375137805938721e-01
4.749000817537307739e-02
4.055932909250259399e-02
5.666550621390342712e-02
6.571627408266067505e-02
2.302375137805938721e-01
1.020909398794174194e-01
2.302375137805938721e-01
2.302375137805938721e-01
2.302375137805938721e-01
1.305259019136428833e-01
7.001766562461853027e-02
7.161772251129150391e-02
2.190346717834472656e-01
1.783737540245056152e-01
1.857304126024246216e-01
1.559389531612396240e-01
2.240757942199707031e-01
2.100714445114135742e-01
7.943420112133026123e-02
8.132128417491912842e-02
1.000313982367515564e-01
1.696268022060394287e-01
1.208519265055656433e-01
1.968258619308471680e-01
1.176754981279373169e-01
1.272042244672775269e-01
1.084026917815208435e-01
5.125468596816062927e-02
2.874067798256874084e-02
4.654183983802795410e-02
6.403636187314987183e-02
1.749341934919357300e-01
1.445137113332748413e-01
1.292596757411956787e-01
1.098468750715255737e-01
6.811469793319702148e-02
1.145986840128898621e-01
1.489312499761581421e-01
1.037873998284339905e-01
1.540945172309875488e-01
1.177134215831756592e-01
2.159627377986907959e-01
1.215638071298599243e-01
1.888189166784286499e-01
1.316026300191879272e-01
8.664565533399581909e-02
7.668798416852951050e-02
8.217979222536087036e-02
8.011176437139511108e-02
2.717461287975311279e-01
2.717461287975311279e-01
2.717461287975311279e-01
2.717461287975311279e-01
2.717461287975311279e-01
2.485541105270385742e-01
2.307479828596115112e-01
2.232202887535095215e-01
2.209573537111282349e-01
1.180278882384300232e-01
4.897995665669441223e-02
4.842908680438995361e-02
2.708413265645503998e-02
2.814774774014949799e-02
2.818149514496326447e-02
4.082928225398063660e-02
4.804996773600578308e-02
8.057554066181182861e-02
2.279918491840362549e-01
8.396171033382415771e-02
6.875346601009368896e-02
8.453299105167388916e-02
8.621449023485183716e-02
3.894493356347084045e-02
3.396105393767356873e-02
1.098384708166122437e-01
2.262554913759231567e-01
2.950900197029113770e-01
2.592559158802032471e-01
2.950900197029113770e-01
2.117446660995483398e-01
1.314690560102462769e-01
4.453847184777259827e-02
8.223988860845565796e-02
1.467718333005905151e-01
2.199178487062454224e-01
2.950900197029113770e-01
2.258234620094299316e-01
2.950900197029113770e-01
1.432702541351318359e-01
8.742130547761917114e-02
2.568047121167182922e-02
1.051026657223701477e-01
2.950900197029113770e-01
2.950900197029113770e-01
1.396349370479583740e-01
9.653893858194351196e-02
7.067928463220596313e-02
1.664936691522598267e-01
8.641158044338226318e-02
3.835704550147056580e-02
3.924199938774108887e-02
8.043164014816284180e-02
1.739949733018875122e-01
2.156704664230346680e-01
1.625632196664810181e-01
2.002120167016983032e-01
2.408693581819534302e-01
2.029791772365570068e-01
1.373226344585418701e-01
4.994594305753707886e-02
6.247813999652862549e-02
1.863846629858016968e-01
2.976759374141693115e-01
5.064201727509498596e-02
4.580408334732055664e-02
8.575709164142608643e-02
5.213952809572219849e-02
2.822117321193218231e-02
1.086888238787651062e-01
2.976759374141693115e-01
2.976759374141693115e-01
2.976759374141693115e-01
6.231937184929847717e-02
1.293504238128662109e-01
1.871662586927413940e-01
1.370296329259872437e-01
9.823582321405410767e-02
1.168621778488159180e-01
2.188628166913986206e-01
2.976759374141693115e-01
8.948412537574768066e-02
1.065613776445388794e-01
1.489104330539703369e-01
1.522430926561355591e-01
2.564921081066131592e-01
1.931397914886474609e-01
2.286956273019313812e-02
2.413068898022174835e-02
6.241536885499954224e-02
4.612611606717109680e-02
1.903560906648635864e-01
2.564921081066131592e-01
2.527584731578826904e-01
2.409298717975616455e-01
1.047514155507087708e-01
5.910172313451766968e-02
4.382073879241943359e-02
3.242599591612815857e-02
2.564921081066131592e-01
1.456488370895385742e-01
1.232413351535797119e-01
1.753388941287994385e-01
2.336113899946212769e-01
1.243166550993919373e-01
3.388705104589462280e-02
6.520240753889083862e-02
2.564921081066131592e-01
2.564921081066131592e-01
2.564921081066131592e-01
2.564921081066131592e-01
2.067400813102722168e-01
1.305924355983734131e-01
1.121581792831420898e-01
5.641563236713409424e-02
5.163869261741638184e-02
1.771063655614852905e-01
3.405055776238441467e-02
1.700842827558517456e-01
3.055592477321624756e-01
3.055592477321624756e-01
1.687637120485305786e-01
8.688987046480178833e-02
1.428440809249877930e-01
7.977578043937683105e-02
4.156534746289253235e-02
5.688541755080223083e-02
1.160305440425872803e-01
2.546134293079376221e-01
3.055592477321624756e-01
1.634640395641326904e-01
7.360047101974487305e-02
6.460916250944137573e-02
4.212047532200813293e-02
3.180724754929542542e-02
9.012916684150695801e-02
3.055592477321624756e-01
3.055592477321624756e-01
3.055592477321624756e-01
3.303847834467887878e-02
9.430508315563201904e-02
8.997016400098800659e-02
3.434336185455322266e-02
3.388927876949310303e-02
9.756191074848175049e-02
2.620115280151367188e-01
2.305594533681869507e-01
2.102560102939605713e-01
8.714658021926879883e-02
6.490436941385269165e-02
6.882550567388534546e-02
2.207197062671184540e-02
2.030040323734283447e-02
1.194286793470382690e-01
1.445962488651275635e-01
1.294394582509994507e-01
9.064601361751556396e-02
5.876771733164787292e-02
2.296914160251617432e-02
3.207448497414588928e-02
3.758587315678596497e-02
5.622730404138565063e-02
2.228818386793136597e-01
2.228818386793136597e-01
1.852880418300628662e-01
2.228818386793136597e-01
9.518283605575561523e-02
4.731451719999313354e-02
6.539107114076614380e-02
8.340172469615936279e-02
1.343963146209716797e-01
2.138017565011978149e-01
2.228818386793136597e-01
2.228818386793136597e-01
1.839132905006408691e-01
2.224111706018447876e-01
1.307056695222854614e-01
2.059961259365081787e-01
4.499395564198493958e-02
8.808030188083648682e-02
2.228818386793136597e-01
2.228818386793136597e-01
2.228818386793136597e-01
2.228818386793136597e-01
2.228818386793136597e-01
1.719685792922973633e-01
2.228818386793136597e-01
1.706734746694564819e-01
2.228818386793136597e-01
2.020540833473205566e-01
2.172779589891433716e-01
1.232957467436790466e-01
2.001812458038330078e-01
1.413649171590805054e-01
6.285507977008819580e-02
8.216817677021026611e-02
1.168759986758232117e-01
2.155290246009826660e-01
2.172779589891433716e-01
2.172779589891433716e-01
1.352967172861099243e-01
1.502696424722671509e-01
1.936964541673660278e-01
6.894116848707199097e-02
1.084409803152084351e-01
1.251273453235626221e-01
1.486031562089920044e-01
2.112025171518325806e-01
2.172779589891433716e-01
1.762523949146270752e-01
1.996173262596130371e-01
2.172779589891433716e-01
1.284981966018676758e-01
1.722934544086456299e-01
1.386324018239974976e-01
2.172779589891433716e-01
9.442795813083648682e-02
1.423896998167037964e-01
2.172779589891433716e-01
2.172779589891433716e-01
2.129533588886260986e-01
1.217395663261413574e-01
1.166210025548934937e-01
7.488186657428741455e-02
1.053163856267929077e-01
3.013088405132293701e-01
3.013088405132293701e-01
1.527052223682403564e-01
2.476251572370529175e-01
2.168200165033340454e-01
1.049882471561431885e-01
1.509270220994949341e-01
2.001466602087020874e-01
3.013088405132293701e-01
3.013088405132293701e-01
2.017402201890945435e-01
9.608563035726547241e-02
1.198587566614151001e-01
4.826802015304565430e-02
4.768262803554534912e-02
3.622295707464218140e-02
7.551670819520950317e-02
3.013088405132293701e-01
1.172750145196914673e-01
1.419711410999298096e-01
1.876646876335144043e-01
2.004739195108413696e-01
1.490880697965621948e-01
8.854551613330841064e-02
1.069816052913665771e-01
9.400147199630737305e-02
1.221128627657890320e-01
1.887344121932983398e-01
1.079308018088340759e-01
5.036451667547225952e-02
3.028865531086921692e-02
2.961669489741325378e-02
2.592829056084156036e-02
4.057811945676803589e-02
6.763353943824768066e-02
1.689918339252471924e-01
2.952913045883178711e-01
2.952913045883178711e-01
1.313771158456802368e-01
3.106983564794063568e-02
1.830810867249965668e-02
1.955771818757057190e-02
3.577090799808502197e-02
3.429970517754554749e-02
2.952913045883178711e-01
2.952913045883178711e-01
2.952913045883178711e-01
1.013737022876739502e-01
3.184213861823081970e-02
4.578636214137077332e-02
8.494555018842220306e-03
2.093356475234031677e-02
2.504173293709754944e-02
2.733117640018463135e-01
2.370335459709167480e-01
2.952913045883178711e-01
1.601999253034591675e-01
2.828403934836387634e-02
1.682388596236705780e-02
1.590888760983943939e-02
2.553947828710079193e-02
4.268105328083038330e-02
1.498073935508728027e-01
2.952913045883178711e-01
2.952913045883178711e-01
2.437198609113693237e-01
3.756784275174140930e-02
2.942199818789958954e-02
1.430561766028404236e-03
2.260102704167366028e-02
4.740272462368011475e-02
1.277241259813308716e-01
3.247868418693542480e-01
3.247868418693542480e-01
4.875633493065834045e-02
1.634806022047996521e-02
3.130433335900306702e-02
2.126180799677968025e-03
1.078330539166927338e-02
2.718773111701011658e-02
9.514079988002777100e-02
3.247868418693542480e-01
3.053904771804809570e-01
2.970452420413494110e-02
2.329137362539768219e-02
3.013379499316215515e-02
2.316947281360626221e-02
1.691384054720401764e-02
5.468374863266944885e-02
7.238974422216415405e-02
3.247868418693542480e-01
3.247868418693542480e-01
1.960057020187377930e-01
4.180384054780006409e-02
1.963758841156959534e-02
6.071078125387430191e-03
1.984142698347568512e-02
5.389121919870376587e-02
9.286466240882873535e-02
3.247868418693542480e-01
3.247868418693542480e-01
1.977581381797790527e-01
8.466443419456481934e-02
3.017019852995872498e-02
3.304511681199073792e-02
4.376278072595596313e-02
1.210099607706069946e-01
1.510504484176635742e-01
2.617515325546264648e-01
2.617515325546264648e-01
5.624623224139213562e-02
4.840224236249923706e-02
7.169102132320404053e-02
9.420436620712280273e-02
1.016054749488830566e-01
1.277446150779724121e-01
1.788121610879898071e-01
2.234066873788833618e-01
1.973778307437896729e-01
1.533859074115753174e-01
3.923816606402397156e-02
7.246884703636169434e-02
9.796993434429168701e-02
2.611680626869201660e-01
2.617515325546264648e-01
2.606710791587829590e-01
2.617515325546264648e-01
2.617515325546264648e-01
2.304137796163558960e-01
1.168775781989097595e-01
1.052819788455963135e-01
1.070338413119316101e-01
1.277402788400650024e-01
1.436454802751541138e-01
1.687205582857131958e-01
1.526231467723846436e-01
2.085166722536087036e-01
1.894480884075164795e-01
7.233669608831405640e-02
1.121026277542114258e-01
7.520334422588348389e-02
1.111786440014839172e-01
7.937569916248321533e-02
1.106581613421440125e-01
2.417064011096954346e-01
2.217797785997390747e-01
1.920373737812042236e-01
7.231619954109191895e-02
1.298203468322753906e-01
8.030240982770919800e-02
2.417064011096954346e-01
2.417064011096954346e-01
2.417064011096954346e-01
2.417064011096954346e-01
2.277343422174453735e-01
1.900903731584548950e-01
1.457123756408691406e-01
1.869716048240661621e-01
1.042894646525382996e-01
1.827608495950698853e-01
2.417064011096954346e-01
2.417064011096954346e-01
1.232566833496093750e-01
1.379194259643554688e-01
1.379473209381103516e-01
7.327225804328918457e-02
1.014600843191146851e-01
4.474477097392082214e-02
8.565892279148101807e-02
1.536315977573394775e-01
1.343462467193603516e-01
1.242142692208290100e-01
8.649253845214843750e-02
7.412331551313400269e-02
5.099974945187568665e-02
9.440040588378906250e-02
9.672085940837860107e-02
1.697467267513275146e-01
2.210471332073211670e-01
1.967834681272506714e-01
2.283569276332855225e-01
1.214547902345657349e-01
7.457726448774337769e-02
8.683252334594726562e-02
1.492339521646499634e-01
8.607409149408340454e-02
1.229779422283172607e-01
1.506298929452896118e-01
2.233435660600662231e-01
1.301643401384353638e-01
4.668254405260086060e-02
1.220742538571357727e-01
2.194238752126693726e-01
2.628394961357116699e-01
1.100478470325469971e-01
1.151653081178665161e-01
2.630889117717742920e-01
2.630889117717742920e-01
1.185682862997055054e-01
9.473106265068054199e-02
1.237598955631256104e-01
1.595441251993179321e-01
2.045111060142517090e-01
1.888084709644317627e-01
1.596001684665679932e-01
1.253167539834976196e-01
1.539218574762344360e-01
7.444557547569274902e-02
1.053410694003105164e-01
1.911156773567199707e-01
2.630889117717742920e-01
2.630889117717742920e-01
2.630889117717742920e-01
1.114403977990150452e-01
4.097333550453186035e-02
6.230002641677856445e-02
7.061889767646789551e-02
5.401163175702095032e-02
1.833177953958511353e-01
2.404361367225646973e-01
2.072941660881042480e-01
1.165058687329292297e-01
7.946852594614028931e-02
2.502177655696868896e-01
2.074918597936630249e-01
1.613289266824722290e-01
1.613806486129760742e-01
1.662926226854324341e-01
1.449963897466659546e-01
8.493396639823913574e-02
7.928663492202758789e-02
9.117493033409118652e-02
2.502177655696868896e-01
1.874564886093139648e-01
8.345356583595275879e-02
1.410572230815887451e-01
2.502177655696868896e-01
2.502177655696868896e-01
2.502177655696868896e-01
1.907618939876556396e-01
6.030444800853729248e-02
2.372059039771556854e-02
7.532528042793273926e-02
1.435966044664382935e-01
2.502177655696868896e-01
2.502177655696868896e-01
2.502177655696868896e-01
1.309035867452621460e-01
1.211746782064437866e-01
5.577099695801734924e-02
2.957516349852085114e-02
6.438942998647689819e-02
2.040360122919082642e-01
1.206128522753715515e-01
1.037785187363624573e-01
8.518064022064208984e-02
1.205693632364273071e-01
1.423720419406890869e-01
1.169964671134948730e-01
1.058253347873687744e-01
1.983016878366470337e-01
1.606245040893554688e-01
1.878345459699630737e-01
1.316507756710052490e-01
2.606620788574218750e-01
1.315297186374664307e-01
1.316182315349578857e-01
1.599881201982498169e-01
1.563214957714080811e-01
1.609633415937423706e-01
1.666169464588165283e-01
2.606620788574218750e-01
2.304420918226242065e-01
8.786837011575698853e-02
8.606542646884918213e-02
1.078406497836112976e-01
8.670870959758758545e-02
9.180171787738800049e-02
1.242525652050971985e-01
1.070354282855987549e-01
2.584637105464935303e-01
2.606620788574218750e-01
2.606620788574218750e-01
2.606620788574218750e-01
1.918407529592514038e-01
1.166768148541450500e-01
1.363440454006195068e-01
9.590486437082290649e-02
5.513915792107582092e-02
6.312017887830734253e-02
6.712031364440917969e-02
1.450956016778945923e-01
1.174792200326919556e-01
7.356785237789154053e-02
6.966903060674667358e-02
7.936573028564453125e-02
7.433383166790008545e-02
1.685677617788314819e-01
1.794554591178894043e-01
2.401810735464096069e-01
2.400135248899459839e-01
2.401810735464096069e-01
2.087013125419616699e-01
2.109468281269073486e-01
2.401810735464096069e-01
1.771231293678283691e-01
4.250320419669151306e-02
6.038489565253257751e-02
1.067808866500854492e-01
2.401810735464096069e-01
2.401810735464096069e-01
1.539929211139678955e-01
6.500998884439468384e-02
7.630124688148498535e-02
8.018855005502700806e-02
1.388127505779266357e-01
6.856508553028106689e-02
2.282393574714660645e-01
2.340435832738876343e-01
2.401810735464096069e-01
2.112368345260620117e-01
1.525478065013885498e-01
2.401810735464096069e-01
1.785631477832794189e-01
1.664739400148391724e-01
1.475977450609207153e-01
2.643083631992340088e-01
1.441631168127059937e-01
1.428351402282714844e-01
7.180111110210418701e-02
1.411841660737991333e-01
2.643083631992340088e-01
2.419266700744628906e-01
2.643083631992340088e-01
9.919691085815429688e-02
1.979227513074874878e-01
8.569108694791793823e-02
5.116420239210128784e-02
7.164208590984344482e-02
1.548800021409988403e-01
2.643083631992340088e-01
2.643083631992340088e-01
1.050702109932899475e-01
4.517736285924911499e-02
2.103535532951354980e-01
1.197749897837638855e-01
8.076096326112747192e-02
6.504366546869277954e-02
8.842366933822631836e-02
1.814672201871871948e-01
1.555960476398468018e-01
1.863675415515899658e-01
5.924445390701293945e-02
1.486438959836959839e-01
1.116859540343284607e-01
4.011624306440353394e-02
9.917474538087844849e-02
1.196128726005554199e-01
2.643083631992340088e-01
2.643083631992340088e-01
2.191747128963470459e-01
2.222474105656147003e-02
2.317565307021141052e-02
1.889283955097198486e-02
1.293545495718717575e-02
2.410464361310005188e-02
8.874302357435226440e-02
3.214760124683380127e-01
3.214760124683380127e-01
3.214760124683380127e-01
3.463180735707283020e-02
5.188087001442909241e-02
4.149854183197021484e-02
2.757119201123714447e-02
1.762683130800724030e-02
5.385190248489379883e-02
2.127951085567474365e-01
3.214760124683380127e-01
1.436658948659896851e-01
3.734712675213813782e-02
3.294429555535316467e-02
4.062636569142341614e-02
1.249844022095203400e-02
3.110702708363533020e-02
6.874138116836547852e-02
3.214760124683380127e-01
3.214760124683380127e-01
2.198028415441513062e-01
4.051886871457099915e-02
2.645000815391540527e-02
1.132106967270374298e-02
4.733902402222156525e-03
1.161138899624347687e-02
4.682838171720504761e-02
2.769337594509124756e-01
3.214760124683380127e-01
2.864075601100921631e-01
1.070597618818283081e-01
6.790561974048614502e-02
6.286445260047912598e-02
7.883986830711364746e-02
3.974239900708198547e-02
3.534461557865142822e-02
7.879450172185897827e-02
2.864075601100921631e-01
2.864075601100921631e-01
1.937505900859832764e-01
1.581791937351226807e-01
7.702195644378662109e-02
6.746740639209747314e-02
1.355060338973999023e-01
1.937537044286727905e-01
1.236430257558822632e-01
2.864075601100921631e-01
2.864075601100921631e-01
8.354172110557556152e-02
2.867799252271652222e-02
7.788270711898803711e-03
1.657747663557529449e-02
3.064544871449470520e-02
3.801295161247253418e-02
1.373010426759719849e-01
2.864075601100921631e-01
2.864075601100921631e-01
1.687167882919311523e-01
8.150412142276763916e-02
4.769534990191459656e-02
4.687194153666496277e-02
6.562494486570358276e-02
2.125527262687683105e-01
2.072516232728958130e-01
2.864075601100921631e-01
1.007088497281074524e-01
1.684163361787796021e-01
1.794960200786590576e-01
1.446444988250732422e-01
4.104910418391227722e-02
1.392255723476409912e-01
2.640770077705383301e-01
1.045314818620681763e-01
1.206221505999565125e-01
8.297472447156906128e-02
1.674983054399490356e-01
1.396020203828811646e-01
1.431557387113571167e-01
9.379089623689651489e-02
8.491321653127670288e-02
1.640740931034088135e-01
5.471384152770042419e-02
7.851266115903854370e-02
2.412140220403671265e-01
1.785936355590820312e-01
1.512325108051300049e-01
1.086779832839965820e-01
8.467548340559005737e-02
1.152060702443122864e-01
2.640770077705383301e-01
2.411819696426391602e-01
2.640770077705383301e-01
2.640770077705383301e-01
1.068830788135528564e-01
1.361558288335800171e-01
8.561753481626510620e-02
7.463040947914123535e-02
1.005638241767883301e-01
2.434043735265731812e-01
2.605432569980621338e-01
2.640770077705383301e-01
1.830115765333175659e-01
1.202978193759918213e-01
1.128461956977844238e-01
1.098629161715507507e-01
1.260608881711959839e-01
1.124190837144851685e-01
2.492482215166091919e-01
5.183088406920433044e-02
1.717066615819931030e-01
3.028712272644042969e-01
1.999729722738265991e-01
7.990039139986038208e-02
9.349684417247772217e-02
1.121508479118347168e-01
1.308007985353469849e-01
2.370979338884353638e-01
1.388014554977416992e-01
3.028712272644042969e-01
3.028712272644042969e-01
7.058689743280410767e-02
6.925304234027862549e-02
3.225359320640563965e-02
3.374218940734863281e-02
3.526150435209274292e-02
1.302094310522079468e-01
1.207051873207092285e-01
3.028712272644042969e-01
3.028712272644042969e-01
1.317744851112365723e-01
6.452139467000961304e-02
1.600798591971397400e-02
5.856924131512641907e-02
2.380406856536865234e-02
8.143615722656250000e-02
1.165097579360008240e-01
3.028712272644042969e-01
2.895216941833496094e-01
2.151115536689758301e-01
9.694498032331466675e-02
8.277600258588790894e-02
8.569080382585525513e-02
8.910827338695526123e-02
1.271265894174575806e-01
9.734760224819183350e-02
2.895216941833496094e-01
2.195555567741394043e-01
9.403837472200393677e-02
2.006784230470657349e-01
1.423174142837524414e-01
1.563819497823715210e-01
4.579838365316390991e-02
1.095002368092536926e-01
4.786004871129989624e-02
2.139612585306167603e-01
2.895216941833496094e-01
1.983736008405685425e-01
9.399542957544326782e-02
3.828377276659011841e-02
4.251182451844215393e-02
1.576451025903224945e-02
3.145931661128997803e-02
1.017800718545913696e-01
2.895216941833496094e-01
2.895216941833496094e-01
1.880715042352676392e-01
2.316294908523559570e-01
1.316508352756500244e-01
1.072769165039062500e-01
8.806833997368812561e-03
5.873902514576911926e-02
4.571884125471115112e-02
2.895216941833496094e-01
2.122273445129394531e-01
1.179258450865745544e-01
2.636829018592834473e-01
2.203490585088729858e-01
2.636829018592834473e-01
7.056792080402374268e-02
1.567275673151016235e-01
7.746168971061706543e-02
2.569805979728698730e-01
1.683790534734725952e-01
1.170211359858512878e-01
8.160491287708282471e-02
4.543172195553779602e-02
5.368261039257049561e-02
5.084497481584548950e-02
7.965712994337081909e-02
6.608746945858001709e-02
1.805415153503417969e-01
2.636829018592834473e-01
1.746319681406021118e-01
2.636829018592834473e-01
2.182930558919906616e-01
2.636829018592834473e-01
2.179637178778648376e-02
1.022198200225830078e-01
1.237253919243812561e-01
2.636829018592834473e-01
2.363981157541275024e-01
2.891017124056816101e-02
2.766820974647998810e-02
2.863795123994350433e-02
2.868868783116340637e-02
2.535118535161018372e-02
4.964582994580268860e-02
1.882042288780212402e-01
2.636829018592834473e-01
2.511608600616455078e-01
2.783213257789611816e-01
1.801495105028152466e-01
6.511233747005462646e-02
5.099307745695114136e-02
4.270797595381736755e-02
6.206600368022918701e-02
7.346571981906890869e-02
2.552416920661926270e-01
2.783213257789611816e-01
2.783213257789611816e-01
2.500338852405548096e-01
7.497790455818176270e-02
8.207615464925765991e-02
5.451068282127380371e-03
6.155894696712493896e-02
1.490578502416610718e-01
2.783213257789611816e-01
2.388070076704025269e-01
4.417432472109794617e-02
3.454634174704551697e-02
2.961632423102855682e-02
3.102310001850128174e-02
2.558951638638973236e-02
5.503793060779571533e-02
1.935810446739196777e-01
2.783213257789611816e-01
2.783213257789611816e-01
1.416793465614318848e-01
4.165954142808914185e-02
2.550945617258548737e-02
6.119381263852119446e-02
2.030815370380878448e-02
5.611589923501014709e-02
2.062364518642425537e-01
2.783213257789611816e-01
2.205398678779602051e-01
2.561412751674652100e-01
7.833212614059448242e-02
7.245793938636779785e-02
1.002001613378524780e-01
5.705680698156356812e-03
4.492914304137229919e-02
1.245133578777313232e-01
1.077368259429931641e-01
2.561412751674652100e-01
2.561412751674652100e-01
7.757861167192459106e-02
1.116028353571891785e-01
1.433422416448593140e-01
9.797421842813491821e-02
2.159131616353988647e-01
2.561412751674652100e-01
2.561412751674652100e-01
1.110522076487541199e-01
9.114487469196319580e-02
1.896471157670021057e-02
5.259414017200469971e-02
1.247362121939659119e-01
8.272740058600902557e-03
5.914827063679695129e-02
2.211593538522720337e-01
1.691418290138244629e-01
2.561412751674652100e-01
1.326660960912704468e-01
2.265421673655509949e-02
1.186523288488388062e-01
2.068198621273040771e-01
1.308530569076538086e-01
2.561412751674652100e-01
2.561412751674652100e-01
2.561412751674652100e-01
2.620486617088317871e-01
2.149128913879394531e-01
1.174783483147621155e-01
1.137147545814514160e-01
1.157333552837371826e-01
2.161084711551666260e-01
2.620486617088317871e-01
2.620486617088317871e-01
2.620486617088317871e-01
1.045137792825698853e-01
1.232978776097297668e-01
9.603511542081832886e-02
4.000755026936531067e-02
5.104883760213851929e-02
5.938033759593963623e-02
6.193224713206291199e-02
1.666074991226196289e-02
4.720620065927505493e-02
2.620486617088317871e-01
1.464302837848663330e-01
7.511083036661148071e-02
1.805770546197891235e-01
1.975345760583877563e-01
2.620486617088317871e-01
2.620486617088317871e-01
2.620486617088317871e-01
2.620486617088317871e-01
1.878299117088317871e-01
1.147352159023284912e-01
7.987861335277557373e-02
5.607523769140243530e-02
4.717682674527168274e-02
7.236796617507934570e-02
7.215999066829681396e-02
3.550820052623748779e-02
1.621884107589721680e-01
2.468411773443222046e-01
2.559770941734313965e-01
1.715441048145294189e-01
7.863360643386840820e-02
1.010982245206832886e-01
9.034178406000137329e-02
1.033946424722671509e-01
1.243530437350273132e-01
1.422974765300750732e-01
2.168840914964675903e-01
2.356388270854949951e-01
1.524865031242370605e-01
7.729271799325942993e-02
5.740718543529510498e-02
8.546857535839080811e-02
1.928466409444808960e-01
2.497788369655609131e-01
1.911755800247192383e-01
2.559770941734313965e-01
2.559770941734313965e-01
8.622582256793975830e-02
3.287814930081367493e-02
5.568701028823852539e-02
5.730893090367317200e-02
6.414205580949783325e-02
1.345115154981613159e-01
2.559770941734313965e-01
2.559770941734313965e-01
2.260755747556686401e-01
8.123962581157684326e-02
3.421614691615104675e-02
3.759539127349853516e-02
5.882605910301208496e-02
1.144515946507453918e-01
2.246970087289810181e-01
2.559770941734313965e-01
6.604797393083572388e-02
8.145289123058319092e-02
1.175077706575393677e-01
1.306520104408264160e-01
8.135706931352615356e-02
1.790542006492614746e-01
1.651106178760528564e-01
1.299775689840316772e-01
7.278547435998916626e-02
3.533279895782470703e-02
6.359651684761047363e-02
1.532142907381057739e-01
2.508154809474945068e-01
2.508154809474945068e-01
2.508154809474945068e-01
1.526352912187576294e-01
9.318178147077560425e-02
3.649993240833282471e-02
1.631063967943191528e-01
7.221779972314834595e-02
6.476298719644546509e-02
4.575808718800544739e-02
2.915522083640098572e-02
1.604001373052597046e-01
2.316537648439407349e-01
2.090376764535903931e-01
1.404862105846405029e-01
1.777072250843048096e-01
2.174429744482040405e-01
2.508154809474945068e-01
2.508154809474945068e-01
2.508154809474945068e-01
2.508154809474945068e-01
2.471719831228256226e-01
1.994792371988296509e-01
5.930814892053604126e-02
4.499653726816177368e-02
9.930485486984252930e-02
1.973501443862915039e-01
2.720901072025299072e-01
2.720901072025299072e-01
2.242154031991958618e-01
4.709063097834587097e-02
2.192781120538711548e-02
3.519808873534202576e-02
5.440441146492958069e-02
1.577529907226562500e-01
2.368994504213333130e-01
2.561048567295074463e-01
1.927684992551803589e-01
1.497136503458023071e-01
5.052299797534942627e-02
7.715780753642320633e-03
2.874467149376869202e-02
1.072951182723045349e-01
2.422883510589599609e-01
2.720901072025299072e-01
2.720901072025299072e-01
2.720901072025299072e-01
1.551682949066162109e-01
4.417767003178596497e-02
3.890640288591384888e-02
1.419079583138227463e-02
5.543945357203483582e-02
1.232087165117263794e-01
2.720901072025299072e-01
2.720901072025299072e-01
1.924359947443008423e-01
8.265476673841476440e-02
2.480775304138660431e-02
1.624091994017362595e-03
2.724529989063739777e-02
1.076032444834709167e-01
1.832093298435211182e-01
1.737772077322006226e-01
6.848993897438049316e-02
7.571408152580261230e-02
9.320376813411712646e-02
6.714002788066864014e-02
6.570771336555480957e-02
8.623930811882019043e-02
5.543873831629753113e-02
1.455749124288558960e-01
2.186891883611679077e-01
2.343026697635650635e-01
2.343026697635650635e-01
1.805656701326370239e-01
7.744210213422775269e-02
9.350622445344924927e-02
8.215317875146865845e-02
1.828014552593231201e-01
2.343026697635650635e-01
2.343026697635650635e-01
1.122566834092140198e-01
1.366056501865386963e-01
1.041642650961875916e-01
2.151586860418319702e-01
2.096137106418609619e-01
1.727633178234100342e-01
2.286164909601211548e-01
2.343026697635650635e-01
2.343026697635650635e-01
2.125198692083358765e-01
2.089709639549255371e-01
1.570876687765121460e-01
1.634972691535949707e-01
1.689656078815460205e-01
1.212765723466873169e-01
4.697102308273315430e-02
7.840311527252197266e-02
1.144482642412185669e-01
2.319355010986328125e-01
2.319355010986328125e-01
1.576484590768814087e-01
9.490378201007843018e-02
8.824922144412994385e-02
7.785967737436294556e-02
9.944280236959457397e-02
1.014853194355964661e-01
2.075240612030029297e-01
2.319355010986328125e-01
2.319355010986328125e-01
1.744697690010070801e-01
2.019517421722412109e-01
1.642221510410308838e-01
1.339676529169082642e-01
1.441961526870727539e-01
1.737615317106246948e-01
2.319355010986328125e-01
2.319355010986328125e-01
1.491796374320983887e-01
9.467285126447677612e-02
1.279972493648529053e-01
1.113782450556755066e-01
7.028198242187500000e-02
1.025027781724929810e-01
1.257765889167785645e-01
2.319355010986328125e-01
2.319355010986328125e-01
2.319355010986328125e-01
1.303958147764205933e-01
2.319355010986328125e-01
1.846379935741424561e-01
1.335401833057403564e-01
6.773964315652847290e-02
9.330239146947860718e-02
2.322502583265304565e-01
2.322502583265304565e-01
1.311597079038619995e-01
7.805752754211425781e-02
1.193119212985038757e-01
8.668269217014312744e-02
6.799364089965820312e-02
1.810719072818756104e-01
1.722632944583892822e-01
2.322502583265304565e-01
2.322502583265304565e-01
6.864492595195770264e-02
5.258557945489883423e-02
5.854095146059989929e-02
1.168313249945640564e-01
1.407975256443023682e-01
8.549639582633972168e-02
9.617100656032562256e-02
1.625166982412338257e-01
1.878595650196075439e-01
1.525984555482864380e-01
7.277130335569381714e-02
2.322502583265304565e-01
2.322502583265304565e-01
1.987495720386505127e-01
2.297920137643814087e-01
2.322502583265304565e-01
2.322502583265304565e-01
2.295991927385330200e-01
1.403497755527496338e-01
3.112407214939594269e-02
1.935942173004150391e-01
2.282117307186126709e-01
1.851068586111068726e-01
1.308941394090652466e-01
1.208385378122329712e-01
1.312442570924758911e-01
1.006125956773757935e-01
2.507165819406509399e-02
1.315440423786640167e-02
3.020147792994976044e-02
1.245703846216201782e-01
1.557441651821136475e-01
2.135892808437347412e-01
1.535984724760055542e-01
1.408492624759674072e-01
1.408468633890151978e-01
5.080157890915870667e-02
2.891304716467857361e-02
8.803410828113555908e-02
1.997196972370147705e-01
2.988580167293548584e-01
1.288911700248718262e-01
2.988580167293548584e-01
2.988580167293548584e-01
2.429844588041305542e-01
1.041620224714279175e-01
1.430205907672643661e-02
3.125562891364097595e-02
3.411984443664550781e-02
2.919942140579223633e-02
1.403008401393890381e-01
2.988580167293548584e-01
2.988580167293548584e-01
2.988580167293548584e-01
1.875834167003631592e-01
3.693008795380592346e-02
1.776159256696701050e-01
1.468009054660797119e-01
3.957342728972434998e-02
2.326857149600982666e-01
1.196535006165504456e-01
7.153450697660446167e-02
7.089085131883621216e-02
7.491324096918106079e-02
4.772563651204109192e-02
8.289126306772232056e-02
1.193550303578376770e-01
2.326857149600982666e-01
2.326857149600982666e-01
2.326857149600982666e-01
1.730138957500457764e-01
1.757255792617797852e-01
2.079021334648132324e-01
9.779088199138641357e-02
1.627387851476669312e-01
1.745713055133819580e-01
2.326857149600982666e-01
9.483329951763153076e-02
1.089250743389129639e-01
1.660726219415664673e-01
1.772853285074234009e-01
1.446039825677871704e-01
3.623631596565246582e-02
2.326857149600982666e-01
2.326857149600982666e-01
6.590610742568969727e-02
8.529913425445556641e-02
1.254622787237167358e-01
1.390672177076339722e-01
2.326857149600982666e-01
2.326857149600982666e-01
1.517323255538940430e-01
2.326857149600982666e-01
2.242814004421234131e-01
1.005333587527275085e-01
1.372470408678054810e-01
1.799377053976058960e-01
2.229219079017639160e-01
2.217001467943191528e-01
2.244264483451843262e-01
1.786060333251953125e-01
2.279544323682785034e-01
1.291012018918991089e-01
2.279544323682785034e-01
1.683741658926010132e-01
6.865374743938446045e-02
9.925387799739837646e-02
7.755828648805618286e-02
1.215617656707763672e-01
1.636938899755477905e-01
2.061125487089157104e-01
1.889765560626983643e-01
2.279544323682785034e-01
6.812950968742370605e-02
9.953951090574264526e-02
1.825390905141830444e-01
2.279544323682785034e-01
2.279544323682785034e-01
2.279544323682785034e-01
1.378578543663024902e-01
8.582129329442977905e-02
7.483609020709991455e-02
1.717417389154434204e-01
9.616708010435104370e-02
1.860604137182235718e-01
1.413126587867736816e-01
1.698873937129974365e-01
1.733307838439941406e-01
1.212290525436401367e-01
9.628638625144958496e-02
1.104830577969551086e-01
2.880979776382446289e-01
8.441152423620223999e-02
1.177201420068740845e-01
5.284753814339637756e-02
8.152712881565093994e-02
7.153237611055374146e-02
1.669800728559494019e-01
2.248692363500595093e-01
2.880979776382446289e-01
2.880979776382446289e-01
1.645646691322326660e-01
1.929567456245422363e-01
4.174913093447685242e-02
1.745710372924804688e-01
3.281363844871520996e-02
6.875523179769515991e-02
1.230145618319511414e-01
2.880979776382446289e-01
2.446439862251281738e-01
1.104436144232749939e-01
2.228657603263854980e-01
1.036313697695732117e-01
8.069712668657302856e-02
1.382527798414230347e-01
1.628188043832778931e-01
1.344371438026428223e-01
1.557459682226181030e-01
2.725986838340759277e-01
1.282149255275726318e-01
1.739766746759414673e-01
1.501406580209732056e-01
1.035492494702339172e-01
1.132462695240974426e-01
9.149786829948425293e-02
7.353235781192779541e-02
1.607923954725265503e-01
3.281365334987640381e-01
2.478823512792587280e-01
1.463652849197387695e-01
3.357370570302009583e-02
1.435585916042327881e-01
1.390492077916860580e-02
2.360599301755428314e-02
1.739030033349990845e-01
3.281365334987640381e-01
3.281365334987640381e-01
2.191765308380126953e-01
1.570113152265548706e-01
7.744302600622177124e-02
2.356456033885478973e-02
9.064659243449568748e-04
2.070178464055061340e-02
1.043580472469329834e-01
3.281365334987640381e-01
3.147476613521575928e-01
1.326044946908950806e-01
1.134698241949081421e-01
1.529936045408248901e-01
8.555474132299423218e-02
3.385520353913307190e-02
2.363419532775878906e-02
7.102645188570022583e-02
2.287892103195190430e-01
2.043180167675018311e-01
7.832732796669006348e-02
3.741946071386337280e-02
2.861485444009304047e-02
1.295844092965126038e-02
1.765623921528458595e-03
2.070589177310466766e-02
7.748636603355407715e-02
2.526178658008575439e-01
3.047557771205902100e-01
1.120751127600669861e-01
1.059125661849975586e-01
6.916671991348266602e-02
2.825822681188583374e-02
2.303327666595578194e-03
3.584697470068931580e-02
1.846731752157211304e-01
3.047557771205902100e-01
3.047557771205902100e-01
4.428746178746223450e-02
1.417958457022905350e-02
1.989005878567695618e-02
6.531487684696912766e-03
8.096624165773391724e-03
5.615215748548507690e-02
2.844224870204925537e-01
3.047557771205902100e-01
3.047557771205902100e-01
1.201012060046195984e-01
5.760275945067405701e-02
3.027021884918212891e-02
1.786293275654315948e-02
1.825695624575018883e-03
3.316226601600646973e-02
1.062303483486175537e-01
3.047557771205902100e-01
3.047557771205902100e-01
2.067310214042663574e-01
7.536455988883972168e-02
5.276871472597122192e-02
4.344489052891731262e-02
9.539945051074028015e-03
5.402651056647300720e-02
1.225152388215065002e-01
3.047557771205902100e-01
2.458578199148178101e-01
4.390364140272140503e-02
9.706920012831687927e-03
1.183335576206445694e-02
1.204236317425966263e-02
6.437457166612148285e-03
6.402234733104705811e-02
2.795026004314422607e-01
2.862698137760162354e-01
2.862698137760162354e-01
7.742291688919067383e-02
1.896899193525314331e-02
5.637022200971841812e-03
3.709955513477325439e-02
1.282488647848367691e-02
5.474363267421722412e-02
2.408634424209594727e-01
2.862698137760162354e-01
2.666975259780883789e-01
1.711396276950836182e-01
5.666548758745193481e-02
3.816150873899459839e-02
4.924825206398963928e-02
1.559965033084154129e-02
5.281483754515647888e-02
1.538139730691909790e-01
2.862698137760162354e-01
2.862698137760162354e-01
2.214241474866867065e-01
1.292581558227539062e-01
6.043183431029319763e-02
1.362992227077484131e-01
1.496287733316421509e-01
9.026830643415451050e-02
1.969259083271026611e-01
2.862698137760162354e-01
2.188404947519302368e-01
3.412275388836860657e-02
1.995222270488739014e-02
4.002362024039030075e-03
5.657235532999038696e-02
7.165979128330945969e-03
4.093652963638305664e-02
1.969508230686187744e-01
3.085803687572479248e-01
3.085803687572479248e-01
4.262436553835868835e-02
1.925391145050525665e-02
3.208573907613754272e-02
8.543239533901214600e-02
4.603840783238410950e-02
1.003970131278038025e-01
3.085803687572479248e-01
3.085803687572479248e-01
2.802976667881011963e-01
1.751473397016525269e-01
1.446681618690490723e-01
8.047043532133102417e-02
1.072910577058792114e-01
7.088460773229598999e-02
5.256089940667152405e-02
1.103076785802841187e-01
3.085803687572479248e-01
3.085803687572479248e-01
1.479290574789047241e-01
7.190021127462387085e-02
4.849769920110702515e-02
4.584751650691032410e-02
1.488401088863611221e-02
3.368241712450981140e-02
1.161260604858398438e-01
3.085803687572479248e-01
3.507079780101776123e-01
5.253209546208381653e-02
2.823812887072563171e-02
4.884477332234382629e-02
5.470812320709228516e-02
5.121333524584770203e-02
6.828283518552780151e-02
1.155451908707618713e-01
3.507079780101776123e-01
2.455215752124786377e-01
5.707091465592384338e-02
4.251720383763313293e-02
3.160171210765838623e-02
1.765682362020015717e-02
1.457114517688751221e-02
3.542832657694816589e-02
8.864400535821914673e-02
3.507079780101776123e-01
3.507079780101776123e-01
9.036961197853088379e-02
2.488536015152931213e-02
1.836416497826576233e-02
1.300404034554958344e-02
1.214326545596122742e-02
2.186929062008857727e-02
6.622473150491714478e-02
3.507079780101776123e-01
3.507079780101776123e-01
6.359454989433288574e-02
2.806349098682403564e-02
1.644018106162548065e-02
1.250229869037866592e-02
4.914811346679925919e-03
1.131852529942989349e-02
1.012711971998214722e-01
3.507079780101776123e-01
1.779220104217529297e-01
6.171846389770507812e-02
2.614681981503963470e-02
1.486252434551715851e-02
9.827157482504844666e-03
2.722073113545775414e-03
2.197915129363536835e-02
1.319272965192794800e-01
3.613780438899993896e-01
2.327743470668792725e-01
5.649635195732116699e-02
2.215801738202571869e-02
8.155680261552333832e-03
1.857890002429485321e-02
1.425068173557519913e-02
2.816484682261943817e-02
1.194600984454154968e-01
3.613780438899993896e-01
3.613780438899993896e-01
5.348123237490653992e-02
2.611947432160377502e-02
8.691069670021533966e-03
1.025437936186790466e-02
2.935317206720355898e-05
2.041159756481647491e-02
1.722741574048995972e-01
3.613780438899993896e-01
3.613780438899993896e-01
6.579770892858505249e-02
1.233581360429525375e-02
3.077797591686248779e-03
1.460188813507556915e-02
1.761190243996679783e-03
3.377855196595191956e-02
2.127230614423751831e-01
3.613780438899993896e-01
1.986137926578521729e-01
6.684110313653945923e-02
4.465150833129882812e-02
9.313508868217468262e-03
2.305353991687297821e-02
5.941656604409217834e-02
9.698090702295303345e-02
1.849657595157623291e-01
2.709771692752838135e-01
1.737293004989624023e-01
1.777860075235366821e-01
1.906320452690124512e-01
8.483047038316726685e-02
1.069237813353538513e-01
1.012545153498649597e-01
1.452582478523254395e-01
2.709771692752838135e-01
1.288877427577972412e-01
2.709771692752838135e-01
1.174715608358383179e-01
4.027188569307327271e-02
1.399343181401491165e-02
5.505773425102233887e-02
2.056570723652839661e-02
5.043502897024154663e-02
2.709771692752838135e-01
2.709771692752838135e-01
2.709771692752838135e-01
2.709771692752838135e-01
1.089701950550079346e-01
4.426051303744316101e-02
1.521456092596054077e-01
5.898391082882881165e-02
1.263312846422195435e-01
2.709771692752838135e-01
2.709771692752838135e-01
1.107280626893043518e-01
1.812473684549331665e-01
2.363786101341247559e-01
1.758368313312530518e-01
1.723919361829757690e-01
5.922327190637588501e-02
6.736235320568084717e-02
1.913558691740036011e-01
7.712648063898086548e-02
5.522692203521728516e-02
6.632423400878906250e-02
1.795099675655364990e-01
2.459587901830673218e-01
1.509863585233688354e-01
4.097063094377517700e-02
7.640698552131652832e-02
8.922502398490905762e-02
7.154827564954757690e-02
2.597430646419525146e-01
2.597430646419525146e-01
7.304098457098007202e-02
5.897622928023338318e-02
1.634830683469772339e-01
6.064632907509803772e-02
1.219062060117721558e-01
2.597430646419525146e-01
2.258654236793518066e-01
2.597430646419525146e-01
2.231079638004302979e-01
6.902970373630523682e-02
1.196985021233558655e-01
1.329803317785263062e-01
1.066932007670402527e-01
2.597430646419525146e-01
2.597430646419525146e-01
1.837869137525558472e-01
