8.431828022003173828e-02
5.957062914967536926e-02
8.516926318407058716e-02
1.234932690858840942e-01
2.520462572574615479e-01
2.183391451835632324e-01
1.910322457551956177e-01
7.402981817722320557e-02
6.116793677210807800e-02
5.632193014025688171e-02
3.236400336027145386e-02
8.824696391820907593e-02
7.146989554166793823e-02
2.520462572574615479e-01
1.727730184793472290e-01
1.449161916971206665e-01
1.110989525914192200e-01
7.499355822801589966e-02
2.276401668787002563e-01
9.214259684085845947e-02
1.316263675689697266e-01
1.041605547070503235e-01
2.015917748212814331e-01
2.444808334112167358e-01
2.520462572574615479e-01
2.520462572574615479e-01
2.120627015829086304e-01
1.128981411457061768e-01
3.597746789455413818e-02
8.604947477579116821e-02
7.033180445432662964e-02
1.900103986263275146e-01
2.520462572574615479e-01
2.520462572574615479e-01
2.520462572574615479e-01
2.096317410469055176e-01
1.201364472508430481e-01
1.182603463530540466e-01
1.854532808065414429e-01
7.436633110046386719e-02
1.961509734392166138e-01
1.055304408073425293e-01
8.162948489189147949e-02
1.253679394721984863e-01
1.298465579748153687e-01
2.243049293756484985e-01
1.586978733539581299e-01
1.493356525897979736e-01
2.269620001316070557e-01
2.269620001316070557e-01
1.961459815502166748e-01
8.788958936929702759e-02
1.156485155224800110e-01
2.269620001316070557e-01
1.774917840957641602e-01
8.232270926237106323e-02
1.248413324356079102e-01
1.162498369812965393e-01
2.139539271593093872e-01
2.269620001316070557e-01
2.269620001316070557e-01
2.269620001316070557e-01
2.269620001316070557e-01
1.508425921201705933e-01
9.025904536247253418e-02
1.130235418677330017e-01
1.238075271248817444e-01
1.782432794570922852e-01
8.434603363275527954e-02
1.298992037773132324e-01
2.077377438545227051e-01
2.269620001316070557e-01
2.271414250135421753e-01
1.775356084108352661e-01
6.155751273036003113e-02
2.271414250135421753e-01
2.271414250135421753e-01
2.271414250135421753e-01
8.472382277250289917e-02
8.094864338636398315e-02
2.271414250135421753e-01
2.063417285680770874e-01
2.061949372291564941e-01
1.193479225039482117e-01
2.050524204969406128e-01
2.271414250135421753e-01
2.124083489179611206e-01
2.271414250135421753e-01
1.819533109664916992e-01
2.271414250135421753e-01
1.400219947099685669e-01
7.312554866075515747e-02
8.886519819498062134e-02
9.857817739248275757e-02
9.887159615755081177e-02
4.491221159696578979e-02
3.300893306732177734e-02
9.938561171293258667e-02
2.271414250135421753e-01
2.164404094219207764e-01
1.246159151196479797e-01
1.454424262046813965e-01
1.434111297130584717e-01
1.142766401171684265e-01
8.889481425285339355e-02
1.911662220954895020e-01
1.088892221450805664e-01
1.611127257347106934e-01
1.073952838778495789e-01
1.133625358343124390e-01
5.488996207714080811e-02
4.262827336788177490e-02
1.664489060640335083e-01
2.138392776250839233e-01
2.378938645124435425e-01
2.378938645124435425e-01
1.280838102102279663e-01
1.134893596172332764e-01
6.575542688369750977e-02
4.370332881808280945e-02
2.904127910733222961e-02
2.173464447259902954e-01
2.378938645124435425e-01
2.378938645124435425e-01
2.378938645124435425e-01
2.241816520690917969e-01
1.456620991230010986e-01
7.199478894472122192e-02
5.006259307265281677e-02
5.719533562660217285e-02
1.204615160822868347e-01
1.609754115343093872e-01
2.378938645124435425e-01
1.571480929851531982e-01
1.722638159990310669e-01
1.958519667387008667e-01
6.310622394084930420e-02
3.949433937668800354e-02
7.154310494661331177e-02
2.378938645124435425e-01
2.378938645124435425e-01
2.084375023841857910e-01
1.798245459794998169e-01
2.378938645124435425e-01
2.063998132944107056e-01
7.960119843482971191e-02
5.775366723537445068e-02
5.799671635031700134e-02
1.942911893129348755e-01
1.872904002666473389e-01
1.363745927810668945e-01
1.394792646169662476e-01
2.327153235673904419e-01
2.327153235673904419e-01
1.193964406847953796e-01
1.194044500589370728e-01
1.664837151765823364e-01
1.379379332065582275e-01
1.220990419387817383e-01
1.120149120688438416e-01
1.125529110431671143e-01
1.057043820619583130e-01
2.327153235673904419e-01
1.121903732419013977e-01
1.234015971422195435e-01
2.301826328039169312e-01
2.327153235673904419e-01
1.957628428936004639e-01
7.496833801269531250e-02
1.278445422649383545e-01
2.327153235673904419e-01
2.327153235673904419e-01
1.594440937042236328e-01
1.708236634731292725e-01
2.327153235673904419e-01
2.327153235673904419e-01
1.099716946482658386e-01
8.277303725481033325e-02
1.204792931675910950e-01
2.054354548454284668e-01
1.764960885047912598e-01
1.048888042569160461e-01
2.211361080408096313e-01
1.796249449253082275e-01
1.856384277343750000e-01
9.339145570993423462e-02
8.998156338930130005e-02
1.333615481853485107e-01
1.064995825290679932e-01
2.299349755048751831e-01
2.114373445510864258e-01
2.299349755048751831e-01
1.507131904363632202e-01
1.969190239906311035e-01
1.113304868340492249e-01
1.093122065067291260e-01
1.187356933951377869e-01
1.172790825366973877e-01
2.299349755048751831e-01
1.624040454626083374e-01
1.606900542974472046e-01
2.195073813199996948e-01
2.020924836397171021e-01
1.322264522314071655e-01
8.811349421739578247e-02
1.449025124311447144e-01
1.890796124935150146e-01
2.299349755048751831e-01
1.517447382211685181e-01
1.624773591756820679e-01
1.705261468887329102e-01
1.828589588403701782e-01
1.854811459779739380e-01
1.088582873344421387e-01
1.311321258544921875e-01
1.596675068140029907e-01
1.939411461353302002e-01
1.641735583543777466e-01
2.121994942426681519e-01
1.159151047468185425e-01
1.459324210882186890e-01
1.455216854810714722e-01
1.548860669136047363e-01
8.377885073423385620e-02
9.601505100727081299e-02
1.793146431446075439e-01
1.783196777105331421e-01
1.048062369227409363e-01
2.121994942426681519e-01
2.121994942426681519e-01
1.637304872274398804e-01
1.597222536802291870e-01
1.033607870340347290e-01
1.792715042829513550e-01
2.113191485404968262e-01
1.109589412808418274e-01
1.809714138507843018e-01
8.183863013982772827e-02
1.567046344280242920e-01
2.121994942426681519e-01
9.155922383069992065e-02
1.214159280061721802e-01
1.434856802225112915e-01
2.038930654525756836e-01
1.989746838808059692e-01
2.121994942426681519e-01
1.383730769157409668e-01
2.121994942426681519e-01
2.115681022405624390e-01
1.185766160488128662e-01
1.675779968500137329e-01
2.121994942426681519e-01
1.368543505668640137e-01
9.226870536804199219e-02
1.096306592226028442e-01
1.912293434143066406e-01
1.995677053928375244e-01
2.223095148801803589e-01
1.491502225399017334e-01
8.961583673954010010e-02
2.084939181804656982e-01
1.402266472578048706e-01
1.504500061273574829e-01
2.176037877798080444e-01
1.439769715070724487e-01
1.764672100543975830e-01
2.223095148801803589e-01
1.683417558670043945e-01
7.163577526807785034e-02
1.351225674152374268e-01
1.599523127079010010e-01
1.686196029186248779e-01
1.832333952188491821e-01
1.445697993040084839e-01
2.223095148801803589e-01
1.163031682372093201e-01
1.077031493186950684e-01
1.121972128748893738e-01
1.946989446878433228e-01
2.082105427980422974e-01
2.223095148801803589e-01
2.223095148801803589e-01
1.093397215008735657e-01
2.211517095565795898e-01
1.917560398578643799e-01
1.388182193040847778e-01
9.324644505977630615e-02
1.222803145647048950e-01
2.018003165721893311e-01
2.346703261137008667e-01
2.170027047395706177e-01
1.404285281896591187e-01
1.995389610528945923e-01
1.823654025793075562e-01
1.310897469520568848e-01
8.767668157815933228e-02
1.078605577349662781e-01
1.550508737564086914e-01
1.434038281440734863e-01
8.642842620611190796e-02
8.458251506090164185e-02
1.387404799461364746e-01
1.184562444686889648e-01
1.268625706434249878e-01
7.572656869888305664e-02
1.371198743581771851e-01
2.346703261137008667e-01
2.346703261137008667e-01
2.346703261137008667e-01
1.200669109821319580e-01
2.346703261137008667e-01
2.346703261137008667e-01
1.853926926851272583e-01
1.471719294786453247e-01
1.086566224694252014e-01
1.893866509199142456e-01
1.975831687450408936e-01
1.061491891741752625e-01
8.381655067205429077e-02
1.301403939723968506e-01
2.108186334371566772e-01
1.822116971015930176e-01
1.247737631201744080e-01
1.771396547555923462e-01
2.003504186868667603e-01
9.949100017547607422e-02
1.346806287765502930e-01
8.242478966712951660e-02
1.109892651438713074e-01
1.064082384109497070e-01
9.374573826789855957e-02
5.485823750495910645e-02
2.150249183177947998e-01
2.375010251998901367e-01
2.375010251998901367e-01
1.683497577905654907e-01
1.469824314117431641e-01
1.596253365278244019e-01
1.140617877244949341e-01
6.057601794600486755e-02
8.120656758546829224e-02
2.375010251998901367e-01
2.306742072105407715e-01
1.386245191097259521e-01
1.281124949455261230e-01
1.613167226314544678e-01
1.571935266256332397e-01
1.779133975505828857e-01
1.105086803436279297e-01
8.175613731145858765e-02
2.375010251998901367e-01
2.375010251998901367e-01
2.375010251998901367e-01
1.344880312681198120e-01
2.011789530515670776e-01
1.892970204353332520e-01
1.320134550333023071e-01
1.387474536895751953e-01
1.619844287633895874e-01
2.375010251998901367e-01
1.182780563831329346e-01
1.265165358781814575e-01
4.403731971979141235e-02
9.888574481010437012e-02
1.558656692504882812e-01
8.283483982086181641e-02
1.792047917842864990e-01
9.898448735475540161e-02
1.551504135131835938e-01
1.676880270242691040e-01
6.603351980447769165e-02
4.865240678191184998e-02
1.359764337539672852e-01
2.532109916210174561e-01
2.532109916210174561e-01
2.532109916210174561e-01
2.231109440326690674e-01
2.532109916210174561e-01
1.397806406021118164e-01
1.713844388723373413e-01
1.018961146473884583e-01
8.537849783897399902e-02
8.948260545730590820e-02
5.448454618453979492e-02
7.657761871814727783e-02
8.448104560375213623e-02
1.401642411947250366e-01
1.646643728017807007e-01
1.651096343994140625e-01
1.613436937332153320e-01
2.264779061079025269e-01
2.532109916210174561e-01
2.532109916210174561e-01
2.532109916210174561e-01
1.310919970273971558e-01
2.181730419397354126e-01
9.391377866268157959e-02
4.925844073295593262e-02
7.210224121809005737e-02
8.121566474437713623e-02
2.479448616504669189e-01
1.917806714773178101e-01
2.479448616504669189e-01
1.306350678205490112e-01
1.713247746229171753e-01
1.560450047254562378e-01
1.205214187502861023e-01
1.486759632825851440e-01
1.134170368313789368e-01
1.519717425107955933e-01
6.990256905555725098e-02
9.702649712562561035e-02
1.050464734435081482e-01
1.219812706112861633e-01
1.253987401723861694e-01
1.028004661202430725e-01
1.213234663009643555e-01
1.286147832870483398e-01
2.090770602226257324e-01
2.166843861341476440e-01
2.479448616504669189e-01
2.312495857477188110e-01
2.413452565670013428e-01
2.250520735979080200e-01
1.050342097878456116e-01
1.225892677903175354e-01
9.706019610166549683e-02
1.534634828567504883e-01
1.250865310430526733e-01
2.479448616504669189e-01
2.479448616504669189e-01
2.479448616504669189e-01
1.975299566984176636e-01
1.768888831138610840e-01
1.480561047792434692e-01
9.824950248003005981e-02
9.148015826940536499e-02
5.864722654223442078e-02
5.214713513851165771e-02
1.135622933506965637e-01
1.330244690179824829e-01
1.577511131763458252e-01
1.244278252124786377e-01
5.709176510572433472e-02
8.166850358247756958e-02
1.134486570954322815e-01
7.752873748540878296e-02
1.329081058502197266e-01
1.945882290601730347e-01
1.591835469007492065e-01
2.940346300601959229e-01
1.021064668893814087e-01
7.326361536979675293e-02
8.169765770435333252e-02
1.032250747084617615e-01
9.298229962587356567e-02
1.741965264081954956e-01
2.940346300601959229e-01
2.940346300601959229e-01
2.940346300601959229e-01
8.204415440559387207e-02
4.514933750033378601e-02
6.505717337131500244e-02
6.470461189746856689e-02
7.428062707185745239e-02
2.940346300601959229e-01
2.940346300601959229e-01
2.940346300601959229e-01
1.102949231863021851e-01
9.043546020984649658e-02
6.033950299024581909e-02
8.903535455465316772e-02
1.574838310480117798e-01
1.733064502477645874e-01
2.310808449983596802e-01
2.431139200925827026e-01
2.178052812814712524e-01
1.248669400811195374e-01
1.582788079977035522e-01
1.182126700878143311e-01
1.810358017683029175e-01
2.188364863395690918e-01
2.126899957656860352e-01
1.668851226568222046e-01
1.388737410306930542e-01
1.976237744092941284e-01
1.500434279441833496e-01
6.834315508604049683e-02
4.965986683964729309e-02
8.377843350172042847e-02
1.262155175209045410e-01
1.270478069782257080e-01
2.431139200925827026e-01
2.431139200925827026e-01
2.431139200925827026e-01
4.796633124351501465e-02
9.133023023605346680e-02
7.875391840934753418e-02
8.410410583019256592e-02
1.483619064092636108e-01
2.128729373216629028e-01
2.431139200925827026e-01
1.693051010370254517e-01
2.431139200925827026e-01
1.700892001390457153e-01
2.268480509519577026e-01
1.623346656560897827e-01
1.693671941757202148e-01
1.814320087432861328e-01
2.268480509519577026e-01
1.454111039638519287e-01
1.452673226594924927e-01
1.839741021394729614e-01
2.268480509519577026e-01
1.771875023841857910e-01
1.123153641819953918e-01
7.833144813776016235e-02
1.440008133649826050e-01
2.268480509519577026e-01
1.372886002063751221e-01
2.191467434167861938e-01
1.569589823484420776e-01
6.920251995325088501e-02
1.244500353932380676e-01
8.722559362649917603e-02
5.501526221632957458e-02
1.105237752199172974e-01
2.268480509519577026e-01
2.268480509519577026e-01
1.809053122997283936e-01
1.699421554803848267e-01
1.802478134632110596e-01
1.882521063089370728e-01
8.163537085056304932e-02
8.246114850044250488e-02
1.234948262572288513e-01
1.895363181829452515e-01
2.187585085630416870e-01
1.729123592376708984e-01
1.361839920282363892e-01
1.889605224132537842e-01
8.747412264347076416e-02
8.927285671234130859e-02
5.812659487128257751e-02
1.388946175575256348e-01
2.559070289134979248e-01
2.814901769161224365e-01
2.814901769161224365e-01
1.989787817001342773e-01
1.429784446954727173e-01
5.805070325732231140e-02
5.727006122469902039e-02
1.166386231780052185e-01
1.532811969518661499e-01
2.814901769161224365e-01
2.814901769161224365e-01
2.814901769161224365e-01
2.359974831342697144e-01
7.553189992904663086e-02
8.934748172760009766e-02
6.713075935840606689e-02
6.265840679407119751e-02
6.014134362339973450e-02
1.421958506107330322e-01
1.252451986074447632e-01
1.306868046522140503e-01
1.262331902980804443e-01
1.220156773924827576e-01
9.609560668468475342e-02
5.896116048097610474e-02
1.231337785720825195e-01
1.013615131378173828e-01
2.371404021978378296e-01
2.122902870178222656e-01
1.755756586790084839e-01
1.490502655506134033e-01
1.223589330911636353e-01
4.180684685707092285e-02
5.373307690024375916e-02
1.580211520195007324e-01
1.537319868803024292e-01
2.492014467716217041e-01
2.492014467716217041e-01
2.492014467716217041e-01
2.492014467716217041e-01
9.935926645994186401e-02
4.838531091809272766e-02
3.899981826543807983e-02
5.883120000362396240e-02
8.931129425764083862e-02
7.257638871669769287e-02
2.106230705976486206e-01
2.318344861268997192e-01
2.492014467716217041e-01
1.390285342931747437e-01
1.123202666640281677e-01
4.376168921589851379e-02
1.135825142264366150e-01
1.548689305782318115e-01
2.220412641763687134e-01
2.492014467716217041e-01
2.114615738391876221e-01
2.492014467716217041e-01
1.344838291406631470e-01
1.192015632987022400e-01
3.596549853682518005e-02
5.014387145638465881e-02
2.064673602581024170e-01
1.188796013593673706e-01
1.324654519557952881e-01
1.696003973484039307e-01
2.492014467716217041e-01
2.149678021669387817e-01
1.847810149192810059e-01
1.009362563490867615e-01
5.480734631419181824e-02
8.836493641138076782e-02
5.464893579483032227e-02
7.003206759691238403e-02
1.668468862771987915e-01
2.400954216718673706e-01
2.400954216718673706e-01
2.400954216718673706e-01
1.799431890249252319e-01
1.639631539583206177e-01
1.610738039016723633e-01
5.835871025919914246e-02
8.427753299474716187e-02
9.586974978446960449e-02
1.574465334415435791e-01
2.400954216718673706e-01
1.384980827569961548e-01
1.206821128726005554e-01
1.227773576974868774e-01
2.400954216718673706e-01
8.576384186744689941e-02
5.210750922560691833e-02
1.564317941665649414e-01
2.400954216718673706e-01
2.400954216718673706e-01
1.523502767086029053e-01
2.092845588922500610e-01
1.596872657537460327e-01
2.400954216718673706e-01
1.467869579792022705e-01
7.640735805034637451e-02
9.354063868522644043e-02
2.400954216718673706e-01
2.383246868848800659e-01
1.994725465774536133e-01
1.490173488855361938e-01
1.661281436681747437e-01
1.894258260726928711e-01
1.536570340394973755e-01
1.148059591650962830e-01
8.265505731105804443e-02
1.948817074298858643e-01
2.383246868848800659e-01
1.877869367599487305e-01
1.191069036722183228e-01
2.383246868848800659e-01
2.383246868848800659e-01
2.383246868848800659e-01
1.169777140021324158e-01
1.477317959070205688e-01
2.383246868848800659e-01
1.948830932378768921e-01
1.309075653553009033e-01
1.658341586589813232e-01
1.112212538719177246e-01
2.061265707015991211e-01
1.419077217578887939e-01
1.025657504796981812e-01
1.014745384454727173e-01
1.423774361610412598e-01
1.435649693012237549e-01
1.095742583274841309e-01
1.137421280145645142e-01
9.973184019327163696e-02
1.341969072818756104e-01
1.029041856527328491e-01
1.328636854887008667e-01
1.877855956554412842e-01
1.705070883035659790e-01
2.355811446905136108e-01
1.173320487141609192e-01
1.063861921429634094e-01
2.355811446905136108e-01
2.355811446905136108e-01
8.737318217754364014e-02
5.858242139220237732e-02
8.484012633562088013e-02
2.144861370325088501e-01
2.355811446905136108e-01
2.015178352594375610e-01
2.292474359273910522e-01
2.355811446905136108e-01
2.355811446905136108e-01
9.357506036758422852e-02
1.038682833313941956e-01
7.500355690717697144e-02
2.121775746345520020e-01
1.507188528776168823e-01
7.324065268039703369e-02
5.798980221152305603e-02
8.697700500488281250e-02
1.111104264855384827e-01
8.975394815206527710e-02
8.944828808307647705e-02
1.327693760395050049e-01
1.719481050968170166e-01
2.355811446905136108e-01
1.893279403448104858e-01
1.692550778388977051e-01
1.987947523593902588e-01
1.939404606819152832e-01
1.979327350854873657e-01
1.660392582416534424e-01
8.715273439884185791e-02
1.608690023422241211e-01
2.191350013017654419e-01
2.191350013017654419e-01
2.191350013017654419e-01
2.191350013017654419e-01
1.299001872539520264e-01
1.030620560050010681e-01
1.163552477955818176e-01
7.994095981121063232e-02
1.272868663072586060e-01
2.191350013017654419e-01
2.191350013017654419e-01
1.821636855602264404e-01
1.850756704807281494e-01
1.428661942481994629e-01
1.572398692369461060e-01
1.391269117593765259e-01
1.105773895978927612e-01
1.229974254965782166e-01
1.933275908231735229e-01
2.014641165733337402e-01
1.366175860166549683e-01
1.672652661800384521e-01
1.413772851228713989e-01
1.769012212753295898e-01
1.541733592748641968e-01
6.905805319547653198e-02
9.293691068887710571e-02
1.972602754831314087e-01
2.191350013017654419e-01
1.455392092466354370e-01
1.663796156644821167e-01
2.191350013017654419e-01
2.191350013017654419e-01
1.223537847399711609e-01
1.004741713404655457e-01
1.296698600053787231e-01
1.923950165510177612e-01
1.841834336519241333e-01
2.391008585691452026e-01
1.160470247268676758e-01
1.581390202045440674e-01
1.462721973657608032e-01
8.535836637020111084e-02
1.163701713085174561e-01
1.556252241134643555e-01
2.391008585691452026e-01
2.391008585691452026e-01
2.391008585691452026e-01
9.204977005720138550e-02
2.391008585691452026e-01
1.693653166294097900e-01
1.014347374439239502e-01
1.581656634807586670e-01
2.391008585691452026e-01
1.900248229503631592e-01
2.029164284467697144e-01
1.830139458179473877e-01
1.261515617370605469e-01
1.921164095401763916e-01
1.054205819964408875e-01
6.668684631586074829e-02
7.055588811635971069e-02
1.180115714669227600e-01
2.297666221857070923e-01
1.491301804780960083e-01
2.391008585691452026e-01
9.718962758779525757e-02
1.679770201444625854e-01
6.388581544160842896e-02
1.046352684497833252e-01
8.416897803544998169e-02
1.273958086967468262e-01
1.512429863214492798e-01
2.023250460624694824e-01
1.916125565767288208e-01
7.403445243835449219e-02
2.243090420961380005e-01
7.602545619010925293e-02
7.274042814970016479e-02
1.053458303213119507e-01
1.683802455663681030e-01
2.295510768890380859e-01
2.349483817815780640e-01
2.349483817815780640e-01
9.730266034603118896e-02
2.291780114173889160e-01
1.337161511182785034e-01
1.145528405904769897e-01
1.309943348169326782e-01
1.288594752550125122e-01
2.145604938268661499e-01
1.750009208917617798e-01
1.701765358448028564e-01
9.375145286321640015e-02
2.349483817815780640e-01
4.861247539520263672e-02
1.014568656682968140e-01
8.614192157983779907e-02
1.427699923515319824e-01
1.861828863620758057e-01
2.035277783870697021e-01
2.349483817815780640e-01
1.360457390546798706e-01
2.349483817815780640e-01
1.239379569888114929e-01
1.239164620637893677e-01
1.495756208896636963e-01
1.811071187257766724e-01
2.190935462713241577e-01
2.190935462713241577e-01
2.190935462713241577e-01
1.172179505228996277e-01
1.651988327503204346e-01
1.729885786771774292e-01
1.509536504745483398e-01
1.351894438266754150e-01
1.012785211205482483e-01
2.025243192911148071e-01
2.052694112062454224e-01
1.319530457258224487e-01
1.021639108657836914e-01
1.167293116450309753e-01
1.543820649385452271e-01
1.214772909879684448e-01
9.084443002939224243e-02
1.686346679925918579e-01
1.892313510179519653e-01
1.846871376037597656e-01
2.190935462713241577e-01
1.565861999988555908e-01
1.878195405006408691e-01
1.541281193494796753e-01
9.032158553600311279e-02
1.270970851182937622e-01
1.662394255399703979e-01
2.179681062698364258e-01
2.190935462713241577e-01
2.190935462713241577e-01
1.366037577390670776e-01
1.354493647813796997e-01
1.688628792762756348e-01
9.731335937976837158e-02
1.081437170505523682e-01
2.190935462713241577e-01
1.613276749849319458e-01
1.499854028224945068e-01
1.433148384094238281e-01
1.307316124439239502e-01
1.632290780544281006e-01
1.303087770938873291e-01
6.727743148803710938e-02
7.019611448049545288e-02
2.152648717164993286e-01
2.152648717164993286e-01
1.554927974939346313e-01
1.515446156263351440e-01
1.620109528303146362e-01
1.995519250631332397e-01
1.305357962846755981e-01
1.027723923325538635e-01
1.636740863323211670e-01
2.152648717164993286e-01
1.796128600835800171e-01
2.109163254499435425e-01
2.152648717164993286e-01
1.258940547704696655e-01
1.592298150062561035e-01
1.639173477888107300e-01
1.319023519754409790e-01
1.125942990183830261e-01
2.152648717164993286e-01
2.152648717164993286e-01
2.109875231981277466e-01
1.584555208683013916e-01
1.636849641799926758e-01
1.970366835594177246e-01
1.731916069984436035e-01
1.369023919105529785e-01
1.257428973913192749e-01
1.956986933946609497e-01
1.747829765081405640e-01
1.741644591093063354e-01
1.698354035615921021e-01
1.325978785753250122e-01
1.088692471385002136e-01
9.559780359268188477e-02
9.865357726812362671e-02
1.112423464655876160e-01
1.364738941192626953e-01
2.263976633548736572e-01
2.190942764282226562e-01
2.059427052736282349e-01
2.263976633548736572e-01
2.263976633548736572e-01
1.882411390542984009e-01
1.704654097557067871e-01
1.352603882551193237e-01
1.822598576545715332e-01
1.571734398603439331e-01
1.370289325714111328e-01
1.544524878263473511e-01
1.209470778703689575e-01
9.057259559631347656e-02
1.117119938135147095e-01
9.507404267787933350e-02
1.215416491031646729e-01
1.050778105854988098e-01
2.263976633548736572e-01
1.978674232959747314e-01
1.949781924486160278e-01
2.263976633548736572e-01
2.263976633548736572e-01
1.653939187526702881e-01
1.095988526940345764e-01
1.658785939216613770e-01
1.821999698877334595e-01
1.177250444889068604e-01
8.843761682510375977e-02
1.268372088670730591e-01
1.318720728158950806e-01
1.366685032844543457e-01
1.842817813158035278e-01
1.881325244903564453e-01
1.503916382789611816e-01
1.713656336069107056e-01
1.535827964544296265e-01
5.497393012046813965e-02
1.314777880907058716e-01
7.002297043800354004e-02
1.533011794090270996e-01
1.996254175901412964e-01
2.720316052436828613e-01
2.720316052436828613e-01
2.720316052436828613e-01
1.025781407952308655e-01
9.560639411211013794e-02
8.332499116659164429e-02
1.461741924285888672e-01
1.675802916288375854e-01
2.720316052436828613e-01
1.789803653955459595e-01
7.230218499898910522e-02
8.424630016088485718e-02
4.179178550839424133e-02
4.813902080059051514e-02
7.005055993795394897e-02
8.158375322818756104e-02
1.478641778230667114e-01
2.720316052436828613e-01
2.720316052436828613e-01
2.720316052436828613e-01
1.185008659958839417e-01
2.032443732023239136e-01
1.854283735156059265e-02
3.747534006834030151e-02
3.036705963313579559e-02
7.431980967521667480e-02
5.174776911735534668e-02
2.696725130081176758e-01
2.696725130081176758e-01
2.696725130081176758e-01
1.987234205007553101e-01
1.635730452835559845e-02
2.728526107966899872e-02
2.649039030075073242e-02
4.719546809792518616e-02
4.976342245936393738e-02
2.696725130081176758e-01
2.696725130081176758e-01
2.696725130081176758e-01
4.793635010719299316e-02
2.579869516193866730e-02
3.267646953463554382e-02
2.592293173074722290e-02
5.630984157323837280e-02
9.710185229778289795e-02
2.696725130081176758e-01
2.696725130081176758e-01
1.934936791658401489e-01
1.219948828220367432e-01
1.017580777406692505e-01
9.153931587934494019e-02
6.893151253461837769e-02
6.489527225494384766e-02
4.402379319071769714e-02
2.696725130081176758e-01
2.696725130081176758e-01
2.696725130081176758e-01
7.647588104009628296e-02
2.078921534121036530e-02
5.723755061626434326e-02
6.642589718103408813e-02
8.806062489748001099e-02
7.184721529483795166e-02
2.462835758924484253e-01
2.462835758924484253e-01
2.462835758924484253e-01
3.642146661877632141e-02
4.394682869315147400e-02
8.671513199806213379e-02
7.366678118705749512e-02
8.041060715913772583e-02
7.002658396959304810e-02
1.991530060768127441e-01
1.433722972869873047e-01
1.712061911821365356e-01
1.343334615230560303e-01
1.951935738325119019e-01
2.462835758924484253e-01
2.462835758924484253e-01
2.329498380422592163e-01
6.352034956216812134e-02
2.462835758924484253e-01
2.462835758924484253e-01
2.462835758924484253e-01
1.074740216135978699e-01
1.156745851039886475e-01
1.890203654766082764e-01
2.034008651971817017e-01
2.117868214845657349e-01
8.947937935590744019e-02
2.207523584365844727e-01
1.397175937891006470e-01
1.752538084983825684e-01
7.596502453088760376e-02
8.221767097711563110e-02
7.391035556793212891e-02
5.332753807306289673e-02
5.767833814024925232e-02
1.097690314054489136e-01
2.371071577072143555e-01
1.873464584350585938e-01
1.584674268960952759e-01
1.071812435984611511e-01
1.389836817979812622e-01
7.131056487560272217e-02
7.874545454978942871e-02
9.227985143661499023e-02
1.095183491706848145e-01
1.663280874490737915e-01
1.564724147319793701e-01
1.194260939955711365e-01
1.663804948329925537e-01
1.119062677025794983e-01
9.565231949090957642e-02
8.684851229190826416e-02
1.664945781230926514e-01
2.092390954494476318e-01
2.371071577072143555e-01
2.371071577072143555e-01
2.371071577072143555e-01
2.208458930253982544e-01
2.371071577072143555e-01
1.453121751546859741e-01
1.261702626943588257e-01
2.371071577072143555e-01
2.371071577072143555e-01
2.280582338571548462e-01
2.371071577072143555e-01
2.371071577072143555e-01
4.495822638273239136e-02
1.146340072154998779e-01
8.153054118156433105e-02
1.046229973435401917e-01
4.543801024556159973e-02
1.703754067420959473e-01
1.167988106608390808e-01
1.413398534059524536e-01
1.398181617259979248e-01
1.184891238808631897e-01
8.653765171766281128e-02
6.878767162561416626e-02
1.079443916678428650e-01
8.163845539093017578e-02
2.548835575580596924e-01
2.548835575580596924e-01
2.548835575580596924e-01
2.242123335599899292e-01
1.714677959680557251e-01
1.453601717948913574e-01
8.986192196607589722e-02
1.643702834844589233e-01
8.818218857049942017e-02
2.548835575580596924e-01
2.548835575580596924e-01
1.680237799882888794e-01
1.027592420578002930e-01
2.030052840709686279e-01
1.182126030325889587e-01
1.299335211515426636e-01
1.586832255125045776e-01
2.050823420286178589e-01
2.548835575580596924e-01
2.548835575580596924e-01
1.869392991065979004e-01
1.561564058065414429e-01
1.413681805133819580e-01
8.001700043678283691e-02
4.809442535042762756e-02
4.308116808533668518e-02
1.027692258358001709e-01
2.046202868223190308e-01
2.362283915281295776e-01
1.699905395507812500e-01
1.973264217376708984e-01
1.264226138591766357e-01
1.171156167984008789e-01
5.857269838452339172e-02
4.225796461105346680e-02
1.403211504220962524e-01
1.005505546927452087e-01
1.610791236162185669e-01
1.527254730463027954e-01
2.125433832406997681e-01
2.362283915281295776e-01
1.194598525762557983e-01
8.496554195880889893e-02
1.273194700479507446e-01
1.749906092882156372e-01
2.362283915281295776e-01
2.362283915281295776e-01
1.973372250795364380e-01
1.685271412134170532e-01
2.362283915281295776e-01
1.289220452308654785e-01
5.567920580506324768e-02
1.057220548391342163e-01
1.373203694820404053e-01
2.362283915281295776e-01
2.362283915281295776e-01
2.362283915281295776e-01
2.362283915281295776e-01
1.356359720230102539e-01
7.529971748590469360e-02
9.981852769851684570e-02
8.610346168279647827e-02
1.623279601335525513e-01
9.504655003547668457e-02
1.283922940492630005e-01
1.525954157114028931e-01
2.384139746427536011e-01
1.709892749786376953e-01
7.110206037759780884e-02
1.715295910835266113e-01
1.339470148086547852e-01
1.920495331287384033e-01
1.762217283248901367e-01
9.563968330621719360e-02
7.083538174629211426e-02
2.298017293214797974e-01
2.384139746427536011e-01
1.105027198791503906e-01
7.260923832654953003e-02
8.997181802988052368e-02
1.325290352106094360e-01
2.384139746427536011e-01
2.384139746427536011e-01
2.384139746427536011e-01
2.384139746427536011e-01
1.433104574680328369e-01
1.445839405059814453e-01
1.457482576370239258e-01
1.098325625061988831e-01
1.342434436082839966e-01
2.322919517755508423e-01
2.221554964780807495e-01
2.139445543289184570e-01
1.959779858589172363e-01
1.662807315587997437e-01
1.151164174079895020e-01
1.598777621984481812e-01
1.539534181356430054e-01
1.599963158369064331e-01
1.692612171173095703e-01
1.000223159790039062e-01
8.222917467355728149e-02
1.125595420598983765e-01
1.176280379295349121e-01
1.534537523984909058e-01
1.148603260517120361e-01
1.033344790339469910e-01
9.669646620750427246e-02
1.311590373516082764e-01
1.395795643329620361e-01
1.247797459363937378e-01
1.296065896749496460e-01
1.256581246852874756e-01
2.131765782833099365e-01
1.524571925401687622e-01
1.360016167163848877e-01
1.302747279405593872e-01
2.295007258653640747e-01
1.972666382789611816e-01
2.450283020734786987e-01
1.995314657688140869e-01
1.766800582408905029e-01
2.412285208702087402e-01
1.312907934188842773e-01
1.209631040692329407e-01
1.059788838028907776e-01
2.450283020734786987e-01
2.450283020734786987e-01
2.450283020734786987e-01
2.450283020734786987e-01
9.234630316495895386e-02
1.229142844676971436e-01
9.021379798650741577e-02
9.164994955062866211e-02
1.039510220289230347e-01
1.051788926124572754e-01
1.083020269870758057e-01
1.118937507271766663e-01
1.350377202033996582e-01
1.763336956501007080e-01
1.628430783748626709e-01
2.252630889415740967e-01
2.254650890827178955e-01
1.833390593528747559e-01
2.109484970569610596e-01
2.004941105842590332e-01
9.398151934146881104e-02
1.180058568716049194e-01
1.538500934839248657e-01
1.641580164432525635e-01
1.087433993816375732e-01
1.439534276723861694e-01
1.373482197523117065e-01
2.180521786212921143e-01
1.344298422336578369e-01
2.254650890827178955e-01
2.202787101268768311e-01
2.254650890827178955e-01
1.775510013103485107e-01
1.652349531650543213e-01
2.254650890827178955e-01
2.254650890827178955e-01
1.895227581262588501e-01
1.230930909514427185e-01
1.127862632274627686e-01
2.254650890827178955e-01
9.447742998600006104e-02
1.223019659519195557e-01
1.487618386745452881e-01
2.010408490896224976e-01
1.062253564596176147e-01
1.238198727369308472e-01
1.201128736138343811e-01
7.258995622396469116e-02
6.922466307878494263e-02
2.240795493125915527e-01
2.260360717773437500e-01
1.918986737728118896e-01
2.260360717773437500e-01
2.260360717773437500e-01
9.337956458330154419e-02
7.884215563535690308e-02
7.882440835237503052e-02
1.464292109012603760e-01
1.530223190784454346e-01
1.472200453281402588e-01
1.339157670736312866e-01
2.260360717773437500e-01
1.307414919137954712e-01
1.274890005588531494e-01
1.127820089459419250e-01
6.423150748014450073e-02
1.557813584804534912e-01
2.260360717773437500e-01
2.260360717773437500e-01
2.117158472537994385e-01
2.260360717773437500e-01
2.260360717773437500e-01
1.044212654232978821e-01
2.153552919626235962e-01
1.765204817056655884e-01
2.260360717773437500e-01
2.013154774904251099e-01
1.797734051942825317e-01
1.052372008562088013e-01
1.384892016649246216e-01
1.545550972223281860e-01
3.941727057099342346e-02
3.340534865856170654e-02
5.867649614810943604e-02
1.317804604768753052e-01
1.806083768606185913e-01
9.854896366596221924e-02
1.025490164756774902e-01
7.765095680952072144e-02
1.149663031101226807e-01
3.331451863050460815e-02
6.770600378513336182e-02
6.153310462832450867e-02
1.191005557775497437e-01
2.501729428768157959e-01
1.227682605385780334e-01
1.386991590261459351e-01
2.501729428768157959e-01
1.797407865524291992e-01
1.146525666117668152e-01
2.501729428768157959e-01
2.501729428768157959e-01
2.501729428768157959e-01
2.501729428768157959e-01
8.033446967601776123e-02
8.566994220018386841e-02
1.342762410640716553e-01
1.175766736268997192e-01
2.501729428768157959e-01
2.501729428768157959e-01
2.501729428768157959e-01
2.501729428768157959e-01
2.214701026678085327e-01
1.746161878108978271e-01
2.045688629150390625e-01
1.126119494438171387e-01
2.214701026678085327e-01
7.289825379848480225e-02
8.774187415838241577e-02
6.215563789010047913e-02
1.674930006265640259e-01
1.659869700670242310e-01
1.006561517715454102e-01
2.052101790904998779e-01
1.574368327856063843e-01
2.214701026678085327e-01
1.587006002664566040e-01
9.216404706239700317e-02
1.260252892971038818e-01
1.410022526979446411e-01
2.197227478027343750e-01
1.487619578838348389e-01
1.268751919269561768e-01
5.155739933252334595e-02
2.115903198719024658e-01
2.214701026678085327e-01
2.214701026678085327e-01
2.214701026678085327e-01
2.214701026678085327e-01
1.793034672737121582e-01
1.208419501781463623e-01
1.132014319300651550e-01
6.949321180582046509e-02
2.096251100301742554e-01
1.888638734817504883e-01
1.045940890908241272e-01
1.946777850389480591e-01
1.539013981819152832e-01
1.473094522953033447e-01
1.268542557954788208e-01
2.387467920780181885e-01
1.597632020711898804e-01
1.861122250556945801e-01
1.279219090938568115e-01
5.177322775125503540e-02
1.136752665042877197e-01
1.177861168980598450e-01
1.549238115549087524e-01
2.136330902576446533e-01
2.387467920780181885e-01
1.645911633968353271e-01
1.751073002815246582e-01
1.065916270017623901e-01
7.790178060531616211e-02
8.923602104187011719e-02
1.885118335485458374e-01
2.133107930421829224e-01
1.257425099611282349e-01
1.169726103544235229e-01
9.246775507926940918e-02
1.703647375106811523e-01
7.230321317911148071e-02
7.758386433124542236e-02
1.932604163885116577e-01
1.657236665487289429e-01
1.918527334928512573e-01
1.695256978273391724e-01
2.387467920780181885e-01
2.387467920780181885e-01
2.387467920780181885e-01
1.309911161661148071e-01
1.288500130176544189e-01
1.885677874088287354e-01
2.387467920780181885e-01
1.069775521755218506e-01
1.359158605337142944e-01
1.750799268484115601e-01
7.006689161062240601e-02
6.996466964483261108e-02
5.057568848133087158e-02
7.083086669445037842e-02
3.496386855840682983e-02
9.482610225677490234e-02
1.568423956632614136e-01
1.436108201742172241e-01
1.126039326190948486e-01
6.714845448732376099e-02
1.516280919313430786e-01
6.406861543655395508e-02
1.243301779031753540e-01
5.053012073040008545e-02
1.114125996828079224e-01
2.095359861850738525e-01
2.058310508728027344e-01
2.466472685337066650e-01
2.466472685337066650e-01
1.608045846223831177e-01
1.427400112152099609e-01
9.684151411056518555e-02
8.842598646879196167e-02
1.498986035585403442e-01
2.466472685337066650e-01
2.466472685337066650e-01
2.466472685337066650e-01
2.253117263317108154e-01
2.466472685337066650e-01
2.466472685337066650e-01
2.466472685337066650e-01
1.527126729488372803e-01
2.377007901668548584e-01
1.341786831617355347e-01
9.602105617523193359e-02
8.125721663236618042e-02
9.580085426568984985e-02
1.201503947377204895e-01
6.630299985408782959e-02
1.272290050983428955e-01
8.085495233535766602e-02
8.467696607112884521e-02
1.623986363410949707e-01
1.378076672554016113e-01
1.420931369066238403e-01
1.823638975620269775e-01
9.691378474235534668e-02
8.573336154222488403e-02
9.221147745847702026e-02
7.548003643751144409e-02
1.340986788272857666e-01
2.456947863101959229e-01
2.127784341573715210e-01
8.560647815465927124e-02
2.259053140878677368e-01
2.456947863101959229e-01
2.456947863101959229e-01
2.456947863101959229e-01
1.734101325273513794e-01
1.794139146804809570e-01
2.456947863101959229e-01
2.456947863101959229e-01
2.452748119831085205e-01
2.139268070459365845e-01
4.839898273348808289e-02
1.023066192865371704e-01
1.853769272565841675e-01
1.285305172204971313e-01
2.456947863101959229e-01
1.293639689683914185e-01
1.383370459079742432e-01
1.269209086894989014e-01
1.230403259396553040e-01
1.011563912034034729e-01
1.390532255172729492e-01
1.171887889504432678e-01
6.079676747322082520e-02
1.022520810365676880e-01
1.117092594504356384e-01
2.076691389083862305e-01
1.944913119077682495e-01
8.800528943538665771e-02
6.398587673902511597e-02
2.246507704257965088e-01
2.512216567993164062e-01
1.993592083454132080e-01
1.944677829742431641e-01
2.512216567993164062e-01
2.512216567993164062e-01
2.512216567993164062e-01
1.211549043655395508e-01
5.885846540331840515e-02
4.384499043226242065e-02
5.280801653861999512e-02
1.092062965035438538e-01
2.143760174512863159e-01
2.512216567993164062e-01
2.512216567993164062e-01
2.512216567993164062e-01
1.893057674169540405e-01
7.643952220678329468e-02
5.734257027506828308e-02
7.993308454751968384e-02
1.373124867677688599e-01
2.165169268846511841e-01
5.468122661113739014e-02
1.107507422566413879e-01
1.249794289469718933e-01
5.002414062619209290e-02
5.430959537625312805e-02
7.113631814718246460e-02
2.358246594667434692e-01
2.358246594667434692e-01
2.129728049039840698e-01
1.876464635133743286e-01
2.303936034440994263e-01
1.454686969518661499e-01
5.486675351858139038e-02
7.221926748752593994e-02
3.916979953646659851e-02
1.602610647678375244e-01
2.358246594667434692e-01
2.358246594667434692e-01
1.471222192049026489e-01
2.358246594667434692e-01
2.358246594667434692e-01
1.302206665277481079e-01
1.110407114028930664e-01
3.998056799173355103e-02
1.181340664625167847e-01
8.964528888463973999e-02
1.920984238386154175e-01
2.358246594667434692e-01
2.358246594667434692e-01
2.101991772651672363e-01
1.089136973023414612e-01
1.841717213392257690e-01
5.555506050586700439e-02
1.457926034927368164e-01
1.993722319602966309e-01
2.358246594667434692e-01
1.802187263965606689e-01
2.476580590009689331e-01
1.734727025032043457e-01
1.363382339477539062e-01
9.366408735513687134e-02
2.721283957362174988e-02
1.809773445129394531e-01
2.476580590009689331e-01
2.476580590009689331e-01
9.199047088623046875e-02
8.705753833055496216e-02
8.794065564870834351e-02
1.028905212879180908e-01
1.107745841145515442e-01
5.431864410638809204e-02
2.146126776933670044e-01
1.993130743503570557e-01
1.733640432357788086e-01
2.063610553741455078e-01
1.883910596370697021e-01
9.009790420532226562e-02
5.254915356636047363e-02
8.998625725507736206e-02
6.728405505418777466e-02
2.423934191465377808e-01
2.476580590009689331e-01
2.476580590009689331e-01
6.164929643273353577e-02
4.387618228793144226e-02
3.857731819152832031e-02
3.192539885640144348e-02
1.691579073667526245e-01
1.444532126188278198e-01
2.476580590009689331e-01
2.476580590009689331e-01
2.475613355636596680e-01
1.139938309788703918e-01
5.754848569631576538e-02
4.217316955327987671e-02
4.028884321451187134e-02
1.575435549020767212e-01
1.689661890268325806e-01
2.258942425251007080e-01
1.715375185012817383e-01
2.471634447574615479e-01
1.333643943071365356e-01
1.736535429954528809e-01
1.017969921231269836e-01
1.034798249602317810e-01
2.114844620227813721e-01
2.471634447574615479e-01
1.556877791881561279e-01
1.634671539068222046e-01
1.952123194932937622e-01
6.628867983818054199e-02
4.695456102490425110e-02
5.398828536272048950e-02
8.344911783933639526e-02
2.471634447574615479e-01
2.471634447574615479e-01
2.471634447574615479e-01
2.471634447574615479e-01
2.471634447574615479e-01
1.007097214460372925e-01
5.688174813985824585e-02
6.970249116420745850e-02
1.275897026062011719e-01
1.256910115480422974e-01
2.077090144157409668e-01
2.471634447574615479e-01
1.303714215755462646e-01
1.598240435123443604e-01
2.382953912019729614e-01
1.183535531163215637e-01
8.385350555181503296e-02
1.636443436145782471e-01
1.237685084342956543e-01
2.382953912019729614e-01
2.382953912019729614e-01
8.712095022201538086e-02
1.389625370502471924e-01
2.316878139972686768e-01
1.665296256542205811e-01
1.067546680569648743e-01
1.520203649997711182e-01
2.382953912019729614e-01
2.382953912019729614e-01
2.382953912019729614e-01
8.162530511617660522e-02
1.221322864294052124e-01
2.382953912019729614e-01
1.244981586933135986e-01
1.572546958923339844e-01
1.204513385891914368e-01
2.069987654685974121e-01
1.651443392038345337e-01
1.187998875975608826e-01
1.147347167134284973e-01
2.256880402565002441e-01
1.948844492435455322e-01
1.242165118455886841e-01
4.875743016600608826e-02
7.737360149621963501e-02
1.804658770561218262e-01
1.414528340101242065e-01
1.198339462280273438e-01
1.002366840839385986e-01
1.753905415534973145e-01
2.025975584983825684e-01
1.541151702404022217e-01
9.140404313802719116e-02
1.393126100301742554e-01
2.351038753986358643e-01
2.351038753986358643e-01
1.791913807392120361e-01
1.708068549633026123e-01
1.096757501363754272e-01
2.351038753986358643e-01
1.620399206876754761e-01
1.021926105022430420e-01
1.317853331565856934e-01
1.621789932250976562e-01
2.351038753986358643e-01
2.351038753986358643e-01
2.351038753986358643e-01
2.000620663166046143e-01
1.291035860776901245e-01
7.804089784622192383e-02
4.986307770013809204e-02
5.265539139509201050e-02
1.755558997392654419e-01
1.406528204679489136e-01
1.171864271163940430e-01
1.299873292446136475e-01
1.048813313245773315e-01
1.790401339530944824e-01
1.336165666580200195e-01
1.056996956467628479e-01
9.356612712144851685e-02
1.381097733974456787e-01
2.351038753986358643e-01
2.351038753986358643e-01
2.017731964588165283e-01
1.389959752559661865e-01
2.099692076444625854e-01
1.060104668140411377e-01
5.284338071942329407e-02
7.304453849792480469e-02
1.028446704149246216e-01
2.238558083772659302e-01
2.238558083772659302e-01
1.874379813671112061e-01
1.806216239929199219e-01
1.001018881797790527e-01
1.281267106533050537e-01
7.342915236949920654e-02
1.066409796476364136e-01
1.180760264396667480e-01
1.444409042596817017e-01
1.752348095178604126e-01
1.900468766689300537e-01
1.392435878515243530e-01
2.163396775722503662e-01
1.597936898469924927e-01
7.335159927606582642e-02
1.123996824026107788e-01
1.158605441451072693e-01
1.689263433218002319e-01
2.238558083772659302e-01
1.950937360525131226e-01
1.894768029451370239e-01
2.238558083772659302e-01
1.865563690662384033e-01
7.653728872537612915e-02
1.855662465095520020e-01
1.590453237295150757e-01
2.192156314849853516e-01
2.238558083772659302e-01
2.238558083772659302e-01
1.906988918781280518e-01
5.215820670127868652e-02
1.027898266911506653e-01
7.704358547925949097e-02
9.663661569356918335e-02
8.670175820589065552e-02
1.441040188074111938e-01
1.456746608018875122e-01
2.084087878465652466e-01
1.513158828020095825e-01
1.406061947345733643e-01
1.403199434280395508e-01
1.126290857791900635e-01
7.946356385946273804e-02
7.662394642829895020e-02
2.274249345064163208e-01
1.718718707561492920e-01
2.272408008575439453e-01
2.242795079946517944e-01
1.617181301116943359e-01
9.998257458209991455e-02
1.378974616527557373e-01
1.603318452835083008e-01
1.095719486474990845e-01
2.274249345064163208e-01
2.274249345064163208e-01
1.898757964372634888e-01
1.961135417222976685e-01
2.274249345064163208e-01
1.421513855457305908e-01
2.274249345064163208e-01
1.385035961866378784e-01
9.903600811958312988e-02
2.274249345064163208e-01
2.274249345064163208e-01
1.647886335849761963e-01
2.274249345064163208e-01
1.646113693714141846e-01
1.598444879055023193e-01
1.454705893993377686e-01
1.259791404008865356e-01
9.150187671184539795e-02
1.652971059083938599e-01
9.383555501699447632e-02
1.535401791334152222e-01
1.749267578125000000e-01
2.149041295051574707e-01
1.534527242183685303e-01
5.918460339307785034e-02
1.953134238719940186e-01
1.714362949132919312e-01
1.067814528942108154e-01
4.371907934546470642e-02
9.063399583101272583e-02
2.184249460697174072e-01
2.184249460697174072e-01
2.184249460697174072e-01
2.081144154071807861e-01
1.396528482437133789e-01
8.139165490865707397e-02
2.184249460697174072e-01
2.184249460697174072e-01
2.184249460697174072e-01
2.144977152347564697e-01
1.758777052164077759e-01
2.163087725639343262e-01
7.355713099241256714e-02
1.468016505241394043e-01
1.460217386484146118e-01
1.319603323936462402e-01
8.135478198528289795e-02
2.184249460697174072e-01
2.184249460697174072e-01
1.218414977192878723e-01
1.091725528240203857e-01
4.314734786748886108e-02
1.323010325431823730e-01
1.029707863926887512e-01
7.200846821069717407e-02
5.768771469593048096e-02
3.748477250337600708e-02
1.539930701255798340e-01
2.358642667531967163e-01
1.931724548339843750e-01
1.457845270633697510e-01
1.528573334217071533e-01
1.988229751586914062e-01
6.825418770313262939e-02
2.365459501743316650e-01
1.715072840452194214e-01
2.365459501743316650e-01
1.396416872739791870e-01
1.716499328613281250e-01
1.027543768286705017e-01
1.584299206733703613e-01
1.375706046819686890e-01
1.340500712394714355e-01
1.073873564600944519e-01
6.837961822748184204e-02
1.813298463821411133e-01
2.365459501743316650e-01
2.365459501743316650e-01
2.365459501743316650e-01
1.856448501348495483e-01
1.609305441379547119e-01
1.322942078113555908e-01
2.365459501743316650e-01
2.365459501743316650e-01
2.365459501743316650e-01
1.165375784039497375e-01
4.591509327292442322e-02
5.960714071989059448e-02
8.054786920547485352e-02
1.057523712515830994e-01
6.907994300127029419e-02
2.433428615331649780e-01
2.433428615331649780e-01
2.433428615331649780e-01
8.278229832649230957e-02
5.023269355297088623e-02
7.384310662746429443e-02
8.043983578681945801e-02
7.776946574449539185e-02
2.175867557525634766e-01
2.433428615331649780e-01
2.433428615331649780e-01
2.433428615331649780e-01
1.070238426327705383e-01
8.529271185398101807e-02
8.438114821910858154e-02
3.654440119862556458e-02
7.662199437618255615e-02
1.103090569376945496e-01
2.433428615331649780e-01
2.433428615331649780e-01
2.433428615331649780e-01
1.030626296997070312e-01
1.155616790056228638e-01
1.306568980216979980e-01
1.275909990072250366e-01
9.399530291557312012e-02
2.433428615331649780e-01
2.433428615331649780e-01
2.433428615331649780e-01
2.433428615331649780e-01
9.436610341072082520e-02
9.546218812465667725e-02
7.723082602024078369e-02
4.898227751255035400e-02
8.350519835948944092e-02
2.005554288625717163e-01
1.714901328086853027e-01
1.238557174801826477e-01
1.502883434295654297e-01
2.509467899799346924e-01
1.291090399026870728e-01
5.943484231829643250e-02
7.180710881948471069e-02
1.260126382112503052e-01
7.195029407739639282e-02
5.293020233511924744e-02
6.017225235700607300e-02
7.362822443246841431e-02
2.826784551143646240e-01
2.684605717658996582e-01
1.621826142072677612e-01
1.519689261913299561e-01
8.588978648185729980e-02
2.754670381546020508e-01
1.664946973323822021e-01
1.481670439243316650e-01
2.826784551143646240e-01
2.826784551143646240e-01
2.826784551143646240e-01
9.139725565910339355e-02
1.474514156579971313e-01
1.788541972637176514e-01
1.127085834741592407e-01
6.077308207750320435e-02
5.110904946923255920e-02
2.826784551143646240e-01
2.749585509300231934e-01
1.218541115522384644e-01
4.681531712412834167e-02
1.086519062519073486e-01
1.033779233694076538e-01
7.414646446704864502e-02
4.748961329460144043e-02
6.844511628150939941e-02
9.795839339494705200e-02
2.085739970207214355e-01
7.208927720785140991e-02
1.253580749034881592e-01
2.749585509300231934e-01
1.568307578563690186e-01
1.477833837270736694e-01
8.168951421976089478e-02
1.179012954235076904e-01
1.743752360343933105e-01
2.749585509300231934e-01
2.624085545539855957e-01
6.488623470067977905e-02
1.811306774616241455e-01
1.403073668479919434e-01
9.565114974975585938e-02
5.850867182016372681e-02
7.369771599769592285e-02
2.474527657032012939e-01
2.749585509300231934e-01
1.139974519610404968e-01
9.906834363937377930e-02
2.749585509300231934e-01
1.489257663488388062e-01
1.592682749032974243e-01
9.044749289751052856e-02
1.921111345291137695e-01
2.749585509300231934e-01
1.621345430612564087e-01
9.880644828081130981e-02
2.266189903020858765e-01
2.266189903020858765e-01
2.145099043846130371e-01
1.912575364112854004e-01
8.023685216903686523e-02
1.169347539544105530e-01
1.521562784910202026e-01
2.266189903020858765e-01
1.655969768762588501e-01
1.478137224912643433e-01
2.131924182176589966e-01
2.266189903020858765e-01
2.224255502223968506e-01
2.255965471267700195e-01
2.033167034387588501e-01
1.997540444135665894e-01
2.266189903020858765e-01
6.631268560886383057e-02
1.117172837257385254e-01
2.266189903020858765e-01
1.716068834066390991e-01
1.256306916475296021e-01
7.703093439340591431e-02
1.378859728574752808e-01
2.259032130241394043e-01
1.442699283361434937e-01
1.117287203669548035e-01
7.170348614454269409e-02
1.027793511748313904e-01
1.114645153284072876e-01
8.940140902996063232e-02
9.538072347640991211e-02
1.183907017111778259e-01
1.440158933401107788e-01
2.732794582843780518e-01
1.893035322427749634e-01
5.893431231379508972e-02
1.512553095817565918e-01
1.553010940551757812e-01
1.405864506959915161e-01
1.988101303577423096e-01
1.969434469938278198e-01
1.370347589254379272e-01
2.732794582843780518e-01
2.732794582843780518e-01
1.027913391590118408e-01
9.114854037761688232e-02
2.009317837655544281e-02
3.741309046745300293e-02
9.099122136831283569e-02
1.084305569529533386e-01
1.957498341798782349e-01
2.691235542297363281e-01
1.593722552061080933e-01
7.597699761390686035e-02
7.241189479827880859e-02
8.264537900686264038e-02
6.601566821336746216e-02
9.171617776155471802e-02
1.300484389066696167e-01
1.146634668111801147e-01
2.732794582843780518e-01
2.732794582843780518e-01
2.573574185371398926e-01
1.568640917539596558e-01
1.035000905394554138e-01
5.792561545968055725e-02
9.487222135066986084e-02
1.053943485021591187e-01
2.411403357982635498e-01
2.490777224302291870e-01
2.466737776994705200e-01
1.322626471519470215e-01
5.171392112970352173e-02
1.689237728714942932e-02
2.072224579751491547e-02
1.620817929506301880e-02
3.813135251402854919e-02
1.390724778175354004e-01
2.490777224302291870e-01
2.146903127431869507e-01
2.054675072431564331e-01
1.725279390811920166e-01
4.037976637482643127e-02
8.416705578565597534e-02
4.867485165596008301e-02
7.037859410047531128e-02
2.490777224302291870e-01
2.490777224302291870e-01
2.490777224302291870e-01
2.035239487886428833e-01
1.168466657400131226e-01
9.371449798345565796e-02
4.276854172348976135e-02
2.559266425669193268e-02
2.103506028652191162e-02
1.869796067476272583e-01
2.490777224302291870e-01
2.490777224302291870e-01
1.554436087608337402e-01
2.490777224302291870e-01
1.173347756266593933e-01
2.097837626934051514e-01
8.065199106931686401e-02
1.098347902297973633e-01
2.490777224302291870e-01
2.371741235256195068e-01
1.417778283357620239e-01
1.284594833850860596e-01
1.151170060038566589e-01
5.825481191277503967e-02
1.107410565018653870e-01
1.346230804920196533e-01
1.026057600975036621e-01
2.650558352470397949e-01
2.556208968162536621e-01
1.154978275299072266e-01
6.475339084863662720e-02
6.616323441267013550e-02
1.144356206059455872e-01
6.202501431107521057e-02
1.227208301424980164e-01
1.064663976430892944e-01
2.650558352470397949e-01
2.650558352470397949e-01
1.153317168354988098e-01
6.183901429176330566e-02
1.709813326597213745e-01
1.516499221324920654e-01
2.613969743251800537e-01
1.229588910937309265e-01
1.529126614332199097e-01
2.650558352470397949e-01
2.650558352470397949e-01
9.520234912633895874e-02
3.585630282759666443e-02
8.664752542972564697e-02
2.650558352470397949e-01
1.265970319509506226e-01
8.530420809984207153e-02
8.494653552770614624e-02
2.650558352470397949e-01
2.204583585262298584e-01
1.105729267001152039e-01
5.163281038403511047e-02
7.921122014522552490e-02
1.576566398143768311e-01
8.946896344423294067e-02
1.158357411623001099e-01
1.657488644123077393e-01
1.990088075399398804e-01
5.409600958228111267e-02
5.543364956974983215e-02
3.074615262448787689e-02
3.814664483070373535e-02
2.310725301504135132e-01
2.140260040760040283e-01
2.464880198240280151e-01
2.464880198240280151e-01
1.399372667074203491e-01
2.464880198240280151e-01
1.732763200998306274e-01
1.029809489846229553e-01
1.633588224649429321e-01
2.464880198240280151e-01
1.291013658046722412e-01
6.557086855173110962e-02
1.141344755887985229e-01
2.464880198240280151e-01
1.103877425193786621e-01
1.120185106992721558e-01
5.765400826930999756e-02
1.945844739675521851e-01
1.815828233957290649e-01
1.269158720970153809e-01
2.389527559280395508e-01
2.464880198240280151e-01
2.219962775707244873e-01
4.061915725469589233e-02
3.435068950057029724e-02
1.406917814165353775e-02
3.931654617190361023e-02
1.456805020570755005e-01
1.688535213470458984e-01
2.640376389026641846e-01
2.640376389026641846e-01
1.291634887456893921e-01
6.021194159984588623e-02
2.828126773238182068e-02
3.193319588899612427e-02
7.481840997934341431e-02
7.196737080812454224e-02
9.912463277578353882e-02
2.640376389026641846e-01
2.081354111433029175e-01
1.316406130790710449e-01
5.508537217974662781e-02
6.623957306146621704e-02
7.083878666162490845e-02
1.558391749858856201e-01
1.488006860017776489e-01
1.922730058431625366e-01
2.640376389026641846e-01
2.640376389026641846e-01
1.405289173126220703e-01
7.675936073064804077e-02
6.893222033977508545e-02
2.067203372716903687e-01
2.640376389026641846e-01
2.640376389026641846e-01
2.237125486135482788e-01
2.640376389026641846e-01
2.266691476106643677e-01
1.075069233775138855e-01
2.215308248996734619e-01
2.138983458280563354e-01
2.215308248996734619e-01
1.626323312520980835e-01
2.215308248996734619e-01
2.215308248996734619e-01
1.378595679998397827e-01
1.368485838174819946e-01
1.954116076231002808e-01
1.642801314592361450e-01
7.680650800466537476e-02
3.179781511425971985e-02
9.299065172672271729e-02
1.699696779251098633e-01
1.174458563327789307e-01
1.572134941816329956e-01
1.444720327854156494e-01
2.215308248996734619e-01
1.810636967420578003e-01
1.855188608169555664e-01
1.314533948898315430e-01
7.654406875371932983e-02
9.462145715951919556e-02
1.239589750766754150e-01
1.665884405374526978e-01
1.615788489580154419e-01
2.031475007534027100e-01
2.063201516866683960e-01
1.128057837486267090e-01
1.008507311344146729e-01
7.330671697854995728e-02
2.161912024021148682e-01
1.435216218233108521e-01
2.215308248996734619e-01
1.653922796249389648e-01
2.215308248996734619e-01
1.549351513385772705e-01
4.692795127630233765e-02
1.276764832437038422e-02
6.769382953643798828e-02
1.874363124370574951e-01
1.039777994155883789e-01
1.041517853736877441e-01
1.110856384038925171e-01
1.967054754495620728e-01
2.317268699407577515e-01
2.317268699407577515e-01
1.096762418746948242e-01
1.955348700284957886e-01
1.682108640670776367e-01
1.401881426572799683e-01
8.855508267879486084e-02
1.380459964275360107e-01
2.127807885408401489e-01
2.309242337942123413e-01
8.593502640724182129e-02
6.463038921356201172e-02
6.951139122247695923e-02
2.275421023368835449e-01
1.718887239694595337e-01
1.371877938508987427e-01
1.168049424886703491e-01
2.317268699407577515e-01
2.317268699407577515e-01
2.317268699407577515e-01
1.492970585823059082e-01
2.231352627277374268e-01
2.317268699407577515e-01
1.821805685758590698e-01
1.137865930795669556e-01
1.044993698596954346e-01
2.317268699407577515e-01
2.180702686309814453e-01
1.959768086671829224e-01
1.484455168247222900e-01
2.180702686309814453e-01
1.087794676423072815e-01
7.597573101520538330e-02
8.588010817766189575e-02
1.285200715065002441e-01
1.667470186948776245e-01
2.180702686309814453e-01
1.522723436355590820e-01
9.692364186048507690e-02
2.077595591545104980e-01
1.344297379255294800e-01
2.180702686309814453e-01
2.180702686309814453e-01
2.180702686309814453e-01
1.841104328632354736e-01
2.180702686309814453e-01
1.667331755161285400e-01
1.801708638668060303e-01
2.180702686309814453e-01
1.222962811589241028e-01
8.233907818794250488e-02
9.941910952329635620e-02
5.831701308488845825e-02
1.785497367382049561e-01
1.713294833898544312e-01
1.513617634773254395e-01
1.386629343032836914e-01
1.534477174282073975e-01
1.299981176853179932e-01
1.896330416202545166e-01
1.945653557777404785e-01
1.215199530124664307e-01
1.795588731765747070e-01
1.109027415513992310e-01
7.912041246891021729e-02
6.243655458092689514e-02
7.144902646541595459e-02
8.619882911443710327e-02
2.181076854467391968e-01
2.001263797283172607e-01
1.252831518650054932e-01
1.471550464630126953e-01
2.234688103199005127e-01
1.109484061598777771e-01
1.284478902816772461e-01
1.377056986093521118e-01
1.565022021532058716e-01
2.234688103199005127e-01
2.160186618566513062e-01
1.524041146039962769e-01
2.100245952606201172e-01
9.956163167953491211e-02
1.039522364735603333e-01
7.967371493577957153e-02
8.945804089307785034e-02
1.122439131140708923e-01
1.734191775321960449e-01
1.357315629720687866e-01
9.285882115364074707e-02
1.837514042854309082e-01
2.234688103199005127e-01
2.077027112245559692e-01
1.428220421075820923e-01
2.234688103199005127e-01
2.234688103199005127e-01
2.234688103199005127e-01
2.234688103199005127e-01
2.234688103199005127e-01
2.234688103199005127e-01
2.044956237077713013e-01
1.053297966718673706e-01
8.435665071010589600e-02
7.738030701875686646e-02
8.417218923568725586e-02
2.288816720247268677e-01
2.288816720247268677e-01
1.458258926868438721e-01
1.227010637521743774e-01
8.058250695466995239e-02
8.436406403779983521e-02
5.778345465660095215e-02
8.603980392217636108e-02
6.687035411596298218e-02
1.124418750405311584e-01
1.105479821562767029e-01
1.421131044626235962e-01
1.134704276919364929e-01
2.288816720247268677e-01
1.951947361230850220e-01
1.391793191432952881e-01
1.540096551179885864e-01
1.450709700584411621e-01
2.288816720247268677e-01
2.288816720247268677e-01
2.288816720247268677e-01
2.288816720247268677e-01
1.641160547733306885e-01
1.255714297294616699e-01
1.832199245691299438e-01
2.288816720247268677e-01
7.956283539533615112e-02
2.119048535823822021e-01
2.189062088727951050e-01
2.288816720247268677e-01
2.288816720247268677e-01
9.393690526485443115e-02
9.242556244134902954e-02
6.625651568174362183e-02
1.299480646848678589e-01
1.219192892313003540e-01
1.634389460086822510e-01
1.379034668207168579e-01
8.852477371692657471e-02
1.736806780099868774e-01
9.087182581424713135e-02
1.256746649742126465e-01
1.136428490281105042e-01
1.069480404257774353e-01
1.363482922315597534e-01
2.250922918319702148e-01
2.558728456497192383e-01
2.287977188825607300e-01
1.998149156570434570e-01
1.919384002685546875e-01
1.232132986187934875e-01
1.912701576948165894e-01
2.126308679580688477e-01
8.774737268686294556e-02
1.527575552463531494e-01
1.548551470041275024e-01
2.228895127773284912e-01
1.850170493125915527e-01
1.654124557971954346e-01
9.105212986469268799e-02
9.153687953948974609e-02
7.868999242782592773e-02
1.097531095147132874e-01
2.558728456497192383e-01
2.558728456497192383e-01
2.558728456497192383e-01
2.310244739055633545e-01
5.442358925938606262e-02
4.498636350035667419e-02
4.416876286268234253e-02
2.437187545001506805e-02
7.160663604736328125e-02
1.570882499217987061e-01
2.637351453304290771e-01
2.637351453304290771e-01
1.560470610857009888e-01
1.622472405433654785e-01
1.569516658782958984e-01
1.116171851754188538e-01
1.164102330803871155e-01
1.229357197880744934e-01
2.390527725219726562e-01
2.637351453304290771e-01
2.637351453304290771e-01
2.637351453304290771e-01
2.179923281073570251e-02
8.547442965209484100e-03
1.047169975936412811e-02
1.321594417095184326e-02
6.061690300703048706e-02
1.691619306802749634e-01
2.637351453304290771e-01
2.637351453304290771e-01
1.863358914852142334e-01
5.497606843709945679e-02
7.265613973140716553e-02
5.723892524838447571e-02
5.370543897151947021e-02
1.407909691333770752e-01
1.663269549608230591e-01
2.637351453304290771e-01
2.637351453304290771e-01
1.750808209180831909e-01
2.213893532752990723e-01
1.953273415565490723e-01
1.078426837921142578e-01
9.238427877426147461e-02
6.533489376306533813e-02
1.055972352623939514e-01
9.890121221542358398e-02
1.549600809812545776e-01
2.446676343679428101e-01
2.621236443519592285e-01
2.326563745737075806e-01
6.188573688268661499e-02
6.690175086259841919e-02
5.823736265301704407e-02
3.946225717663764954e-02
2.415970154106616974e-02
6.115362793207168579e-02
2.621236443519592285e-01
1.143244728446006775e-01
1.214275285601615906e-01
8.959986269474029541e-02
7.905288785696029663e-02
1.383952200412750244e-01
1.311874538660049438e-01
1.426549255847930908e-01
2.251000106334686279e-01
1.229073628783226013e-01
2.621236443519592285e-01
2.621236443519592285e-01
2.167704552412033081e-01
1.779138445854187012e-01
2.344814687967300415e-01
1.732917279005050659e-01
1.139557361602783203e-01
1.565258502960205078e-01
2.621236443519592285e-01
2.871030271053314209e-01
7.505527138710021973e-02
1.497599761933088303e-02
4.106291383504867554e-02
2.234559506177902222e-02
2.338290587067604065e-02
1.611709035933017731e-02
2.790583670139312744e-02
1.725578755140304565e-01
2.813639044761657715e-01
7.955833524465560913e-02
1.493029110133647919e-02
4.101995751261711121e-02
1.494611799716949463e-02
3.354805707931518555e-02
2.283928170800209045e-02
5.205076187849044800e-02
2.060327529907226562e-01
2.871030271053314209e-01
2.238435149192810059e-01
1.170553341507911682e-01
1.128171384334564209e-01
1.075045913457870483e-01
1.222463995218276978e-01
8.958610147237777710e-02
2.034519761800765991e-01
2.871030271053314209e-01
2.871030271053314209e-01
2.821676135063171387e-01
6.217995658516883850e-02
1.895203888416290283e-01
5.525406822562217712e-02
1.666738986968994141e-01
1.613573431968688965e-01
2.871030271053314209e-01
2.871030271053314209e-01
2.049306035041809082e-01
9.088987112045288086e-02
1.989177241921424866e-02
3.443649038672447205e-02
2.217923104763031006e-02
2.272080443799495697e-02
6.008366495370864868e-02
7.232411950826644897e-02
2.585146725177764893e-01
9.434324502944946289e-02
5.344647169113159180e-02
2.687328681349754333e-02
1.676327362656593323e-02
2.400941401720046997e-02
2.578550763428211212e-02
1.075598597526550293e-01
1.744514405727386475e-01
2.033092230558395386e-01
2.744089066982269287e-01
2.409442365169525146e-01
4.113741591572761536e-02
2.045116573572158813e-01
1.335754245519638062e-01
2.238968312740325928e-01
2.694005072116851807e-01
2.744089066982269287e-01
2.744089066982269287e-01
2.059889584779739380e-01
9.776572883129119873e-02
6.317312270402908325e-02
7.265782356262207031e-02
1.467344313859939575e-01
1.063240692019462585e-01
2.422483116388320923e-01
2.744089066982269287e-01
2.744089066982269287e-01
7.602824270725250244e-02
4.951339960098266602e-02
4.727106541395187378e-02
2.970727719366550446e-02
5.765476450324058533e-02
4.314592108130455017e-02
1.077528893947601318e-01
1.806201338768005371e-01
1.248874664306640625e-01
2.097569108009338379e-01
1.323358565568923950e-01
1.634097546339035034e-01
1.242179498076438904e-01
9.813261032104492188e-02
6.175294145941734314e-02
2.347113639116287231e-01
1.955213844776153564e-01
1.189753413200378418e-01
1.630432456731796265e-01
7.615418732166290283e-02
5.365622416138648987e-02
7.083511352539062500e-02
1.139781475067138672e-01
3.812494874000549316e-02
1.829789131879806519e-01
2.951614558696746826e-01
2.951614558696746826e-01
2.951614558696746826e-01
8.258026838302612305e-02
6.003941968083381653e-02
1.102473884820938110e-01
2.230700999498367310e-01
1.133972406387329102e-01
2.951614558696746826e-01
2.951614558696746826e-01
2.951614558696746826e-01
2.457554191350936890e-01
1.759587228298187256e-01
1.589743793010711670e-01
1.428806781768798828e-01
1.371154636144638062e-01
7.366572320461273193e-02
1.542727202177047729e-01
1.009978801012039185e-01
1.412282437086105347e-01
2.457554191350936890e-01
1.957279443740844727e-01
1.072344630956649780e-01
1.607622206211090088e-01
1.432879567146301270e-01
1.398729830980300903e-01
8.465982228517532349e-02
1.047246977686882019e-01
1.906506866216659546e-01
2.457554191350936890e-01
8.987621963024139404e-02
5.966681987047195435e-02
1.127046570181846619e-01
2.457554191350936890e-01
1.657403260469436646e-01
2.457554191350936890e-01
2.457554191350936890e-01
2.457554191350936890e-01
1.526702046394348145e-01
1.378815025091171265e-01
7.643491774797439575e-02
9.492708742618560791e-02
1.802405416965484619e-01
9.697415679693222046e-02
1.967416107654571533e-01
1.917746216058731079e-01
1.528449654579162598e-01
2.382017672061920166e-01
2.200969159603118896e-01
1.325444877147674561e-01
1.746051013469696045e-01
1.817195117473602295e-01
1.725503355264663696e-01
7.938382774591445923e-02
1.179523766040802002e-01
2.382017672061920166e-01
2.382017672061920166e-01
1.751252710819244385e-01
1.085390523076057434e-01
1.165272444486618042e-01
2.382017672061920166e-01
1.106066629290580750e-01
3.173484653234481812e-02
4.000936076045036316e-02
2.382017672061920166e-01
1.161982640624046326e-01
2.382017672061920166e-01
2.382017672061920166e-01
1.494715958833694458e-01
1.018290370702743530e-01
5.804541334509849548e-02
9.551013261079788208e-02
1.462931931018829346e-01
1.204736009240150452e-01
1.847963929176330566e-01
2.382017672061920166e-01
2.382017672061920166e-01
2.382017672061920166e-01
9.974042326211929321e-02
7.652892917394638062e-02
5.580345541238784790e-02
9.491031616926193237e-02
1.521328687667846680e-01
2.249162197113037109e-01
2.249162197113037109e-01
1.706582158803939819e-01
1.792812198400497437e-01
2.123265117406845093e-01
8.679942041635513306e-02
3.065414726734161377e-02
5.441704019904136658e-02
1.777852624654769897e-01
1.351487636566162109e-01
2.249162197113037109e-01
1.164539158344268799e-01
2.249162197113037109e-01
2.022314965724945068e-01
1.017829701304435730e-01
6.705206632614135742e-02
1.045057997107505798e-01
1.650653183460235596e-01
2.249162197113037109e-01
2.249162197113037109e-01
2.249162197113037109e-01
2.249162197113037109e-01
1.414198279380798340e-01
8.443400263786315918e-02
6.443981826305389404e-02
1.227163523435592651e-01
1.296564042568206787e-01
1.772463172674179077e-01
2.037758827209472656e-01
1.132924482226371765e-01
2.249162197113037109e-01
2.249162197113037109e-01
1.267067641019821167e-01
8.708100020885467529e-02
1.675154119729995728e-01
1.269388198852539062e-01
4.115328192710876465e-02
1.157730966806411743e-01
1.854990869760513306e-01
2.594696283340454102e-01
2.100018262863159180e-01
1.226867064833641052e-01
1.515290439128875732e-01
9.083235263824462891e-02
7.252003997564315796e-02
6.580555438995361328e-02
9.740690141916275024e-02
2.594696283340454102e-01
2.594696283340454102e-01
2.594696283340454102e-01
1.391824483871459961e-01
1.758464276790618896e-01
9.279540926218032837e-02
5.507696047425270081e-02
4.464387893676757812e-02
9.273822605609893799e-02
1.504836827516555786e-01
2.594696283340454102e-01
2.594696283340454102e-01
2.147293686866760254e-01
9.162928164005279541e-02
8.470748364925384521e-02
7.835590839385986328e-02
5.964218452572822571e-02
1.029279306530952454e-01
2.322061657905578613e-01
2.594696283340454102e-01
2.594696283340454102e-01
2.007032930850982666e-01
1.222808957099914551e-01
8.882974833250045776e-02
7.529514282941818237e-02
1.868929266929626465e-01
1.310552358627319336e-01
3.012664243578910828e-02
4.570185393095016479e-02
5.445804446935653687e-02
6.817280501127243042e-02
1.145363599061965942e-01
1.457300037145614624e-01
2.351986318826675415e-01
2.336430996656417847e-01
1.296159327030181885e-01
1.175190135836601257e-01
4.651271924376487732e-02
1.943371444940567017e-01
1.424834430217742920e-01
2.143531292676925659e-01
1.481836885213851929e-01
2.411885112524032593e-01
2.411885112524032593e-01
2.193208038806915283e-01
9.524061530828475952e-02
8.756674826145172119e-02
1.156159862875938416e-01
7.799441367387771606e-02
7.426206022500991821e-02
1.975206136703491211e-01
2.411885112524032593e-01
2.411885112524032593e-01
1.803119629621505737e-01
8.892382681369781494e-02
1.062648370862007141e-01
2.034937590360641479e-01
1.639977693557739258e-01
2.199809104204177856e-01
2.092268913984298706e-01
2.411885112524032593e-01
1.625525951385498047e-01
7.923478633165359497e-02
8.282826095819473267e-02
3.520575165748596191e-02
1.733029931783676147e-01
1.152328848838806152e-01
1.191700920462608337e-01
8.212752640247344971e-02
1.618909984827041626e-01
2.018494606018066406e-01
1.388100087642669678e-01
8.746314793825149536e-02
1.045806929469108582e-01
1.855874508619308472e-01
1.093371137976646423e-01
1.398537009954452515e-01
9.016521275043487549e-02
1.570846438407897949e-01
1.834265291690826416e-01
1.199938282370567322e-01
1.055969968438148499e-01
1.310982406139373779e-01
2.185489535331726074e-01
1.584911495447158813e-01
1.708509474992752075e-01
1.220875382423400879e-01
1.699582636356353760e-01
2.343323528766632080e-01
2.343323528766632080e-01
2.343323528766632080e-01
2.343323528766632080e-01
2.343323528766632080e-01
2.197263985872268677e-01
2.343323528766632080e-01
1.847214847803115845e-01
2.343323528766632080e-01
8.540058881044387817e-02
5.093994364142417908e-02
4.284024238586425781e-02
6.518105417490005493e-02
7.401487976312637329e-02
5.448684841394424438e-02
5.162299424409866333e-02
2.823041379451751709e-02
9.142440557479858398e-02
9.818544238805770874e-02
7.614567875862121582e-02
5.944295227527618408e-02
1.029568240046501160e-01
2.362523227930068970e-01
1.523711532354354858e-01
8.899982273578643799e-02
8.550845086574554443e-02
2.289009392261505127e-01
2.218430191278457642e-01
8.163034915924072266e-02
1.059621647000312805e-01
2.112759351730346680e-01
1.979897022247314453e-01
2.093727588653564453e-01
2.174094170331954956e-01
1.680509150028228760e-01
2.249394655227661133e-01
2.003707736730575562e-01
9.828822314739227295e-02
7.540610432624816895e-02
2.045078128576278687e-01
2.707831561565399170e-01
2.707831561565399170e-01
2.707831561565399170e-01
2.707831561565399170e-01
2.707831561565399170e-01
9.454283118247985840e-02
6.991221010684967041e-02
5.629723519086837769e-02
7.236133515834808350e-02
2.155244797468185425e-01
1.979701668024063110e-01
1.162611320614814758e-01
9.195238351821899414e-02
2.214404493570327759e-01
1.175753921270370483e-01
1.037233844399452209e-01
7.600993663072586060e-02
9.066638350486755371e-02
1.489172726869583130e-01
1.676598638296127319e-01
1.019411385059356689e-01
9.202138334512710571e-02
1.610703319311141968e-01
1.581570059061050415e-01
8.180288225412368774e-02
6.325436383485794067e-02
6.939890980720520020e-02
2.609085142612457275e-01
2.609085142612457275e-01
2.609085142612457275e-01
2.609085142612457275e-01
2.609085142612457275e-01
2.609085142612457275e-01
7.765784114599227905e-02
7.245967537164688110e-02
6.086487323045730591e-02
1.453150361776351929e-01
2.609085142612457275e-01
2.272859513759613037e-01
1.687097400426864624e-01
2.271135300397872925e-01
1.426022648811340332e-01
1.256505697965621948e-01
1.161051094532012939e-01
1.100291609764099121e-01
1.365875601768493652e-01
1.509606093168258667e-01
1.331876218318939209e-01
1.846519857645034790e-01
1.841322481632232666e-01
1.495348066091537476e-01
1.338998228311538696e-01
1.730563640594482422e-01
2.048061788082122803e-01
1.158310174942016602e-01
1.643761396408081055e-01
1.776042431592941284e-01
2.227689027786254883e-01
1.993155479431152344e-01
2.227689027786254883e-01
1.334780156612396240e-01
1.052941307425498962e-01
8.569512516260147095e-02
1.203341558575630188e-01
1.095241829752922058e-01
1.983901709318161011e-01
2.227689027786254883e-01
1.997165530920028687e-01
2.227689027786254883e-01
2.227689027786254883e-01
1.164154782891273499e-01
9.930820018053054810e-02
1.340893507003784180e-01
1.573593616485595703e-01
2.227689027786254883e-01
2.227689027786254883e-01
1.717009842395782471e-01
1.719482690095901489e-01
1.072866469621658325e-01
1.784950494766235352e-01
1.542415916919708252e-01
1.460449546575546265e-01
1.057868823409080505e-01
1.142433211207389832e-01
1.883299052715301514e-01
1.236357018351554871e-01
1.922177225351333618e-01
6.972911208868026733e-02
9.224151819944381714e-02
1.152485311031341553e-01
1.941325515508651733e-01
2.345724999904632568e-01
2.491607218980789185e-01
2.491607218980789185e-01
1.601348370313644409e-01
1.965640336275100708e-01
1.617223918437957764e-01
8.805453777313232422e-02
9.226649254560470581e-02
1.659276485443115234e-01
1.027616783976554871e-01
1.215309500694274902e-01
1.660379320383071899e-01
1.098673120141029358e-01
2.347250282764434814e-01
7.329952716827392578e-02
5.249191075563430786e-02
1.286640316247940063e-01
2.491607218980789185e-01
1.736122518777847290e-01
2.491607218980789185e-01
2.491607218980789185e-01
1.691659092903137207e-01
6.256405264139175415e-02
2.466406114399433136e-02
8.743759244680404663e-03
3.268343582749366760e-02
9.734350442886352539e-02
1.839008629322052002e-01
2.712765038013458252e-01
2.712765038013458252e-01
1.292478293180465698e-01
3.430372849106788635e-02
4.093174636363983154e-02
2.237315848469734192e-02
2.084714733064174652e-02
7.185757160186767578e-02
1.033513322472572327e-01
2.712765038013458252e-01
2.712765038013458252e-01
1.655740588903427124e-01
1.751595586538314819e-01
5.457288026809692383e-02
2.305944636464118958e-02
6.966900080442428589e-02
1.940103769302368164e-01
1.378669887781143188e-01
2.712765038013458252e-01
2.712765038013458252e-01
2.062513977289199829e-01
1.638840883970260620e-01
6.171897798776626587e-02
5.136611685156822205e-02
8.397658169269561768e-02
1.891443431377410889e-01
8.883197605609893799e-02
2.712765038013458252e-01
2.712765038013458252e-01
2.712765038013458252e-01
5.515792220830917358e-02
5.848263576626777649e-02
5.180198326706886292e-02
5.673314630985260010e-02
8.347710222005844116e-02
9.384623914957046509e-02
1.376368403434753418e-01
1.919242441654205322e-01
1.040150970220565796e-01
2.341750860214233398e-01
2.341750860214233398e-01
1.744745522737503052e-01
1.925901919603347778e-01
2.341750860214233398e-01
2.341750860214233398e-01
2.237100154161453247e-01
2.006998956203460693e-01
2.341750860214233398e-01
1.134049445390701294e-01
7.564992457628250122e-02
7.578374445438385010e-02
7.089964300394058228e-02
8.426961302757263184e-02
4.433890804648399353e-02
1.117416620254516602e-01
2.341750860214233398e-01
2.061306089162826538e-01
2.341750860214233398e-01
1.561275124549865723e-01
1.055146753787994385e-01
1.534002125263214111e-01
2.341750860214233398e-01
1.764428019523620605e-01
1.752537935972213745e-01
1.929689645767211914e-01
2.341750860214233398e-01
2.351895421743392944e-01
1.627756208181381226e-01
1.084197238087654114e-01
8.275350928306579590e-02
1.754600852727890015e-01
1.423642933368682861e-01
2.000286281108856201e-01
1.921206265687942505e-01
2.100431025028228760e-01
2.351895421743392944e-01
2.304815500974655151e-01
1.052056923508644104e-01
1.473570019006729126e-01
9.068498015403747559e-02
2.020315974950790405e-01
2.351895421743392944e-01
2.351895421743392944e-01
2.351895421743392944e-01
1.745951324701309204e-01
7.168489694595336914e-02
5.489506199955940247e-02
6.137246266007423401e-02
1.645144075155258179e-01
9.624696522951126099e-02
1.648348867893218994e-01
9.229072928428649902e-02
1.904923468828201294e-01
2.351895421743392944e-01
1.456146985292434692e-01
8.569844067096710205e-02
7.771454751491546631e-02
9.373672306537628174e-02
1.495722979307174683e-01
1.540413647890090942e-01
1.346574574708938599e-01
2.351895421743392944e-01
2.402978688478469849e-01
1.671438217163085938e-01
7.783419638872146606e-02
2.191220521926879883e-01
1.963881999254226685e-01
2.286220639944076538e-01
2.155816406011581421e-01
2.402978688478469849e-01
2.402978688478469849e-01
2.116181552410125732e-01
6.221571564674377441e-02
1.006341055035591125e-01
1.556335538625717163e-01
2.323028445243835449e-01
7.854696363210678101e-02
1.119945570826530457e-01
2.071488797664642334e-01
2.249409407377243042e-01
2.402978688478469849e-01
1.269476562738418579e-01
8.461336046457290649e-02
1.544912606477737427e-01
1.463303118944168091e-01
1.226608231663703918e-01
8.069004863500595093e-02
1.533238589763641357e-01
2.402978688478469849e-01
2.196368575096130371e-01
8.117417991161346436e-02
9.248342365026473999e-02
1.477618515491485596e-01
1.548051536083221436e-01
2.900460548698902130e-02
3.924051299691200256e-02
7.544210553169250488e-02
9.746744483709335327e-02
2.553993761539459229e-01
8.379614353179931641e-02
6.162132695317268372e-02
1.463454216718673706e-01
2.562914490699768066e-01
3.283919394016265869e-02
6.297253072261810303e-02
2.231815606355667114e-01
2.562914490699768066e-01
2.562914490699768066e-01
8.674225956201553345e-02
3.343040123581886292e-02
1.584823280572891235e-01
2.562914490699768066e-01
1.080843731760978699e-01
1.327030360698699951e-01
2.562914490699768066e-01
2.562914490699768066e-01
2.320786118507385254e-01
9.632152318954467773e-02
5.242804437875747681e-02
1.313042044639587402e-01
2.237765491008758545e-01
2.762326598167419434e-02
2.193015441298484802e-02
3.506546467542648315e-02
1.290387660264968872e-01
2.562914490699768066e-01
1.185130476951599121e-01
5.130610615015029907e-02
1.270437985658645630e-01
2.525795102119445801e-01
9.241392463445663452e-02
2.977529913187026978e-02
6.654524803161621094e-02
2.438735216856002808e-01
2.694523930549621582e-01
8.778165280818939209e-02
4.956652596592903137e-02
2.063910663127899170e-01
2.694523930549621582e-01
1.684043705463409424e-01
2.632744014263153076e-01
2.694523930549621582e-01
2.694523930549621582e-01
1.304644346237182617e-01
1.178628578782081604e-01
6.519087404012680054e-02
9.568652510643005371e-02
2.662445306777954102e-01
8.251279592514038086e-02
1.351975351572036743e-01
1.519047319889068604e-01
1.447771489620208740e-01
2.356582432985305786e-01
1.189827471971511841e-01
7.626689225435256958e-02
1.730893254280090332e-01
2.501830160617828369e-01
1.441154927015304565e-01
4.625385999679565430e-02
1.091320067644119263e-01
2.694523930549621582e-01
1.288743317127227783e-01
7.979615777730941772e-02
6.478768587112426758e-02
1.145875155925750732e-01
1.932812780141830444e-01
8.563860505819320679e-02
4.757608845829963684e-02
6.515545397996902466e-02
7.170934975147247314e-02
1.736402660608291626e-01
2.648344933986663818e-01
2.648344933986663818e-01
1.357795447111129761e-01
1.710513532161712646e-01
4.649858176708221436e-02
9.031177312135696411e-02
1.048284098505973816e-01
1.658339798450469971e-01
2.477618753910064697e-01
2.648344933986663818e-01
2.648344933986663818e-01
2.587605714797973633e-01
1.275077611207962036e-01
7.478325814008712769e-02
7.611769437789916992e-02
9.266611188650131226e-02
2.117466628551483154e-01
1.997683644294738770e-01
1.420141160488128662e-01
1.553167402744293213e-01
8.814132958650588989e-02
1.649369597434997559e-01
5.768167600035667419e-02
7.490114867687225342e-02
6.043251231312751770e-02
1.394875496625900269e-01
2.251367568969726562e-01
1.708652824163436890e-01
2.648344933986663818e-01
8.198493719100952148e-02
1.265930831432342529e-01
8.080927282571792603e-02
8.016630262136459351e-02
9.027824550867080688e-02
1.888067275285720825e-01
2.407337427139282227e-01
1.662529110908508301e-01
2.407337427139282227e-01
2.407337427139282227e-01
1.789856851100921631e-01
9.436430037021636963e-02
5.774637684226036072e-02
9.709466993808746338e-02
1.455394774675369263e-01
2.071461230516433716e-01
9.870263189077377319e-02
8.925727009773254395e-02
1.523567587137222290e-01
2.407337427139282227e-01
1.668141633272171021e-01
6.220443546772003174e-02
1.368739753961563110e-01
1.634578108787536621e-01
2.407337427139282227e-01
1.383792757987976074e-01
2.202326804399490356e-01
9.084836393594741821e-02
1.768619567155838013e-01
1.257011145353317261e-01
9.558670967817306519e-02
6.423549354076385498e-02
1.624501794576644897e-01
2.407337427139282227e-01
2.407337427139282227e-01
2.407337427139282227e-01
1.187278106808662415e-01
2.159868478775024414e-01
1.456764936447143555e-01
8.143262565135955811e-02
5.232749134302139282e-02
1.284171938896179199e-01
5.927611887454986572e-02
5.915327370166778564e-02
7.197832316160202026e-02
1.674958914518356323e-01
2.511555850505828857e-01
2.511555850505828857e-01
4.321298375725746155e-02
4.883494228124618530e-02
7.735182344913482666e-02
1.068631261587142944e-01
1.648425459861755371e-01
1.706459969282150269e-01
1.866301000118255615e-01
2.511555850505828857e-01
2.511555850505828857e-01
7.442188262939453125e-02
7.726551592350006104e-02
7.480468600988388062e-02
1.205054372549057007e-01
2.511555850505828857e-01
2.511555850505828857e-01
1.376662254333496094e-01
2.511555850505828857e-01
1.894380748271942139e-01
2.069636620581150055e-02
1.830584555864334106e-02
3.830990195274353027e-02
2.511555850505828857e-01
2.511555850505828857e-01
2.511555850505828857e-01
2.216879427433013916e-01
1.911111474037170410e-01
1.678627282381057739e-01
2.881467156112194061e-02
6.166104227304458618e-02
8.059851080179214478e-02
2.512144446372985840e-01
1.012841239571571350e-01
4.865895211696624756e-02
3.735205531120300293e-02
1.077847555279731750e-01
1.001074239611625671e-01
7.359022647142410278e-02
1.981954276561737061e-01
2.512144446372985840e-01
1.394008994102478027e-01
1.063123643398284912e-01
6.179753318428993225e-02
8.026849478483200073e-02
1.447076946496963501e-01
1.741573959589004517e-01
1.590481698513031006e-01
2.171127647161483765e-01
2.266055494546890259e-01
2.512144446372985840e-01
5.743578076362609863e-02
5.825670063495635986e-02
6.893072277307510376e-02
2.114915102720260620e-01
1.633240580558776855e-01
9.257233887910842896e-02
1.942123919725418091e-01
2.512144446372985840e-01
2.512144446372985840e-01
1.658500880002975464e-01
1.176833584904670715e-01
1.060495004057884216e-01
1.869202405214309692e-01
1.642917990684509277e-01
1.251011192798614502e-01
2.512144446372985840e-01
2.512144446372985840e-01
1.066596657037734985e-01
1.013295128941535950e-01
8.492280542850494385e-02
9.319256246089935303e-02
8.152917772531509399e-02
9.025810658931732178e-02
7.371024042367935181e-02
5.334971100091934204e-02
8.021688461303710938e-02
2.599864602088928223e-01
1.997292488813400269e-01
2.099257558584213257e-01
2.076267749071121216e-01
1.760478317737579346e-01
1.206529363989830017e-01
1.604675501585006714e-01
7.767322659492492676e-02
1.878462880849838257e-01
2.599864602088928223e-01
2.389830648899078369e-01
1.123452559113502502e-01
1.393737196922302246e-01
1.357039362192153931e-01
5.532460287213325500e-02
4.463730752468109131e-02
1.487463563680648804e-01
1.738950461149215698e-01
2.599864602088928223e-01
2.599864602088928223e-01
2.599864602088928223e-01
2.052023261785507202e-01
2.380934059619903564e-01
6.906239688396453857e-02
9.918038547039031982e-02
8.192152529954910278e-02
2.599864602088928223e-01
1.688253134489059448e-01
6.400268524885177612e-02
8.481805771589279175e-02
1.252146810293197632e-01
1.162521466612815857e-01
1.340619772672653198e-01
1.537743508815765381e-01
1.125038638710975647e-01
1.452196985483169556e-01
1.499781459569931030e-01
1.560133546590805054e-01
9.010080993175506592e-02
9.839615970849990845e-02
1.291320025920867920e-01
2.264503389596939087e-01
2.233242541551589966e-01
2.357334196567535400e-01
1.493244171142578125e-01
2.599789202213287354e-01
2.761381566524505615e-01
2.170668691396713257e-01
9.953699260950088501e-02
1.192613542079925537e-01
5.664609745144844055e-02
8.508849143981933594e-02
8.210100233554840088e-02
2.076241225004196167e-01
2.761381566524505615e-01
2.761381566524505615e-01
2.761381566524505615e-01
1.482301801443099976e-01
1.282861083745956421e-01
6.579555571079254150e-02
1.140474528074264526e-01
6.680898368358612061e-02
1.678884923458099365e-01
1.081889122724533081e-01
1.390628069639205933e-01
1.060719192028045654e-01
3.334461525082588196e-02
4.800616577267646790e-02
1.193722188472747803e-01
1.018533110618591309e-01
1.004667580127716064e-01
8.714128285646438599e-02
2.788547575473785400e-01
2.321462780237197876e-01
2.352635562419891357e-01
2.711954526603221893e-02
4.298477247357368469e-02
8.960477262735366821e-02
5.249318480491638184e-02
4.726747423410415649e-02
1.150581687688827515e-01
2.726571559906005859e-01
3.229463398456573486e-01
3.229463398456573486e-01
1.387939453125000000e-01
7.966896891593933105e-02
1.775120757520198822e-02
6.150385737419128418e-02
2.299818769097328186e-02
6.737845391035079956e-02
3.229463398456573486e-01
3.229463398456573486e-01
3.229463398456573486e-01
1.300119012594223022e-01
1.173185333609580994e-01
8.071802556514739990e-02
6.970340013504028320e-02
2.683790586888790131e-02
1.398492157459259033e-01
2.729353606700897217e-01
1.797008663415908813e-01
1.491025388240814209e-01
1.939273998141288757e-02
6.085993349552154541e-02
7.649417966604232788e-02
6.869763135910034180e-02
9.820743650197982788e-02
1.333046704530715942e-01
1.551103293895721436e-01
9.583939611911773682e-02
5.780101940035820007e-02
3.030318580567836761e-02
4.617033898830413818e-02
5.676925554871559143e-02
8.237058669328689575e-02
1.483920961618423462e-01
1.331808269023895264e-01
2.729353606700897217e-01
2.729353606700897217e-01
2.729353606700897217e-01
5.515317991375923157e-02
1.225931420922279358e-01
1.404445171356201172e-01
1.035230234265327454e-01
8.334720879793167114e-02
2.520058155059814453e-01
2.729353606700897217e-01
1.873121410608291626e-01
1.947666853666305542e-01
1.630063951015472412e-01
1.650943309068679810e-01
1.809425055980682373e-01
2.229341566562652588e-01
1.899132430553436279e-01
2.729353606700897217e-01
1.520540267229080200e-01
1.056719422340393066e-01
7.940403372049331665e-02
4.009574279189109802e-02
5.605721101164817810e-02
5.614173784852027893e-02
7.527612894773483276e-02
8.655984699726104736e-02
9.323947131633758545e-02
1.759136617183685303e-01
7.769992947578430176e-02
6.415336579084396362e-02
5.451175943017005920e-02
1.023565530776977539e-01
4.200056567788124084e-02
9.113126993179321289e-02
6.433851271867752075e-02
1.141153052449226379e-01
2.403257638216018677e-01
2.403257638216018677e-01
2.403257638216018677e-01
2.403257638216018677e-01
2.403257638216018677e-01
1.426669508218765259e-01
2.403257638216018677e-01
2.110282629728317261e-01
2.403257638216018677e-01
2.403257638216018677e-01
2.403257638216018677e-01
2.403257638216018677e-01
2.012454569339752197e-01
2.403257638216018677e-01
1.255437135696411133e-01
2.040292322635650635e-01
1.073031350970268250e-01
1.893756240606307983e-01
2.184344530105590820e-01
6.412322074174880981e-02
5.875351279973983765e-02
8.705030381679534912e-02
2.174349576234817505e-01
9.708793461322784424e-02
1.003958210349082947e-01
7.035312801599502563e-02
1.961596906185150146e-01
2.247299253940582275e-01
8.713277429342269897e-02
1.323905438184738159e-01
1.545695513486862183e-01
2.247299253940582275e-01
1.122009754180908203e-01
8.407264202833175659e-02
1.594808250665664673e-01
2.247299253940582275e-01
2.247299253940582275e-01
1.508983671665191650e-01
1.732509434223175049e-01
2.189907282590866089e-01
2.247299253940582275e-01
1.809979677200317383e-01
1.395375430583953857e-01
8.629918098449707031e-02
1.758090406656265259e-01
2.247299253940582275e-01
2.247299253940582275e-01
2.247299253940582275e-01
1.864439398050308228e-01
1.920746564865112305e-01
1.334890872240066528e-01
1.244753897190093994e-01
1.049569696187973022e-01
1.387174725532531738e-01
2.388301938772201538e-01
1.905981004238128662e-01
1.725659221410751343e-01
1.643512547016143799e-01
1.816382110118865967e-01
5.034156143665313721e-02
7.020009309053421021e-02
2.049430310726165771e-01
2.388301938772201538e-01
2.388301938772201538e-01
2.388301938772201538e-01
1.089610233902931213e-01
1.353428065776824951e-01
2.082974761724472046e-01
1.088006272912025452e-01
9.934199601411819458e-02
1.472907662391662598e-01
2.388301938772201538e-01
2.388301938772201538e-01
2.388301938772201538e-01
2.388301938772201538e-01
1.527855545282363892e-01
1.292337626218795776e-01
5.307531356811523438e-02
8.718319982290267944e-02
1.029592081904411316e-01
9.453617036342620850e-02
2.388301938772201538e-01
2.378058135509490967e-01
1.276436597108840942e-01
7.153090089559555054e-02
9.035798162221908569e-02
7.221758365631103516e-02
1.175829544663429260e-01
1.100607439875602722e-01
6.648577004671096802e-02
2.410125285387039185e-01
2.159945517778396606e-01
1.103710904717445374e-01
1.284035742282867432e-01
2.410125285387039185e-01
1.509309262037277222e-01
1.148024722933769226e-01
1.118867099285125732e-01
2.410125285387039185e-01
2.410125285387039185e-01
2.410125285387039185e-01
2.047623544931411743e-01
1.976995170116424561e-01
1.734695136547088623e-01
2.050316333770751953e-01
1.106699183583259583e-01
1.081914678215980530e-01
2.410125285387039185e-01
1.341833472251892090e-01
1.800208389759063721e-01
1.088298633694648743e-01
5.826064944267272949e-02
1.090594232082366943e-01
1.517305970191955566e-01
1.283924430608749390e-01
1.299508810043334961e-01
1.101644039154052734e-01
1.568614244461059570e-01
1.508039981126785278e-01
1.796652525663375854e-01
1.549245864152908325e-01
1.399359852075576782e-01
1.360836029052734375e-01
6.774263828992843628e-02
1.303278207778930664e-01
1.969598829746246338e-01
2.264928370714187622e-01
2.264928370714187622e-01
2.151422351598739624e-01
2.264928370714187622e-01
1.471979469060897827e-01
1.274837404489517212e-01
8.219583332538604736e-02
7.399759441614151001e-02
2.264928370714187622e-01
2.264928370714187622e-01
2.264928370714187622e-01
1.990400105714797974e-01
2.264928370714187622e-01
1.768427193164825439e-01
8.548904955387115479e-02
4.708800092339515686e-02
4.586782306432723999e-02
1.783597618341445923e-01
1.317129731178283691e-01
8.345638960599899292e-02
1.644029617309570312e-01
1.769598424434661865e-01
1.614344567060470581e-01
1.230753883719444275e-01
6.526526063680648804e-02
1.158975064754486084e-01
1.871670186519622803e-01
2.264928370714187622e-01
1.636311411857604980e-01
1.795747131109237671e-01
1.872811317443847656e-01
2.035581469535827637e-01
1.300802081823348999e-01
4.037154093384742737e-02
8.559816330671310425e-02
1.964090615510940552e-01
2.293752431869506836e-01
2.286343127489089966e-01
1.706431806087493896e-01
2.293752431869506836e-01
1.635709106922149658e-01
8.635278046131134033e-02
7.460634410381317139e-02
4.519262164831161499e-02
1.968065500259399414e-01
2.293752431869506836e-01
2.293752431869506836e-01
2.293752431869506836e-01
2.085283994674682617e-01
8.675468713045120239e-02
1.482968330383300781e-01
1.039847731590270996e-01
8.313088119029998779e-02
1.686020940542221069e-01
2.293752431869506836e-01
2.279794365167617798e-01
2.032767981290817261e-01
1.607678830623626709e-01
1.811083406209945679e-01
9.072759747505187988e-02
4.928931221365928650e-02
6.827978044748306274e-02
1.911466717720031738e-01
1.711299866437911987e-01
2.293752431869506836e-01
2.293752431869506836e-01
1.627347320318222046e-01
1.015388891100883484e-01
7.316750288009643555e-02
8.154877275228500366e-02
6.921529769897460938e-02
9.502237290143966675e-02
1.685229837894439697e-01
2.147877663373947144e-01
1.983122974634170532e-01
2.104007154703140259e-01
1.508252173662185669e-01
2.147877663373947144e-01
9.204903244972229004e-02
1.365939080715179443e-01
1.685154139995574951e-01
1.780261099338531494e-01
1.191274970769882202e-01
7.857940346002578735e-02
2.073403596878051758e-01
2.147877663373947144e-01
2.147877663373947144e-01
1.526964604854583740e-01
1.569839715957641602e-01
1.042089983820915222e-01
1.025934740900993347e-01
1.700322031974792480e-01
2.147877663373947144e-01
1.822864860296249390e-01
1.357319205999374390e-01
1.379022002220153809e-01
1.071181222796440125e-01
9.762883931398391724e-02
1.037559658288955688e-01
2.066060006618499756e-01
1.708202362060546875e-01
1.522291004657745361e-01
1.664425879716873169e-01
2.147877663373947144e-01
1.864087432622909546e-01
1.874882131814956665e-01
1.528213769197463989e-01
1.379700750112533569e-01
1.299320906400680542e-01
8.227246254682540894e-02
7.572364807128906250e-02
8.254760503768920898e-02
9.497550129890441895e-02
7.108366489410400391e-02
9.162814170122146606e-02
4.260999709367752075e-02
5.301564559340476990e-02
2.831902205944061279e-01
2.808634638786315918e-01
1.572217792272567749e-01
6.458615511655807495e-02
8.140403777360916138e-02
8.535956591367721558e-02
7.658930122852325439e-02
5.608939751982688904e-02
1.701565831899642944e-01
1.613776683807373047e-01
1.575752496719360352e-01
2.831902205944061279e-01
2.831902205944061279e-01
2.058488726615905762e-01
9.924062341451644897e-02
1.032717302441596985e-01
3.532893210649490356e-02
6.066435202956199646e-02
2.831902205944061279e-01
2.831902205944061279e-01
2.831902205944061279e-01
2.831902205944061279e-01
1.653455644845962524e-01
1.016310155391693115e-01
5.246323347091674805e-02
2.424366772174835205e-02
2.305419147014617920e-01
2.625015377998352051e-01
2.625015377998352051e-01
1.669480055570602417e-01
4.759905487298965454e-02
7.076103240251541138e-02
9.900751709938049316e-02
6.719370931386947632e-02
3.885295987129211426e-02
1.662649661302566528e-01
2.625015377998352051e-01
2.625015377998352051e-01
2.625015377998352051e-01
1.046544313430786133e-01
7.085652649402618408e-02
7.550536841154098511e-02
5.152920633554458618e-02
1.901379600167274475e-02
9.164945781230926514e-02
2.625015377998352051e-01
2.625015377998352051e-01
2.396312355995178223e-01
1.240404248237609863e-01
7.227054238319396973e-02
9.072864800691604614e-02
3.286140412092208862e-02
5.607595667243003845e-02
2.413781285285949707e-01
2.625015377998352051e-01
2.625015377998352051e-01
2.625015377998352051e-01
1.174002885818481445e-01
9.616079181432723999e-02
7.067612558603286743e-02
4.753020778298377991e-02
4.254521802067756653e-02
1.255169063806533813e-01
2.617955505847930908e-01
2.821337878704071045e-01
2.821337878704071045e-01
1.710063815116882324e-01
7.166529446840286255e-02
4.153656959533691406e-02
1.129147410392761230e-02
2.488182857632637024e-02
5.875626206398010254e-02
2.821337878704071045e-01
2.821337878704071045e-01
2.821337878704071045e-01
1.606823205947875977e-01
7.846607267856597900e-02
2.691983431577682495e-02
2.072696387767791748e-02
8.946586400270462036e-02
1.215762645006179810e-01
2.213461101055145264e-01
2.821337878704071045e-01
2.216232568025588989e-01
1.092763841152191162e-01
7.956127822399139404e-02
6.460548192262649536e-02
5.134170874953269958e-02
6.226995587348937988e-02
1.018382459878921509e-01
2.298084199428558350e-01
2.537234127521514893e-01
2.087212502956390381e-01
7.954802364110946655e-02
5.781414732336997986e-02
3.990273922681808472e-02
5.073234438896179199e-02
1.341593414545059204e-01
1.574828177690505981e-01
