1.555078029632568359e-01
9.152823686599731445e-02
1.159182563424110413e-01
9.717417508363723755e-02
2.613268196582794189e-01
1.215885654091835022e-01
1.244266927242279053e-01
1.334367245435714722e-01
1.537276357412338257e-01
2.393051534891128540e-01
1.462450772523880005e-01
1.363049745559692383e-01
1.083644554018974304e-01
2.613268196582794189e-01
1.642747521400451660e-01
2.135372757911682129e-01
2.060916274785995483e-01
1.694558858871459961e-01
1.116714105010032654e-01
7.851965725421905518e-02
1.190333515405654907e-01
1.084357798099517822e-01
2.350622564554214478e-01
1.174661442637443542e-01
2.120454162359237671e-01
1.728576272726058960e-01
1.263554543256759644e-01
1.931016445159912109e-01
1.136899366974830627e-01
1.229606419801712036e-01
6.334595382213592529e-02
2.613268196582794189e-01
1.560117006301879883e-01
2.613268196582794189e-01
1.793777793645858765e-01
1.184996366500854492e-01
1.393118500709533691e-01
8.615606278181076050e-02
7.373533397912979126e-02
3.499603271484375000e-02
2.414358854293823242e-01
1.224774271249771118e-01
1.404536515474319458e-01
1.262952536344528198e-01
1.003952696919441223e-01
1.983755975961685181e-01
1.098478585481643677e-01
1.051276922225952148e-01
2.816554345190525055e-02
2.414358854293823242e-01
2.016659080982208252e-01
1.893171817064285278e-01
1.330701857805252075e-01
2.204531133174896240e-01
1.598440557718276978e-01
9.867406636476516724e-02
9.075616300106048584e-02
2.624418586492538452e-02
2.414358854293823242e-01
1.400073468685150146e-01
1.966909766197204590e-01
1.336111873388290405e-01
9.856789559125900269e-02
2.310446649789810181e-01
1.708440780639648438e-01
1.605172455310821533e-01
7.030016183853149414e-02
2.414358854293823242e-01
2.414358854293823242e-01
2.414358854293823242e-01
2.141725122928619385e-01
2.414358854293823242e-01
1.355077177286148071e-01
1.067735701799392700e-01
5.280663445591926575e-02
2.115450240671634674e-02
6.749447435140609741e-02
6.507136672735214233e-02
1.248207315802574158e-01
6.253018975257873535e-02
1.449680328369140625e-01
2.904216349124908447e-01
2.129645943641662598e-01
8.291622251272201538e-02
1.028996706008911133e-01
5.987653136253356934e-02
1.140917614102363586e-01
2.904216349124908447e-01
2.904216349124908447e-01
2.904216349124908447e-01
1.308501809835433960e-01
7.307472825050354004e-02
4.986835643649101257e-02
1.617199555039405823e-02
4.838137328624725342e-02
6.690505892038345337e-02
2.589350938796997070e-01
8.750109374523162842e-02
1.720758527517318726e-01
2.904216349124908447e-01
1.123852506279945374e-01
7.338745146989822388e-02
5.138003453612327576e-02
2.738940156996250153e-02
5.365261062979698181e-02
2.904216349124908447e-01
2.904216349124908447e-01
2.904216349124908447e-01
1.983666568994522095e-01
9.315946698188781738e-02
5.120810121297836304e-02
4.128775373101234436e-02
5.655765533447265625e-02
9.640797972679138184e-02
2.503171265125274658e-01
2.275191247463226318e-01
2.503171265125274658e-01
2.191288173198699951e-01
8.112837374210357666e-02
9.984422475099563599e-02
5.904813483357429504e-02
1.234004497528076172e-01
1.432742178440093994e-01
2.503171265125274658e-01
1.546382457017898560e-01
2.313811033964157104e-01
2.389141917228698730e-01
3.222789987921714783e-02
4.542279243469238281e-02
2.135190926492214203e-02
2.480411902070045471e-02
4.851317778229713440e-02
2.503171265125274658e-01
2.503171265125274658e-01
2.503171265125274658e-01
2.395006418228149414e-01
4.356578364968299866e-02
5.667440965771675110e-02
4.083930328488349915e-02
5.498937889933586121e-02
7.020191848278045654e-02
2.503171265125274658e-01
2.503171265125274658e-01
2.503171265125274658e-01
1.802036166191101074e-01
7.600640505552291870e-02
1.217671781778335571e-01
9.769063442945480347e-02
1.735708415508270264e-01
1.031971126794815063e-01
2.373163700103759766e-01
2.373163700103759766e-01
2.044907063245773315e-01
1.313935965299606323e-01
8.504217118024826050e-02
7.958551496267318726e-02
1.302145719528198242e-01
2.293564379215240479e-01
1.121163442730903625e-01
2.373163700103759766e-01
2.373163700103759766e-01
1.746997088193893433e-01
2.025892734527587891e-01
5.067975819110870361e-02
5.707286670804023743e-02
8.208268135786056519e-02
1.408005952835083008e-01
5.842645093798637390e-02
2.373163700103759766e-01
2.373163700103759766e-01
2.373163700103759766e-01
1.965834051370620728e-01
6.380445510149002075e-02
6.075873225927352905e-02
9.748753905296325684e-02
2.004657387733459473e-01
9.153949469327926636e-02
2.373163700103759766e-01
1.440157145261764526e-01
2.373163700103759766e-01
2.847203910350799561e-01
1.466266065835952759e-01
7.782489806413650513e-02
2.004905790090560913e-01
2.847203910350799561e-01
1.638932675123214722e-01
2.847203910350799561e-01
1.633660644292831421e-01
2.847203910350799561e-01
6.536927074193954468e-02
2.947615832090377808e-02
4.551994055509567261e-02
3.087437897920608521e-02
1.984574198722839355e-01
3.665407374501228333e-02
6.636854261159896851e-02
6.784029304981231689e-02
7.608609646558761597e-02
2.847203910350799561e-01
1.222747564315795898e-01
1.216881647706031799e-01
1.613729298114776611e-01
2.847203910350799561e-01
1.732089370489120483e-01
2.847203910350799561e-01
1.001707240939140320e-01
2.847203910350799561e-01
7.007987797260284424e-02
4.585138335824012756e-02
9.263271838426589966e-02
3.554660081863403320e-02
1.962686181068420410e-01
3.542514145374298096e-02
6.906662881374359131e-02
3.670911118388175964e-02
7.104360312223434448e-02
1.269181519746780396e-01
7.857969403266906738e-02
1.773784756660461426e-01
1.378617286682128906e-01
2.388399690389633179e-01
1.478378027677536011e-01
1.952774077653884888e-01
1.812829375267028809e-01
1.593202799558639526e-01
1.765462309122085571e-01
9.480307996273040771e-02
1.876907497644424438e-01
1.585390716791152954e-01
1.847004443407058716e-01
1.603468656539916992e-01
2.007484734058380127e-01
1.039200648665428162e-01
1.541797965764999390e-01
1.447972506284713745e-01
1.318308711051940918e-01
2.388399690389633179e-01
1.077061817049980164e-01
2.388399690389633179e-01
1.215189397335052490e-01
1.894988715648651123e-01
1.010430455207824707e-01
1.485025733709335327e-01
2.005580514669418335e-01
7.704476267099380493e-02
2.121529132127761841e-01
1.040083616971969604e-01
2.388399690389633179e-01
1.210579648613929749e-01
2.039776742458343506e-01
1.074061393737792969e-01
2.014020234346389771e-01
1.189877167344093323e-01
9.505026787519454956e-02
1.397694647312164307e-01
6.444682180881500244e-02
2.106352299451828003e-01
1.206819638609886169e-01
2.067175507545471191e-01
1.067924126982688904e-01
1.403138637542724609e-01
1.536103487014770508e-01
1.944736838340759277e-01
1.434548199176788330e-01
8.168682456016540527e-02
2.387463152408599854e-01
1.960148066282272339e-01
1.798683106899261475e-01
1.678251028060913086e-01
1.967657208442687988e-01
1.935301572084426880e-01
1.367937475442886353e-01
1.988995224237442017e-01
9.562722593545913696e-02
2.387463152408599854e-01
6.139059737324714661e-02
1.626884043216705322e-01
9.274088591337203979e-02
1.626086831092834473e-01
2.387463152408599854e-01
2.081323713064193726e-01
1.967505514621734619e-01
1.280923783779144287e-01
2.387463152408599854e-01
1.437426209449768066e-01
1.375999152660369873e-01
8.628937602043151855e-02
2.191406637430191040e-01
1.072876900434494019e-01
6.644796580076217651e-02
4.503424838185310364e-02
3.793734684586524963e-02
1.413319110870361328e-01
1.037604734301567078e-01
5.924231931567192078e-02
8.615934848785400391e-02
9.083879739046096802e-02
2.370528578758239746e-01
7.876814156770706177e-02
1.027089580893516541e-01
3.436573967337608337e-02
2.178322225809097290e-01
9.605129063129425049e-02
1.927237063646316528e-01
1.406098604202270508e-01
1.977497637271881104e-01
1.236784756183624268e-01
5.935826152563095093e-02
4.635349288582801819e-02
4.142199456691741943e-02
2.300862222909927368e-01
1.251447349786758423e-01
1.712719798088073730e-01
8.578985929489135742e-02
8.610516041517257690e-02
3.040640354156494141e-01
8.634293824434280396e-02
4.744984209537506104e-02
3.145601227879524231e-02
3.040640354156494141e-01
3.040640354156494141e-01
3.040640354156494141e-01
3.040640354156494141e-01
3.040640354156494141e-01
1.440448313951492310e-01
6.703553348779678345e-02
7.736228406429290771e-02
2.902830392122268677e-02
2.048298120498657227e-01
6.472812592983245850e-02
1.440292745828628540e-01
1.060358211398124695e-01
1.593413800001144409e-01
6.619780510663986206e-02
5.347595736384391785e-02
4.212090373039245605e-02
1.935117878019809723e-02
2.443211525678634644e-01
6.681394577026367188e-02
6.553941220045089722e-02
7.607111334800720215e-02
9.404566138982772827e-02
2.891909182071685791e-01
7.644008845090866089e-02
3.892755880951881409e-02
1.639378070831298828e-02
2.891909182071685791e-01
2.564694285392761230e-01
2.891909182071685791e-01
2.891909182071685791e-01
2.891909182071685791e-01
1.327311247587203979e-01
8.324015885591506958e-02
8.377149701118469238e-02
3.685428947210311890e-02
1.995572596788406372e-01
1.235310062766075134e-01
2.891909182071685791e-01
2.550025880336761475e-01
2.020373642444610596e-01
9.836253523826599121e-02
4.282891377806663513e-02
6.906000524759292603e-02
8.534003049135208130e-02
2.366947233676910400e-01
1.594149619340896606e-01
1.625743359327316284e-01
1.282255798578262329e-01
1.466681212186813354e-01
1.365162134170532227e-01
3.897117450833320618e-02
9.324844181537628174e-02
1.477455943822860718e-01
2.366947233676910400e-01
2.040881812572479248e-01
2.366947233676910400e-01
1.885109096765518188e-01
1.726147979497909546e-01
1.781717985868453979e-01
1.114676818251609802e-01
1.461262851953506470e-01
1.138148307800292969e-01
2.185259908437728882e-01
1.703813672065734863e-01
2.366947233676910400e-01
1.894481629133224487e-01
1.979999691247940063e-01
1.513988673686981201e-01
8.108568936586380005e-02
1.042429059743881226e-01
1.315033286809921265e-01
2.366947233676910400e-01
2.012744843959808350e-01
2.366947233676910400e-01
1.530217081308364868e-01
1.962848007678985596e-01
9.785504639148712158e-02
5.304304882884025574e-02
1.153194010257720947e-01
6.939426809549331665e-02
2.345000952482223511e-01
1.718380600214004517e-01
1.678583323955535889e-01
1.945852488279342651e-01
1.454214453697204590e-01
1.948051750659942627e-01
9.761252999305725098e-02
1.215302050113677979e-01
2.759758569300174713e-02
2.345000952482223511e-01
1.948396861553192139e-01
1.177969276905059814e-01
1.408515572547912598e-01
1.837597936391830444e-01
1.088427454233169556e-01
6.887235492467880249e-02
9.983000159263610840e-02
6.866770982742309570e-02
2.345000952482223511e-01
2.277535647153854370e-01
2.160291373729705811e-01
1.881425380706787109e-01
1.560624092817306519e-01
2.070520371198654175e-01
1.100537702441215515e-01
1.622597575187683105e-01
3.819864988327026367e-02
2.293405979871749878e-01
2.345000952482223511e-01
1.940518170595169067e-01
2.108181565999984741e-01
2.345000952482223511e-01
1.400756686925888062e-01
8.233680576086044312e-02
1.367571800947189331e-01
4.526939615607261658e-02
2.318335771560668945e-01
1.816582679748535156e-01
1.414804309606552124e-01
1.725232899188995361e-01
1.542297154664993286e-01
8.317877352237701416e-02
7.121752947568893433e-02
1.348589807748794556e-01
3.973646461963653564e-02
2.399894297122955322e-01
1.640682816505432129e-01
2.060896158218383789e-01
2.399894297122955322e-01
1.383639872074127197e-01
1.394224911928176880e-01
7.203863561153411865e-02
1.731552034616470337e-01
3.133169189095497131e-02
2.399894297122955322e-01
1.654416471719741821e-01
1.720759868621826172e-01
2.211749702692031860e-01
2.067224383354187012e-01
1.178605034947395325e-01
9.944859892129898071e-02
1.724082976579666138e-01
4.561178758740425110e-02
2.399894297122955322e-01
1.562357842922210693e-01
2.399894297122955322e-01
2.399894297122955322e-01
2.001266777515411377e-01
8.393777161836624146e-02
1.220846995711326599e-01
1.018885672092437744e-01
9.417295455932617188e-02
2.423529624938964844e-01
7.848858833312988281e-02
1.706627458333969116e-01
1.961469650268554688e-01
1.455708742141723633e-01
9.477657079696655273e-02
1.230466440320014954e-01
8.873411267995834351e-02
1.775860637426376343e-01
2.403101176023483276e-01
8.163935691118240356e-02
1.454511433839797974e-01
2.287892550230026245e-01
2.423529624938964844e-01
1.255207508802413940e-01
1.297061145305633545e-01
1.327552497386932373e-01
1.274134665727615356e-01
2.423529624938964844e-01
1.361891627311706543e-01
1.969102770090103149e-01
2.107780873775482178e-01
1.953648924827575684e-01
1.057150959968566895e-01
7.971892505884170532e-02
7.747760415077209473e-02
1.356820166110992432e-01
2.423529624938964844e-01
1.278200596570968628e-01
2.423529624938964844e-01
2.423529624938964844e-01
2.072071880102157593e-01
8.002991229295730591e-02
6.960031390190124512e-02
5.533622950315475464e-02
7.465159893035888672e-02
2.494023293256759644e-01
1.196048781275749207e-01
1.373487263917922974e-01
2.143126875162124634e-01
2.139221429824829102e-01
1.368440091609954834e-01
1.434637755155563354e-01
1.254366487264633179e-01
3.422920405864715576e-02
2.494023293256759644e-01
1.229579076170921326e-01
1.484552621841430664e-01
1.798845678567886353e-01
1.540003567934036255e-01
9.511680901050567627e-02
4.233251139521598816e-02
6.969222426414489746e-02
4.776372015476226807e-02
2.494023293256759644e-01
1.468796133995056152e-01
2.494023293256759644e-01
2.494023293256759644e-01
1.946484297513961792e-01
1.746694892644882202e-01
9.016038477420806885e-02
1.528298854827880859e-01
8.276616781949996948e-02
2.494023293256759644e-01
1.859558671712875366e-01
2.194036245346069336e-01
2.331261485815048218e-01
2.162299454212188721e-01
7.254477590322494507e-02
5.042323470115661621e-02
6.058407574892044067e-02
7.961149513721466064e-02
2.559904158115386963e-01
9.712816774845123291e-02
2.576473653316497803e-01
2.576473653316497803e-01
1.146826818585395813e-01
9.052067995071411133e-02
7.402032613754272461e-02
8.419930189847946167e-02
5.676250159740447998e-02
2.576473653316497803e-01
1.592661738395690918e-01
2.576473653316497803e-01
2.236200869083404541e-01
1.101612225174903870e-01
1.040704995393753052e-01
2.491555362939834595e-02
6.377865374088287354e-02
4.773728922009468079e-02
2.332496196031570435e-01
1.466227769851684570e-01
2.576473653316497803e-01
2.450326234102249146e-01
1.462658196687698364e-01
7.785934209823608398e-02
7.105781137943267822e-02
1.022039353847503662e-01
1.519329100847244263e-02
2.576473653316497803e-01
1.987886279821395874e-01
2.576473653316497803e-01
2.576473653316497803e-01
1.118234544992446899e-01
1.229998543858528137e-01
1.120972707867622375e-01
8.395135402679443359e-02
3.541079536080360413e-02
2.161673605442047119e-01
1.327552199363708496e-01
2.297156006097793579e-01
1.320050656795501709e-01
1.018638834357261658e-01
2.075556665658950806e-01
1.873832046985626221e-01
1.017860025167465210e-01
9.212739765644073486e-02
2.393058985471725464e-01
1.797151714563369751e-01
2.393058985471725464e-01
2.393058985471725464e-01
2.173048853874206543e-01
7.718383520841598511e-02
8.589678257703781128e-02
9.923927485942840576e-02
4.049017280340194702e-02
1.952760070562362671e-01
1.247519552707672119e-01
2.218120545148849487e-01
1.416543126106262207e-01
7.821435481309890747e-02
1.369164288043975830e-01
1.034758463501930237e-01
1.412709951400756836e-01
1.681269556283950806e-01
2.393058985471725464e-01
1.660886555910110474e-01
2.393058985471725464e-01
2.393058985471725464e-01
1.932873725891113281e-01
1.758798658847808838e-01
6.582587212324142456e-02
4.980996251106262207e-02
5.688024312257766724e-02
1.109344661235809326e-01
8.974943310022354126e-02
3.568350672721862793e-01
1.591757237911224365e-01
2.307199984788894653e-01
3.568350672721862793e-01
3.849665820598602295e-02
5.696758627891540527e-02
4.044150188565254211e-02
8.133269101381301880e-02
5.635017901659011841e-02
3.568350672721862793e-01
3.568350672721862793e-01
3.568350672721862793e-01
9.984616935253143311e-02
3.891974315047264099e-02
5.773531273007392883e-02
7.755903154611587524e-02
1.896929591894149780e-01
1.218797937035560608e-01
1.578959822654724121e-01
1.607728004455566406e-01
1.208893582224845886e-01
8.353628963232040405e-02
2.470958419144153595e-02
5.802617222070693970e-02
9.359343908727169037e-03
1.323488950729370117e-01
8.445453643798828125e-02
1.288092881441116333e-01
7.724419236183166504e-02
9.163627773523330688e-02
3.569829165935516357e-01
1.298510376363992691e-02
2.598245255649089813e-02
1.499101519584655762e-02
2.504947222769260406e-02
3.177694976329803467e-02
2.391154766082763672e-01
3.569829165935516357e-01
3.569829165935516357e-01
3.569829165935516357e-01
6.571497768163681030e-02
9.347405284643173218e-02
8.954773843288421631e-02
7.865740358829498291e-02
4.309893026947975159e-02
3.258670270442962646e-01
3.569829165935516357e-01
3.569829165935516357e-01
3.318262100219726562e-02
1.150616630911827087e-02
2.951434999704360962e-02
9.225433692336082458e-03
3.193176165223121643e-02
1.815771311521530151e-02
3.788989409804344177e-02
2.633997797966003418e-02
3.870069235563278198e-02
6.471444666385650635e-02
2.354340255260467529e-02
4.646822810173034668e-02
2.649774029850959778e-02
5.579879507422447205e-02
2.810363844037055969e-02
5.243850871920585632e-02
8.237948268651962280e-02
9.172070771455764771e-02
2.798019051551818848e-01
1.509424746036529541e-01
1.616747975349426270e-01
1.611964851617813110e-01
2.624955475330352783e-01
9.060876071453094482e-02
2.498062849044799805e-01
2.798019051551818848e-01
2.798019051551818848e-01
2.798019051551818848e-01
1.196436733007431030e-01
1.279768049716949463e-01
9.835079312324523926e-02
2.725977897644042969e-01
1.378905326128005981e-01
1.928518265485763550e-01
1.699775159358978271e-01
2.798019051551818848e-01
8.423104882240295410e-02
5.001810193061828613e-02
5.643106251955032349e-02
3.289069980382919312e-02
1.163873821496963501e-01
8.464486896991729736e-02
1.239440292119979858e-01
1.049109622836112976e-01
1.433765441179275513e-01
8.116365224123001099e-02
5.376697331666946411e-02
5.725644901394844055e-02
4.564879834651947021e-02
1.358051598072052002e-01
1.281701773405075073e-01
1.362023651599884033e-01
1.671340465545654297e-01
1.177561804652214050e-01
2.431417256593704224e-01
9.172459691762924194e-02
1.661176830530166626e-01
1.234613060951232910e-01
2.431417256593704224e-01
1.702462136745452881e-01
2.136326432228088379e-01
1.844707429409027100e-01
2.431417256593704224e-01
1.552303582429885864e-01
1.075135245919227600e-01
1.772435307502746582e-01
8.393368870019912720e-02
2.431417256593704224e-01
7.118987292051315308e-02
1.244577094912528992e-01
9.824489802122116089e-02
1.196990162134170532e-01
1.105143576860427856e-01
4.955833405256271362e-02
1.090707033872604370e-01
1.037297844886779785e-01
1.812031269073486328e-01
2.186556309461593628e-01
1.896648108959197998e-01
2.431417256593704224e-01
1.789355427026748657e-01
1.449733078479766846e-01
9.800036996603012085e-02
1.284342259168624878e-01
9.471592307090759277e-02
1.408458501100540161e-01
1.988840550184249878e-01
1.946759074926376343e-01
2.431417256593704224e-01
1.580060571432113647e-01
1.393889635801315308e-01
1.219165623188018799e-01
2.276318520307540894e-01
7.219291478395462036e-02
2.399845570325851440e-01
1.079294979572296143e-01
1.278277486562728882e-01
9.661626070737838745e-02
1.280303746461868286e-01
1.329584866762161255e-01
7.161667197942733765e-02
2.037301659584045410e-01
7.995444536209106445e-02
2.399845570325851440e-01
1.055295318365097046e-01
1.370219141244888306e-01
1.391607373952865601e-01
1.725755929946899414e-01
1.371008604764938354e-01
1.323200911283493042e-01
1.736961603164672852e-01
7.630373537540435791e-02
1.827722042798995972e-01
2.107582390308380127e-01
1.817060410976409912e-01
2.399845570325851440e-01
1.668877899646759033e-01
7.593788206577301025e-02
1.129015758633613586e-01
2.399845570325851440e-01
1.183310821652412415e-01
1.911522746086120605e-01
2.399845570325851440e-01
1.987475156784057617e-01
2.399845570325851440e-01
1.941604465246200562e-01
1.635564863681793213e-01
1.456836313009262085e-01
2.029664218425750732e-01
1.147414520382881165e-01
2.434781044721603394e-01
3.356657549738883972e-02
1.017227843403816223e-01
1.046271398663520813e-01
1.486630588769912720e-01
1.724110841751098633e-01
1.949297040700912476e-01
1.971690207719802856e-01
1.175249293446540833e-01
2.434781044721603394e-01
6.753907352685928345e-02
1.291183382272720337e-01
1.027038246393203735e-01
1.776268184185028076e-01
8.782464265823364258e-02
1.306952536106109619e-01
2.434781044721603394e-01
1.353123933076858521e-01
1.976522654294967651e-01
1.069124788045883179e-01
2.363197803497314453e-01
2.324927151203155518e-01
1.417407840490341187e-01
1.014817804098129272e-01
1.079823151230812073e-01
1.987433284521102905e-01
6.424164026975631714e-02
2.434781044721603394e-01
6.985753774642944336e-02
2.434781044721603394e-01
2.434781044721603394e-01
1.312289685010910034e-01
7.540407031774520874e-02
7.557984441518783569e-02
9.002612531185150146e-02
4.702404886484146118e-02
1.844476610422134399e-01
8.204505592584609985e-02
1.696183383464813232e-01
9.535001218318939209e-02
7.363894581794738770e-02
2.292393445968627930e-01
7.588223367929458618e-02
6.079834327101707458e-02
5.070701614022254944e-02
2.950999140739440918e-01
2.950999140739440918e-01
2.950999140739440918e-01
2.950999140739440918e-01
2.769736349582672119e-01
5.927874147891998291e-02
7.196352630853652954e-02
9.860812127590179443e-02
4.195699468255043030e-02
1.519104242324829102e-01
5.060815811157226562e-02
1.547581851482391357e-01
1.450754255056381226e-01
6.167788058519363403e-02
9.434127807617187500e-02
9.798903018236160278e-02
1.388843208551406860e-01
6.832208484411239624e-02
2.438455373048782349e-01
1.787578463554382324e-01
2.278725355863571167e-01
2.950999140739440918e-01
1.848616451025009155e-01
9.954619407653808594e-02
3.277165070176124573e-02
2.529374510049819946e-02
1.098008733242750168e-02
1.241687685251235962e-01
1.557703316211700439e-01
2.804735302925109863e-01
2.804735302925109863e-01
1.953413486480712891e-01
1.046838015317916870e-01
3.169729188084602356e-02
3.683199360966682434e-02
2.407944761216640472e-02
5.817455053329467773e-02
8.266915380954742432e-02
2.804735302925109863e-01
2.804735302925109863e-01
1.915348768234252930e-01
6.686590611934661865e-02
4.122985899448394775e-02
7.363713532686233521e-02
3.387338295578956604e-02
8.245746791362762451e-02
1.431088745594024658e-01
2.735977470874786377e-01
2.796933650970458984e-01
1.351494044065475464e-01
1.586298793554306030e-01
9.636423736810684204e-02
1.212780252099037170e-01
7.753745466470718384e-02
9.745065122842788696e-02
1.836922764778137207e-01
2.804735302925109863e-01
2.804735302925109863e-01
2.550247609615325928e-01
8.922920376062393188e-02
2.727904170751571655e-02
3.728330880403518677e-02
3.530498966574668884e-02
4.830064997076988220e-02
4.333519190549850464e-02
2.863751351833343506e-01
1.857763379812240601e-01
1.566163599491119385e-01
6.444422155618667603e-02
2.372419647872447968e-02
2.785151079297065735e-02
2.399933710694313049e-02
8.183988928794860840e-02
5.020509287714958191e-02
1.378190219402313232e-01
1.072933375835418701e-01
1.105068624019622803e-01
1.502042412757873535e-01
1.924947649240493774e-01
1.745313704013824463e-01
1.855016201734542847e-01
7.135346531867980957e-02
1.123721227049827576e-01
2.863751351833343506e-01
2.863751351833343506e-01
2.863751351833343506e-01
1.638662964105606079e-01
2.201473712921142578e-01
1.672694981098175049e-01
1.669954359531402588e-01
8.308123052120208740e-02
1.008572652935981750e-01
2.863751351833343506e-01
2.863751351833343506e-01
2.863751351833343506e-01
8.566194027662277222e-02
3.964799642562866211e-02
4.216409847140312195e-02
4.605469107627868652e-02
1.431251615285873413e-01
1.219621971249580383e-01
1.098058521747589111e-01
1.352502554655075073e-01
1.248564571142196655e-01
1.079930365085601807e-01
6.458434462547302246e-02
8.454495668411254883e-02
6.101149693131446838e-02
1.348966211080551147e-01
1.370757967233657837e-01
1.142105385661125183e-01
1.247380822896957397e-01
1.406316757202148438e-01
3.080582916736602783e-01
1.920174211263656616e-01
1.321818530559539795e-01
9.595371037721633911e-02
1.061768233776092529e-01
1.478706896305084229e-01
2.442211806774139404e-01
3.080582916736602783e-01
3.080582916736602783e-01
3.080582916736602783e-01
1.840294897556304932e-01
1.405894458293914795e-01
1.193473711609840393e-01
1.293647438287734985e-01
1.059459671378135681e-01
1.394120603799819946e-01
2.112783342599868774e-01
3.080582916736602783e-01
9.691900014877319336e-02
4.599196091294288635e-02
1.101858988404273987e-01
3.757127001881599426e-02
1.891177445650100708e-01
1.119755655527114868e-01
1.139862611889839172e-01
8.470668643712997437e-02
1.200366765260696411e-01
1.089709475636482239e-01
6.047273427248001099e-02
1.012027338147163391e-01
5.138005688786506653e-02
2.365096360445022583e-01
1.663910001516342163e-01
1.541567742824554443e-01
1.319127231836318970e-01
1.192410588264465332e-01
2.908190190792083740e-01
1.758107542991638184e-01
1.742582619190216064e-01
1.354263424873352051e-01
2.908190190792083740e-01
1.301648765802383423e-01
1.142385378479957581e-01
1.256915628910064697e-01
2.908190190792083740e-01
2.908190190792083740e-01
1.467268913984298706e-01
1.429677307605743408e-01
1.402507722377777100e-01
2.908190190792083740e-01
2.083821445703506470e-01
1.100319996476173401e-01
8.964079618453979492e-02
2.196393013000488281e-01
1.379130631685256958e-01
9.076112508773803711e-02
1.004808470606803894e-01
7.680856436491012573e-02
2.175980806350708008e-01
2.089878767728805542e-01
1.882927268743515015e-01
1.575570255517959595e-01
1.487430632114410400e-01
1.108925715088844299e-01
6.867630779743194580e-02
1.017003729939460754e-01
6.526671350002288818e-02
2.418849319219589233e-01
1.371445506811141968e-01
2.418849319219589233e-01
2.150904685258865356e-01
1.630800962448120117e-01
1.818790584802627563e-01
1.368761807680130005e-01
1.010454371571540833e-01
8.389712125062942505e-02
2.418849319219589233e-01
2.322791963815689087e-01
1.826239079236984253e-01
1.347970515489578247e-01
1.474854052066802979e-01
1.771130114793777466e-01
1.729560196399688721e-01
1.054469794034957886e-01
6.820180267095565796e-02
2.418849319219589233e-01
1.884411722421646118e-01
1.892169713973999023e-01
1.944829523563385010e-01
2.027376145124435425e-01
1.155780851840972900e-01
5.963704735040664673e-02
8.267966657876968384e-02
4.958314076066017151e-02
2.369617223739624023e-01
8.472090214490890503e-02
2.369617223739624023e-01
2.369617223739624023e-01
1.613531708717346191e-01
1.524519920349121094e-01
5.595079809427261353e-02
1.148232892155647278e-01
1.053258404135704041e-01
2.369617223739624023e-01
1.087898761034011841e-01
2.369617223739624023e-01
1.675054728984832764e-01
1.330897212028503418e-01
2.168168723583221436e-01
2.256875336170196533e-01
1.306705325841903687e-01
1.286139488220214844e-01
2.369617223739624023e-01
1.269194483757019043e-01
1.089546829462051392e-01
1.386329233646392822e-01
1.928985416889190674e-01
2.068969160318374634e-01
1.703550815582275391e-01
2.004574537277221680e-01
1.617447733879089355e-01
2.369617223739624023e-01
1.617267429828643799e-01
1.841486096382141113e-01
8.794518560171127319e-02
1.222944334149360657e-01
1.263444274663925171e-01
5.582201853394508362e-02
1.148243546485900879e-01
7.505708932876586914e-02
2.352903336286544800e-01
1.092698872089385986e-01
1.487356424331665039e-01
1.424360871315002441e-01
1.398767828941345215e-01
1.175919920206069946e-01
1.715369820594787598e-01
1.641916483640670776e-01
6.728909164667129517e-02
2.566801011562347412e-01
1.179323121905326843e-01
2.271626591682434082e-01
2.551042139530181885e-01
1.247058436274528503e-01
1.142433583736419678e-01
9.067854285240173340e-02
2.418966144323348999e-01
1.527945399284362793e-01
2.566801011562347412e-01
4.342754930257797241e-02
1.624790579080581665e-01
1.038911119103431702e-01
1.180557683110237122e-01
1.864513307809829712e-01
1.814833283424377441e-01
2.050565332174301147e-01
1.904188096523284912e-01
2.566801011562347412e-01
5.715497955679893494e-02
1.531435102224349976e-01
2.310622483491897583e-01
1.716354638338088989e-01
7.530187070369720459e-02
1.299581229686737061e-01
1.540063917636871338e-01
1.024708524346351624e-01
2.385334372520446777e-01
9.665020555257797241e-02
1.731001436710357666e-01
1.405060738325119019e-01
7.401887327432632446e-02
9.851723909378051758e-02
7.523519545793533325e-02
2.027751356363296509e-01
1.799638122320175171e-01
2.442804872989654541e-01
1.455519497394561768e-01
2.442804872989654541e-01
2.442804872989654541e-01
1.465599983930587769e-01
1.295686513185501099e-01
1.371734142303466797e-01
1.749525070190429688e-01
2.378158569335937500e-01
2.442804872989654541e-01
9.817993640899658203e-02
9.838447719812393188e-02
1.913293302059173584e-01
1.348257213830947876e-01
1.000012010335922241e-01
7.835565507411956787e-02
1.904612481594085693e-01
1.463600844144821167e-01
2.442804872989654541e-01
1.816458702087402344e-01
1.805681586265563965e-01
1.966806054115295410e-01
1.202640831470489502e-01
1.155495867133140564e-01
4.721424728631973267e-02
1.024320498108863831e-01
9.565661847591400146e-02
2.473922967910766602e-01
2.473922967910766602e-01
2.473922967910766602e-01
2.264565825462341309e-01
1.421269923448562622e-01
9.488894790410995483e-02
4.635073617100715637e-02
9.506090730428695679e-02
2.868098393082618713e-02
2.074041515588760376e-01
2.393182963132858276e-01
2.473922967910766602e-01
1.096677705645561218e-01
9.590621292591094971e-02
1.146635711193084717e-01
5.926591530442237854e-02
1.210521981120109558e-01
8.695489913225173950e-02
2.473922967910766602e-01
2.473922967910766602e-01
2.473922967910766602e-01
1.316787600517272949e-01
7.281434535980224609e-02
1.424408704042434692e-01
5.842417106032371521e-02
1.283300369977951050e-01
1.084990799427032471e-01
2.473922967910766602e-01
2.473922967910766602e-01
2.473922967910766602e-01
1.092027276754379272e-01
1.043113842606544495e-01
1.161073595285415649e-01
4.208619147539138794e-02
1.247536018490791321e-01
2.829343080520629883e-02
2.186626344919204712e-01
1.022222861647605896e-01
2.320584654808044434e-01
1.229673773050308228e-01
1.235364302992820740e-01
1.706804931163787842e-01
5.407012999057769775e-02
1.855055838823318481e-01
7.238428294658660889e-02
2.532424926757812500e-01
1.350078284740447998e-01
2.466788738965988159e-01
1.330320537090301514e-01
2.050943374633789062e-01
1.813220530748367310e-01
5.401499941945075989e-02
1.469152122735977173e-01
9.866456687450408936e-02
2.532424926757812500e-01
1.573926359415054321e-01
2.532424926757812500e-01
1.325382441282272339e-01
1.950931698083877563e-01
1.858330667018890381e-01
3.407951816916465759e-02
1.099125817418098450e-01
3.005823120474815369e-02
2.532424926757812500e-01
1.403342485427856445e-01
2.532424926757812500e-01
1.778606921434402466e-01
2.112582623958587646e-01
9.985368698835372925e-02
4.146961122751235962e-02
8.156290650367736816e-02
5.257578939199447632e-02
1.762601733207702637e-01
1.279215067625045776e-01
1.669836044311523438e-01
9.835042804479598999e-02
1.415134072303771973e-01
1.813389062881469727e-01
9.877083450555801392e-02
1.151067987084388733e-01
1.368285417556762695e-01
2.401722222566604614e-01
2.272049039602279663e-01
2.089967429637908936e-01
2.401722222566604614e-01
2.401722222566604614e-01
9.784374386072158813e-02
4.825799167156219482e-02
6.884893029928207397e-02
4.109749197959899902e-02
2.127862721681594849e-01
1.337232142686843872e-01
1.435389071702957153e-01
9.934747964143753052e-02
1.005792766809463501e-01
2.401722222566604614e-01
1.635462045669555664e-01
2.150330692529678345e-01
1.626698076725006104e-01
2.401722222566604614e-01
2.011006772518157959e-01
2.321738302707672119e-01
1.989836245775222778e-01
2.401722222566604614e-01
1.136178672313690186e-01
7.034035027027130127e-02
9.693232923746109009e-02
9.116098284721374512e-02
2.105591744184494019e-01
1.772706955671310425e-01
1.445435881614685059e-01
1.967365443706512451e-01
2.091779708862304688e-01
1.103567630052566528e-01
7.430002838373184204e-02
8.050449937582015991e-02
5.379697680473327637e-02
1.620021909475326538e-01
1.393854022026062012e-01
1.736539304256439209e-01
1.762067973613739014e-01
1.409898251295089722e-01
2.520912587642669678e-01
1.210600957274436951e-01
2.505026757717132568e-01
1.462260931730270386e-01
2.520912587642669678e-01
1.063552424311637878e-01
1.583652794361114502e-01
1.519187986850738525e-01
2.520912587642669678e-01
2.520912587642669678e-01
1.020497828722000122e-01
1.786579638719558716e-01
1.351301074028015137e-01
2.520912587642669678e-01
5.607939511537551880e-02
1.117168962955474854e-01
1.148745939135551453e-01
2.520912587642669678e-01
8.536998182535171509e-02
6.625754386186599731e-02
8.978885412216186523e-02
3.782255575060844421e-02
1.601232737302780151e-01
1.412355899810791016e-01
1.901182532310485840e-01
1.946530044078826904e-01
1.175166219472885132e-01
4.239194095134735107e-02
5.271121114492416382e-02
1.803069412708282471e-01
7.396566122770309448e-02
1.591033339500427246e-01
1.573917716741561890e-01
2.387097626924514771e-01
2.219442874193191528e-01
1.199809908866882324e-01
2.387097626924514771e-01
7.108981162309646606e-02
1.624073237180709839e-01
8.977986872196197510e-02
2.265513092279434204e-01
6.361236423254013062e-02
2.387097626924514771e-01
2.146890461444854736e-01
2.387097626924514771e-01
1.933954954147338867e-01
5.633157491683959961e-02
2.107183337211608887e-01
5.929612368345260620e-02
2.305030077695846558e-01
7.251749187707901001e-02
2.387097626924514771e-01
2.387097626924514771e-01
2.387097626924514771e-01
4.096326977014541626e-02
4.282833263278007507e-02
1.711888164281845093e-01
1.083800643682479858e-01
1.673213541507720947e-01
8.406120538711547852e-02
2.483843564987182617e-01
2.452756017446517944e-01
8.444450795650482178e-02
6.478215754032135010e-02
3.035190887749195099e-02
7.909659296274185181e-02
5.018346011638641357e-02
2.262483835220336914e-01
6.114993616938591003e-02
2.483843564987182617e-01
2.483843564987182617e-01
8.691208809614181519e-02
1.161378547549247742e-01
3.559006005525588989e-02
1.467923820018768311e-01
1.466416120529174805e-01
2.483843564987182617e-01
5.199530348181724548e-02
2.483843564987182617e-01
2.418307065963745117e-01
1.800587773323059082e-01
1.630295366048812866e-01
1.378355324268341064e-01
1.527934521436691284e-01
1.584950834512710571e-01
2.483843564987182617e-01
5.553522706031799316e-02
2.483843564987182617e-01
2.189869582653045654e-01
2.141633331775665283e-01
5.065657943487167358e-02
5.960173904895782471e-02
7.091606408357620239e-02
4.323843494057655334e-02
1.584654152393341064e-01
4.629997909069061279e-02
1.468569189310073853e-01
1.341613978147506714e-01
5.223876982927322388e-02
1.141602024435997009e-01
1.116658821702003479e-01
1.117934286594390869e-01
7.126449793577194214e-02
2.642441689968109131e-01
1.440311372280120850e-01
1.112073063850402832e-01
1.917861402034759521e-01
2.601811885833740234e-01
1.444794088602066040e-01
2.366285771131515503e-01
2.048209160566329956e-01
4.754848405718803406e-02
2.160276770591735840e-01
3.416637703776359558e-02
1.621255278587341309e-01
1.075651571154594421e-01
1.602638959884643555e-01
2.642441689968109131e-01
2.642441689968109131e-01
2.128004431724548340e-01
1.086943373084068298e-01
2.642441689968109131e-01
1.537257283926010132e-01
1.598568111658096313e-01
2.150857001543045044e-01
2.642441689968109131e-01
7.129301130771636963e-02
6.080676242709159851e-02
5.888174846768379211e-02
4.675605893135070801e-02
1.655413508415222168e-01
1.252057254314422607e-01
1.157484501600265503e-01
1.168113201856613159e-01
1.645700633525848389e-01
1.289984583854675293e-01
2.358355820178985596e-01
2.358355820178985596e-01
1.641552746295928955e-01
1.682333797216415405e-01
1.732415109872817993e-01
2.358355820178985596e-01
2.105434089899063110e-01
1.756852269172668457e-01
1.773463487625122070e-01
2.022555023431777954e-01
8.670202642679214478e-02
7.247810065746307373e-02
2.243982255458831787e-01
1.117206215858459473e-01
5.926678329706192017e-02
8.333800733089447021e-02
2.358355820178985596e-01
2.358355820178985596e-01
2.358355820178985596e-01
2.358355820178985596e-01
1.976215392351150513e-01
1.816131323575973511e-01
1.200062036514282227e-01
9.430859237909317017e-02
1.010106354951858521e-01
2.358355820178985596e-01
6.464189291000366211e-02
2.288846522569656372e-01
2.288846522569656372e-01
1.626292169094085693e-01
1.131401732563972473e-01
8.755340427160263062e-02
1.402418017387390137e-01
1.537439078092575073e-01
1.068610996007919312e-01
1.110996678471565247e-01
2.288846522569656372e-01
2.288846522569656372e-01
1.376482695341110229e-01
1.117868199944496155e-01
7.400745898485183716e-02
1.172220557928085327e-01
2.267519086599349976e-01
1.787982434034347534e-01
1.195974424481391907e-01
2.288846522569656372e-01
2.288846522569656372e-01
1.191652566194534302e-01
1.449584066867828369e-01
7.867657393217086792e-02
6.518311053514480591e-02
1.441797167062759399e-01
1.143294572830200195e-01
2.288846522569656372e-01
2.288846522569656372e-01
2.288846522569656372e-01
1.450828909873962402e-01
1.753418296575546265e-01
6.239750608801841736e-02
1.404753178358078003e-01
2.288846522569656372e-01
2.288846522569656372e-01
2.573940157890319824e-01
1.970704346895217896e-01
1.565198749303817749e-01
6.422123312950134277e-02
7.374362647533416748e-02
5.297109112143516541e-02
1.128411814570426941e-01
2.573940157890319824e-01
2.573940157890319824e-01
2.573940157890319824e-01
1.316190809011459351e-01
8.504081517457962036e-02
7.572004199028015137e-02
4.092024266719818115e-02
2.828464843332767487e-02
6.349147111177444458e-02
1.227967664599418640e-01
2.573940157890319824e-01
2.573940157890319824e-01
1.993881165981292725e-01
2.476349622011184692e-01
1.608396321535110474e-01
1.906859725713729858e-01
3.662577271461486816e-02
1.317986100912094116e-01
2.573940157890319824e-01
2.573940157890319824e-01
2.084276825189590454e-01
8.447036892175674438e-02
7.160282135009765625e-02
8.544950187206268311e-02
8.560049533843994141e-02
3.080870397388935089e-02
3.427029773592948914e-02
8.377172052860260010e-02
2.561394572257995605e-01
2.824593484401702881e-01
1.907609254121780396e-01
1.441409736871719360e-01
1.718565374612808228e-01
2.197496294975280762e-01
7.737006247043609619e-02
8.462026715278625488e-02
1.374298632144927979e-01
2.824593484401702881e-01
2.824593484401702881e-01
1.345625370740890503e-01
7.372865080833435059e-02
1.365438401699066162e-01
2.824593484401702881e-01
1.005948632955551147e-01
7.233837246894836426e-02
7.618747651576995850e-02
1.947984993457794189e-01
2.673417329788208008e-01
1.127480342984199524e-01
7.565908133983612061e-02
1.097187101840972900e-01
1.770281791687011719e-01
8.638196438550949097e-02
5.293465033173561096e-02
1.270925551652908325e-01
2.646599113941192627e-01
1.828448027372360229e-01
1.025173291563987732e-01
6.568783521652221680e-02
9.749219566583633423e-02
2.618028819561004639e-01
1.417471766471862793e-01
8.459775894880294800e-02
1.210953369736671448e-01
1.084768772125244141e-01
1.819324344396591187e-01
1.701049357652664185e-01
1.039054095745086670e-01
1.120303049683570862e-01
2.382912933826446533e-01
1.392320692539215088e-01
1.404126733541488647e-01
1.165936440229415894e-01
1.287469267845153809e-01
1.230021417140960693e-01
1.863093376159667969e-01
7.843925058841705322e-02
8.439013361930847168e-02
2.382912933826446533e-01
1.497431844472885132e-01
1.844497621059417725e-01
2.113993018865585327e-01
1.378959864377975464e-01
1.748351603746414185e-01
1.745641976594924927e-01
1.592665612697601318e-01
1.105047538876533508e-01
2.382912933826446533e-01
1.820220798254013062e-01
1.964467316865921021e-01
1.489457488059997559e-01
1.342995613813400269e-01
1.339862793684005737e-01
1.523912549018859863e-01
1.085838750004768372e-01
1.183467134833335876e-01
2.382912933826446533e-01
1.249841824173927307e-01
2.382912933826446533e-01
2.179711610078811646e-01
1.874051243066787720e-01
1.338556110858917236e-01
1.922554075717926025e-01
1.067146584391593933e-01
1.080489382147789001e-01
1.934755146503448486e-01
9.440035372972488403e-02
1.414550840854644775e-01
1.492653936147689819e-01
1.090482026338577271e-01
1.416061520576477051e-01
1.819336712360382080e-01
2.003801017999649048e-01
1.726902127265930176e-01
2.343902587890625000e-01
9.481226652860641479e-02
1.314315795898437500e-01
8.066106587648391724e-02
9.042581915855407715e-02
1.711779534816741943e-01
1.442181617021560669e-01
1.093292385339736938e-01
1.926505565643310547e-01
2.342429012060165405e-01
7.965385913848876953e-02
2.343902587890625000e-01
1.549370586872100830e-01
1.771711707115173340e-01
2.323414534330368042e-01
1.888233274221420288e-01
1.907320022583007812e-01
2.343902587890625000e-01
2.343902587890625000e-01
8.627760410308837891e-02
1.796307414770126343e-01
9.892690926790237427e-02
2.099317461252212524e-01
1.241125538945198059e-01
6.384769827127456665e-02
1.886237859725952148e-01
9.407452493906021118e-02
2.985035181045532227e-01
6.411768496036529541e-02
2.183891534805297852e-01
9.620833396911621094e-02
1.267959922552108765e-01
1.546125710010528564e-01
6.604870408773422241e-02
1.624496132135391235e-01
1.620933860540390015e-01
2.985035181045532227e-01
5.825470760464668274e-02
1.836016774177551270e-01
1.450011581182479858e-01
1.562486588954925537e-01
1.697448045015335083e-01
1.119254231452941895e-01
1.949478238821029663e-01
4.132975637912750244e-02
2.985035181045532227e-01
1.216582804918289185e-01
1.893803626298904419e-01
1.002515405416488647e-01
1.683104485273361206e-01
1.593029946088790894e-01
7.465307414531707764e-02
1.718650460243225098e-01
6.425505131483078003e-02
2.985035181045532227e-01
1.162792295217514038e-01
2.373971343040466309e-01
8.153373748064041138e-02
1.575996875762939453e-01
1.173173263669013977e-01
8.133040368556976318e-02
1.646559685468673706e-01
1.730621904134750366e-01
2.625718414783477783e-01
1.047468930482864380e-01
1.099086552858352661e-01
1.528053134679794312e-01
1.246942728757858276e-01
1.494333446025848389e-01
1.079387441277503967e-01
1.811714768409729004e-01
1.155871003866195679e-01
2.625718414783477783e-01
1.548967212438583374e-01
1.448973715305328369e-01
1.680420339107513428e-01
1.347209513187408447e-01
1.430202722549438477e-01
5.968527868390083313e-02
1.260535418987274170e-01
5.384731292724609375e-02
2.625718414783477783e-01
1.321539133787155151e-01
1.764362603425979614e-01
7.376949489116668701e-02
1.289580613374710083e-01
2.625718414783477783e-01
1.179092302918434143e-01
1.970131397247314453e-01
1.816589832305908203e-01
2.625718414783477783e-01
1.578129678964614868e-01
1.956692934036254883e-01
1.225096583366394043e-01
2.536453604698181152e-01
1.097583919763565063e-01
5.072475969791412354e-02
9.981358796358108521e-02
9.101039916276931763e-02
1.494389176368713379e-01
9.300480037927627563e-02
1.508751809597015381e-01
7.651111483573913574e-02
7.579678297042846680e-02
1.345854401588439941e-01
4.067172110080718994e-02
8.066293597221374512e-02
1.136271208524703979e-01
1.718305647373199463e-01
1.563885509967803955e-01
2.105351537466049194e-01
1.160760149359703064e-01
1.191584095358848572e-01
1.743485182523727417e-01
9.742709994316101074e-02
1.546476483345031738e-01
1.428606063127517700e-01
2.374040335416793823e-01
7.552667707204818726e-02
1.146480217576026917e-01
1.261037141084671021e-01
1.916344463825225830e-01
2.740648686885833740e-01
2.740648686885833740e-01
2.740648686885833740e-01
2.260937839746475220e-01
2.740648686885833740e-01
1.091874614357948303e-01
1.816695332527160645e-01
2.241302728652954102e-01
2.740648686885833740e-01
7.277049124240875244e-02
2.699339017271995544e-02
4.880454763770103455e-02
4.276819899678230286e-02
1.219117343425750732e-01
5.351723730564117432e-02
6.246739253401756287e-02
5.426152795553207397e-02
8.129741996526718140e-02
6.169276684522628784e-02
1.846672967076301575e-02
5.084627866744995117e-02
9.291020222008228302e-03
1.173388436436653137e-01
1.933841407299041748e-02
4.248677194118499756e-02
2.633503079414367676e-02
6.646583974361419678e-02
2.835488021373748779e-01
2.835488021373748779e-01
2.835488021373748779e-01
7.846509665250778198e-02
1.954160481691360474e-01
6.225892528891563416e-02
2.773986756801605225e-01
2.702970504760742188e-01
2.835488021373748779e-01
2.835488021373748779e-01
1.683483421802520752e-01
1.893284618854522705e-01
2.196941338479518890e-02
1.162197142839431763e-01
9.091281890869140625e-02
2.835488021373748779e-01
2.835488021373748779e-01
2.835488021373748779e-01
7.562167942523956299e-02
3.486011922359466553e-02
5.172063410282135010e-02
1.748035475611686707e-02
1.804153621196746826e-01
6.469730287790298462e-02
8.439663052558898926e-02
5.667047202587127686e-02
7.014941424131393433e-02
2.759159505367279053e-01
1.258826702833175659e-01
1.058866679668426514e-01
5.695595219731330872e-02
2.723639309406280518e-01
1.456812769174575806e-01
2.567136883735656738e-01
2.759159505367279053e-01
2.759159505367279053e-01
1.092870607972145081e-01
4.390234127640724182e-02
6.400828808546066284e-02
3.891789913177490234e-02
1.685448586940765381e-01
7.863556593656539917e-02
1.806264221668243408e-01
1.417852193117141724e-01
1.145271658897399902e-01
2.759159505367279053e-01
8.886710554361343384e-02
4.670275002717971802e-02
8.115065842866897583e-02
2.597412467002868652e-01
1.190594658255577087e-01
2.621578276157379150e-01
2.759159505367279053e-01
2.759159505367279053e-01
3.033646345138549805e-01
7.799375802278518677e-02
5.676536634564399719e-02
2.776492014527320862e-02
6.056708842515945435e-02
6.809805333614349365e-02
1.052393764257431030e-01
1.235876604914665222e-01
3.030567169189453125e-01
3.033646345138549805e-01
8.907184004783630371e-02
3.298609703779220581e-02
4.230573028326034546e-02
5.182576924562454224e-02
9.448637068271636963e-02
6.923002004623413086e-02
6.076436862349510193e-02
3.033646345138549805e-01
3.033646345138549805e-01
1.021310389041900635e-01
1.604904420673847198e-02
3.413403406739234924e-02
9.042374789714813232e-02
1.102476865053176880e-01
1.350205838680267334e-01
1.803066432476043701e-01
3.033646345138549805e-01
3.033646345138549805e-01
1.694043278694152832e-01
1.855414360761642456e-02
4.273439943790435791e-02
6.345610320568084717e-02
1.999308019876480103e-01
1.526235640048980713e-01
6.469998508691787720e-02
3.033646345138549805e-01
2.794439196586608887e-01
8.660972863435745239e-02
3.057723864912986755e-02
2.840580232441425323e-02
3.967672958970069885e-02
4.585572704672813416e-02
1.078506112098693848e-01
1.256031841039657593e-01
2.794439196586608887e-01
2.794439196586608887e-01
6.282761693000793457e-02
7.938031852245330811e-02
3.060227259993553162e-02
8.320458978414535522e-02
3.406227007508277893e-02
9.962423145771026611e-02
1.043522134423255920e-01
2.794439196586608887e-01
2.794439196586608887e-01
2.026736587285995483e-01
5.344830080866813660e-02
4.155897349119186401e-02
3.397433087229728699e-02
1.565876603126525879e-01
2.066452056169509888e-01
1.040660217404365540e-01
2.794439196586608887e-01
2.794439196586608887e-01
1.954986155033111572e-01
2.295873612165451050e-01
1.533114612102508545e-01
7.623393833637237549e-02
1.482049077749252319e-01
1.269102841615676880e-01
9.435185790061950684e-02
2.794439196586608887e-01
2.076577991247177124e-01
6.741796433925628662e-02
1.059135794639587402e-01
1.087043508887290955e-01
1.806819736957550049e-01
6.531415134668350220e-02
1.246031075716018677e-01
5.689330026507377625e-02
2.432419061660766602e-01
1.888961642980575562e-01
1.813727319240570068e-01
9.331144392490386963e-02
1.094627231359481812e-01
1.426084041595458984e-01
4.971186071634292603e-02
1.464224755764007568e-01
8.211489766836166382e-02
1.613291352987289429e-01
2.432419061660766602e-01
2.177512645721435547e-01
2.432419061660766602e-01
2.432419061660766602e-01
1.889149546623229980e-01
1.122709438204765320e-01
1.400437057018280029e-01
5.490652099251747131e-02
2.432419061660766602e-01
2.432419061660766602e-01
2.432419061660766602e-01
2.432419061660766602e-01
1.393588632345199585e-01
9.937929362058639526e-02
5.064275115728378296e-02
1.222417801618576050e-01
9.331264346837997437e-02
2.402640730142593384e-01
1.790609061717987061e-01
2.073964327573776245e-01
9.633982926607131958e-02
2.375171892344951630e-02
5.651808902621269226e-02
1.912361942231655121e-02
8.747780323028564453e-02
4.282929375767707825e-02
9.642259031534194946e-02
2.606111764907836914e-01
2.606111764907836914e-01
1.573889851570129395e-01
7.764314860105514526e-02
9.820290654897689819e-02
5.451445281505584717e-02
9.918761998414993286e-02
5.430816486477851868e-02
1.997749358415603638e-01
2.606111764907836914e-01
2.606111764907836914e-01
2.606111764907836914e-01
5.649629235267639160e-02
1.773077063262462616e-02
4.011262208223342896e-02
6.962716579437255859e-02
8.055607229471206665e-02
1.763445287942886353e-01
2.606111764907836914e-01
2.606111764907836914e-01
2.606111764907836914e-01
2.606111764907836914e-01
1.271114051342010498e-01
1.897025108337402344e-01
7.872525602579116821e-02
1.345927715301513672e-01
2.423761636018753052e-01
1.712510436773300171e-01
1.460630446672439575e-01
1.125583201646804810e-01
8.623857796192169189e-02
9.136782586574554443e-02
5.194962769746780396e-02
6.676749885082244873e-02
3.403873369097709656e-02
1.819626539945602417e-01
1.476657539606094360e-01
1.887072324752807617e-01
2.360698431730270386e-01
1.802271157503128052e-01
1.136730760335922241e-01
5.010411888360977173e-02
7.570851594209671021e-02
4.437870904803276062e-02
1.632297933101654053e-01
1.500860452651977539e-01
2.642038166522979736e-01
2.642038166522979736e-01
2.558929026126861572e-01
1.373502314090728760e-01
8.620800077915191650e-02
9.012362360954284668e-02
7.243034988641738892e-02
1.316907852888107300e-01
2.642038166522979736e-01
2.642038166522979736e-01
2.642038166522979736e-01
2.642038166522979736e-01
1.371130496263504028e-01
5.555359646677970886e-02
1.436425894498825073e-01
7.249077409505844116e-02
2.642038166522979736e-01
9.853851795196533203e-02
1.875410228967666626e-01
2.180328667163848877e-01
1.327680796384811401e-01
5.143149569630622864e-02
1.981907896697521210e-02
4.125488176941871643e-02
8.714157342910766602e-02
1.041227579116821289e-01
2.079427540302276611e-01
2.090092599391937256e-01
1.851069331169128418e-01
1.651638001203536987e-01
1.233674138784408569e-01
1.695385575294494629e-02
1.366466134786605835e-01
2.384377717971801758e-01
2.384377717971801758e-01
2.384377717971801758e-01
2.384377717971801758e-01
2.384377717971801758e-01
1.981745064258575439e-01
7.080125808715820312e-02
3.609568625688552856e-02
7.233119010925292969e-02
5.595519766211509705e-02
1.832764893770217896e-01
2.384377717971801758e-01
2.384377717971801758e-01
2.025135755538940430e-01
2.273785322904586792e-01
2.010838985443115234e-01
3.758668899536132812e-02
1.197797730565071106e-01
1.117249503731727600e-01
1.866732835769653320e-01
2.644976079463958740e-01
1.614788323640823364e-01
1.429845243692398071e-01
1.741126030683517456e-01
2.644976079463958740e-01
3.970040753483772278e-02
2.022379785776138306e-01
2.644976079463958740e-01
2.644976079463958740e-01
1.144260764122009277e-01
4.528934136033058167e-02
4.536562785506248474e-02
7.463445514440536499e-02
1.661910414695739746e-01
3.051421232521533966e-02
2.169529721140861511e-02
5.039279535412788391e-02
9.738385677337646484e-02
2.644976079463958740e-01
1.756641268730163574e-01
1.058597415685653687e-01
2.095227688550949097e-01
2.644976079463958740e-01
1.273833662271499634e-01
1.666110903024673462e-01
1.550939828157424927e-01
2.644976079463958740e-01
2.052059322595596313e-01
3.655465319752693176e-02
2.240862324833869934e-02
8.677204698324203491e-02
2.642970085144042969e-01
1.265552341938018799e-01
4.807924479246139526e-02
7.604253292083740234e-02
1.583378911018371582e-01
1.510308831930160522e-01
8.521795272827148438e-02
8.373408019542694092e-02
1.095224171876907349e-01
2.441000789403915405e-01
1.121344566345214844e-01
5.273442715406417847e-02
1.454137265682220459e-01
1.835001111030578613e-01
1.079105585813522339e-01
7.909198850393295288e-02
1.054242774844169617e-01
1.138129457831382751e-01
2.441000789403915405e-01
2.441000789403915405e-01
2.097972929477691650e-01
2.356769740581512451e-01
1.536865681409835815e-01
1.817724108695983887e-01
9.225265681743621826e-02
1.109811142086982727e-01
1.322759389877319336e-01
2.441000789403915405e-01
2.232583314180374146e-01
1.036691293120384216e-01
1.445402204990386963e-01
2.123861759901046753e-01
1.414919793605804443e-01
1.387291550636291504e-01
1.201783716678619385e-01
8.402878046035766602e-02
2.441000789403915405e-01
1.893334537744522095e-01
2.150971889495849609e-01
1.653594523668289185e-01
2.169214487075805664e-01
1.309944242238998413e-01
9.423669427633285522e-02
1.137952730059623718e-01
6.644396483898162842e-02
2.301612049341201782e-01
1.882736235857009888e-01
2.408025711774826050e-01
1.864751875400543213e-01
1.437480896711349487e-01
1.460604071617126465e-01
9.022337943315505981e-02
1.167182773351669312e-01
5.559353902935981750e-02
2.408025711774826050e-01
1.063083484768867493e-01
2.408025711774826050e-01
1.860087066888809204e-01
1.835119873285293579e-01
1.452556550502777100e-01
1.154559105634689331e-01
8.297188580036163330e-02
6.815101206302642822e-02
2.408025711774826050e-01
1.150105297565460205e-01
1.923458874225616455e-01
1.907523572444915771e-01
1.795734912157058716e-01
1.653116494417190552e-01
1.290932297706604004e-01
1.534700393676757812e-01
8.565816283226013184e-02
2.408025711774826050e-01
2.197661846876144409e-01
1.887519806623458862e-01
2.106166183948516846e-01
1.632612645626068115e-01
1.772362589836120605e-01
8.636147528886795044e-02
1.008980870246887207e-01
1.405554115772247314e-01
2.349856346845626831e-01
8.221643418073654175e-02
1.847027987241744995e-01
1.198565140366554260e-01
1.521002650260925293e-01
2.027724236249923706e-01
8.504548668861389160e-02
8.791968226432800293e-02
2.265604138374328613e-01
2.349856346845626831e-01
9.178104251623153687e-02
1.992922574281692505e-01
1.221511811017990112e-01
1.979127079248428345e-01
1.736570596694946289e-01
1.288948953151702881e-01
1.531675755977630615e-01
9.705321490764617920e-02
2.337018996477127075e-01
2.108253240585327148e-01
2.033975720405578613e-01
1.596816033124923706e-01
1.081571280956268311e-01
1.918999552726745605e-01
1.320389807224273682e-01
1.470338851213455200e-01
1.432337015867233276e-01
2.349856346845626831e-01
9.276844561100006104e-02
2.349856346845626831e-01
2.009406983852386475e-01
1.315198093652725220e-01
1.396642923355102539e-01
1.495070159435272217e-01
1.458261311054229736e-01
1.478723902255296707e-02
2.677377760410308838e-01
9.486204385757446289e-02
1.740084141492843628e-01
9.747066348791122437e-02
1.300071477890014648e-01
1.326620280742645264e-01
1.005435883998870850e-01
1.363505423069000244e-01
3.126257285475730896e-02
2.677377760410308838e-01
1.101319715380668640e-01
2.677377760410308838e-01
9.559779614210128784e-02
1.254389435052871704e-01
1.299317628145217896e-01
1.047269478440284729e-01
1.820318102836608887e-01
8.394908905029296875e-02
2.677377760410308838e-01
1.078522354364395142e-01
2.442990094423294067e-01
1.481188088655471802e-01
1.412207782268524170e-01
1.489946842193603516e-01
1.021587997674942017e-01
2.241696417331695557e-01
1.972752809524536133e-02
2.677377760410308838e-01
2.150719910860061646e-01
2.675576210021972656e-01
1.363762170076370239e-01
1.570223569869995117e-01
1.013925448060035706e-01
2.308015711605548859e-02
7.006280869245529175e-02
6.703440845012664795e-02
2.667142748832702637e-01
5.962132290005683899e-02
1.605282127857208252e-01
5.876625701785087585e-02
9.861584007740020752e-02
2.248821258544921875e-01
9.630554169416427612e-02
2.599487900733947754e-01
2.060229629278182983e-01
2.667142748832702637e-01
8.019126951694488525e-02
1.713017523288726807e-01
7.748272269964218140e-02
1.907900869846343994e-01
1.171547025442123413e-01
5.081902444362640381e-02
1.381186991930007935e-01
5.830715596675872803e-02
2.027713358402252197e-01
1.470409333705902100e-01
1.727155148983001709e-01
9.843476116657257080e-02
1.245506927371025085e-01
1.645344644784927368e-01
1.662163585424423218e-01
2.667142748832702637e-01
1.904641985893249512e-01
2.667142748832702637e-01
1.847139745950698853e-01
2.667142748832702637e-01
1.691709011793136597e-01
1.435981392860412598e-01
6.660658866167068481e-02
8.026821911334991455e-02
1.352296769618988037e-01
7.340308278799057007e-02
1.073602512478828430e-01
1.341604348272085190e-02
4.770552739500999451e-02
2.489286847412586212e-02
5.575383082032203674e-02
2.462374418973922729e-01
2.379916608333587646e-01
2.273331880569458008e-01
1.542884260416030884e-01
1.738535165786743164e-01
4.015878960490226746e-02
8.193648606538772583e-02
7.204509526491165161e-02
2.462374418973922729e-01
8.418826758861541748e-02
1.135138422250747681e-01
1.674969345331192017e-01
1.080974191427230835e-01
1.784865111112594604e-01
3.248494863510131836e-02
2.462374418973922729e-01
8.500550687313079834e-02
1.037010177969932556e-01
2.462374418973922729e-01
2.462374418973922729e-01
2.091413736343383789e-01
2.462374418973922729e-01
2.462374418973922729e-01
1.608564555644989014e-01
2.462374418973922729e-01
2.085438072681427002e-01
2.462374418973922729e-01
2.143023610115051270e-01
1.477517932653427124e-01
9.654263406991958618e-02
4.117515683174133301e-02
4.679029062390327454e-02
4.453290626406669617e-02
1.661428511142730713e-01
1.114896610379219055e-01
1.808307170867919922e-01
1.259694397449493408e-01
5.780974775552749634e-02
4.031075164675712585e-02
3.619999811053276062e-02
4.488474503159523010e-02
1.264000385999679565e-01
2.489668875932693481e-01
2.306009978055953979e-01
9.278709441423416138e-02
2.489668875932693481e-01
1.362401992082595825e-01
7.191880047321319580e-02
1.307727396488189697e-01
2.065794020891189575e-01
1.230136603116989136e-01
2.489668875932693481e-01
1.919303983449935913e-01
2.067276835441589355e-01
2.489668875932693481e-01
1.309831142425537109e-01
6.457091867923736572e-02
1.748019754886627197e-01
2.339928448200225830e-01
2.489668875932693481e-01
2.489668875932693481e-01
2.489668875932693481e-01
1.454945653676986694e-01
5.624813959002494812e-02
2.450029551982879639e-02
1.884481124579906464e-02
4.403735324740409851e-02
1.305865347385406494e-01
1.807013601064682007e-01
2.987809777259826660e-01
2.085004895925521851e-01
4.414554685354232788e-02
4.887133091688156128e-02
3.153856098651885986e-02
2.321807108819484711e-02
2.391497977077960968e-02
9.127095341682434082e-02
4.197350516915321350e-02
5.562261119484901428e-02
6.697086244821548462e-02
5.896081030368804932e-02
2.987809777259826660e-01
1.417978405952453613e-01
4.152362048625946045e-02
1.779251098632812500e-01
2.987809777259826660e-01
2.987809777259826660e-01
2.987809777259826660e-01
2.770934402942657471e-01
2.987809777259826660e-01
1.968054324388504028e-01
2.968221344053745270e-02
1.974260248243808746e-02
2.414488233625888824e-02
2.987809777259826660e-01
8.993252366781234741e-02
8.997090905904769897e-02
6.322293728590011597e-02
2.329418808221817017e-01
2.211999893188476562e-01
1.690187007188796997e-01
9.074859321117401123e-02
7.600316405296325684e-02
2.469908297061920166e-01
1.454212963581085205e-01
1.414716988801956177e-01
1.540931314229965210e-01
2.187552303075790405e-01
2.513347864151000977e-01
2.254999428987503052e-01
1.117036864161491394e-01
1.131180301308631897e-01
2.241692990064620972e-01
1.804248839616775513e-01
1.659260094165802002e-01
6.990887969732284546e-02
2.513347864151000977e-01
1.060330048203468323e-01
1.185460090637207031e-01
8.674287796020507812e-02
8.633881062269210815e-02
2.513347864151000977e-01
1.384540200233459473e-01
1.588844954967498779e-01
1.425489783287048340e-01
1.972170472145080566e-01
1.203600466251373291e-01
1.781791001558303833e-01
9.301300346851348877e-02
1.101585552096366882e-01
2.513347864151000977e-01
1.133536919951438904e-01
1.447552442550659180e-01
1.393648386001586914e-01
1.550523191690444946e-01
2.546195685863494873e-01
1.557275652885437012e-01
8.616653084754943848e-02
7.713031768798828125e-02
1.018709838390350342e-01
1.744283139705657959e-01
1.780654639005661011e-01
6.628366559743881226e-02
2.546195685863494873e-01
2.546195685863494873e-01
1.864077746868133545e-01
2.546195685863494873e-01
2.180844843387603760e-01
1.308065950870513916e-01
1.838897764682769775e-01
1.456781774759292603e-01
1.062101051211357117e-01
2.546195685863494873e-01
9.941785782575607300e-02
7.891542464494705200e-02
6.508515030145645142e-02
6.171001493930816650e-02
2.310817539691925049e-01
9.906136989593505859e-02
1.104166954755783081e-01
1.301481872797012329e-01
1.432866752147674561e-01
1.485441327095031738e-01
1.309113502502441406e-01
1.290553957223892212e-01
2.000889778137207031e-01
2.546195685863494873e-01
9.680420905351638794e-02
1.252183318138122559e-01
2.065992206335067749e-01
1.659690141677856445e-01
8.846036344766616821e-02
6.413875520229339600e-02
1.289317160844802856e-01
7.411359995603561401e-02
4.631061106920242310e-02
2.225506491959095001e-02
3.085443191230297089e-02
2.049873210489749908e-02
5.109651014208793640e-02
2.610470056533813477e-01
2.737022936344146729e-01
2.737022936344146729e-01
6.369409710168838501e-02
3.659726306796073914e-02
4.220262542366981506e-02
6.622686982154846191e-02
4.000842571258544922e-02
1.352081894874572754e-01
1.092884987592697144e-01
1.191176325082778931e-01
1.813868731260299683e-01
1.764551103115081787e-01
2.598628997802734375e-01
6.072239577770233154e-02
4.229710623621940613e-02
1.034035906195640564e-01
9.938213974237442017e-02
2.737022936344146729e-01
2.737022936344146729e-01
2.737022936344146729e-01
2.571270465850830078e-01
2.737022936344146729e-01
1.861970722675323486e-01
1.620724201202392578e-01
2.029437869787216187e-01
2.356609404087066650e-01
2.754069268703460693e-01
2.754069268703460693e-01
2.520162165164947510e-01
3.968666121363639832e-02
1.188123039901256561e-02
3.524926677346229553e-02
4.805622994899749756e-02
4.167870059609413147e-02
7.581843435764312744e-02
2.167926728725433350e-01
2.654839754104614258e-01
2.754069268703460693e-01
1.645087897777557373e-01
5.089746788144111633e-02
6.780643016099929810e-02
1.565422676503658295e-02
5.222890526056289673e-02
5.305660516023635864e-02
2.754069268703460693e-01
2.754069268703460693e-01
2.626723647117614746e-01
6.454191356897354126e-02
7.749734073877334595e-02
1.018868908286094666e-01
1.180445030331611633e-01
1.236279979348182678e-01
1.021708101034164429e-01
2.754069268703460693e-01
2.754069268703460693e-01
2.754069268703460693e-01
1.204752922058105469e-01
5.457953363656997681e-02
3.686302900314331055e-02
2.807306125760078430e-02
7.330409437417984009e-02
4.949657618999481201e-02
1.248075067996978760e-01
2.377711236476898193e-01
2.597656250000000000e-01
1.577055454254150391e-01
6.102297082543373108e-02
3.499501571059226990e-02
5.347953364253044128e-02
5.472745746374130249e-02
7.496996223926544189e-02
2.597656250000000000e-01
2.597656250000000000e-01
2.308570444583892822e-01
1.311111003160476685e-01
3.101330995559692383e-02
1.607769727706909180e-02
1.372776925563812256e-01
6.285202503204345703e-02
2.597656250000000000e-01
2.597656250000000000e-01
2.597656250000000000e-01
2.597656250000000000e-01
8.102492243051528931e-02
2.415428310632705688e-02
9.197236970067024231e-03
2.522033639252185822e-02
4.215280711650848389e-02
1.106269955635070801e-01
2.597656250000000000e-01
2.597656250000000000e-01
2.222078740596771240e-01
4.798374325037002563e-02
2.531238831579685211e-02
1.548464130610227585e-02
1.408151835203170776e-01
1.429744213819503784e-01
2.597656250000000000e-01
2.564651370048522949e-01
2.564651370048522949e-01
1.571601927280426025e-01
9.773884713649749756e-02
3.872130811214447021e-02
3.853308409452438354e-02
2.046104371547698975e-01
1.127518638968467712e-01
2.135479450225830078e-01
1.778890937566757202e-01
1.623389273881912231e-01
8.725180476903915405e-02
8.182346075773239136e-02
9.053096920251846313e-02
3.368571400642395020e-02
2.540768384933471680e-01
1.701690405607223511e-01
1.049427613615989685e-01
2.564651370048522949e-01
1.131579205393791199e-01
5.493474751710891724e-02
3.302323445677757263e-02
2.636502310633659363e-02
2.474058233201503754e-02
2.564651370048522949e-01
2.564651370048522949e-01
2.564651370048522949e-01
2.430993318557739258e-01
2.316992171108722687e-02
1.242049131542444229e-02
2.186551503837108612e-02
5.488302931189537048e-02
1.971986144781112671e-02
2.564651370048522949e-01
2.564651370048522949e-01
2.564651370048522949e-01
2.294679731130599976e-01
6.908859312534332275e-02
6.743575632572174072e-02
1.127968356013298035e-01
2.404823154211044312e-01
9.546712785959243774e-02
2.820445597171783447e-01
2.042047530412673950e-01
2.275333106517791748e-01
1.193973720073699951e-01
3.465621545910835266e-02
2.680068649351596832e-02
3.278381749987602234e-02
1.536056250333786011e-01
1.196728423237800598e-01
8.469535410404205322e-02
6.597429513931274414e-02
9.527668356895446777e-02
3.098754286766052246e-01
3.440907225012779236e-02
2.220597863197326660e-02
8.496531099081039429e-02
3.098754286766052246e-01
4.870659485459327698e-02
3.098754286766052246e-01
3.098754286766052246e-01
3.098754286766052246e-01
8.101455867290496826e-02
4.326331987977027893e-02
3.753641247749328613e-02
2.468533813953399658e-02
2.322206646203994751e-01
4.339117184281349182e-02
1.732312589883804321e-01
9.937458485364913940e-02
9.454748034477233887e-02
1.598228663206100464e-01
1.214722394943237305e-01
1.234232410788536072e-01
8.976070582866668701e-02
2.501730918884277344e-01
1.946922242641448975e-01
1.480406373739242554e-01
1.031210049986839294e-01
1.509513109922409058e-01
1.530269235372543335e-01
1.539611369371414185e-01
1.913867294788360596e-01
1.514485180377960205e-01
2.501730918884277344e-01
9.556122124195098877e-02
1.338540613651275635e-01
1.095427498221397400e-01
1.792439520359039307e-01
1.797090470790863037e-01
1.178234741091728210e-01
1.666683554649353027e-01
3.933150693774223328e-02
2.501730918884277344e-01
9.197409451007843018e-02
2.501730918884277344e-01
9.388608485460281372e-02
1.356997489929199219e-01
1.693278700113296509e-01
1.135152205824851990e-01
2.501730918884277344e-01
1.522113531827926636e-01
2.501730918884277344e-01
1.537472158670425415e-01
1.940618753433227539e-01
1.331245452165603638e-01
1.798575669527053833e-01
1.331710070371627808e-01
1.604668200016021729e-01
1.687753349542617798e-01
1.091374829411506653e-01
2.447055876255035400e-01
3.653514012694358826e-02
9.092693030834197998e-02
1.251966208219528198e-01
1.310431510210037231e-01
1.179314553737640381e-01
2.447055876255035400e-01
2.447055876255035400e-01
9.914022684097290039e-02
2.447055876255035400e-01
1.162067875266075134e-01
1.257446259260177612e-01
1.332817375659942627e-01
9.424985945224761963e-02
1.528896987438201904e-01
1.276645809412002563e-01
2.295877188444137573e-01
1.171009168028831482e-01
2.447055876255035400e-01
1.349935978651046753e-01
9.772871434688568115e-02
1.720778793096542358e-01
1.712731570005416870e-01
1.538496911525726318e-01
1.965579241514205933e-01
2.447055876255035400e-01
6.505692750215530396e-02
2.447055876255035400e-01
1.690806299448013306e-01
2.057040184736251831e-01
1.522415429353713989e-01
1.375752091407775879e-01
1.219272837042808533e-01
1.804302930831909180e-01
2.089567482471466064e-01
1.057251542806625366e-01
2.520072162151336670e-01
1.350549310445785522e-01
1.341645717620849609e-01
1.177662909030914307e-01
8.345329761505126953e-02
1.722017228603363037e-01
1.921554356813430786e-01
1.824400126934051514e-01
1.963303685188293457e-01
2.520072162151336670e-01
5.650683119893074036e-02
1.119287386536598206e-01
1.729077398777008057e-01
1.123203858733177185e-01
1.250385195016860962e-01
1.490630358457565308e-01
2.110827863216400146e-01
1.221930310130119324e-01
2.520072162151336670e-01
1.562525779008865356e-01
1.717810332775115967e-01
1.094796359539031982e-01
8.823036402463912964e-02
1.966589093208312988e-01
1.774985343217849731e-01
1.519151777029037476e-01
2.363679409027099609e-01
2.520072162151336670e-01
1.092898100614547729e-01
1.018660962581634521e-01
1.676867008209228516e-01
1.298863738775253296e-01
1.089557036757469177e-01
6.733850389719009399e-02
1.203996688127517700e-01
9.457535296678543091e-02
2.681552469730377197e-01
1.043882071971893311e-01
1.909704953432083130e-01
1.046163067221641541e-01
9.787806868553161621e-02
1.489192694425582886e-01
9.354274719953536987e-02
2.051664739847183228e-01
3.381094709038734436e-02
2.681552469730377197e-01
1.357707381248474121e-01
1.565003246068954468e-01
9.333802759647369385e-02
1.337324231863021851e-01
1.410985291004180908e-01
1.123548001050949097e-01
1.656828522682189941e-01
9.187711030244827271e-02
2.681552469730377197e-01
1.905152946710586548e-01
2.341915220022201538e-01
1.457265168428421021e-01
1.170214042067527771e-01
2.156101167201995850e-01
1.783220618963241577e-01
2.681552469730377197e-01
1.975380778312683105e-01
2.681552469730377197e-01
1.207954734563827515e-01
1.564068347215652466e-01
1.000536754727363586e-01
1.596577763557434082e-01
1.227097660303115845e-01
8.891040086746215820e-02
1.990570574998855591e-01
4.920673370361328125e-02
2.282861322164535522e-01
1.422007679939270020e-01
1.392793357372283936e-01
7.653748989105224609e-02
1.215310990810394287e-01
1.375628262758255005e-01
1.932951956987380981e-01
2.050265073776245117e-01
1.057659760117530823e-01
2.590193450450897217e-01
1.612806767225265503e-01
2.590193450450897217e-01
1.612080186605453491e-01
1.062956526875495911e-01
1.534391045570373535e-01
1.088796555995941162e-01
2.590193450450897217e-01
1.842247992753982544e-01
2.519927322864532471e-01
5.317305400967597961e-02
1.011502295732498169e-01
3.925674781203269958e-02
1.345361620187759399e-01
1.341745853424072266e-01
1.438576579093933105e-01
2.590193450450897217e-01
2.590193450450897217e-01
2.590193450450897217e-01
8.967349678277969360e-02
1.395636647939682007e-01
5.479128658771514893e-02
9.965888410806655884e-02
1.318388432264328003e-01
9.795799851417541504e-02
8.135175704956054688e-02
8.996217697858810425e-02
1.656084060668945312e-01
6.024731695652008057e-02
2.963978052139282227e-01
1.307434439659118652e-01
1.489739716053009033e-01
2.963978052139282227e-01
2.963978052139282227e-01
9.219303727149963379e-02
2.302808612585067749e-01
2.963978052139282227e-01
2.828884124755859375e-01
2.963978052139282227e-01
2.963978052139282227e-01
2.963978052139282227e-01
5.417597293853759766e-02
4.723225533962249756e-02
6.967748701572418213e-02
7.402542978525161743e-02
6.120313704013824463e-02
3.922787681221961975e-02
5.549880489706993103e-02
3.011832013726234436e-02
4.265392571687698364e-02
1.185481995344161987e-01
8.692698925733566284e-02
6.100158765912055969e-02
8.198259025812149048e-02
1.385778486728668213e-01
1.100136339664459229e-01
1.111500412225723267e-01
1.057375520467758179e-01
1.224932819604873657e-01
2.320980280637741089e-01
1.733024865388870239e-01
1.295459419488906860e-01
1.765385270118713379e-01
2.320980280637741089e-01
1.631638854742050171e-01
2.320980280637741089e-01
1.876871287822723389e-01
2.249506860971450806e-01
2.320980280637741089e-01
2.320980280637741089e-01
2.215744554996490479e-01
2.320980280637741089e-01
2.320980280637741089e-01
2.118210941553115845e-01
2.320980280637741089e-01
2.044105827808380127e-01
2.320980280637741089e-01
5.150592327117919922e-02
9.714641422033309937e-02
7.583168894052505493e-02
6.235619261860847473e-02
1.003978624939918518e-01
9.274951368570327759e-02
4.955707862973213196e-02
7.255774736404418945e-02
9.990270435810089111e-02
1.388742625713348389e-01
2.281035482883453369e-01
1.237472817301750183e-01
5.252315476536750793e-02
7.450102269649505615e-02
8.489249646663665771e-02
4.226467758417129517e-02
7.001742720603942871e-02
1.404516845941543579e-01
2.917107939720153809e-01
2.917107939720153809e-01
1.027265787124633789e-01
1.354638338088989258e-01
2.917107939720153809e-01
2.222741842269897461e-01
2.674296200275421143e-01
1.255057156085968018e-01
2.917107939720153809e-01
2.917107939720153809e-01
1.647167466580867767e-02
1.158739067614078522e-02
1.835017465054988861e-02
2.917107939720153809e-01
8.813752233982086182e-02
6.328584998846054077e-02
5.175765976309776306e-02
2.917107939720153809e-01
2.288707792758941650e-01
1.578710526227951050e-01
5.878939479589462280e-02
1.421746239066123962e-02
1.220956444740295410e-01
3.275401517748832703e-02
3.607838600873947144e-02
3.516361117362976074e-02
1.928767561912536621e-01
1.180149093270301819e-01
1.152150053530931473e-02
2.624589577317237854e-02
7.022992707788944244e-03
1.944744884967803955e-01
2.581293508410453796e-02
3.434534370899200439e-02
3.502788767218589783e-02
1.681371629238128662e-01
1.577994674444198608e-01
7.656779885292053223e-02
7.150420546531677246e-02
7.815501838922500610e-02
2.566842138767242432e-01
1.730650216341018677e-01
1.011804938316345215e-01
1.635345518589019775e-01
2.566842138767242432e-01
1.309161335229873657e-01
1.155411377549171448e-01
5.546653270721435547e-02
1.638540625572204590e-01
2.566842138767242432e-01
1.471968442201614380e-01
1.428633630275726318e-01
2.404966503381729126e-01
1.681759953498840332e-01
1.045671179890632629e-01
4.351590201258659363e-02
1.507059037685394287e-01
9.013261646032333374e-02
2.566842138767242432e-01
1.265075206756591797e-01
1.301274150609970093e-01
1.726558953523635864e-01
2.032584398984909058e-01
1.328510791063308716e-01
6.100824475288391113e-02
1.693229675292968750e-01
1.918844878673553467e-01
2.566842138767242432e-01
1.540153473615646362e-01
1.415358930826187134e-01
2.566842138767242432e-01
1.620036065578460693e-01
1.446031183004379272e-01
8.023873716592788696e-02
5.442443490028381348e-02
1.157903298735618591e-01
2.583620250225067139e-01
8.204958587884902954e-02
1.345605850219726562e-01
1.845277845859527588e-01
1.561689823865890503e-01
1.799577027559280396e-01
1.372423022985458374e-01
1.363155841827392578e-01
2.583620250225067139e-01
2.583620250225067139e-01
7.715203613042831421e-02
1.350014805793762207e-01
2.190164774656295776e-01
1.665036380290985107e-01
1.494642943143844604e-01
7.123141735792160034e-02
9.373614192008972168e-02
1.187886148691177368e-01
2.583620250225067139e-01
7.083646208047866821e-02
1.130098924040794373e-01
1.749224364757537842e-01
1.458253562450408936e-01
1.542555987834930420e-01
1.027389988303184509e-01
2.020220607519149780e-01
2.403903454542160034e-01
2.583620250225067139e-01
1.374367177486419678e-01
1.962165981531143188e-01
1.855468302965164185e-01
1.492162346839904785e-01
8.862013369798660278e-02
7.336992025375366211e-02
1.373701542615890503e-01
2.293827831745147705e-01
2.367462068796157837e-01
8.673209697008132935e-02
5.140527710318565369e-02
9.468499571084976196e-02
5.509456992149353027e-02
2.140615880489349365e-01
2.373255789279937744e-01
2.373255789279937744e-01
2.373255789279937744e-01
2.373255789279937744e-01
1.828194260597229004e-01
1.076991856098175049e-01
1.542821526527404785e-01
9.847545623779296875e-02
7.541553676128387451e-02
3.678165376186370850e-02
1.381825655698776245e-01
1.922477930784225464e-01
2.076577842235565186e-01
1.711131781339645386e-01
1.003656089305877686e-01
6.935083121061325073e-02
4.595907032489776611e-02
1.144777908921241760e-01
2.373255789279937744e-01
2.373255789279937744e-01
2.373255789279937744e-01
2.373255789279937744e-01
2.276403456926345825e-01
1.023611277341842651e-01
1.426712870597839355e-01
1.072798296809196472e-01
2.680351436138153076e-01
2.680351436138153076e-01
1.515036076307296753e-01
8.482687920331954956e-02
1.162944287061691284e-01
9.815473109483718872e-02
7.484497129917144775e-02
8.926565945148468018e-02
9.785085916519165039e-02
2.680351436138153076e-01
2.680351436138153076e-01
2.680351436138153076e-01
3.829494491219520569e-02
9.178142249584197998e-02
5.505526065826416016e-02
2.439914830029010773e-02
4.040264338254928589e-02
1.187769174575805664e-01
2.062650471925735474e-01
2.680351436138153076e-01
2.680351436138153076e-01
8.090280741453170776e-02
1.649106293916702271e-01
5.825366452336311340e-02
2.190764807164669037e-02
4.244074225425720215e-02
1.061592698097229004e-01
2.680351436138153076e-01
2.680351436138153076e-01
2.277298420667648315e-01
7.149437069892883301e-02
1.795283704996109009e-01
9.865408390760421753e-02
3.999494388699531555e-02
3.831485658884048462e-02
2.231427729129791260e-01
2.561056315898895264e-01
2.561056315898895264e-01
2.561056315898895264e-01
3.150650113821029663e-02
6.697998940944671631e-02
4.047147929668426514e-02
1.538323704153299332e-02
1.830342039465904236e-02
1.232177540659904480e-01
2.561056315898895264e-01
2.561056315898895264e-01
2.561056315898895264e-01
3.505232185125350952e-02
9.167666733264923096e-02
4.930295050144195557e-02
6.433513760566711426e-02
1.174742281436920166e-01
2.561056315898895264e-01
2.156271934509277344e-01
2.561056315898895264e-01
2.561056315898895264e-01
1.135469526052474976e-01
1.324271112680435181e-01
1.149150729179382324e-01
5.593906715512275696e-02
6.074575707316398621e-02
2.155176550149917603e-01
1.852227747440338135e-01
2.421125024557113647e-01
2.561056315898895264e-01
8.661707490682601929e-02
1.074843406677246094e-01
6.253438442945480347e-02
3.266859799623489380e-02
5.038634687662124634e-02
1.605300307273864746e-01
3.034056127071380615e-01
1.237823292613029480e-01
1.802626103162765503e-01
5.541173368692398071e-02
1.649097204208374023e-01
6.365552544593811035e-02
1.959928423166275024e-01
3.034056127071380615e-01
3.034056127071380615e-01
3.034056127071380615e-01
3.123747929930686951e-02
1.423808746039867401e-02
3.253306820988655090e-02
1.237912923097610474e-01
3.314929455518722534e-02
3.029391169548034668e-01
3.034056127071380615e-01
3.034056127071380615e-01
1.610596328973770142e-01
1.249856352806091309e-01
2.401099354028701782e-01
6.887228786945343018e-02
1.678759306669235229e-01
5.001897737383842468e-02
7.457137852907180786e-02
9.425549209117889404e-02
1.151125431060791016e-01
1.116638183593750000e-01
3.591760993003845215e-02
3.570223227143287659e-02
1.543450169265270233e-02
9.282712638378143311e-02
3.537518903613090515e-02
6.514250487089157104e-02
7.437468320131301880e-02
1.280846148729324341e-01
3.320229947566986084e-01
6.931379437446594238e-02
2.104512602090835571e-02
1.049805283546447754e-01
3.320229947566986084e-01
7.861223816871643066e-02
3.320229947566986084e-01
3.320229947566986084e-01
3.320229947566986084e-01
9.170234203338623047e-02
4.799256846308708191e-02
3.577863425016403198e-02
3.350116685032844543e-02
2.623854279518127441e-01
4.807971790432929993e-02
2.075057327747344971e-01
1.449586749076843262e-01
1.586057245731353760e-01
1.792731732130050659e-01
7.495836913585662842e-02
7.013162970542907715e-02
4.019822180271148682e-02
1.745481491088867188e-01
9.131201356649398804e-02
1.076100692152976990e-01
8.602060377597808838e-02
2.153310775756835938e-01
7.255827635526657104e-02
4.631964117288589478e-02
5.883642286062240601e-02
3.385760635137557983e-02
1.824311167001724243e-01
8.903243392705917358e-02
1.399648040533065796e-01
1.398352682590484619e-01
9.340221434831619263e-02
1.236988604068756104e-01
6.206158176064491272e-02
9.108795225620269775e-02
2.955299988389015198e-02
2.410319298505783081e-01
9.251641482114791870e-02
2.410319298505783081e-01
1.210047230124473572e-01
1.146646663546562195e-01
1.185422390699386597e-01
9.165757894515991211e-02
1.478214710950851440e-01
5.475028231739997864e-02
2.410319298505783081e-01
1.926664561033248901e-01
2.372465580701828003e-01
1.763597875833511353e-01
1.608003824949264526e-01
1.019138172268867493e-01
9.018911421298980713e-02
1.103509739041328430e-01
1.053889766335487366e-01
2.410319298505783081e-01
1.915650814771652222e-01
2.184394896030426025e-01
1.861252933740615845e-01
1.190908700227737427e-01
1.342068016529083252e-01
1.273653954267501831e-01
1.727099418640136719e-01
1.244222596287727356e-01
2.410319298505783081e-01
2.052186280488967896e-01
2.201223969459533691e-01
2.066347002983093262e-01
2.385703772306442261e-01
1.001529693603515625e-01
8.131565898656845093e-02
1.236496642231941223e-01
4.140241816639900208e-02
2.378786057233810425e-01
1.751243323087692261e-01
1.495859920978546143e-01
1.836191713809967041e-01
1.571671664714813232e-01
1.533264666795730591e-01
6.989312171936035156e-02
1.389062553644180298e-01
8.537469804286956787e-02
2.333888113498687744e-01
1.692854613065719604e-01
2.378786057233810425e-01
1.324574500322341919e-01
1.425683349370956421e-01
1.119706332683563232e-01
8.128751069307327271e-02
1.248728409409523010e-01
5.489810556173324585e-02
2.378786057233810425e-01
1.400312781333923340e-01
2.134744375944137573e-01
2.290499061346054077e-01
2.216583043336868286e-01
1.835628896951675415e-01
6.760453432798385620e-02
1.164031252264976501e-01
1.561373770236968994e-01
2.378786057233810425e-01
1.424644887447357178e-01
2.378786057233810425e-01
2.378786057233810425e-01
1.897413134574890137e-01
1.269560903310775757e-01
6.253571808338165283e-02
1.417966485023498535e-01
1.399324834346771240e-01
2.109167426824569702e-01
1.602148115634918213e-01
2.084627896547317505e-01
9.648527204990386963e-02
1.126665100455284119e-01
1.804463565349578857e-01
1.037610843777656555e-01
1.239828616380691528e-01
1.708968132734298706e-01
2.347076982259750366e-01
1.106522530317306519e-01
1.365475505590438843e-01
1.183423325419425964e-01
1.494907289743423462e-01
1.822878122329711914e-01
5.187148600816726685e-02
1.195115968585014343e-01
1.815768927335739136e-01
2.347076982259750366e-01
1.737929582595825195e-01
2.347076982259750366e-01
1.759074479341506958e-01
1.835158765316009521e-01
1.834720522165298462e-01
1.316789239645004272e-01
1.498640030622482300e-01
1.702066510915756226e-01
2.100414037704467773e-01
1.935717761516571045e-01
2.347076982259750366e-01
1.704598665237426758e-01
1.890865117311477661e-01
1.179444342851638794e-01
9.257374703884124756e-02
1.090669333934783936e-01
7.161614298820495605e-02
2.490906566381454468e-01
1.537881791591644287e-01
2.490906566381454468e-01
1.616722792387008667e-01
1.000650376081466675e-01
1.617690324783325195e-01
9.547138959169387817e-02
2.079011648893356323e-01
1.392956525087356567e-01
2.490906566381454468e-01
9.981228411197662354e-02
1.615099012851715088e-01
1.112186089158058167e-01
1.243271678686141968e-01
1.414989382028579712e-01
1.323157846927642822e-01
5.474836751818656921e-02
4.313848167657852173e-02
2.490906566381454468e-01
2.490906566381454468e-01
2.490906566381454468e-01
2.199050784111022949e-01
1.232552304863929749e-01
1.220846921205520630e-01
7.358583062887191772e-02
8.746346086263656616e-02
8.546438068151473999e-02
2.490906566381454468e-01
1.489409506320953369e-01
2.490906566381454468e-01
2.282301783561706543e-01
1.567348390817642212e-01
1.473295390605926514e-01
8.661634474992752075e-02
1.847261786460876465e-01
1.888893693685531616e-01
2.682206034660339355e-01
3.814966231584548950e-02
1.194372549653053284e-01
5.318661779165267944e-02
1.247994527220726013e-01
1.302371472120285034e-01
1.202326416969299316e-01
2.057832330465316772e-01
2.682206034660339355e-01
2.682206034660339355e-01
1.014993041753768921e-01
1.967617422342300415e-01
5.498912930488586426e-02
1.129561960697174072e-01
1.007228270173072815e-01
6.584905833005905151e-02
1.130298227071762085e-01
1.102037206292152405e-01
2.682206034660339355e-01
1.087045893073081970e-01
1.900511085987091064e-01
1.473065763711929321e-01
1.349673420190811157e-01
1.980967372655868530e-01
1.152512356638908386e-01
1.805089116096496582e-01
1.336976736783981323e-01
2.682206034660339355e-01
1.888849735260009766e-01
2.309517860412597656e-01
7.374416291713714600e-02
2.030180692672729492e-01
8.882304280996322632e-02
8.638291060924530029e-02
1.942722499370574951e-01
1.296653002500534058e-01
1.847662180662155151e-01
9.872614592313766479e-02
1.428639292716979980e-01
7.826339453458786011e-02
1.055826619267463684e-01
1.267093718051910400e-01
1.865023523569107056e-01
2.387249916791915894e-01
1.591056883335113525e-01
2.420850843191146851e-01
1.740096509456634521e-01
2.167269289493560791e-01
2.420850843191146851e-01
1.430866271257400513e-01
1.691693812608718872e-01
1.055358350276947021e-01
1.378072351217269897e-01
8.343856036663055420e-02
2.420850843191146851e-01
1.192513629794120789e-01
1.527978777885437012e-01
5.264928936958312988e-02
1.646663099527359009e-01
1.777716428041458130e-01
1.709249168634414673e-01
1.924809366464614868e-01
1.181164011359214783e-01
2.420850843191146851e-01
1.454781144857406616e-01
2.216367721557617188e-01
1.587598025798797607e-01
2.008608877658843994e-01
1.289946287870407104e-01
1.935624927282333374e-01
1.158038303256034851e-01
1.607608199119567871e-01
1.607366949319839478e-01
2.006821781396865845e-01
2.199473828077316284e-01
2.240962088108062744e-01
1.533942818641662598e-01
1.203049346804618835e-01
1.477541327476501465e-01
6.825472414493560791e-02
9.141072630882263184e-02
1.222497448325157166e-01
1.983939707279205322e-01
2.008724212646484375e-01
1.890042722225189209e-01
1.781966835260391235e-01
1.505477726459503174e-01
1.128783524036407471e-01
1.022307574748992920e-01
1.745725274085998535e-01
2.240962088108062744e-01
1.932914555072784424e-01
1.865268051624298096e-01
2.171085029840469360e-01
1.782218217849731445e-01
1.146351322531700134e-01
8.585526049137115479e-02
1.078671738505363464e-01
1.939875930547714233e-01
2.240962088108062744e-01
1.592203825712203979e-01
1.631311774253845215e-01
2.044789344072341919e-01
1.154816001653671265e-01
1.638251543045043945e-01
6.733053177595138550e-02
1.008427441120147705e-01
1.290689595043659210e-02
2.783294618129730225e-01
1.395258754491806030e-01
1.989059448242187500e-01
1.453692466020584106e-01
1.954025477170944214e-01
1.558339595794677734e-01
6.292121112346649170e-02
1.757051646709442139e-01
2.807416394352912903e-02
2.783294618129730225e-01
4.494772478938102722e-02
1.892312318086624146e-01
1.189578548073768616e-01
1.766084581613540649e-01
1.631793230772018433e-01
5.941024795174598694e-02
1.822082102298736572e-01
1.068575158715248108e-01
2.783294618129730225e-01
7.290764898061752319e-02
1.993743479251861572e-01
2.115283310413360596e-01
1.861627846956253052e-01
1.520430147647857666e-01
7.180574536323547363e-02
1.656742542982101440e-01
2.770757116377353668e-02
2.783294618129730225e-01
4.907470569014549255e-02
2.783294618129730225e-01
1.517710536718368530e-01
1.599414646625518799e-01
8.085779845714569092e-02
6.116344779729843140e-02
1.226383820176124573e-01
7.253222912549972534e-02
1.860758662223815918e-01
9.823532402515411377e-02
1.403810232877731323e-01
1.442331522703170776e-01
1.069801151752471924e-01
1.413270682096481323e-01
1.018221527338027954e-01
2.266421765089035034e-01
1.438806951045989990e-01
2.442202568054199219e-01
2.233189344406127930e-01
1.908286213874816895e-01
2.442202568054199219e-01
1.475097686052322388e-01
1.152500286698341370e-01
1.146349012851715088e-01
8.689926564693450928e-02
3.048794344067573547e-02
2.401957809925079346e-01
1.395397186279296875e-01
1.484344005584716797e-01
1.063271686434745789e-01
1.091313213109970093e-01
1.643493473529815674e-01
1.708949506282806396e-01
1.866948753595352173e-01
1.642206311225891113e-01
2.442202568054199219e-01
2.442202568054199219e-01
2.345158010721206665e-01
2.442202568054199219e-01
1.781068891286849976e-01
9.574986994266510010e-02
5.536021664738655090e-02
9.242035448551177979e-02
6.090546771883964539e-02
1.930899769067764282e-01
1.017248928546905518e-01
8.243801444768905640e-02
1.013498380780220032e-01
1.078684180974960327e-01
1.147157102823257446e-01
1.868758946657180786e-01
2.019429504871368408e-01
1.137994751334190369e-01
2.517282366752624512e-01
1.480690985918045044e-01
8.568272739648818970e-02
9.828118234872817993e-02
1.480847895145416260e-01
9.514411538839340210e-02
5.705584213137626648e-02
1.095590367913246155e-01
9.611335396766662598e-02
1.672284007072448730e-01
2.147565484046936035e-01
1.467785984277725220e-01
1.257830709218978882e-01
1.311701089143753052e-01
1.814159899950027466e-01
2.935628890991210938e-01
2.935628890991210938e-01
5.845664441585540771e-02
2.935628890991210938e-01
2.935628890991210938e-01
2.935628890991210938e-01
1.375246942043304443e-01
1.478832960128784180e-01
1.066278964281082153e-01
1.218795478343963623e-01
8.816045522689819336e-02
4.544871672987937927e-02
8.786086738109588623e-02
7.929764688014984131e-02
5.608614534139633179e-02
6.565742194652557373e-02
9.166747331619262695e-02
1.977233439683914185e-01
2.332086861133575439e-01
2.027512937784194946e-01
4.813599959015846252e-02
1.330328583717346191e-01
1.046675369143486023e-01
1.224439665675163269e-01
2.051953524351119995e-01
2.021032422780990601e-01
2.239093035459518433e-01
2.366122007369995117e-01
2.237402498722076416e-01
2.170877717435359955e-02
1.484683454036712646e-01
8.146636188030242920e-02
2.366122007369995117e-01
1.112292557954788208e-01
1.162926927208900452e-01
2.366122007369995117e-01
2.366122007369995117e-01
1.551447659730911255e-01
2.900871075689792633e-02
2.366122007369995117e-01
2.004189789295196533e-01
2.366122007369995117e-01
2.366122007369995117e-01
2.366122007369995117e-01
1.861577928066253662e-01
2.690717577934265137e-01
2.690717577934265137e-01
6.890986859798431396e-02
2.256137579679489136e-01
9.577097743749618530e-02
1.158777028322219849e-01
1.712908148765563965e-01
2.031981199979782104e-01
2.603566944599151611e-01
1.073159873485565186e-01
9.754104167222976685e-02
8.634872734546661377e-02
2.024396061897277832e-01
1.035849004983901978e-01
5.498379841446876526e-02
7.225210964679718018e-02
2.690717577934265137e-01
2.179876267910003662e-01
9.340314567089080811e-02
1.214382201433181763e-01
4.460673034191131592e-02
2.690717577934265137e-01
2.690717577934265137e-01
2.690717577934265137e-01
2.690717577934265137e-01
1.865275800228118896e-01
4.334810748696327209e-02
2.420194260776042938e-02
2.734433487057685852e-02
1.290005911141633987e-02
1.728858202695846558e-01
5.884449183940887451e-02
6.021979451179504395e-02
2.189166843891143799e-02
4.628300666809082031e-02
2.749867439270019531e-01
2.176945209503173828e-01
2.749867439270019531e-01
2.737111449241638184e-01
2.277769148349761963e-01
2.346197366714477539e-01
1.447371095418930054e-01
2.401082664728164673e-01
2.749867439270019531e-01
1.714512705802917480e-01
2.329349815845489502e-01
2.749867439270019531e-01
2.043610811233520508e-01
1.480324715375900269e-01
9.764411300420761108e-02
1.149652823805809021e-01
1.220259368419647217e-01
2.749867439270019531e-01
7.214079052209854126e-02
2.427332848310470581e-02
3.400841355323791504e-02
3.173574805259704590e-02
1.150854453444480896e-01
5.048613250255584717e-02
1.034979373216629028e-01
6.464324891567230225e-02
1.135156154632568359e-01
6.669110804796218872e-02
5.625943094491958618e-02
9.676631540060043335e-02
9.406802803277969360e-02
1.443287432193756104e-01
6.587605923414230347e-02
1.149493455886840820e-01
6.425874680280685425e-02
8.054123073816299438e-02
1.375121474266052246e-01
1.626596152782440186e-01
2.573986947536468506e-01
1.482971906661987305e-01
2.573986947536468506e-01
4.261644929647445679e-02
2.121213525533676147e-01
1.760109961032867432e-01
1.203385666012763977e-01
1.301044821739196777e-01
1.258883923292160034e-01
1.761035621166229248e-01
9.649083763360977173e-02
2.573986947536468506e-01
1.125984862446784973e-01
2.183987498283386230e-01
1.739167273044586182e-01
9.254773706197738647e-02
8.180606365203857422e-02
1.256001591682434082e-01
2.315251380205154419e-01
1.495437175035476685e-01
2.573986947536468506e-01
7.397357374429702759e-02
1.437695622444152832e-01
1.058870702981948853e-01
7.284122705459594727e-02
1.986960470676422119e-01
1.016464084386825562e-01
1.923602074384689331e-01
1.161396726965904236e-01
2.573986947536468506e-01
1.819070428609848022e-01
1.232643872499465942e-01
9.914930909872055054e-02
1.863485574722290039e-01
1.668899655342102051e-01
1.199604943394660950e-01
1.407141387462615967e-01
1.326820254325866699e-01
2.520996034145355225e-01
1.254000216722488403e-01
1.580511033535003662e-01
8.870887756347656250e-02
1.003500372171401978e-01
1.115792244672775269e-01
9.606439620256423950e-02
1.101288944482803345e-01
1.270981132984161377e-01
2.520996034145355225e-01
1.228223443031311035e-01
2.297443747520446777e-01
2.021677941083908081e-01
1.007661372423171997e-01
2.482975721359252930e-01
1.199019327759742737e-01
1.185264512896537781e-01
2.057513445615768433e-01
2.520996034145355225e-01
1.232279315590858459e-01
1.094771847128868103e-01
7.279378175735473633e-02
1.786568462848663330e-01
2.126730531454086304e-01
1.399390995502471924e-01
1.092543229460716248e-01
2.520996034145355225e-01
2.520996034145355225e-01
9.280792623758316040e-02
2.342115044593811035e-01
1.238386109471321106e-01
1.421678811311721802e-01
9.849760681390762329e-02
1.192407086491584778e-01
8.157268911600112915e-02
1.176217868924140930e-01
2.355900853872299194e-01
1.398457735776901245e-01
1.686079055070877075e-01
1.720692962408065796e-01
1.152336895465850830e-01
1.401955932378768921e-01
1.921916604042053223e-01
1.943237483501434326e-01
1.722689419984817505e-01
2.350083291530609131e-01
1.248763948678970337e-01
1.590584814548492432e-01
1.449043601751327515e-01
1.683063507080078125e-01
1.523204594850540161e-01
1.148449704051017761e-01
6.956957280635833740e-02
1.590572595596313477e-01
2.355900853872299194e-01
1.883405447006225586e-01
2.233064025640487671e-01
1.191758364439010620e-01
1.372890621423721313e-01
1.662893742322921753e-01
1.720080375671386719e-01
1.542246639728546143e-01
1.812694668769836426e-01
2.355900853872299194e-01
1.909316331148147583e-01
1.976995468139648438e-01
1.493292152881622314e-01
1.724454164505004883e-01
1.077274158596992493e-01
1.086101904511451721e-01
1.564769893884658813e-01
7.495985925197601318e-02
1.970065087080001831e-01
9.604881703853607178e-02
1.794922500848770142e-01
1.773028820753097534e-01
1.416503936052322388e-01
1.223258450627326965e-01
1.162423789501190186e-01
1.482726633548736572e-01
1.164062246680259705e-01
2.407832890748977661e-01
1.511995494365692139e-01
1.773766726255416870e-01
2.143187224864959717e-01
1.364205330610275269e-01
1.517997086048126221e-01
1.616000682115554810e-01
1.971814632415771484e-01
9.199272841215133667e-02
2.407832890748977661e-01
1.457938700914382935e-01
1.667230278253555298e-01
1.434488445520401001e-01
1.526689529418945312e-01
1.814889907836914062e-01
2.100158482789993286e-01
2.167850136756896973e-01
1.635033935308456421e-01
2.407832890748977661e-01
1.768693029880523682e-01
1.543565988540649414e-01
1.604189872741699219e-01
1.856587529182434082e-01
1.149584427475929260e-01
9.829761832952499390e-02
1.742025613784790039e-01
1.394637972116470337e-01
2.295308858156204224e-01
1.159598603844642639e-01
1.779253035783767700e-01
1.420580893754959106e-01
1.084594428539276123e-01
1.299327611923217773e-01
8.678688853979110718e-02
1.437191516160964966e-01
9.616266191005706787e-02
1.530370414257049561e-01
1.935744732618331909e-01
2.295308858156204224e-01
1.928561478853225708e-01
1.481854915618896484e-01
1.706110686063766479e-01
1.650729030370712280e-01
1.888227909803390503e-01
2.061533778905868530e-01
2.295308858156204224e-01
8.586203306913375854e-02
1.638754457235336304e-01
1.453681588172912598e-01
1.704634726047515869e-01
1.646847128868103027e-01
1.677365452051162720e-01
1.738663762807846069e-01
1.697719842195510864e-01
2.083031833171844482e-01
1.435600817203521729e-01
2.295308858156204224e-01
1.785781830549240112e-01
1.837354302406311035e-01
