2.758286893367767334e-01
1.454632878303527832e-01
7.720677554607391357e-02
6.348559260368347168e-02
4.848395287990570068e-02
5.108158290386199951e-02
1.014689281582832336e-01
1.739363670349121094e-01
2.758286893367767334e-01
2.758286893367767334e-01
1.576941758394241333e-01
1.292457729578018188e-01
5.891568958759307861e-02
7.751108705997467041e-02
3.179309517145156860e-02
1.087422370910644531e-01
1.834235340356826782e-01
2.758286893367767334e-01
2.654106616973876953e-01
7.736190408468246460e-02
2.855177409946918488e-02
3.193715214729309082e-02
4.480716958642005920e-02
5.362018197774887085e-02
1.960884034633636475e-01
2.758286893367767334e-01
2.758286893367767334e-01
2.758286893367767334e-01
1.265521347522735596e-01
3.012163005769252777e-02
1.386844925582408905e-02
2.196225523948669434e-02
4.270012676715850830e-02
1.510653793811798096e-01
2.248614281415939331e-01
2.758286893367767334e-01
2.706966996192932129e-01
7.509192824363708496e-02
7.546090334653854370e-02
5.816520377993583679e-02
8.264786750078201294e-02
6.052200868725776672e-02
6.966115534305572510e-02
1.235302761197090149e-01
2.907566726207733154e-01
2.907566726207733154e-01
1.018515601754188538e-01
3.101275302469730377e-02
4.871460422873497009e-02
5.961140990257263184e-02
9.915032237768173218e-02
1.350988149642944336e-01
1.598297655582427979e-01
2.907566726207733154e-01
2.907566726207733154e-01
1.093232557177543640e-01
2.005008235573768616e-02
3.690033033490180969e-02
4.966096580028533936e-02
5.494413152337074280e-02
1.324556916952133179e-01
1.066792160272598267e-01
2.907566726207733154e-01
2.907566726207733154e-01
2.631341218948364258e-01
1.080616712570190430e-01
4.977946728467941284e-02
7.489306479692459106e-02
7.858081161975860596e-02
2.206090092658996582e-01
1.544566303491592407e-01
2.907566726207733154e-01
1.998774558305740356e-01
1.046861857175827026e-01
6.137663498520851135e-02
6.687957048416137695e-02
4.191103205084800720e-02
5.019366741180419922e-02
1.103735491633415222e-01
1.328251510858535767e-01
2.412005513906478882e-01
2.706547677516937256e-01
2.565799951553344727e-01
1.157369613647460938e-01
7.679321616888046265e-02
6.997699290513992310e-02
5.244966596364974976e-02
9.554992616176605225e-02
1.838111877441406250e-01
2.706547677516937256e-01
2.706547677516937256e-01
2.706547677516937256e-01
1.301659047603607178e-01
6.392792612314224243e-02
5.283126607537269592e-02
4.864946380257606506e-02
1.231501772999763489e-01
1.234098449349403381e-01
2.706547677516937256e-01
2.706547677516937256e-01
2.706547677516937256e-01
1.514705419540405273e-01
1.063026115298271179e-01
6.423813104629516602e-02
5.716183781623840332e-02
6.720955669879913330e-02
1.463092863559722900e-01
2.706547677516937256e-01
2.925148904323577881e-01
2.925148904323577881e-01
1.179155334830284119e-01
3.247449919581413269e-02
6.586248427629470825e-02
4.890206456184387207e-02
4.250732064247131348e-02
1.196537837386131287e-01
1.945140510797500610e-01
2.925148904323577881e-01
2.925148904323577881e-01
1.839060485363006592e-01
4.519609734416007996e-02
6.532399356365203857e-02
4.845378175377845764e-02
3.426769748330116272e-02
9.297133237123489380e-02
1.710903644561767578e-01
2.925148904323577881e-01
2.925148904323577881e-01
8.971550315618515015e-02
4.561642557382583618e-02
3.256409987807273865e-02
4.639955237507820129e-02
4.355749487876892090e-02
7.403270155191421509e-02
2.812163531780242920e-01
2.925148904323577881e-01
2.925148904323577881e-01
9.470520913600921631e-02
1.692938245832920074e-02
2.702925354242324829e-02
6.354101002216339111e-02
5.465422570705413818e-02
5.037027969956398010e-02
1.897078454494476318e-01
2.706241905689239502e-01
2.706241905689239502e-01
2.404086291790008545e-01
7.223700731992721558e-02
5.444469675421714783e-02
4.247258231043815613e-02
4.287686944007873535e-02
6.038075312972068787e-02
1.676487028598785400e-01
2.706241905689239502e-01
2.706241905689239502e-01
2.249794900417327881e-01
6.929949671030044556e-02
7.877545058727264404e-02
6.503576785326004028e-02
1.066162809729576111e-01
8.456848561763763428e-02
2.706241905689239502e-01
2.706241905689239502e-01
2.706241905689239502e-01
1.607086807489395142e-01
3.683152422308921814e-02
4.424399882555007935e-02
8.803344517946243286e-02
7.278561592102050781e-02
6.062182039022445679e-02
1.474236696958541870e-01
2.067565470933914185e-01
1.983872950077056885e-01
2.112362831830978394e-01
8.016516268253326416e-02
1.031041666865348816e-01
1.357012689113616943e-01
1.395635455846786499e-01
1.063105687499046326e-01
1.957352310419082642e-01
2.323151081800460815e-01
1.387315988540649414e-01
1.736027151346206665e-01
1.070889830589294434e-01
8.291452378034591675e-02
1.064451709389686584e-01
1.818104535341262817e-01
1.357836276292800903e-01
2.323151081800460815e-01
2.262512594461441040e-01
9.188082814216613770e-02
1.538974195718765259e-01
2.064368873834609985e-01
1.507816761732101440e-01
1.490158140659332275e-01
1.693141460418701172e-01
1.465339511632919312e-01
1.762942224740982056e-01
1.633066087961196899e-01
1.417518705129623413e-01
1.553502678871154785e-01
9.190758317708969116e-02
9.754200279712677002e-02
1.987872123718261719e-01
2.323151081800460815e-01
1.794520765542984009e-01
1.658988296985626221e-01
1.732263863086700439e-01
1.080393493175506592e-01
1.267845034599304199e-01
1.792001873254776001e-01
7.098930329084396362e-02
2.030501812696456909e-01
2.323151081800460815e-01
1.569646298885345459e-01
2.242351025342941284e-01
2.026389390230178833e-01
9.101828187704086304e-02
1.691246330738067627e-01
1.758342236280441284e-01
1.806702911853790283e-01
1.871770173311233521e-01
1.148687899112701416e-01
1.326651722192764282e-01
1.437816619873046875e-01
1.625936180353164673e-01
9.233021736145019531e-02
1.525250226259231567e-01
1.196307390928268433e-01
1.417967975139617920e-01
2.310129404067993164e-01
1.959260404109954834e-01
1.199075654149055481e-01
1.651868522167205811e-01
1.916698366403579712e-01
9.722445905208587646e-02
1.277579665184020996e-01
2.310129404067993164e-01
1.122074276208877563e-01
1.401881426572799683e-01
1.585953682661056519e-01
1.043135151267051697e-01
2.195244580507278442e-01
2.161553353071212769e-01
1.320755183696746826e-01
1.219288930296897888e-01
2.113200277090072632e-01
1.728376448154449463e-01
1.958353221416473389e-01
1.964042782783508301e-01
1.655712723731994629e-01
2.310129404067993164e-01
1.321698427200317383e-01
1.424072086811065674e-01
1.283370256423950195e-01
1.179137602448463440e-01
1.198603883385658264e-01
2.158837020397186279e-01
1.999689191579818726e-01
1.208237931132316589e-01
1.176313683390617371e-01
1.709904968738555908e-01
1.521320044994354248e-01
1.190036162734031677e-01
1.921863108873367310e-01
1.235672608017921448e-01
2.266189157962799072e-01
2.266189157962799072e-01
2.266189157962799072e-01
1.246033832430839539e-01
1.763316094875335693e-01
1.729423254728317261e-01
1.370829045772552490e-01
1.592625528573989868e-01
1.787048727273941040e-01
1.417227089405059814e-01
1.380279809236526489e-01
1.657247841358184814e-01
1.129310429096221924e-01
1.762733906507492065e-01
2.177828401327133179e-01
1.710268408060073853e-01
2.123314440250396729e-01
1.707229465246200562e-01
1.369043886661529541e-01
1.942457109689712524e-01
2.098147720098495483e-01
1.137817800045013428e-01
1.435191482305526733e-01
6.534604728221893311e-02
9.599711000919342041e-02
2.202801853418350220e-01
8.188058435916900635e-02
1.753384023904800415e-01
1.441087573766708374e-01
1.551853418350219727e-01
1.136523261666297913e-01
2.382553070783615112e-01
1.315952688455581665e-01
1.428982019424438477e-01
2.382553070783615112e-01
1.668610870838165283e-01
1.425611525774002075e-01
1.099811047315597534e-01
1.597959548234939575e-01
2.237295061349868774e-01
1.813071519136428833e-01
1.312835663557052612e-01
1.070354208350181580e-01
2.215120792388916016e-01
1.024999469518661499e-01
1.202581971883773804e-01
1.520737856626510620e-01
1.146868690848350525e-01
1.823624074459075928e-01
2.382553070783615112e-01
2.382553070783615112e-01
2.015321254730224609e-01
2.263752967119216919e-01
1.719254404306411743e-01
1.151860281825065613e-01
1.316926181316375732e-01
7.221337407827377319e-02
2.382553070783615112e-01
1.658186763525009155e-01
1.014489382505416870e-01
8.940871059894561768e-02
1.324924826622009277e-01
1.510484218597412109e-01
9.238064289093017578e-02
1.224107369780540466e-01
1.291557699441909790e-01
1.878058314323425293e-01
2.037964016199111938e-01
1.967576146125793457e-01
8.519483357667922974e-02
1.452768892049789429e-01
1.786490827798843384e-01
1.571174860000610352e-01
1.552137285470962524e-01
1.446602344512939453e-01
1.436940580606460571e-01
2.389255017042160034e-01
2.389255017042160034e-01
1.726214736700057983e-01
1.462396383285522461e-01
1.195936203002929688e-01
1.156594157218933105e-01
1.490049213171005249e-01
6.500692665576934814e-02
2.350064516067504883e-01
2.389255017042160034e-01
2.287131845951080322e-01
1.643496751785278320e-01
1.317003518342971802e-01
1.321830153465270996e-01
1.769424676895141602e-01
2.213642746210098267e-01
1.476547271013259888e-01
2.389255017042160034e-01
1.538489162921905518e-01
1.718814671039581299e-01
9.151289612054824829e-02
1.080230325460433960e-01
1.759594827890396118e-01
1.178966909646987915e-01
7.199116051197052002e-02
1.268966048955917358e-01
1.290926486253738403e-01
1.795392334461212158e-01
2.104418575763702393e-01
1.985861361026763916e-01
1.829776018857955933e-01
1.488680392503738403e-01
1.067889928817749023e-01
5.050593987107276917e-02
9.228570759296417236e-02
1.394191980361938477e-01
2.305175065994262695e-01
1.670860350131988525e-01
1.500480771064758301e-01
1.792335510253906250e-01
1.645266115665435791e-01
1.267121583223342896e-01
1.658166497945785522e-01
1.323026269674301147e-01
2.289736568927764893e-01
1.627857983112335205e-01
2.305175065994262695e-01
2.305175065994262695e-01
2.305175065994262695e-01
1.843044608831405640e-01
1.315011680126190186e-01
1.539695560932159424e-01
2.181230485439300537e-01
2.083569020032882690e-01
1.702901422977447510e-01
1.651311218738555908e-01
2.274307459592819214e-01
1.335272043943405151e-01
8.449956029653549194e-02
1.072035133838653564e-01
6.514206528663635254e-02
5.667669698596000671e-02
1.398344784975051880e-01
1.867967694997787476e-01
1.395702064037322998e-01
2.110657393932342529e-01
1.142243072390556335e-01
1.309491991996765137e-01
1.195504292845726013e-01
1.429844945669174194e-01
7.706864178180694580e-02
1.725245118141174316e-01
1.456669121980667114e-01
2.274307459592819214e-01
2.274307459592819214e-01
2.097334414720535278e-01
1.241506785154342651e-01
1.348804533481597900e-01
1.301572024822235107e-01
2.274307459592819214e-01
1.703820824623107910e-01
2.274307459592819214e-01
2.249037921428680420e-01
2.274307459592819214e-01
2.030766308307647705e-01
1.871137320995330811e-01
1.165150925517082214e-01
1.344837695360183716e-01
1.143604516983032227e-01
2.274307459592819214e-01
1.394726186990737915e-01
1.330328881740570068e-01
1.552236229181289673e-01
1.252012252807617188e-01
2.330262511968612671e-01
9.067519009113311768e-02
1.081116572022438049e-01
7.244637608528137207e-02
8.322555571794509888e-02
1.269567012786865234e-01
1.817324459552764893e-01
1.644109189510345459e-01
1.848188191652297974e-01
2.330262511968612671e-01
1.710322350263595581e-01
1.430660039186477661e-01
1.098958626389503479e-01
8.258060365915298462e-02
2.330262511968612671e-01
1.918784826993942261e-01
2.330262511968612671e-01
2.330262511968612671e-01
2.330262511968612671e-01
6.861313432455062866e-02
8.599721640348434448e-02
8.223961293697357178e-02
1.365911215543746948e-01
2.008215039968490601e-01
2.330262511968612671e-01
2.330262511968612671e-01
2.330262511968612671e-01
2.330262511968612671e-01
1.130851656198501587e-01
1.099028587341308594e-01
1.037463620305061340e-01
1.280733346939086914e-01
1.777757257223129272e-01
1.552289277315139771e-01
1.047860383987426758e-01
1.450831294059753418e-01
1.815794408321380615e-01
1.663390547037124634e-01
1.267143934965133667e-01
9.242669492959976196e-02
1.319600641727447510e-01
1.787619441747665405e-01
1.560778468847274780e-01
1.851328015327453613e-01
1.300418376922607422e-01
1.877957582473754883e-01
1.358880847692489624e-01
1.686623245477676392e-01
6.924180686473846436e-02
1.681951135396957397e-01
2.209223806858062744e-01
2.246281653642654419e-01
1.857486218214035034e-01
1.875946223735809326e-01
1.570988446474075317e-01
1.347754150629043579e-01
1.479641795158386230e-01
1.165550649166107178e-01
1.787942796945571899e-01
2.049922198057174683e-01
2.246281653642654419e-01
2.051384001970291138e-01
1.662028580904006958e-01
1.325624883174896240e-01
1.952540278434753418e-01
2.159208357334136963e-01
1.134099215269088745e-01
1.673126816749572754e-01
1.751769930124282837e-01
1.523381024599075317e-01
1.715158373117446899e-01
1.707322448492050171e-01
1.487928926944732666e-01
1.228502094745635986e-01
1.635464280843734741e-01
7.836274802684783936e-02
1.859188675880432129e-01
2.276164144277572632e-01
1.118362843990325928e-01
9.807536005973815918e-02
1.816891133785247803e-01
1.302158087491989136e-01
1.496081352233886719e-01
2.276164144277572632e-01
1.094379872083663940e-01
1.839050501585006714e-01
2.158478945493698120e-01
2.031300514936447144e-01
1.568380296230316162e-01
2.115714997053146362e-01
1.192763969302177429e-01
1.430227160453796387e-01
1.670719534158706665e-01
4.908626899123191833e-02
1.535923182964324951e-01
2.276164144277572632e-01
2.074515372514724731e-01
1.179781407117843628e-01
1.903008073568344116e-01
1.414103358983993530e-01
2.043692618608474731e-01
2.164879590272903442e-01
4.804876446723937988e-02
1.869769096374511719e-01
2.455238699913024902e-01
1.130485907196998596e-01
6.310968101024627686e-02
4.756794497370719910e-02
8.292879909276962280e-02
3.959153592586517334e-02
1.030708029866218567e-01
1.233155205845832825e-01
1.850683689117431641e-01
2.547255456447601318e-01
2.072701454162597656e-01
5.832350626587867737e-02
6.202988699078559875e-02
1.124333515763282776e-01
3.933953493833541870e-02
8.988472074270248413e-02
1.417258381843566895e-01
2.547255456447601318e-01
2.547255456447601318e-01
1.810256391763687134e-01
1.293148547410964966e-01
8.870968222618103027e-02
2.167483121156692505e-01
6.731133162975311279e-02
1.281078457832336426e-01
9.571503102779388428e-02
2.404390275478363037e-01
2.547255456447601318e-01
2.547255456447601318e-01
1.065250709652900696e-01
1.628867685794830322e-01
2.547255456447601318e-01
9.942305088043212891e-02
1.599044054746627808e-01
1.930562406778335571e-01
2.547255456447601318e-01
2.566367089748382568e-01
1.575937122106552124e-01
2.501154690980911255e-02
4.309516027569770813e-02
8.169800788164138794e-02
4.324962571263313293e-02
1.201517805457115173e-01
1.143490150570869446e-01
2.566367089748382568e-01
2.566367089748382568e-01
2.501827478408813477e-01
1.246554404497146606e-01
3.156979382038116455e-02
9.344411641359329224e-02
4.921830445528030396e-02
1.399674415588378906e-01
1.004803925752639771e-01
2.566367089748382568e-01
2.446561008691787720e-01
2.048555463552474976e-01
6.455998122692108154e-02
9.898227453231811523e-02
1.940622627735137939e-01
4.452479630708694458e-02
1.381228268146514893e-01
1.897767484188079834e-01
2.566367089748382568e-01
2.566367089748382568e-01
2.566367089748382568e-01
1.705250442028045654e-01
4.550775513052940369e-02
1.110107377171516418e-01
4.035794734954833984e-02
1.106407642364501953e-01
1.390137374401092529e-01
2.566367089748382568e-01
2.576226592063903809e-01
2.576226592063903809e-01
1.452196836471557617e-01
1.996685564517974854e-02
7.215737551450729370e-02
4.666416347026824951e-02
4.490740969777107239e-02
7.698412239551544189e-02
2.221170961856842041e-01
2.576226592063903809e-01
1.859706491231918335e-01
1.164274364709854126e-01
5.454620718955993652e-02
1.026565283536911011e-01
6.527359783649444580e-02
3.896974399685859680e-02
1.085766851902008057e-01
2.201700359582901001e-01
2.576226592063903809e-01
2.576226592063903809e-01
1.934302449226379395e-01
6.002804264426231384e-02
6.116322800517082214e-02
4.099448025226593018e-02
5.772253870964050293e-02
1.073143631219863892e-01
2.541450858116149902e-01
2.576226592063903809e-01
2.576226592063903809e-01
2.576226592063903809e-01
1.277085095643997192e-01
1.202094703912734985e-01
1.123904958367347717e-01
8.309734612703323364e-02
1.003887429833412170e-01
2.576226592063903809e-01
2.695964574813842773e-01
1.992757022380828857e-01
9.738507121801376343e-02
6.625878810882568359e-02
6.314129382371902466e-02
5.932132527232170105e-02
6.053347885608673096e-02
8.689860254526138306e-02
2.102655619382858276e-01
2.695964574813842773e-01
2.375666499137878418e-01
8.718209713697433472e-02
4.156215116381645203e-02
6.345141679048538208e-02
1.069471836090087891e-01
8.679516613483428955e-02
8.622153103351593018e-02
1.889200061559677124e-01
2.695964574813842773e-01
2.558149695396423340e-01
2.222501486539840698e-01
1.121767237782478333e-01
1.117363944649696350e-01
1.022001802921295166e-01
8.632981777191162109e-02
7.752986997365951538e-02
2.695964574813842773e-01
2.695964574813842773e-01
2.695964574813842773e-01
1.670236736536026001e-01
7.869812101125717163e-02
1.410890072584152222e-01
1.588709801435470581e-01
6.298432499170303345e-02
9.469873458147048950e-02
2.383721619844436646e-01
2.304143905639648438e-01
1.515045315027236938e-01
9.710616618394851685e-02
6.910254806280136108e-02
9.934310615062713623e-02
1.342529952526092529e-01
1.211901605129241943e-01
1.149220317602157593e-01
1.931313723325729370e-01
2.063967287540435791e-01
1.113153770565986633e-01
1.919321417808532715e-01
1.365725994110107422e-01
1.023588404059410095e-01
1.583792865276336670e-01
1.321313381195068359e-01
1.520742624998092651e-01
2.503284811973571777e-01
2.503284811973571777e-01
2.503284811973571777e-01
1.796048730611801147e-01
8.531372249126434326e-02
1.580804586410522461e-01
1.206430122256278992e-01
9.855694323778152466e-02
1.156089454889297485e-01
2.388467937707901001e-01
2.503284811973571777e-01
2.053672671318054199e-01
1.779292523860931396e-01
7.894768565893173218e-02
6.381732225418090820e-02
1.166257336735725403e-01
1.229241266846656799e-01
2.053152173757553101e-01
2.503284811973571777e-01
2.450394779443740845e-01
1.597047895193099976e-01
1.858373880386352539e-01
1.149637848138809204e-01
6.995303183794021606e-02
1.833345293998718262e-01
1.152304187417030334e-01
1.465578079223632812e-01
1.913046687841415405e-01
2.541333138942718506e-01
1.631929576396942139e-01
2.155287563800811768e-01
1.440802961587905884e-01
2.406359650194644928e-02
1.522339731454849243e-01
1.298389434814453125e-01
1.506573110818862915e-01
2.403258532285690308e-01
2.541333138942718506e-01
1.902209669351577759e-01
1.655944436788558960e-01
6.809877604246139526e-02
3.530555590987205505e-02
1.288679391145706177e-01
7.778368890285491943e-02
1.407266110181808472e-01
2.541333138942718506e-01
2.541333138942718506e-01
1.753259152173995972e-01
2.275811284780502319e-01
1.086625456809997559e-01
1.461746171116828918e-02
8.155998587608337402e-02
9.506175667047500610e-02
9.778741002082824707e-02
2.220312952995300293e-01
2.411051988601684570e-01
1.308646053075790405e-01
1.399901658296585083e-01
1.560147702693939209e-01
3.898968920111656189e-02
1.186803430318832397e-01
1.294115781784057617e-01
1.387482583522796631e-01
2.043377012014389038e-01
1.720323711633682251e-01
2.282527387142181396e-01
8.709117025136947632e-02
1.615259796380996704e-01
1.028306037187576294e-01
1.619874536991119385e-01
1.527074277400970459e-01
2.106645852327346802e-01
2.153494060039520264e-01
2.411051988601684570e-01
1.491487771272659302e-01
1.398149281740188599e-01
7.090737670660018921e-02
3.875623270869255066e-02
8.878212422132492065e-02
1.516813784837722778e-01
2.159280925989151001e-01
2.242961078882217407e-01
2.192747741937637329e-01
2.411051988601684570e-01
9.431048482656478882e-02
8.698694407939910889e-02
7.917272299528121948e-02
1.225340664386749268e-01
1.558205485343933105e-01
2.411051988601684570e-01
2.411051988601684570e-01
1.680712699890136719e-01
1.785361319780349731e-01
8.268926292657852173e-02
1.429341584444046021e-01
1.488728672266006470e-01
8.834557235240936279e-02
8.811242133378982544e-02
1.922460943460464478e-01
1.391254663467407227e-01
2.014939635992050171e-01
2.389143556356430054e-01
1.589562594890594482e-01
1.366004496812820435e-01
1.672247946262359619e-01
5.404566600918769836e-02
1.129260659217834473e-01
1.587170064449310303e-01
1.280841827392578125e-01
1.619240790605545044e-01
1.848363131284713745e-01
1.048750132322311401e-01
1.207792535424232483e-01
1.004357114434242249e-01
1.666456907987594604e-01
6.698207557201385498e-02
2.277267128229141235e-01
2.389143556356430054e-01
2.152824550867080688e-01
2.389143556356430054e-01
2.389143556356430054e-01
2.231129109859466553e-01
1.048715114593505859e-01
1.213110685348510742e-01
9.728204458951950073e-02
2.225660830736160278e-01
2.389143556356430054e-01
1.749567985534667969e-01
1.837381571531295776e-01
8.853642642498016357e-02
9.911233186721801758e-02
6.494953483343124390e-02
3.935857862234115601e-02
1.115617156028747559e-01
1.094614788889884949e-01
1.784694045782089233e-01
2.403111904859542847e-01
2.019673883914947510e-01
8.237425982952117920e-02
1.277486085891723633e-01
9.560015797615051270e-02
1.126540005207061768e-01
2.403111904859542847e-01
1.471233367919921875e-01
2.228198051452636719e-01
1.816399693489074707e-01
2.403111904859542847e-01
1.922081112861633301e-01
1.239021122455596924e-01
5.641592666506767273e-02
3.417457267642021179e-02
1.149550601840019226e-01
1.758668571710586548e-01
1.931009441614151001e-01
2.403111904859542847e-01
2.403111904859542847e-01
2.013697922229766846e-01
8.323598653078079224e-02
1.188253089785575867e-01
1.555897593498229980e-01
2.403111904859542847e-01
2.403111904859542847e-01
1.880869120359420776e-01
2.317349165678024292e-01
1.845594793558120728e-01
1.205021291971206665e-01
1.088269650936126709e-01
8.699642121791839600e-02
1.416171938180923462e-01
2.317349165678024292e-01
1.257921010255813599e-01
1.358873248100280762e-01
2.317349165678024292e-01
1.625966131687164307e-01
2.206896990537643433e-01
1.101748570799827576e-01
1.344152837991714478e-01
1.648815870285034180e-01
2.317349165678024292e-01
1.193664222955703735e-01
1.662793457508087158e-01
1.593237072229385376e-01
1.243101581931114197e-01
1.668785959482192993e-01
1.089541763067245483e-01
1.069381386041641235e-01
1.720458716154098511e-01
2.317349165678024292e-01
2.189706265926361084e-01
8.922246098518371582e-02
1.783777177333831787e-01
1.985815465450286865e-01
2.317349165678024292e-01
1.685638576745986938e-01
1.348675936460494995e-01
1.345853209495544434e-01
1.903479099273681641e-01
1.295915246009826660e-01
1.105044484138488770e-01
2.011979520320892334e-01
1.265579760074615479e-01
2.441078871488571167e-01
1.910526752471923828e-01
1.449025273323059082e-01
1.266921013593673706e-01
1.628798395395278931e-01
7.350936532020568848e-02
1.605960279703140259e-01
1.332761049270629883e-01
1.326099783182144165e-01
1.695314049720764160e-01
2.441078871488571167e-01
1.843886822462081909e-01
1.534638553857803345e-01
1.635208874940872192e-01
1.447616070508956909e-01
1.659094095230102539e-01
1.210553124547004700e-01
2.025780528783798218e-01
2.441078871488571167e-01
2.441078871488571167e-01
1.318052262067794800e-01
1.306140273809432983e-01
8.238601684570312500e-02
5.969962105154991150e-02
7.462347298860549927e-02
1.441465318202972412e-01
1.644053310155868530e-01
2.441078871488571167e-01
2.441078871488571167e-01
1.936940997838973999e-01
1.838456839323043823e-01
1.027657836675643921e-01
4.567028209567070007e-02
1.325971186161041260e-01
1.374970376491546631e-01
1.456357538700103760e-01
9.013430029153823853e-02
1.841695159673690796e-01
1.371181160211563110e-01
1.522794514894485474e-01
2.084499001502990723e-01
2.226674854755401611e-01
1.687785387039184570e-01
2.226674854755401611e-01
1.525744199752807617e-01
1.253213286399841309e-01
2.226674854755401611e-01
1.645331382751464844e-01
1.594150066375732422e-01
1.876724958419799805e-01
1.457817703485488892e-01
2.129396945238113403e-01
1.811627745628356934e-01
1.661127060651779175e-01
8.988310396671295166e-02
2.025471925735473633e-01
1.496061235666275024e-01
1.187755167484283447e-01
1.496935784816741943e-01
8.947072923183441162e-02
1.969673484563827515e-01
1.486140936613082886e-01
1.055277958512306213e-01
9.142722189426422119e-02
1.944280564785003662e-01
1.452418565750122070e-01
1.406404078006744385e-01
2.226674854755401611e-01
1.812479048967361450e-01
2.043394148349761963e-01
2.092844098806381226e-01
1.238295361399650574e-01
1.414893865585327148e-01
2.229327261447906494e-01
1.719995290040969849e-01
1.216325312852859497e-01
1.189937219023704529e-01
1.217403709888458252e-01
1.400637030601501465e-01
1.871679127216339111e-01
2.229327261447906494e-01
1.548407673835754395e-01
2.229327261447906494e-01
2.229327261447906494e-01
1.370152235031127930e-01
1.247490867972373962e-01
1.572814285755157471e-01
1.588697731494903564e-01
1.063918024301528931e-01
8.501763641834259033e-02
9.778703004121780396e-02
1.577092558145523071e-01
1.404809057712554932e-01
1.484267711639404297e-01
1.774964630603790283e-01
1.469274014234542847e-01
1.556041538715362549e-01
1.255317181348800659e-01
1.639425307512283325e-01
1.447375714778900146e-01
1.764300465583801270e-01
2.229327261447906494e-01
2.229327261447906494e-01
1.945652961730957031e-01
1.726540476083755493e-01
2.229327261447906494e-01
1.766396313905715942e-01
2.089388817548751831e-01
1.271257251501083374e-01
1.717527955770492554e-01
1.429062038660049438e-01
1.118351444602012634e-01
1.742789596319198608e-01
1.708248704671859741e-01
1.453135907649993896e-01
1.658776402473449707e-01
1.733421087265014648e-01
1.053609997034072876e-01
1.376696974039077759e-01
1.187606528401374817e-01
1.951528787612915039e-01
2.308843582868576050e-01
1.857016682624816895e-01
1.627513021230697632e-01
1.284649670124053955e-01
1.294527351856231689e-01
1.385436505079269409e-01
1.308926641941070557e-01
1.777534484863281250e-01
1.852760016918182373e-01
2.308843582868576050e-01
1.654743701219558716e-01
1.691351830959320068e-01
1.420723944902420044e-01
1.063768267631530762e-01
1.247030124068260193e-01
1.523538529872894287e-01
1.881264895200729370e-01
2.015527784824371338e-01
2.308843582868576050e-01
1.728057116270065308e-01
1.877077817916870117e-01
1.863971501588821411e-01
1.796617209911346436e-01
9.273736178874969482e-02
1.557150334119796753e-01
1.224150359630584717e-01
1.260087341070175171e-01
1.959917694330215454e-01
1.140398159623146057e-01
1.445883661508560181e-01
2.107325047254562378e-01
2.101219445466995239e-01
1.146316230297088623e-01
1.646249890327453613e-01
1.650696992874145508e-01
1.638792306184768677e-01
1.041809394955635071e-01
6.653677672147750854e-02
1.632297039031982422e-01
1.395547389984130859e-01
1.294729262590408325e-01
1.167096719145774841e-01
1.651090979576110840e-01
1.653621345758438110e-01
1.346561908721923828e-01
2.304538488388061523e-01
2.182136327028274536e-01
1.556625068187713623e-01
2.271597087383270264e-01
1.496748030185699463e-01
1.552412360906600952e-01
2.026930749416351318e-01
2.304538488388061523e-01
1.447693854570388794e-01
2.304538488388061523e-01
1.787643283605575562e-01
1.547045707702636719e-01
2.369704693555831909e-01
1.582581400871276855e-01
1.676472127437591553e-01
1.231536120176315308e-01
2.229801565408706665e-01
1.330378353595733643e-01
1.523723304271697998e-01
1.196058169007301331e-01
2.369704693555831909e-01
2.345990389585494995e-01
1.778560429811477661e-01
1.371191740036010742e-01
1.286140978336334229e-01
2.369704693555831909e-01
1.456328630447387695e-01
1.722597181797027588e-01
2.007069736719131470e-01
2.369704693555831909e-01
2.000230848789215088e-01
1.820906996726989746e-01
1.428955197334289551e-01
1.063050404191017151e-01
1.172817125916481018e-01
1.273742914199829102e-01
1.289730668067932129e-01
9.920921921730041504e-02
2.013120502233505249e-01
1.116145923733711243e-01
1.427039951086044312e-01
1.558677852153778076e-01
1.034876555204391479e-01
1.164357736706733704e-01
1.502191722393035889e-01
1.781557947397232056e-01
1.353409141302108765e-01
1.752096265554428101e-01
1.585006564855575562e-01
1.851958036422729492e-01
1.048096939921379089e-01
9.686962515115737915e-02
1.937410235404968262e-01
1.139442548155784607e-01
2.057424336671829224e-01
2.304043173789978027e-01
2.330969125032424927e-01
2.330969125032424927e-01
2.330969125032424927e-01
1.436433345079421997e-01
7.871238887310028076e-02
1.426980495452880859e-01
1.259393393993377686e-01
1.794527322053909302e-01
2.025384306907653809e-01
2.330969125032424927e-01
1.082924306392669678e-01
1.590571552515029907e-01
1.709796190261840820e-01
7.673848420381546021e-02
6.299369037151336670e-02
1.364068388938903809e-01
1.593564450740814209e-01
1.545871645212173462e-01
1.723609119653701782e-01
1.370157450437545776e-01
2.330969125032424927e-01
1.600410938262939453e-01
8.256588131189346313e-02
1.160157769918441772e-01
1.565498560667037964e-01
1.380561292171478271e-01
1.664609313011169434e-01
2.330969125032424927e-01
2.284801602363586426e-01
2.641017735004425049e-01
1.083459779620170593e-01
8.688997477293014526e-02
5.918232351541519165e-02
7.224453985691070557e-02
1.075604334473609924e-01
1.481449753046035767e-01
2.654249370098114014e-01
2.654249370098114014e-01
1.858128160238265991e-01
1.944911330938339233e-01
1.347741037607192993e-01
7.094018161296844482e-02
1.077548563480377197e-01
1.439955979585647583e-01
2.025671899318695068e-01
2.654249370098114014e-01
1.083858832716941833e-01
1.895912140607833862e-01
9.602654725313186646e-02
7.105064392089843750e-02
6.813698261976242065e-02
1.205566003918647766e-01
1.058246120810508728e-01
1.223371624946594238e-01
2.585775256156921387e-01
2.654249370098114014e-01
1.461529284715652466e-01
8.746124804019927979e-02
8.252328634262084961e-02
3.137927129864692688e-02
1.169077530503273010e-01
1.396812647581100464e-01
2.203129976987838745e-01
2.654249370098114014e-01
2.876559197902679443e-01
2.127088755369186401e-01
1.153038293123245239e-01
6.184674426913261414e-02
5.061152949929237366e-02
5.975325405597686768e-02
9.367618709802627563e-02
1.099580004811286926e-01
2.876559197902679443e-01
2.876559197902679443e-01
2.876559197902679443e-01
1.575529426336288452e-01
5.165480822324752808e-02
6.483195722103118896e-02
9.276919811964035034e-02
4.274093359708786011e-02
4.948244988918304443e-02
1.943307518959045410e-01
2.876559197902679443e-01
1.682234406471252441e-01
6.873969733715057373e-02
3.856182843446731567e-02
2.749901823699474335e-02
7.008944451808929443e-02
1.026544198393821716e-01
1.489227265119552612e-01
2.876559197902679443e-01
2.876559197902679443e-01
2.876559197902679443e-01
1.118101403117179871e-01
6.905402243137359619e-02
2.730034291744232178e-02
8.678868412971496582e-02
9.598729014396667480e-02
8.236929029226303101e-02
2.213891893625259399e-01
2.721893489360809326e-01
2.721893489360809326e-01
1.895929276943206787e-01
6.918033212423324585e-02
8.288815617561340332e-02
7.655832916498184204e-02
6.180872023105621338e-02
5.810880661010742188e-02
2.258922308683395386e-01
2.721893489360809326e-01
1.746571958065032959e-01
9.855605661869049072e-02
6.839226931333541870e-02
7.134865969419479370e-02
9.145496040582656860e-02
1.821313649415969849e-01
1.356077343225479126e-01
2.721893489360809326e-01
2.721893489360809326e-01
2.721893489360809326e-01
1.182225421071052551e-01
1.298537403345108032e-01
5.625967681407928467e-02
8.740068227052688599e-02
1.125655174255371094e-01
7.744941860437393188e-02
2.292317450046539307e-01
2.136531025171279907e-01
1.648837476968765259e-01
6.110245734453201294e-02
1.283165514469146729e-01
1.378235816955566406e-01
1.172164008021354675e-01
2.141282707452774048e-01
1.143074482679367065e-01
1.833422631025314331e-01
2.436706572771072388e-01
1.382070034742355347e-01
9.463032335042953491e-02
7.655514031648635864e-02
1.017917618155479431e-01
1.269299536943435669e-01
2.436706572771072388e-01
1.618072390556335449e-01
2.436706572771072388e-01
2.388945817947387695e-01
1.050008609890937805e-01
2.033064216375350952e-01
1.302991509437561035e-01
4.808631539344787598e-02
9.799301624298095703e-02
2.377185076475143433e-01
1.107085496187210083e-01
1.993136107921600342e-01
1.493136733770370483e-01
1.510634720325469971e-01
6.499246507883071899e-02
1.143936067819595337e-01
1.739111691713333130e-01
2.338597178459167480e-01
2.436706572771072388e-01
1.830598264932632446e-01
1.585280001163482666e-01
1.498082429170608521e-01
6.714218109846115112e-02
1.358000934123992920e-01
1.263339072465896606e-01
8.016720414161682129e-02
1.694221645593643188e-01
2.436706572771072388e-01
1.605202257633209229e-01
1.976114064455032349e-01
2.470687031745910645e-01
1.111790612339973450e-01
1.464628279209136963e-01
7.059188187122344971e-02
8.937143534421920776e-02
1.266511231660842896e-01
2.133489698171615601e-01
1.313236355781555176e-01
2.193483263254165649e-01
2.789855003356933594e-01
2.263081371784210205e-01
1.158673688769340515e-01
4.980083554983139038e-02
9.544730931520462036e-02
1.114017888903617859e-01
1.377575695514678955e-01
1.591458767652511597e-01
2.789855003356933594e-01
2.779367566108703613e-01
1.497038155794143677e-01
1.101877838373184204e-01
7.787232846021652222e-02
6.368862092494964600e-02
8.150902390480041504e-02
1.566544920206069946e-01
9.426847100257873535e-02
2.239746898412704468e-01
2.789855003356933594e-01
2.789855003356933594e-01
1.081400439143180847e-01
9.706709533929824829e-02
6.868129223585128784e-02
4.758188873529434204e-02
6.865094602108001709e-02
8.228803426027297974e-02
2.577830255031585693e-01
2.789421975612640381e-01
1.175215914845466614e-01
8.737453073263168335e-02
6.923627853393554688e-02
4.625515639781951904e-02
1.138358488678932190e-01
5.885895341634750366e-02
1.181992217898368835e-01
2.478616535663604736e-01
2.789421975612640381e-01
1.721618920564651489e-01
2.154739052057266235e-01
1.931192278861999512e-01
3.496105223894119263e-02
1.095302179455757141e-01
5.278392508625984192e-02
1.891484856605529785e-01
2.789421975612640381e-01
2.789421975612640381e-01
1.880131512880325317e-01
1.104559302330017090e-01
8.597370982170104980e-02
3.310175985097885132e-02
3.544754907488822937e-02
4.758624732494354248e-02
9.920842200517654419e-02
1.954855322837829590e-01
2.789421975612640381e-01
2.338578999042510986e-01
1.659541726112365723e-01
9.247270226478576660e-02
3.703192248940467834e-02
9.621823579072952271e-02
9.148027002811431885e-02
1.661674231290817261e-01
2.789421975612640381e-01
2.181950807571411133e-01
2.171774059534072876e-01
1.669129431247711182e-01
1.043488159775733948e-01
3.986425697803497314e-02
4.910547658801078796e-02
3.788444399833679199e-02
1.604731082916259766e-01
2.511587440967559814e-01
2.511587440967559814e-01
2.427513450384140015e-01
2.202485948801040649e-01
5.734368413686752319e-02
9.656832367181777954e-02
7.667554169893264771e-02
1.465211957693099976e-01
1.938553005456924438e-01
2.257850468158721924e-01
2.511587440967559814e-01
1.951271593570709229e-01
1.127565726637840271e-01
4.963899403810501099e-02
3.515177592635154724e-02
7.514625042676925659e-02
6.997919827699661255e-02
1.784357279539108276e-01
2.511587440967559814e-01
2.511587440967559814e-01
1.750661581754684448e-01
1.419046372175216675e-01
5.797620490193367004e-02
3.356533125042915344e-02
5.091395229101181030e-02
5.138915404677391052e-02
2.468993812799453735e-01
2.511587440967559814e-01
2.360689043998718262e-01
1.698314845561981201e-01
1.706814914941787720e-01
8.171273022890090942e-02
5.738026276230812073e-02
7.120630890130996704e-02
1.351065337657928467e-01
1.842720359563827515e-01
1.617096513509750366e-01
2.384375780820846558e-01
2.532565891742706299e-01
2.532565891742706299e-01
1.831296533346176147e-01
6.673225760459899902e-02
4.843564704060554504e-02
5.257974565029144287e-02
9.325540810823440552e-02
1.262572556734085083e-01
2.532565891742706299e-01
1.429519802331924438e-01
1.490078270435333252e-01
1.261968612670898438e-01
3.662243485450744629e-02
5.172193795442581177e-02
5.056762695312500000e-02
1.836856454610824585e-01
2.532565891742706299e-01
2.532565891742706299e-01
2.447222173213958740e-01
2.532565891742706299e-01
1.543816477060317993e-01
5.961153283715248108e-02
4.881814494729042053e-02
5.428745970129966736e-02
1.591179072856903076e-01
2.532565891742706299e-01
1.117991134524345398e-01
2.562809884548187256e-01
2.562809884548187256e-01
2.562809884548187256e-01
1.056492552161216736e-01
7.568537443876266479e-02
6.874191015958786011e-02
6.248999014496803284e-02
8.276459574699401855e-02
1.353842169046401978e-01
2.271348237991333008e-01
2.562809884548187256e-01
2.562809884548187256e-01
1.705513298511505127e-01
1.418609470129013062e-01
1.279938369989395142e-01
6.329344213008880615e-02
1.913102865219116211e-01
1.671916097402572632e-01
1.892337501049041748e-01
2.224690467119216919e-01
1.094950363039970398e-01
6.281645596027374268e-02
3.450132161378860474e-02
1.000041887164115906e-01
1.544571667909622192e-01
2.562809884548187256e-01
2.562809884548187256e-01
1.171079054474830627e-01
1.172815561294555664e-01
1.413275301456451416e-01
8.792098611593246460e-02
7.912020385265350342e-02
1.135800182819366455e-01
1.115293502807617188e-01
2.562809884548187256e-01
2.092291861772537231e-01
2.254625111818313599e-01
1.061716526746749878e-01
2.237881124019622803e-01
1.475482732057571411e-01
1.408554762601852417e-01
1.256243735551834106e-01
9.562660008668899536e-02
2.616548240184783936e-01
1.656552851200103760e-01
1.103400811553001404e-01
7.700567692518234253e-02
1.758551150560379028e-01
9.782859683036804199e-02
1.708792001008987427e-01
1.756280213594436646e-01
1.975373327732086182e-01
2.647396922111511230e-01
2.647396922111511230e-01
1.210819631814956665e-01
7.006833702325820923e-02
1.300189346075057983e-01
9.097726643085479736e-02
1.151852235198020935e-01
6.487435847520828247e-02
1.009413376450538635e-01
2.647396922111511230e-01
2.647396922111511230e-01
9.847722202539443970e-02
8.324095606803894043e-02
9.646884351968765259e-02
5.303641408681869507e-02
1.224008873105049133e-01
1.154268532991409302e-01
2.034170329570770264e-01
2.647396922111511230e-01
1.043857336044311523e-01
1.017295122146606445e-01
8.891095966100692749e-02
1.122033074498176575e-01
1.144743561744689941e-01
1.641450971364974976e-01
1.397993117570877075e-01
1.501779705286026001e-01
2.002120465040206909e-01
1.336030364036560059e-01
1.664541661739349365e-01
1.387086361646652222e-01
8.581252396106719971e-02
1.977024376392364502e-01
2.526065409183502197e-01
1.608107537031173706e-01
1.601082086563110352e-01
2.526065409183502197e-01
2.526065409183502197e-01
1.114040315151214600e-01
5.123056098818778992e-02
4.090912267565727234e-02
6.166243925690650940e-02
1.236879304051399231e-01
1.457210183143615723e-01
2.404242455959320068e-01
2.526065409183502197e-01
2.526065409183502197e-01
1.913627535104751587e-01
7.816857099533081055e-02
4.039387032389640808e-02
1.131706908345222473e-01
1.665607839822769165e-01
1.559913307428359985e-01
2.526065409183502197e-01
2.526065409183502197e-01
1.561612933874130249e-01
8.413104712963104248e-02
1.066688373684883118e-01
5.553419515490531921e-02
1.413294672966003418e-01
1.878613084554672241e-01
1.748809367418289185e-01
1.406381279230117798e-01
1.868968755006790161e-01
1.671955436468124390e-01
1.602508872747421265e-01
1.575232893228530884e-01
1.496396213769912720e-01
1.377564668655395508e-01
1.211254820227622986e-01
2.021646499633789062e-01
1.126966103911399841e-01
1.911141127347946167e-01
2.346393615007400513e-01
1.040640175342559814e-01
9.950896352529525757e-02
5.414374917745590210e-02
8.199852705001831055e-02
1.859584450721740723e-01
1.575851291418075562e-01
2.346393615007400513e-01
2.346393615007400513e-01
2.346393615007400513e-01
1.973042339086532593e-01
1.408206373453140259e-01
1.413201242685317993e-01
1.047228053212165833e-01
1.969179660081863403e-01
1.956918388605117798e-01
2.346393615007400513e-01
2.339601218700408936e-01
1.164081990718841553e-01
1.823415756225585938e-01
1.286530345678329468e-01
1.941378414630889893e-01
1.218305081129074097e-01
8.051221817731857300e-02
2.022535502910614014e-01
1.183050125837326050e-01
1.257914453744888306e-01
1.596385389566421509e-01
1.130843609571456909e-01
1.103105619549751282e-01
1.626137495040893555e-01
1.893614530563354492e-01
1.075580567121505737e-01
2.265592366456985474e-01
1.759649813175201416e-01
1.231217533349990845e-01
2.121361941099166870e-01
2.020279169082641602e-01
1.054580584168434143e-01
1.874913722276687622e-01
1.254860013723373413e-01
1.372153759002685547e-01
2.056862264871597290e-01
1.608358919620513916e-01
1.939760297536849976e-01
1.564128994941711426e-01
1.797932684421539307e-01
1.300769150257110596e-01
1.293649077415466309e-01
1.941944509744644165e-01
2.039522081613540649e-01
2.265592366456985474e-01
2.175326049327850342e-01
2.049646526575088501e-01
1.442851275205612183e-01
2.270000576972961426e-01
1.845154464244842529e-01
1.495482474565505981e-01
9.048661589622497559e-02
9.635079652070999146e-02
1.724313348531723022e-01
1.317496150732040405e-01
1.340942978858947754e-01
1.652791202068328857e-01
1.374577730894088745e-01
1.551034450531005859e-01
1.398134380578994751e-01
1.170307099819183350e-01
1.776312291622161865e-01
2.475424855947494507e-01
1.942079961299896240e-01
1.965576410293579102e-01
1.192333996295928955e-01
2.007707804441452026e-01
1.532334685325622559e-01
1.869410127401351929e-01
1.112995445728302002e-01
1.070800796151161194e-01
1.925880014896392822e-01
1.257465928792953491e-01
1.313442885875701904e-01
1.410611718893051147e-01
9.263742715120315552e-02
7.926743477582931519e-02
1.209170818328857422e-01
1.319087147712707520e-01
2.475424855947494507e-01
2.475424855947494507e-01
2.475424855947494507e-01
2.365462779998779297e-01
1.268292069435119629e-01
1.182562708854675293e-01
1.416113823652267456e-01
1.178057268261909485e-01
8.686838299036026001e-02
1.287203580141067505e-01
1.790615916252136230e-01
1.444981247186660767e-01
1.622210443019866943e-01
1.458866596221923828e-01
2.352140396833419800e-01
1.505875736474990845e-01
1.147005483508110046e-01
1.131172329187393188e-01
1.240046396851539612e-01
1.791612356901168823e-01
1.650468260049819946e-01
1.738061457872390747e-01
1.499657034873962402e-01
9.162999689579010010e-02
6.019327417016029358e-02
1.084978654980659485e-01
1.367351561784744263e-01
2.349766790866851807e-01
2.352140396833419800e-01
2.352140396833419800e-01
2.096685320138931274e-01
2.352140396833419800e-01
1.775126457214355469e-01
1.302944868803024292e-01
1.638791561126708984e-01
1.924070417881011963e-01
1.660041511058807373e-01
1.830187886953353882e-01
2.091047167778015137e-01
2.298701107501983643e-01
1.022383347153663635e-01
2.017903476953506470e-01
1.094461753964424133e-01
8.993894606828689575e-02
7.800336927175521851e-02
1.357096731662750244e-01
1.960079967975616455e-01
1.353906542062759399e-01
2.021200954914093018e-01
1.949748843908309937e-01
1.434231251478195190e-01
9.150928258895874023e-02
1.162529587745666504e-01
1.068995222449302673e-01
2.319974750280380249e-01
2.316377460956573486e-01
1.657382696866989136e-01
2.454970180988311768e-01
2.057847529649734497e-01
1.840962767601013184e-01
1.576549410820007324e-01
1.483508497476577759e-01
1.277222931385040283e-01
8.280443400144577026e-02
1.627911776304244995e-01
1.057988777756690979e-01
1.746056973934173584e-01
2.454970180988311768e-01
2.454970180988311768e-01
1.816693991422653198e-01
1.158535256981849670e-01
1.247221305966377258e-01
1.395705342292785645e-01
1.755602061748504639e-01
9.768657386302947998e-02
2.454970180988311768e-01
2.296826392412185669e-01
8.387527614831924438e-02
4.880302399396896362e-02
5.510754510760307312e-02
7.949402183294296265e-02
1.585624217987060547e-01
1.768782138824462891e-01
1.554789394140243530e-01
1.954042762517929077e-01
2.517563104629516602e-01
1.207355707883834839e-01
6.903917342424392700e-02
1.122497990727424622e-01
4.664552211761474609e-02
1.315980553627014160e-01
2.063219398260116577e-01
2.118698358535766602e-01
2.517563104629516602e-01
2.517563104629516602e-01
1.339136958122253418e-01
5.575720965862274170e-02
5.295836180448532104e-02
5.498170480132102966e-02
1.046823561191558838e-01
1.426007598638534546e-01
1.830322593450546265e-01
2.517563104629516602e-01
2.517563104629516602e-01
1.550877690315246582e-01
1.089994236826896667e-01
1.002166867256164551e-01
3.722273558378219604e-02
1.490031331777572632e-01
2.517563104629516602e-01
2.517563104629516602e-01
2.517563104629516602e-01
1.798735707998275757e-01
6.955686956644058228e-02
4.567252472043037415e-02
1.219983920454978943e-01
5.855134129524230957e-02
7.212226092815399170e-02
1.449834108352661133e-01
2.284494638442993164e-01
2.604176104068756104e-01
1.587219536304473877e-01
1.134729459881782532e-01
5.326947197318077087e-02
8.037988096475601196e-02
9.041727334260940552e-02
7.222858816385269165e-02
1.334412395954132080e-01
2.269430756568908691e-01
2.604176104068756104e-01
2.604176104068756104e-01
1.287994533777236938e-01
1.665987819433212280e-01
7.932259887456893921e-02
4.756084084510803223e-02
1.381357163190841675e-01
2.244014143943786621e-01
2.604176104068756104e-01
2.604176104068756104e-01
2.604176104068756104e-01
7.192506641149520874e-02
1.145706549286842346e-01
6.453714519739151001e-02
7.452730089426040649e-02
9.872394055128097534e-02
1.693716198205947876e-01
2.604176104068756104e-01
2.604176104068756104e-01
1.900260597467422485e-01
1.561436206102371216e-01
9.701484441757202148e-02
6.450108438730239868e-02
7.787407934665679932e-02
1.656320542097091675e-01
1.634091585874557495e-01
1.782725602388381958e-01
2.673524320125579834e-01
1.168806552886962891e-01
7.517383247613906860e-02
7.602451741695404053e-02
5.972935631871223450e-02
5.146337300539016724e-02
1.504903286695480347e-01
1.994337737560272217e-01
2.002058327198028564e-01
2.673524320125579834e-01
2.673524320125579834e-01
1.235384047031402588e-01
1.327981650829315186e-01
5.662291496992111206e-02
5.994187295436859131e-02
1.041532754898071289e-01
1.366680264472961426e-01
2.673524320125579834e-01
2.673524320125579834e-01
2.673524320125579834e-01
1.635360121726989746e-01
1.107460409402847290e-01
7.074655592441558838e-02
9.174324572086334229e-02
1.059756129980087280e-01
1.203125044703483582e-01
2.230954617261886597e-01
2.673524320125579834e-01
1.554455906152725220e-01
8.668930083513259888e-02
5.202411115169525146e-02
4.172819107770919800e-02
2.824156358838081360e-02
6.163130700588226318e-02
1.505276411771774292e-01
2.070599794387817383e-01
2.626486420631408691e-01
2.283253669738769531e-01
1.372473835945129395e-01
9.158913791179656982e-02
1.027400717139244080e-01
4.438960179686546326e-02
7.152572274208068848e-02
1.637459397315979004e-01
1.535926163196563721e-01
1.902234256267547607e-01
2.626486420631408691e-01
2.100944370031356812e-01
1.060327365994453430e-01
7.355128228664398193e-02
7.726278156042098999e-02
7.961725443601608276e-02
1.548839062452316284e-01
2.626091241836547852e-01
2.626486420631408691e-01
2.626486420631408691e-01
2.626486420631408691e-01
1.320688128471374512e-01
7.538879662752151489e-02
5.991376563906669617e-02
1.380404978990554810e-01
2.626486420631408691e-01
1.862678825855255127e-01
2.170414775609970093e-01
1.696006208658218384e-01
1.432505846023559570e-01
1.538306772708892822e-01
1.008484885096549988e-01
6.208696216344833374e-02
6.253620982170104980e-02
9.166203439235687256e-02
8.340322226285934448e-02
1.148309856653213501e-01
2.959518134593963623e-01
2.120767533779144287e-01
1.888607889413833618e-01
1.157631576061248779e-01
1.099137812852859497e-01
1.332966387271881104e-01
1.689934283494949341e-01
1.128171160817146301e-01
2.564274668693542480e-01
2.959518134593963623e-01
1.837355643510818481e-01
1.048845052719116211e-01
7.116378843784332275e-02
1.195245757699012756e-01
8.987215906381607056e-02
1.850807815790176392e-01
8.653955906629562378e-02
1.516906619071960449e-01
2.959518134593963623e-01
1.718616783618927002e-01
9.606389701366424561e-02
9.706354141235351562e-02
1.688021272420883179e-01
8.492916077375411987e-02
2.340652644634246826e-01
1.438966095447540283e-01
2.959518134593963623e-01
2.703464925289154053e-01
1.348434686660766602e-01
9.662325680255889893e-02
1.023582071065902710e-01
7.124172896146774292e-02
9.432328492403030396e-02
1.448291093111038208e-01
1.442636549472808838e-01
2.476864606142044067e-01
2.072861194610595703e-01
1.389606297016143799e-01
1.161597371101379395e-01
9.206463396549224854e-02
5.135957524180412292e-02
6.349993497133255005e-02
7.790147513151168823e-02
1.648198962211608887e-01
2.336422055959701538e-01
2.703464925289154053e-01
1.020444706082344055e-01
4.891796782612800598e-02
9.248213469982147217e-02
6.629903614521026611e-02
6.240979209542274475e-02
1.999056190252304077e-01
2.470540702342987061e-01
2.703464925289154053e-01
2.703464925289154053e-01
1.389954537153244019e-01
8.101465553045272827e-02
1.094632074236869812e-01
3.295487537980079651e-02
5.171257257461547852e-02
2.294735908508300781e-01
2.703464925289154053e-01
2.703464925289154053e-01
2.029967159032821655e-01
1.067230626940727234e-01
1.066502705216407776e-01
1.185062006115913391e-01
6.273969262838363647e-02
9.951542317867279053e-02
8.449427038431167603e-02
1.656139343976974487e-01
1.951232105493545532e-01
1.835267394781112671e-01
8.453382551670074463e-02
1.250720322132110596e-01
1.010769531130790710e-01
6.794356554746627808e-02
1.155203282833099365e-01
1.307867020368576050e-01
2.528534531593322754e-01
2.528534531593322754e-01
2.528534531593322754e-01
1.801108866930007935e-01
1.184630021452903748e-01
1.119795292615890503e-01
6.034066900610923767e-02
7.936963438987731934e-02
1.145807281136512756e-01
1.778311729431152344e-01
2.528534531593322754e-01
2.528534531593322754e-01
1.921096593141555786e-01
1.663651615381240845e-01
1.156618371605873108e-01
1.353968530893325806e-01
1.561533361673355103e-01
2.220273464918136597e-01
2.528534531593322754e-01
2.528534531593322754e-01
1.191817298531532288e-01
5.983950197696685791e-02
6.655518710613250732e-02
5.100106075406074524e-02
5.133214220404624939e-02
7.253031432628631592e-02
1.460021436214447021e-01
2.758256494998931885e-01
2.758256494998931885e-01
2.353627532720565796e-01
3.938491269946098328e-02
2.899194322526454926e-02
5.270095914602279663e-02
6.195797771215438843e-02
6.808409839868545532e-02
9.171669185161590576e-02
2.115349769592285156e-01
2.758256494998931885e-01
1.567716598510742188e-01
1.317782104015350342e-01
9.948936849832534790e-02
1.435780227184295654e-01
1.837071180343627930e-01
1.185699105262756348e-01
2.358922958374023438e-01
2.758256494998931885e-01
2.758256494998931885e-01
1.853259354829788208e-01
9.811506420373916626e-02
6.173996627330780029e-02
1.251609623432159424e-01
1.505019813776016235e-01
6.825810670852661133e-02
1.476210206747055054e-01
2.758256494998931885e-01
2.758256494998931885e-01
2.877994477748870850e-01
6.001472845673561096e-02
3.650419041514396667e-02
5.602009966969490051e-02
7.325881719589233398e-02
7.434184104204177856e-02
6.776701658964157104e-02
2.214101999998092651e-01
2.877994477748870850e-01
2.747083306312561035e-01
9.178233146667480469e-02
7.562676072120666504e-02
5.514618754386901855e-02
4.375755786895751953e-02
6.288772076368331909e-02
8.892823010683059692e-02
2.219716906547546387e-01
2.877994477748870850e-01
1.329912543296813965e-01
8.996738493442535400e-02
6.142112985253334045e-02
4.862372577190399170e-02
1.144923120737075806e-01
9.047169238328933716e-02
2.414703667163848877e-01
2.877994477748870850e-01
2.877994477748870850e-01
6.738464534282684326e-02
6.939435005187988281e-02
6.644304096698760986e-02
6.558895111083984375e-02
9.055877476930618286e-02
1.719174385070800781e-01
2.877994477748870850e-01
2.877994477748870850e-01
1.472972780466079712e-01
2.905826270580291748e-01
1.469113081693649292e-01
6.902085244655609131e-02
3.661440312862396240e-02
5.450297892093658447e-02
7.448728382587432861e-02
1.091131195425987244e-01
2.532943189144134521e-01
2.905826270580291748e-01
2.905826270580291748e-01
2.269514203071594238e-01
6.967005878686904907e-02
3.568923845887184143e-02
1.083420291543006897e-01
8.405176550149917603e-02
1.767491996288299561e-01
2.905826270580291748e-01
2.905826270580291748e-01
8.379828929901123047e-02
9.301143139600753784e-02
7.148622721433639526e-02
6.981023401021957397e-02
1.090877875685691833e-01
1.415339410305023193e-01
1.861681789159774780e-01
2.765003144741058350e-01
1.266343444585800171e-01
1.900005489587783813e-01
8.790538460016250610e-02
6.109927594661712646e-02
7.526690512895584106e-02
1.255167275667190552e-01
1.134337931871414185e-01
1.442293226718902588e-01
2.057026326656341553e-01
1.589274853467941284e-01
2.744981944561004639e-01
1.407800912857055664e-01
6.366395205259323120e-02
3.092893585562705994e-02
5.879227817058563232e-02
1.475616693496704102e-01
1.624016910791397095e-01
2.744981944561004639e-01
2.744981944561004639e-01
2.744981944561004639e-01
1.817327737808227539e-01
7.504037767648696899e-02
8.329434692859649658e-02
1.160383671522140503e-01
2.633100450038909912e-01
2.744981944561004639e-01
2.744981944561004639e-01
2.744981944561004639e-01
1.320677548646926880e-01
5.216716974973678589e-02
3.745869547128677368e-02
4.222696274518966675e-02
5.711187422275543213e-02
6.050294637680053711e-02
8.107008785009384155e-02
1.312849670648574829e-01
1.148283630609512329e-01
1.844137907028198242e-01
6.150158494710922241e-02
4.416507482528686523e-02
3.196289762854576111e-02
1.040564998984336853e-01
1.088690608739852905e-01
2.009067982435226440e-01
2.653609514236450195e-01
1.532851159572601318e-01
1.894685328006744385e-01
1.194503530859947205e-01
4.771783575415611267e-02
7.140778750181198120e-02
1.041812971234321594e-01
1.705334931612014771e-01
2.010218054056167603e-01
2.091113477945327759e-01
1.970068961381912231e-01
1.599177718162536621e-01
2.051199078559875488e-01
1.095049977302551270e-01
1.348358988761901855e-01
1.054772809147834778e-01
1.997580081224441528e-01
2.502082288265228271e-01
2.147056162357330322e-01
2.068247795104980469e-01
1.405425667762756348e-01
5.804498866200447083e-02
3.408450633287429810e-02
3.204125910997390747e-02
8.262244611978530884e-02
1.309289038181304932e-01
2.502082288265228271e-01
1.824744194746017456e-01
1.426752209663391113e-01
2.070655673742294312e-01
1.326446235179901123e-01
9.726004302501678467e-02
9.797810018062591553e-02
6.302884966135025024e-02
2.117881327867507935e-01
2.502082288265228271e-01
2.502082288265228271e-01
2.400901019573211670e-01
1.287127435207366943e-01
1.208104640245437622e-01
1.163485050201416016e-01
1.196432560682296753e-01
1.219175159931182861e-01
1.045616939663887024e-01
1.022358983755111694e-01
1.336891651153564453e-01
1.572947204113006592e-01
1.454041898250579834e-01
8.144864439964294434e-02
5.965341255068778992e-02
7.517607510089874268e-02
1.523030996322631836e-01
2.103461325168609619e-01
1.930941492319107056e-01
2.464302033185958862e-01
2.272614389657974243e-01
2.296130359172821045e-01
9.930979460477828979e-02
1.548495739698410034e-01
1.453466862440109253e-01
1.800932586193084717e-01
1.604554802179336548e-01
1.358987689018249512e-01
1.875966936349868774e-01
2.376310378313064575e-01
2.464302033185958862e-01
1.740746051073074341e-01
1.686852276325225830e-01
1.443521827459335327e-01
2.089769840240478516e-01
1.695486158132553101e-01
9.779547899961471558e-02
2.157345861196517944e-01
2.464302033185958862e-01
1.429424881935119629e-01
8.214400708675384521e-02
5.366981774568557739e-02
6.586974114179611206e-02
1.074218079447746277e-01
1.643529087305068970e-01
1.604448705911636353e-01
2.103662341833114624e-01
1.834553182125091553e-01
2.296072691679000854e-01
1.465639919042587280e-01
1.236912831664085388e-01
1.377647817134857178e-01
1.690450608730316162e-01
1.004636511206626892e-01
1.373513638973236084e-01
1.914575845003128052e-01
2.241273671388626099e-01
2.135650366544723511e-01
1.535471528768539429e-01
1.273118704557418823e-01
1.162360981106758118e-01
1.170690134167671204e-01
9.826020896434783936e-02
1.370193958282470703e-01
2.101036608219146729e-01
2.296072691679000854e-01
2.296072691679000854e-01
2.009126543998718262e-01
1.764827668666839600e-01
1.781125813722610474e-01
1.822878420352935791e-01
1.148852407932281494e-01
1.643951684236526489e-01
2.194707393646240234e-01
2.296072691679000854e-01
2.117604762315750122e-01
1.845379024744033813e-01
1.515704840421676636e-01
1.006610020995140076e-01
9.099775552749633789e-02
6.111666932702064514e-02
1.416540443897247314e-01
1.057646945118904114e-01
1.469002962112426758e-01
2.464519292116165161e-01
2.430668622255325317e-01
1.630836129188537598e-01
8.335018903017044067e-02
8.378342539072036743e-02
8.058211952447891235e-02
1.665112227201461792e-01
1.026419773697853088e-01
1.853040754795074463e-01
1.922774016857147217e-01
1.567005068063735962e-01
1.214622855186462402e-01
8.722822368144989014e-02
8.158277720212936401e-02
1.429599821567535400e-01
2.464519292116165161e-01
2.227747738361358643e-01
2.175225466489791870e-01
2.041429132223129272e-01
1.391470879316329956e-01
1.275489777326583862e-01
7.137757539749145508e-02
1.247863844037055969e-01
1.798880696296691895e-01
2.464519292116165161e-01
2.464519292116165161e-01
2.464519292116165161e-01
2.601810097694396973e-01
1.694469749927520752e-01
9.611538797616958618e-02
8.373831957578659058e-02
5.173069611191749573e-02
2.891638316214084625e-02
5.919579416513442993e-02
1.054581552743911743e-01
2.584349215030670166e-01
2.601810097694396973e-01
2.601810097694396973e-01
1.457715034484863281e-01
1.386402845382690430e-01
4.548298940062522888e-02
6.125951185822486877e-02
9.205555915832519531e-02
1.782942861318588257e-01
2.601810097694396973e-01
2.455295324325561523e-01
1.446860134601593018e-01
1.680502593517303467e-01
9.744370728731155396e-02
9.257496893405914307e-02
8.022791147232055664e-02
7.907526195049285889e-02
2.021806836128234863e-01
2.601810097694396973e-01
2.601810097694396973e-01
2.451763302087783813e-01
1.679558157920837402e-01
1.049645319581031799e-01
7.207467406988143921e-02
1.441020891070365906e-02
7.822173647582530975e-03
1.456144601106643677e-01
2.601810097694396973e-01
2.782051861286163330e-01
2.005425691604614258e-01
1.801571696996688843e-01
6.658565998077392578e-02
4.279715567827224731e-02
9.733416140079498291e-02
8.279115706682205200e-02
1.474134474992752075e-01
2.499879598617553711e-01
2.782051861286163330e-01
1.058632433414459229e-01
1.257974356412887573e-01
3.075989894568920135e-02
4.979556426405906677e-02
8.758342266082763672e-02
8.072469383478164673e-02
1.213330179452896118e-01
2.782051861286163330e-01
2.782051861286163330e-01
1.405631452798843384e-01
1.228921189904212952e-01
1.181840673089027405e-01
1.174007356166839600e-01
7.203848659992218018e-02
1.885074935853481293e-02
1.256053447723388672e-01
2.782051861286163330e-01
2.782051861286163330e-01
2.094344645738601685e-01
1.766507029533386230e-01
1.330891102552413940e-01
8.559464663267135620e-02
9.890696406364440918e-02
8.056595921516418457e-02
1.275171190500259399e-01
2.782051861286163330e-01
2.896325290203094482e-01
8.616283535957336426e-02
8.545256406068801880e-02
2.918282710015773773e-02
2.088800072669982910e-02
4.187123104929924011e-02
4.850417748093605042e-02
8.447609096765518188e-02
2.896325290203094482e-01
2.896325290203094482e-01
1.235339492559432983e-01
7.587181031703948975e-02
5.016607418656349182e-02
3.362949937582015991e-02
2.912069857120513916e-02
3.627978265285491943e-02
1.046037226915359497e-01
2.668010592460632324e-01
2.896325290203094482e-01
1.977792084217071533e-01
1.670940220355987549e-01
9.739121794700622559e-02
1.289160363376140594e-02
6.885503977537155151e-02
1.406563520431518555e-01
1.139095500111579895e-01
2.896325290203094482e-01
2.896325290203094482e-01
2.232044190168380737e-01
2.056531608104705811e-01
1.283286958932876587e-01
9.954124689102172852e-03
8.186908066272735596e-02
1.130741685628890991e-01
1.769995093345642090e-01
2.896325290203094482e-01
2.856225967407226562e-01
2.174868881702423096e-01
6.061529368162155151e-02
4.126059636473655701e-02
2.845299057662487030e-02
1.690332964062690735e-02
3.068635240197181702e-02
9.212197363376617432e-02
1.828881949186325073e-01
2.856225967407226562e-01
2.856225967407226562e-01
6.110206246376037598e-02
2.497312985360622406e-02
1.221057120710611343e-02
3.855482116341590881e-02
5.434362590312957764e-02
5.839698761701583862e-02
2.671196460723876953e-01
2.856225967407226562e-01
2.856225967407226562e-01
1.564885228872299194e-01
3.944928944110870361e-02
7.341810967773199081e-03
3.383303433656692505e-02
5.008525028824806213e-02
1.266348809003829956e-01
2.856225967407226562e-01
2.856225967407226562e-01
2.856225967407226562e-01
9.950217604637145996e-02
1.504142303019762039e-02
5.120577756315469742e-03
4.879773035645484924e-02
5.408404394984245300e-02
1.460063010454177856e-01
2.856225967407226562e-01
3.206037282943725586e-01
1.773344427347183228e-01
2.709267474710941315e-02
1.916861347854137421e-02
3.189731016755104065e-02
2.599604800343513489e-02
4.948633536696434021e-02
2.615300379693508148e-02
3.206037282943725586e-01
3.206037282943725586e-01
8.797937631607055664e-02
3.330397605895996094e-02
2.411319129168987274e-02
4.091379046440124512e-02
1.893168874084949493e-02
6.129946932196617126e-02
4.430194571614265442e-02
3.206037282943725586e-01
3.206037282943725586e-01
1.707723438739776611e-01
4.966473951935768127e-02
1.313537545502185822e-02
2.233590185642242432e-02
4.505583271384239197e-02
4.173249751329421997e-02
9.390758723020553589e-02
3.206037282943725586e-01
3.206037282943725586e-01
1.653707176446914673e-01
1.071345508098602295e-01
3.937257081270217896e-02
1.006302386522293091e-01
1.077210679650306702e-01
8.550336211919784546e-02
7.507101446390151978e-02
3.206037282943725586e-01
3.004032075405120850e-01
5.860194936394691467e-02
1.847499236464500427e-02
1.609244011342525482e-02
1.094556879252195358e-02
1.621801033616065979e-02
8.305620402097702026e-02
1.250551640987396240e-01
2.785734236240386963e-01
3.004032075405120850e-01
1.101600080728530884e-01
2.086683921515941620e-02
3.896354138851165771e-02
3.397215157747268677e-03
1.286043599247932434e-02
1.564081013202667236e-01
2.299749553203582764e-01
3.004032075405120850e-01
3.004032075405120850e-01
1.882834732532501221e-01
6.258001923561096191e-02
4.024024307727813721e-02
4.510985314846038818e-02
4.139502719044685364e-02
4.909550026059150696e-02
1.082550808787345886e-01
2.584723234176635742e-01
3.004032075405120850e-01
2.750415503978729248e-01
8.914840966463088989e-02
6.662172824144363403e-02
1.315430644899606705e-02
1.300976425409317017e-02
6.071903929114341736e-02
2.040480077266693115e-01
3.004032075405120850e-01
2.847031652927398682e-01
1.387153565883636475e-01
6.265611201524734497e-02
6.380219757556915283e-02
1.435656100511550903e-02
1.246363576501607895e-02
5.988871678709983826e-02
1.088772565126419067e-01
2.847031652927398682e-01
2.847031652927398682e-01
2.233821153640747070e-01
1.179000586271286011e-01
9.978749603033065796e-02
5.805217847228050232e-02
5.247253179550170898e-02
8.285460621118545532e-02
8.933804929256439209e-02
2.772220969200134277e-01
2.847031652927398682e-01
2.102983593940734863e-01
1.501792818307876587e-01
6.209929287433624268e-02
5.135426763445138931e-03
1.286740507930517197e-02
4.569570347666740417e-02
1.513237059116363525e-01
2.847031652927398682e-01
2.847031652927398682e-01
2.766284942626953125e-01
1.375148296356201172e-01
6.411693990230560303e-02
1.080629043281078339e-02
2.171976491808891296e-02
9.672180563211441040e-02
9.920104593038558960e-02
2.847031652927398682e-01
2.811222970485687256e-01
2.307782322168350220e-01
8.260056376457214355e-02
1.040360257029533386e-01
1.047328636050224304e-01
4.570060223340988159e-02
7.988117635250091553e-02
1.166104003787040710e-01
2.187690883874893188e-01
2.811222970485687256e-01
1.350457519292831421e-01
7.333132624626159668e-02
1.086174696683883667e-01
1.052620187401771545e-01
2.096318639814853668e-02
4.590411111712455750e-02
1.436854749917984009e-01
2.154704034328460693e-01
2.811222970485687256e-01
2.811222970485687256e-01
1.030882596969604492e-01
4.172825068235397339e-02
2.410149574279785156e-02
1.503809448331594467e-02
7.478787750005722046e-02
8.614705502986907959e-02
2.811222970485687256e-01
2.811222970485687256e-01
2.811222970485687256e-01
1.836910545825958252e-01
8.181753754615783691e-02
5.296327918767929077e-02
4.413085058331489563e-02
1.001925859600305557e-02
1.598740220069885254e-01
2.811222970485687256e-01
2.625854909420013428e-01
8.917235583066940308e-02
7.929503917694091797e-02
7.566834241151809692e-02
1.069840267300605774e-01
4.636396467685699463e-02
8.789561688899993896e-02
1.953086704015731812e-01
1.946082860231399536e-01
2.889460027217864990e-01
5.787008628249168396e-02
5.396445095539093018e-02
4.447407275438308716e-02
7.347745448350906372e-02
1.123225465416908264e-01
1.596360802650451660e-01
2.268363535404205322e-01
1.502723842859268188e-01
2.889460027217864990e-01
2.385064065456390381e-01
2.016123980283737183e-01
9.005925059318542480e-02
4.944055899977684021e-02
5.382450670003890991e-02
4.007202014327049255e-02
2.172469943761825562e-01
2.889460027217864990e-01
2.889460027217864990e-01
1.592387109994888306e-01
9.880871325731277466e-02
4.700670018792152405e-02
4.286351799964904785e-02
5.220978707075119019e-02
1.057836785912513733e-01
2.340173721313476562e-01
2.889460027217864990e-01
2.916624546051025391e-01
1.085690557956695557e-01
1.238466724753379822e-01
7.549033313989639282e-02
6.461020559072494507e-02
1.018552109599113464e-01
1.606043130159378052e-01
2.150028347969055176e-01
1.226323172450065613e-01
2.431797832250595093e-01
1.890522092580795288e-01
1.358780860900878906e-01
1.041570380330085754e-01
6.731451302766799927e-02
7.565641403198242188e-02
8.539832383394241333e-02
1.275968849658966064e-01
9.503030776977539062e-02
2.916624546051025391e-01
2.916624546051025391e-01
1.572898477315902710e-01
7.750564068555831909e-02
6.099253147840499878e-02
4.646878316998481750e-02
8.226334303617477417e-02
1.649303287267684937e-01
2.916624546051025391e-01
2.916624546051025391e-01
2.916624546051025391e-01
1.705276966094970703e-01
1.114153787493705750e-01
6.568893045186996460e-02
4.667015001177787781e-02
3.797735273838043213e-02
1.212105304002761841e-01
2.246934771537780762e-01
2.313559055328369141e-01
1.578028947114944458e-01
9.261596947908401489e-02
9.515053778886795044e-02
8.279748260974884033e-02
7.692970335483551025e-02
6.113131344318389893e-02
1.407117992639541626e-01
1.984360814094543457e-01
1.254406571388244629e-01
5.265174433588981628e-02
5.791748687624931335e-02
3.356094285845756531e-02
1.073227375745773315e-01
8.024770021438598633e-02
1.543469876050949097e-01
1.757418960332870483e-01
1.760836243629455566e-01
2.785511910915374756e-01
2.785511910915374756e-01
1.581828892230987549e-01
1.411193758249282837e-01
1.139052957296371460e-01
9.765301644802093506e-02
6.815584003925323486e-02
1.921577602624893188e-01
2.785511910915374756e-01
2.627713978290557861e-01
1.060752645134925842e-01
7.444065809249877930e-02
5.910343304276466370e-02
1.423640549182891846e-01
1.554583311080932617e-01
2.609020173549652100e-01
2.785511910915374756e-01
2.785511910915374756e-01
9.180867671966552734e-02
2.617605775594711304e-02
3.366959095001220703e-02
2.582779526710510254e-02
8.166264742612838745e-02
9.011788666248321533e-02
2.840767204761505127e-01
1.467939466238021851e-01
9.828473627567291260e-02
2.634695172309875488e-01
1.082109510898590088e-01
8.004103600978851318e-02
3.491593524813652039e-02
6.726201623678207397e-02
2.829186022281646729e-01
2.840767204761505127e-01
2.840767204761505127e-01
2.292286604642868042e-01
1.607938110828399658e-01
6.622136384248733521e-02
5.082893371582031250e-02
2.683332189917564392e-02
5.168077722191810608e-02
9.320961683988571167e-02
1.928456574678421021e-01
1.779417693614959717e-01
1.417691111564636230e-01
2.840767204761505127e-01
1.010887771844863892e-01
4.911727085709571838e-02
1.818299852311611176e-02
4.511037468910217285e-02
1.238708645105361938e-01
2.568882703781127930e-01
2.840767204761505127e-01
2.840767204761505127e-01
1.782910078763961792e-01
7.568597793579101562e-02
1.428681164979934692e-01
1.320655941963195801e-01
1.106393188238143921e-01
1.308837234973907471e-01
1.196965724229812622e-01
1.603841781616210938e-01
2.150849103927612305e-01
2.163994908332824707e-01
1.210924983024597168e-01
1.417762041091918945e-01
1.755531877279281616e-01
1.605427116155624390e-01
1.505464613437652588e-01
1.013647913932800293e-01
1.814847886562347412e-01
2.415615320205688477e-01
9.488373249769210815e-02
4.552555084228515625e-02
8.838298171758651733e-02
1.009635478258132935e-01
1.179328858852386475e-01
1.430776715278625488e-01
2.415615320205688477e-01
2.415615320205688477e-01
2.149366140365600586e-01
1.972403526306152344e-01
9.224217385053634644e-02
9.338029474020004272e-02
1.598133891820907593e-01
1.700146794319152832e-01
2.373587042093276978e-01
2.090303599834442139e-01
2.415615320205688477e-01
2.208984792232513428e-01
1.548091918230056763e-01
1.366920918226242065e-01
1.187133640050888062e-01
1.223659291863441467e-01
1.293445676565170288e-01
1.015856936573982239e-01
1.207319274544715881e-01
1.883806437253952026e-01
2.027099281549453735e-01
1.798281520605087280e-01
2.125970572233200073e-01
1.797298341989517212e-01
1.661072969436645508e-01
1.725168079137802124e-01
1.095571368932723999e-01
1.200468838214874268e-01
2.323574572801589966e-01
2.199648171663284302e-01
1.546197980642318726e-01
1.124762520194053650e-01
9.775613993406295776e-02
1.155336499214172363e-01
1.431144624948501587e-01
1.815227568149566650e-01
1.259935796260833740e-01
2.260513156652450562e-01
1.616398692131042480e-01
1.709648966789245605e-01
2.327399700880050659e-01
2.327399700880050659e-01
1.881622225046157837e-01
1.587584316730499268e-01
1.102478951215744019e-01
1.106301620602607727e-01
2.327399700880050659e-01
1.704127490520477295e-01
1.456888318061828613e-01
1.414595991373062134e-01
1.360032409429550171e-01
9.129023551940917969e-02
9.600066393613815308e-02
1.047401279211044312e-01
1.364963501691818237e-01
1.620984226465225220e-01
1.927035301923751831e-01
2.474524527788162231e-01
2.474524527788162231e-01
9.951107949018478394e-02
8.101967722177505493e-02
1.393994688987731934e-01
1.528351455926895142e-01
2.064789533615112305e-01
2.474524527788162231e-01
2.474524527788162231e-01
1.327221691608428955e-01
2.359593659639358521e-01
2.235699445009231567e-01
1.467461884021759033e-01
1.114801019430160522e-01
8.473994582891464233e-02
6.898713111877441406e-02
1.338136941194534302e-01
1.193563789129257202e-01
2.474524527788162231e-01
2.474524527788162231e-01
1.523800939321517944e-01
9.879743307828903198e-02
1.328320354223251343e-01
1.064506322145462036e-01
8.396302163600921631e-02
1.742386817932128906e-01
2.392676025629043579e-01
2.840060889720916748e-01
1.911272406578063965e-01
7.878606021404266357e-02
4.516760632395744324e-02
5.621579661965370178e-02
7.668383419513702393e-02
5.426495149731636047e-02
2.661646306514739990e-01
2.840060889720916748e-01
2.840060889720916748e-01
1.093707531690597534e-01
7.247326523065567017e-02
2.419900707900524139e-02
6.050455197691917419e-02
3.120070137083530426e-02
1.637198403477668762e-02
2.254572659730911255e-01
2.840060889720916748e-01
2.128958404064178467e-01
1.879526674747467041e-01
7.324006408452987671e-02
3.863222524523735046e-02
5.592307820916175842e-02
7.436448335647583008e-02
6.342367827892303467e-02
1.736992150545120239e-01
2.717646658420562744e-01
2.840060889720916748e-01
1.079660952091217041e-01
9.974755346775054932e-02
5.313564836978912354e-02
1.520208269357681274e-01
8.645663410425186157e-02
5.303208529949188232e-02
2.236607074737548828e-01
2.840060889720916748e-01
2.768210470676422119e-01
3.676048293709754944e-02
4.514859989285469055e-02
5.205817520618438721e-02
9.316381812095642090e-02
6.260430812835693359e-02
3.717783838510513306e-02
2.132451832294464111e-01
2.768210470676422119e-01
2.768210470676422119e-01
1.156061217188835144e-01
7.292170822620391846e-02
7.521755248308181763e-02
7.229757308959960938e-02
8.477848023176193237e-02
1.382578611373901367e-01
2.768210470676422119e-01
2.768210470676422119e-01
2.528084814548492432e-01
5.344601348042488098e-02
6.828853487968444824e-02
6.767626106739044189e-02
9.927670657634735107e-02
4.685591533780097961e-02
4.971846193075180054e-02
2.165724039077758789e-01
2.768210470676422119e-01
2.768210470676422119e-01
9.712035208940505981e-02
1.157091110944747925e-01
7.977423816919326782e-02
3.702662140130996704e-02
5.772067606449127197e-02
1.217149719595909119e-01
2.768210470676422119e-01
2.768210470676422119e-01
2.572402656078338623e-01
1.343213319778442383e-01
1.071643009781837463e-01
7.423425465822219849e-02
1.027770806103944778e-02
5.542257055640220642e-02
1.662482768297195435e-01
1.284041255712509155e-01
2.572402656078338623e-01
2.572402656078338623e-01
2.166581004858016968e-01
2.200679779052734375e-01
1.133823618292808533e-01
1.237470842897891998e-02
6.392895430326461792e-02
1.269497275352478027e-01
1.433036923408508301e-01
2.572402656078338623e-01
2.572402656078338623e-01
1.155427694320678711e-01
1.618967205286026001e-01
1.014486774802207947e-01
4.176213964819908142e-02
6.017712131142616272e-02
9.851481020450592041e-02
1.414171904325485229e-01
2.572402656078338623e-01
2.572402656078338623e-01
1.798340827226638794e-01
2.017690390348434448e-01
1.408287435770034790e-01
1.065693870186805725e-01
7.871101051568984985e-02
1.437945812940597534e-01
1.433700770139694214e-01
2.572402656078338623e-01
2.854619026184082031e-01
1.800564676523208618e-01
1.372543126344680786e-01
3.694350272417068481e-02
1.570311188697814941e-02
3.140548244118690491e-02
1.007217094302177429e-01
1.640457808971405029e-01
2.854619026184082031e-01
2.854619026184082031e-01
1.036237850785255432e-01
4.776202142238616943e-02
1.084868889302015305e-02
9.526878595352172852e-03
2.123466506600379944e-02
5.795105546712875366e-02
1.786498725414276123e-01
2.854619026184082031e-01
2.854619026184082031e-01
1.061680391430854797e-01
9.772751480340957642e-02
8.212413638830184937e-02
1.001652330160140991e-01
8.556792885065078735e-02
1.843257993459701538e-01
2.035416364669799805e-01
2.705649435520172119e-01
2.854619026184082031e-01
1.071708723902702332e-01
5.712764337658882141e-02
8.736129105091094971e-02
5.761054530739784241e-02
7.803174108266830444e-02
1.208069324493408203e-01
2.166723161935806274e-01
2.854619026184082031e-01
2.674266099929809570e-01
9.223957359790802002e-02
3.446670249104499817e-02
1.201000064611434937e-02
3.172818943858146667e-02
5.245956405997276306e-02
9.172572940587997437e-02
1.793488264083862305e-01
2.674266099929809570e-01
2.674266099929809570e-01
1.343654394149780273e-01
8.378245681524276733e-02
5.635511130094528198e-02
1.331501752138137817e-01
1.483192145824432373e-01
1.836993545293807983e-01
1.408581882715225220e-01
2.674266099929809570e-01
2.674266099929809570e-01
1.672377884387969971e-01
3.654907643795013428e-02
5.555335432291030884e-02
6.962487101554870605e-02
9.503531455993652344e-02
1.301008313894271851e-01
1.962174177169799805e-01
2.674266099929809570e-01
2.674266099929809570e-01
1.190881282091140747e-01
3.724803403019905090e-02
8.974439650774002075e-02
1.568473726511001587e-01
1.712297499179840088e-01
2.028978466987609863e-01
1.704121977090835571e-01
2.674266099929809570e-01
2.446075975894927979e-01
1.652812957763671875e-01
7.129079848527908325e-02
7.751640677452087402e-02
8.722355216741561890e-02
9.528023004531860352e-02
1.613856852054595947e-01
1.682170778512954712e-01
2.006484717130661011e-01
2.446075975894927979e-01
2.446075975894927979e-01
1.506423205137252808e-01
8.901917189359664917e-02
4.442023113369941711e-02
6.249323859810829163e-02
1.844918131828308105e-01
2.446075975894927979e-01
2.205931246280670166e-01
2.031530439853668213e-01
5.235420539975166321e-02
5.937251448631286621e-02
9.776628017425537109e-02
1.103080809116363525e-01
1.712765395641326904e-01
1.971650421619415283e-01
1.765703558921813965e-01
2.446075975894927979e-01
1.374507397413253784e-01
9.419097006320953369e-02
1.615220010280609131e-01
1.270213723182678223e-01
7.586425542831420898e-02
1.356697380542755127e-01
2.446075975894927979e-01
2.446075975894927979e-01
2.168705463409423828e-01
2.335938662290573120e-01
2.224238514900207520e-01
2.335938662290573120e-01
8.312004059553146362e-02
2.222397737205028534e-02
4.646274074912071228e-02
1.100168451666831970e-01
2.335938662290573120e-01
2.335938662290573120e-01
2.335938662290573120e-01
2.335938662290573120e-01
1.943575888872146606e-01
6.618053466081619263e-02
3.061890229582786560e-02
2.950068563222885132e-02
1.351916193962097168e-01
1.349674165248870850e-01
2.335938662290573120e-01
1.212413311004638672e-01
1.203290745615959167e-01
1.943494677543640137e-01
1.361609399318695068e-01
5.960903689265251160e-02
8.863635361194610596e-02
1.916044354438781738e-01
2.335938662290573120e-01
1.661370098590850830e-01
1.804237067699432373e-01
1.642310768365859985e-01
2.277860790491104126e-01
1.628499478101730347e-01
7.450330257415771484e-02
8.509229123592376709e-02
1.424682587385177612e-01
1.508117020130157471e-01
2.335938662290573120e-01
2.569559216499328613e-01
2.431917637586593628e-01
1.144454106688499451e-01
3.817242011427879333e-02
3.518290445208549500e-02
1.132336352020502090e-02
7.985825091600418091e-02
6.424510478973388672e-02
2.487214505672454834e-01
2.569559216499328613e-01
2.569559216499328613e-01
1.846734285354614258e-01
8.162665367126464844e-02
9.104829281568527222e-02
4.800673201680183411e-02
1.633393578231334686e-02
1.485729664564132690e-01
2.569559216499328613e-01
2.026239484548568726e-01
1.479132771492004395e-01
1.525681912899017334e-01
1.647538989782333374e-01
4.378474876284599304e-02
7.702034711837768555e-02
1.503223031759262085e-01
1.017319187521934509e-01
2.530308067798614502e-01
2.569559216499328613e-01
2.569559216499328613e-01
1.307234466075897217e-01
1.242996454238891602e-01
6.861546635627746582e-02
6.899716705083847046e-02
1.422461569309234619e-01
1.835694313049316406e-01
2.569559216499328613e-01
2.583414018154144287e-01
2.552112936973571777e-01
1.242779344320297241e-01
3.706138953566551208e-02
4.092026501893997192e-02
3.556839376688003540e-02
3.582300990819931030e-02
1.790190190076828003e-01
2.707817852497100830e-01
2.707817852497100830e-01
1.915536522865295410e-01
4.626078903675079346e-02
1.238347031176090240e-02
9.631094522774219513e-03
1.284484844654798508e-02
5.567533150315284729e-02
2.096589803695678711e-01
2.707817852497100830e-01
2.707817852497100830e-01
2.707817852497100830e-01
1.129362732172012329e-01
2.133308537304401398e-02
4.027873650193214417e-02
3.872068598866462708e-02
5.731390044093132019e-02
1.575527489185333252e-01
2.707817852497100830e-01
2.707817852497100830e-01
2.707817852497100830e-01
7.030022144317626953e-02
4.515433218330144882e-03
1.764628663659095764e-02
1.327245496213436127e-02
3.054340183734893799e-02
1.237096935510635376e-01
2.707817852497100830e-01
3.061661422252655029e-01
2.083527743816375732e-01
4.173482954502105713e-02
1.121488120406866074e-02
1.505167782306671143e-02
1.345027890056371689e-02
4.423893988132476807e-02
1.509549319744110107e-01
3.061661422252655029e-01
2.865082025527954102e-01
2.196686267852783203e-01
7.824268937110900879e-02
2.996534667909145355e-02
1.769236847758293152e-02
2.034343034029006958e-02
4.003433510661125183e-02
1.202468201518058777e-01
2.829400599002838135e-01
3.061661422252655029e-01
1.987200081348419189e-01
2.636998519301414490e-02
3.435871563851833344e-03
8.997465483844280243e-03
1.129495166242122650e-02
4.236461967229843140e-02
1.395696550607681274e-01
3.061661422252655029e-01
3.061661422252655029e-01
2.000787556171417236e-01
5.293979495763778687e-02
2.202139981091022491e-02
4.653835203498601913e-03
8.462527766823768616e-03
4.299731552600860596e-02
1.514537036418914795e-01
3.061661422252655029e-01
2.899639010429382324e-01
2.296216338872909546e-01
1.179804578423500061e-01
6.057162955403327942e-02
5.028330534696578979e-02
4.813485220074653625e-02
5.365609377622604370e-02
1.408251672983169556e-01
2.668603062629699707e-01
2.516923546791076660e-01
1.155584305524826050e-01
3.977501392364501953e-02
4.983649030327796936e-02
8.592817932367324829e-02
7.924264669418334961e-02
1.361327767372131348e-01
1.703353077173233032e-01
2.769448161125183105e-01
2.899639010429382324e-01
2.899639010429382324e-01
7.803236693143844604e-02
4.546743631362915039e-02
4.142575338482856750e-02
5.596601590514183044e-02
6.317108869552612305e-02
1.281572580337524414e-01
2.899639010429382324e-01
2.899639010429382324e-01
1.646764874458312988e-01
1.629531569778919220e-02
5.722837150096893311e-02
7.491663843393325806e-02
1.016320735216140747e-01
1.065295040607452393e-01
1.161828935146331787e-01
2.899639010429382324e-01
2.457161992788314819e-01
8.743582665920257568e-02
5.848911404609680176e-02
5.316125601530075073e-02
6.662237644195556641e-02
1.226909756660461426e-01
1.198930516839027405e-01
1.564300060272216797e-01
3.030738532543182373e-01
3.030738532543182373e-01
1.313332915306091309e-01
9.464829415082931519e-02
3.789805993437767029e-02
7.338228076696395874e-02
1.196575909852981567e-01
1.118158772587776184e-01
1.724708080291748047e-01
3.030738532543182373e-01
3.030738532543182373e-01
5.651803314685821533e-02
2.064303867518901825e-02
4.644669592380523682e-02
6.080134585499763489e-02
9.025847166776657104e-02
8.081971108913421631e-02
1.410689353942871094e-01
3.030738532543182373e-01
3.030738532543182373e-01
9.673430025577545166e-02
1.435853689908981323e-01
9.863141179084777832e-02
4.201864078640937805e-02
7.348001003265380859e-02
5.180014297366142273e-02
1.954264491796493530e-01
3.030738532543182373e-01
1.101711988449096680e-01
5.105004459619522095e-02
1.140421703457832336e-01
1.327949762344360352e-01
1.252321898937225342e-01
1.320837587118148804e-01
1.436904221773147583e-01
2.003282606601715088e-01
1.320593953132629395e-01
2.216837555170059204e-01
1.597132384777069092e-01
1.630672216415405273e-01
2.200805097818374634e-01
1.492007523775100708e-01
1.019557490944862366e-01
9.444066137075424194e-02
1.299518495798110962e-01
1.486686766147613525e-01
1.924082487821578979e-01
1.263031214475631714e-01
2.071691304445266724e-01
2.247935384511947632e-01
1.685261577367782593e-01
1.622513681650161743e-01
1.027841195464134216e-01
1.510634720325469971e-01
1.507252156734466553e-01
2.372402995824813843e-01
2.372402995824813843e-01
2.372402995824813843e-01
2.372402995824813843e-01
2.372402995824813843e-01
1.590130478143692017e-01
1.192241087555885315e-01
1.003546416759490967e-01
1.497175991535186768e-01
2.349019050598144531e-01
1.962269395589828491e-01
1.273960769176483154e-01
2.102840989828109741e-01
1.172708198428153992e-01
7.404647767543792725e-02
7.076226174831390381e-02
1.247882097959518433e-01
1.643032431602478027e-01
1.798826456069946289e-01
1.819781661033630371e-01
1.540400683879852295e-01
1.500625014305114746e-01
1.403553336858749390e-01
9.289534389972686768e-02
9.662578254938125610e-02
1.596214473247528076e-01
2.006796151399612427e-01
2.358984053134918213e-01
2.358984053134918213e-01
1.652283519506454468e-01
2.113414257764816284e-01
2.136579006910324097e-01
1.394361853599548340e-01
1.308744102716445923e-01
1.054368764162063599e-01
1.864665299654006958e-01
1.912903338670730591e-01
1.665908992290496826e-01
8.798275142908096313e-02
1.383530050516128540e-01
2.237322926521301270e-01
1.303668916225433350e-01
1.859843879938125610e-01
1.143512949347496033e-01
2.103509008884429932e-01
1.698387116193771362e-01
2.315044850111007690e-01
1.498249322175979614e-01
1.511320620775222778e-01
1.383930295705795288e-01
1.223374456167221069e-01
1.050666943192481995e-01
1.323571950197219849e-01
1.612482517957687378e-01
2.376902401447296143e-01
2.048720121383666992e-01
1.328909546136856079e-01
9.727756679058074951e-02
1.108104512095451355e-01
1.265185922384262085e-01
1.177423000335693359e-01
1.455545127391815186e-01
1.546348631381988525e-01
1.963015049695968628e-01
1.629910469055175781e-01
8.490671962499618530e-02
1.195176020264625549e-01
1.981673836708068848e-01
1.649998873472213745e-01
1.799630820751190186e-01
1.298629641532897949e-01
2.114496678113937378e-01
2.376902401447296143e-01
1.356308311223983765e-01
8.270017802715301514e-02
1.358662843704223633e-01
1.868517547845840454e-01
2.327055782079696655e-01
2.188287526369094849e-01
1.694086343050003052e-01
2.355553656816482544e-01
1.830795258283615112e-01
1.579923331737518311e-01
1.126965731382369995e-01
3.797967359423637390e-02
7.724865525960922241e-02
1.091912314295768738e-01
1.014058515429496765e-01
1.041268929839134216e-01
1.521026790142059326e-01
2.188404947519302368e-01
1.959022432565689087e-01
2.026974707841873169e-01
1.106898412108421326e-01
2.355109006166458130e-01
1.623158156871795654e-01
1.102507859468460083e-01
2.059116661548614502e-01
2.385389357805252075e-01
1.578074097633361816e-01
1.032568961381912231e-01
7.955677062273025513e-02
6.505534052848815918e-02
1.651165932416915894e-01
1.730964481830596924e-01
1.406586170196533203e-01
1.148892864584922791e-01
1.541907191276550293e-01
2.385389357805252075e-01
2.313942909240722656e-01
1.845611184835433960e-01
1.808351427316665649e-01
2.385389357805252075e-01
1.866669505834579468e-01
2.068144828081130981e-01
1.706957668066024780e-01
1.702734678983688354e-01
2.013995498418807983e-01
1.333887726068496704e-01
1.327448636293411255e-01
1.182343810796737671e-01
1.359249055385589600e-01
8.442842215299606323e-02
6.165493279695510864e-02
1.327178329229354858e-01
2.275363057851791382e-01
2.275363057851791382e-01
1.398089379072189331e-01
1.884955465793609619e-01
1.747625619173049927e-01
1.080005690455436707e-01
1.224808841943740845e-01
7.398825883865356445e-02
1.529199928045272827e-01
2.275363057851791382e-01
2.275363057851791382e-01
2.115138024091720581e-01
1.822402775287628174e-01
1.649232953786849976e-01
1.169890537858009338e-01
9.410890191793441772e-02
1.804228872060775757e-01
1.362389028072357178e-01
1.565040498971939087e-01
2.275363057851791382e-01
1.657202988862991333e-01
1.822226494550704956e-01
2.275363057851791382e-01
1.718156784772872925e-01
1.246741041541099548e-01
2.275363057851791382e-01
1.498500704765319824e-01
1.603502631187438965e-01
1.394043713808059692e-01
1.367854773998260498e-01
1.939004510641098022e-01
1.784896403551101685e-01
1.701431721448898315e-01
1.385159492492675781e-01
8.715214580297470093e-02
1.238108053803443909e-01
2.269758880138397217e-01
1.956463903188705444e-01
1.893231570720672607e-01
1.327341198921203613e-01
1.433300375938415527e-01
2.287736684083938599e-01
1.672335863113403320e-01
2.150554060935974121e-01
1.347716003656387329e-01
1.819223165512084961e-01
1.182198226451873779e-01
1.125420331954956055e-01
1.582092791795730591e-01
1.819091439247131348e-01
2.084003388881683350e-01
1.822998821735382080e-01
1.878232508897781372e-01
8.575835824012756348e-02
1.068363115191459656e-01
1.856828182935714722e-01
1.485568583011627197e-01
9.983626753091812134e-02
7.501241564750671387e-02
2.287736684083938599e-01
2.287736684083938599e-01
2.287736684083938599e-01
1.208560913801193237e-01
1.349376589059829712e-01
1.787855923175811768e-01
1.234246566891670227e-01
8.791431039571762085e-02
1.315074861049652100e-01
1.747514456510543823e-01
1.634423881769180298e-01
2.109548896551132202e-01
1.259415596723556519e-01
1.305638998746871948e-01
1.880424618721008301e-01
2.141099125146865845e-01
1.126755997538566589e-01
2.283986061811447144e-01
1.416805237531661987e-01
1.606172323226928711e-01
1.610246747732162476e-01
1.510438174009323120e-01
2.142458111047744751e-01
1.395677030086517334e-01
1.002047806978225708e-01
8.872226625680923462e-02
1.329502761363983154e-01
1.897115558385848999e-01
1.819346696138381958e-01
1.675257086753845215e-01
1.069121882319450378e-01
1.280994564294815063e-01
1.346419900655746460e-01
1.941444873809814453e-01
8.740112185478210449e-02
2.283986061811447144e-01
2.039453834295272827e-01
2.283986061811447144e-01
2.283986061811447144e-01
1.351919621229171753e-01
2.106265723705291748e-01
2.125700116157531738e-01
2.261496782302856445e-01
8.233045041561126709e-02
1.457589566707611084e-01
1.381377130746841431e-01
1.196070164442062378e-01
8.740921318531036377e-02
1.179327964782714844e-01
1.566119641065597534e-01
1.898451000452041626e-01
1.612363159656524658e-01
8.248934149742126465e-02
1.175649613142013550e-01
1.928519159555435181e-01
1.642134636640548706e-01
1.194572672247886658e-01
1.766058206558227539e-01
2.261496782302856445e-01
1.436776816844940186e-01
2.222025096416473389e-01
6.970774382352828979e-02
1.978096514940261841e-01
1.603078097105026245e-01
2.261496782302856445e-01
1.567613780498504639e-01
1.383050382137298584e-01
1.925019323825836182e-01
1.185551732778549194e-01
1.845913529396057129e-01
1.077813059091567993e-01
1.565962731838226318e-01
2.106214463710784912e-01
2.194337248802185059e-01
8.218869566917419434e-02
2.102626115083694458e-01
2.261496782302856445e-01
1.415284723043441772e-01
7.929968833923339844e-02
1.170158386230468750e-01
1.272475868463516235e-01
1.348367631435394287e-01
2.138459980487823486e-01
1.097625717520713806e-01
1.985623836517333984e-01
2.278435975313186646e-01
1.561250239610671997e-01
1.106248795986175537e-01
1.852246671915054321e-01
1.721290200948715210e-01
8.102457970380783081e-02
1.642608344554901123e-01
2.278435975313186646e-01
2.278435975313186646e-01
1.866418570280075073e-01
1.324369758367538452e-01
1.382454335689544678e-01
1.606301218271255493e-01
1.650248616933822632e-01
1.810660362243652344e-01
1.932740807533264160e-01
8.302827924489974976e-02
2.143247127532958984e-01
2.278435975313186646e-01
1.526412218809127808e-01
1.246558651328086853e-01
1.937707811594009399e-01
1.651397943496704102e-01
1.057010665535926819e-01
1.365664750337600708e-01
1.813907623291015625e-01
1.928304582834243774e-01
1.825656145811080933e-01
1.402882933616638184e-01
9.779480099678039551e-02
1.605960428714752197e-01
1.862186044454574585e-01
9.166168421506881714e-02
8.980187773704528809e-02
2.312488555908203125e-01
2.211772203445434570e-01
1.826161146163940430e-01
2.074601352214813232e-01
1.949090808629989624e-01
2.312488555908203125e-01
2.312488555908203125e-01
1.118481084704399109e-01
1.463619619607925415e-01
1.837157011032104492e-01
2.117974013090133667e-01
2.312488555908203125e-01
9.428145736455917358e-02
7.327541708946228027e-02
7.470959424972534180e-02
1.334248483180999756e-01
1.092381551861763000e-01
6.760389357805252075e-02
1.671632230281829834e-01
1.673546135425567627e-01
1.561645418405532837e-01
1.430242955684661865e-01
1.535430550575256348e-01
1.249797567725181580e-01
1.953526437282562256e-01
1.547677516937255859e-01
1.264152675867080688e-01
2.175249904394149780e-01
2.312488555908203125e-01
1.695345789194107056e-01
1.558462381362915039e-01
1.578251272439956665e-01
1.500854492187500000e-01
2.116051167249679565e-01
5.485869199037551880e-02
1.590500771999359131e-01
2.370853722095489502e-01
1.568066626787185669e-01
1.766850352287292480e-01
2.370853722095489502e-01
1.679659336805343628e-01
9.356123954057693481e-02
9.560883790254592896e-02
7.839148491621017456e-02
2.251621335744857788e-01
2.370853722095489502e-01
1.533152908086776733e-01
2.370853722095489502e-01
1.132574453949928284e-01
1.742263734340667725e-01
1.461163610219955444e-01
1.058869063854217529e-01
9.518092870712280273e-02
1.297146081924438477e-01
1.727313250303268433e-01
1.665856391191482544e-01
9.271945059299468994e-02
2.260742038488388062e-01
1.809010505676269531e-01
1.678812503814697266e-01
1.005152538418769836e-01
1.215993911027908325e-01
2.146449834108352661e-01
2.370853722095489502e-01
1.341148316860198975e-01
1.439954787492752075e-01
2.557576596736907959e-01
2.137658447027206421e-01
1.138162612915039062e-01
1.185378618538379669e-02
7.544168084859848022e-02
1.336858421564102173e-01
1.441855132579803467e-01
1.762639582157135010e-01
2.557576596736907959e-01
2.557576596736907959e-01
2.021561264991760254e-01
7.679587602615356445e-02
1.209823321551084518e-02
3.324371948838233948e-02
2.182856388390064240e-02
3.933339193463325500e-02
2.557576596736907959e-01
2.557576596736907959e-01
2.557576596736907959e-01
9.036610275506973267e-02
1.157260835170745850e-01
1.013549491763114929e-01
1.248696073889732361e-01
1.520298570394515991e-01
1.979325413703918457e-01
1.830426156520843506e-01
2.281680405139923096e-01
1.925372332334518433e-01
7.517570257186889648e-02
7.754262536764144897e-02
8.056306838989257812e-02
9.105335921049118042e-02
8.816041797399520874e-02
1.527361571788787842e-01
2.557576596736907959e-01
2.557576596736907959e-01
2.880684137344360352e-01
9.331315755844116211e-02
2.295194566249847412e-02
1.797192916274070740e-02
2.085336856544017792e-02
1.283348444849252701e-02
4.405003413558006287e-02
2.090514749288558960e-01
2.880684137344360352e-01
2.880684137344360352e-01
8.314673602581024170e-02
2.644998393952846527e-02
1.954359374940395355e-02
1.452134083956480026e-02
7.622132077813148499e-03
3.388142585754394531e-02
1.638121902942657471e-01
2.880684137344360352e-01
1.826339364051818848e-01
1.179558411240577698e-01
1.007219105958938599e-01
9.519354254007339478e-02
1.296069771051406860e-01
8.435130119323730469e-02
9.304557740688323975e-02
2.712078392505645752e-01
2.880684137344360352e-01
2.880684137344360352e-01
1.286315917968750000e-01
1.763672828674316406e-01
9.146850556135177612e-02
1.801834851503372192e-01
8.261625468730926514e-02
5.189638957381248474e-02
2.314929068088531494e-01
2.880684137344360352e-01
3.172184526920318604e-01
8.411891013383865356e-02
1.928699389100074768e-02
1.899475231766700745e-02
2.226467058062553406e-02
2.318722940981388092e-02
4.885601624846458435e-02
9.375317394733428955e-02
3.172184526920318604e-01
3.106759488582611084e-01
3.895544633269309998e-02
1.027493923902511597e-02
2.064779959619045258e-02
2.999637275934219360e-02
5.264394357800483704e-02
6.922224164009094238e-02
1.090440824627876282e-01
3.172184526920318604e-01
3.172184526920318604e-01
4.590855166316032410e-02
7.828068733215332031e-02
5.633963644504547119e-02
1.636253744363784790e-01
5.051688104867935181e-02
8.473935723304748535e-02
1.799061745405197144e-01
3.172184526920318604e-01
3.172184526920318604e-01
6.023505330085754395e-02
6.054932624101638794e-02
3.942776471376419067e-02
1.135187521576881409e-01
5.817639455199241638e-02
9.391853958368301392e-02
1.981762647628784180e-01
3.172184526920318604e-01
2.964147627353668213e-01
3.101108223199844360e-02
1.718287914991378784e-02
1.305628288537263870e-02
2.438951656222343445e-02
2.095837891101837158e-02
3.559928014874458313e-02
1.140367835760116577e-01
2.975095510482788086e-01
2.845556437969207764e-01
8.803218603134155273e-02
1.745591312646865845e-01
1.325147598981857300e-01
1.901173032820224762e-02
5.830965470522642136e-03
2.058810368180274963e-02
1.262438893318176270e-01
2.975095510482788086e-01
2.975095510482788086e-01
7.482820004224777222e-02
7.420777529478073120e-02
7.551946491003036499e-02
6.774735450744628906e-02
4.320228472352027893e-02
7.435335218906402588e-02
1.793928593397140503e-01
2.975095510482788086e-01
2.975095510482788086e-01
1.134312897920608521e-01
1.961045116186141968e-01
2.177836298942565918e-01
8.129097521305084229e-02
4.234779626131057739e-02
9.225615113973617554e-02
1.766624450683593750e-01
2.975095510482788086e-01
