1.729092746973037720e-01
2.012508511543273926e-01
2.185285091400146484e-01
1.857912987470626831e-01
1.563310027122497559e-01
1.156666055321693420e-01
6.403649598360061646e-02
4.686130583286285400e-02
1.280207484960556030e-01
1.544636934995651245e-01
1.798020750284194946e-01
1.416080296039581299e-01
1.111078336834907532e-01
2.273780107498168945e-01
1.403650641441345215e-01
1.833072900772094727e-01
1.455949544906616211e-01
9.099312871694564819e-02
1.755692213773727417e-01
2.103375196456909180e-01
1.654618233442306519e-01
1.598909348249435425e-01
1.465348452329635620e-01
1.613649427890777588e-01
1.053374335169792175e-01
4.320685192942619324e-02
1.605539619922637939e-01
1.543440967798233032e-01
2.273780107498168945e-01
2.273780107498168945e-01
1.451079398393630981e-01
2.273780107498168945e-01
2.273780107498168945e-01
2.243017852306365967e-01
1.339119076728820801e-01
1.652184277772903442e-01
8.559124171733856201e-02
1.011439263820648193e-01
1.547882556915283203e-01
1.166365519165992737e-01
1.605348736047744751e-01
1.347110718488693237e-01
2.319069206714630127e-01
1.858090311288833618e-01
1.002063900232315063e-01
4.775283485651016235e-02
1.519454568624496460e-01
1.961925327777862549e-01
1.298414617776870728e-01
1.173960715532302856e-01
9.273608773946762085e-02
1.360059678554534912e-01
1.590362042188644409e-01
1.447078734636306763e-01
8.772964030504226685e-02
2.319069206714630127e-01
2.319069206714630127e-01
2.138439118862152100e-01
2.120133638381958008e-01
1.927135735750198364e-01
2.290731966495513916e-01
2.133081108331680298e-01
1.065044999122619629e-01
6.705687940120697021e-02
1.583088636398315430e-01
2.230125069618225098e-01
1.868779063224792480e-01
1.808604896068572998e-01
2.038058787584304810e-01
1.895370036363601685e-01
2.095724493265151978e-01
1.084646433591842651e-01
5.897735804319381714e-02
2.132000774145126343e-01
1.803223788738250732e-01
1.690524816513061523e-01
1.343412101268768311e-01
8.756226301193237305e-02
1.409925520420074463e-01
9.745270758867263794e-02
8.346085995435714722e-02
1.716891080141067505e-01
1.679052412509918213e-01
2.073190361261367798e-01
2.272415608167648315e-01
1.601628363132476807e-01
1.014073863625526428e-01
1.717563420534133911e-01
9.117374569177627563e-02
7.953696697950363159e-02
9.812746196985244751e-02
1.583596318960189819e-01
1.998144090175628662e-01
1.827640533447265625e-01
1.951212882995605469e-01
1.975259631872177124e-01
1.785080730915069580e-01
1.087882071733474731e-01
8.065985143184661865e-02
2.145879715681076050e-01
1.263630390167236328e-01
2.272415608167648315e-01
2.272415608167648315e-01
2.102197855710983276e-01
1.992747783660888672e-01
1.867569386959075928e-01
2.257244288921356201e-01
1.514120250940322876e-01
2.209885269403457642e-01
1.804240494966506958e-01
1.915120482444763184e-01
1.439384967088699341e-01
1.133440509438514709e-01
1.048027873039245605e-01
7.531423121690750122e-02
1.270876824855804443e-01
1.377492994070053101e-01
1.651655882596969604e-01
1.176220774650573730e-01
1.340569108724594116e-01
1.285542994737625122e-01
7.784147560596466064e-02
1.454086154699325562e-01
1.162534952163696289e-01
1.916833370923995972e-01
1.650646030902862549e-01
2.259451001882553101e-01
1.684389412403106689e-01
2.190974950790405273e-01
1.846681535243988037e-01
1.644386351108551025e-01
1.796653270721435547e-01
1.188196763396263123e-01
2.280458509922027588e-01
1.515341699123382568e-01
1.779232472181320190e-01
1.050973609089851379e-01
9.885350614786148071e-02
1.783461719751358032e-01
1.434750258922576904e-01
2.077826559543609619e-01
2.280458509922027588e-01
2.280458509922027588e-01
2.280458509922027588e-01
1.222474128007888794e-01
9.313213080167770386e-02
1.566565632820129395e-01
1.600202918052673340e-01
9.805680811405181885e-02
1.387831866741180420e-01
1.523788273334503174e-01
1.217847093939781189e-01
1.354018300771713257e-01
1.445712447166442871e-01
1.551938503980636597e-01
2.187239527702331543e-01
2.153051942586898804e-01
1.671881526708602905e-01
1.447422206401824951e-01
7.077449560165405273e-02
5.957048758864402771e-02
1.243646442890167236e-01
1.117525324225425720e-01
7.323468476533889771e-02
8.535971492528915405e-02
1.776328235864639282e-01
1.431356668472290039e-01
1.990514546632766724e-01
2.429890930652618408e-01
2.429890930652618408e-01
2.429890930652618408e-01
1.432799845933914185e-01
1.610932201147079468e-01
1.777580231428146362e-01
2.177824825048446655e-01
1.411253958940505981e-01
1.910134702920913696e-01
2.106988579034805298e-01
2.429890930652618408e-01
2.171565890312194824e-01
1.510600298643112183e-01
1.292636841535568237e-01
2.118863165378570557e-01
1.873310506343841553e-01
1.826093345880508423e-01
1.218173950910568237e-01
6.762293726205825806e-02
1.029337197542190552e-01
1.218476593494415283e-01
1.313414126634597778e-01
1.257922947406768799e-01
1.669487059116363525e-01
1.686562001705169678e-01
2.452438324689865112e-01
1.596173346042633057e-01
1.634091436862945557e-01
1.247031018137931824e-01
1.638901978731155396e-01
1.486689299345016479e-01
1.637648344039916992e-01
2.464171648025512695e-01
1.910807788372039795e-01
1.498206406831741333e-01
1.451309770345687866e-01
1.681230515241622925e-01
2.096711844205856323e-01
1.364849954843521118e-01
1.937199532985687256e-01
2.275001406669616699e-01
2.464171648025512695e-01
1.424148529767990112e-01
1.858854293823242188e-01
1.102061420679092407e-01
1.832618564367294312e-01
1.018891930580139160e-01
1.192527040839195251e-01
1.566444337368011475e-01
2.230479717254638672e-01
2.279090136289596558e-01
1.542245149612426758e-01
1.518400013446807861e-01
1.452274918556213379e-01
1.617256104946136475e-01
9.471450001001358032e-02
1.968449205160140991e-01
1.856759190559387207e-01
2.296531498432159424e-01
2.355605214834213257e-01
1.951088160276412964e-01
1.096844822168350220e-01
1.431325674057006836e-01
7.351355999708175659e-02
1.007138565182685852e-01
1.807439625263214111e-01
2.542520761489868164e-01
2.438071221113204956e-01
2.542520761489868164e-01
1.215143501758575439e-01
8.017495274543762207e-02
5.919415503740310669e-02
8.691534399986267090e-02
6.591600179672241211e-02
1.538873910903930664e-01
2.542520761489868164e-01
1.997531652450561523e-01
1.849013715982437134e-01
1.147852167487144470e-01
2.831514552235603333e-02
6.492723524570465088e-02
3.602862730622291565e-02
7.186883687973022461e-02
2.356243431568145752e-01
2.032133489847183228e-01
2.017375826835632324e-01
1.685020476579666138e-01
1.573424786329269409e-01
1.185283586382865906e-01
8.933420479297637939e-02
5.421969294548034668e-02
1.277692168951034546e-01
1.928286850452423096e-01
2.691917121410369873e-01
2.647659480571746826e-01
2.218716591596603394e-01
2.008971422910690308e-01
1.085151284933090210e-01
1.408715099096298218e-01
9.994098544120788574e-02
2.142799347639083862e-01
2.691917121410369873e-01
2.691917121410369873e-01
1.618914902210235596e-01
1.171920150518417358e-01
6.351395696401596069e-02
3.125954046845436096e-02
2.855986542999744415e-02
2.936170250177383423e-02
6.825026124715805054e-02
2.491171360015869141e-01
2.691917121410369873e-01
1.675631999969482422e-01
1.158438771963119507e-01
3.464049473404884338e-02
2.299121581017971039e-02
3.650148212909698486e-02
4.739846289157867432e-02
1.183319166302680969e-01
2.691917121410369873e-01
2.214149385690689087e-01
1.304054707288742065e-01
8.470924943685531616e-02
1.004290655255317688e-01
6.845019757747650146e-02
1.401710659265518188e-01
1.720059663057327271e-01
2.475658804178237915e-01
2.621455788612365723e-01
2.263468205928802490e-01
1.189780384302139282e-01
5.697170272469520569e-02
8.940579742193222046e-02
1.225583329796791077e-01
1.520728319883346558e-01
2.621455788612365723e-01
2.621455788612365723e-01
2.621455788612365723e-01
2.610506713390350342e-01
1.267713308334350586e-01
6.980460882186889648e-02
3.520996123552322388e-02
1.841849647462368011e-02
2.963496930897235870e-02
3.862672299146652222e-02
9.973935782909393311e-02
2.621455788612365723e-01
2.621455788612365723e-01
1.337533742189407349e-01
4.846734553575515747e-02
5.287180840969085693e-02
4.677043482661247253e-02
7.218372076749801636e-02
1.097640916705131531e-01
2.399891167879104614e-01
2.621455788612365723e-01
1.319804787635803223e-01
9.690268337726593018e-02
6.608704477548599243e-02
1.032664775848388672e-01
1.278294026851654053e-01
1.320853978395462036e-01
2.225769907236099243e-01
2.385168522596359253e-01
1.582942008972167969e-01
1.512186378240585327e-01
1.257893890142440796e-01
1.331153362989425659e-01
1.257537901401519775e-01
1.453093439340591431e-01
1.861101984977722168e-01
2.385168522596359253e-01
1.772719025611877441e-01
1.770647168159484863e-01
1.271455883979797363e-01
1.360453516244888306e-01
4.116960614919662476e-02
9.471555799245834351e-02
7.653017342090606689e-02
8.176139742136001587e-02
1.669487208127975464e-01
2.385168522596359253e-01
2.239391505718231201e-01
1.627385318279266357e-01
1.971957385540008545e-01
1.916591376066207886e-01
2.039850205183029175e-01
1.362643837928771973e-01
1.693203002214431763e-01
2.129174768924713135e-01
2.385168522596359253e-01
2.385168522596359253e-01
1.563485711812973022e-01
1.544466614723205566e-01
1.293485611677169800e-01
1.048566699028015137e-01
1.136779114603996277e-01
1.497081220149993896e-01
1.661553978919982910e-01
5.035418272018432617e-02
1.167648211121559143e-01
2.282349020242691040e-01
2.198475748300552368e-01
1.694802492856979370e-01
6.867983192205429077e-02
1.053657531738281250e-01
1.342900693416595459e-01
1.320638209581375122e-01
8.883841335773468018e-02
1.536494046449661255e-01
2.272482514381408691e-01
2.085293084383010864e-01
2.379662543535232544e-01
1.595560610294342041e-01
9.285086393356323242e-02
1.585982739925384521e-01
1.409793347120285034e-01
1.033720597624778748e-01
2.100330591201782227e-01
2.379662543535232544e-01
2.379662543535232544e-01
2.379662543535232544e-01
9.462973475456237793e-02
1.393189579248428345e-01
1.935353130102157593e-01
1.268426030874252319e-01
1.909455358982086182e-01
2.379662543535232544e-01
2.548016011714935303e-01
1.511176377534866333e-01
1.456591784954071045e-01
3.673947602510452271e-02
1.019717752933502197e-01
1.191484332084655762e-01
1.136219277977943420e-01
1.451600044965744019e-01
2.008181661367416382e-01
2.331898063421249390e-01
1.275553703308105469e-01
1.148176193237304688e-01
1.006837561726570129e-01
1.539000570774078369e-01
9.958367794752120972e-02
6.572595238685607910e-02
1.346920132637023926e-01
1.780004948377609253e-01
2.548016011714935303e-01
2.165491878986358643e-01
2.150389552116394043e-01
3.806074336171150208e-02
1.048550009727478027e-01
1.474355310201644897e-01
1.270045489072799683e-01
2.548016011714935303e-01
2.548016011714935303e-01
2.548016011714935303e-01
2.029609531164169312e-01
1.942780464887619019e-01
7.480055838823318481e-02
1.006317585706710815e-01
6.054574623703956604e-02
1.053375676274299622e-01
1.867223978042602539e-01
2.430620640516281128e-01
2.339634299278259277e-01
1.009953245520591736e-01
1.296340972185134888e-01
2.159857153892517090e-01
1.694307774305343628e-01
9.778479486703872681e-02
9.712909162044525146e-02
1.397804766893386841e-01
1.408319771289825439e-01
2.400706559419631958e-01
1.552540808916091919e-01
2.400706559419631958e-01
2.249934077262878418e-01
1.662675142288208008e-01
1.894883811473846436e-01
2.241094559431076050e-01
1.223535984754562378e-01
2.177652269601821899e-01
2.025553137063980103e-01
1.176202520728111267e-01
1.376662105321884155e-01
1.535623669624328613e-01
1.177899464964866638e-01
9.562931209802627563e-02
1.197203248739242554e-01
1.367452293634414673e-01
1.757286489009857178e-01
2.400706559419631958e-01
5.718946456909179688e-02
7.373361289501190186e-02
1.315447837114334106e-01
8.758331835269927979e-02
1.364462524652481079e-01
2.047035694122314453e-01
1.488980054855346680e-01
2.400706559419631958e-01
1.409543007612228394e-01
2.218188643455505371e-01
2.421575337648391724e-01
1.453359425067901611e-01
9.064289182424545288e-02
1.266110092401504517e-01
1.671175807714462280e-01
8.681424707174301147e-02
1.591053158044815063e-01
2.170720100402832031e-01
2.421575337648391724e-01
2.421575337648391724e-01
2.421575337648391724e-01
1.311645060777664185e-01
1.311839967966079712e-01
1.653235703706741333e-01
9.762611240148544312e-02
1.568943560123443604e-01
2.088544666767120361e-01
1.128666698932647705e-01
8.055717498064041138e-02
8.261672407388687134e-02
5.880098417401313782e-02
8.252848684787750244e-02
1.491196155548095703e-01
1.327804923057556152e-01
2.099126577377319336e-01
2.421575337648391724e-01
2.414337992668151855e-01
2.003919780254364014e-01
1.605164110660552979e-01
8.465962111949920654e-02
8.588527888059616089e-02
1.233536228537559509e-01
1.117590367794036865e-01
2.362421602010726929e-01
1.921181231737136841e-01
2.195200622081756592e-01
1.712956875562667847e-01
2.074661105871200562e-01
1.397493779659271240e-01
1.577155590057373047e-01
1.615270525217056274e-01
7.429657131433486938e-02
1.725809425115585327e-01
2.129323333501815796e-01
1.732740700244903564e-01
8.035077899694442749e-02
1.283116787672042847e-01
1.207901462912559509e-01
1.263136714696884155e-01
1.555878669023513794e-01
1.305568516254425049e-01
2.179463803768157959e-01
2.432976514101028442e-01
1.765469163656234741e-01
1.990628242492675781e-01
1.841174364089965820e-01
9.764725714921951294e-02
1.311214119195938110e-01
1.197168529033660889e-01
9.658499807119369507e-02
2.432976514101028442e-01
2.432976514101028442e-01
2.225762009620666504e-01
7.538851350545883179e-02
1.331813633441925049e-01
1.392704993486404419e-01
9.883659332990646362e-02
1.090110614895820618e-01
1.262667477130889893e-01
2.325661927461624146e-01
1.084290146827697754e-01
1.965104639530181885e-01
2.010077685117721558e-01
1.043202057480812073e-01
9.829914569854736328e-02
1.000713631510734558e-01
9.596139192581176758e-02
8.611020445823669434e-02
1.122990250587463379e-01
1.134798526763916016e-01
2.379223108291625977e-01
2.379223108291625977e-01
1.844850033521652222e-01
1.518489271402359009e-01
1.510705202817916870e-01
1.250216513872146606e-01
1.414731293916702271e-01
1.619137525558471680e-01
8.514340966939926147e-02
1.758830845355987549e-01
1.733381599187850952e-01
7.378771901130676270e-02
1.184961870312690735e-01
1.277202665805816650e-01
1.850496232509613037e-01
1.268466264009475708e-01
1.620944887399673462e-01
1.421712189912796021e-01
2.379223108291625977e-01
2.379223108291625977e-01
1.975388973951339722e-01
2.106002867221832275e-01
1.693656295537948608e-01
1.996146142482757568e-01
2.379223108291625977e-01
2.379223108291625977e-01
1.195444539189338684e-01
2.347257137298583984e-01
2.347257137298583984e-01
1.903438270092010498e-01
1.194869875907897949e-01
1.241266950964927673e-01
9.120579808950424194e-02
1.289922744035720825e-01
1.390841156244277954e-01
1.539850234985351562e-01
1.711060553789138794e-01
1.576234400272369385e-01
1.189185231924057007e-01
1.016104295849800110e-01
1.484456956386566162e-01
1.324723213911056519e-01
1.471989452838897705e-01
1.940349638462066650e-01
1.808935552835464478e-01
2.347257137298583984e-01
1.967326551675796509e-01
1.658711880445480347e-01
1.561909019947052002e-01
1.660660952329635620e-01
1.226892545819282532e-01
1.701426953077316284e-01
1.496571898460388184e-01
2.347257137298583984e-01
2.105549722909927368e-01
1.668345779180526733e-01
7.546052336692810059e-02
9.196695685386657715e-02
2.001099586486816406e-01
1.785268336534500122e-01
1.446245312690734863e-01
2.347257137298583984e-01
1.752378791570663452e-01
1.320931464433670044e-01
1.747711896896362305e-01
1.227705627679824829e-01
1.313205063343048096e-01
1.265520900487899780e-01
9.983006864786148071e-02
1.125899851322174072e-01
2.190380394458770752e-01
1.853899508714675903e-01
1.085967198014259338e-01
1.777267605066299438e-01
1.718240231275558472e-01
1.756859421730041504e-01
1.440538018941879272e-01
1.332792043685913086e-01
2.188714742660522461e-01
2.118084877729415894e-01
2.325019836425781250e-01
1.595293879508972168e-01
1.847349852323532104e-01
1.623228639364242554e-01
1.112308129668235779e-01
1.034673601388931274e-01
1.203838214278221130e-01
1.290711909532546997e-01
2.325019836425781250e-01
2.087945789098739624e-01
1.415998190641403198e-01
1.590360403060913086e-01
1.743111014366149902e-01
1.703774333000183105e-01
1.328148990869522095e-01
1.814650595188140869e-01
1.713292300701141357e-01
2.325019836425781250e-01
1.765079349279403687e-01
1.557721942663192749e-01
1.713124960660934448e-01
1.189941838383674622e-01
1.523028463125228882e-01
1.287312507629394531e-01
1.418601870536804199e-01
2.082107812166213989e-01
1.249682009220123291e-01
1.534804403781890869e-01
1.563039422035217285e-01
1.309785246849060059e-01
1.331294775009155273e-01
1.328716427087783813e-01
1.811350286006927490e-01
2.332860082387924194e-01
2.286295145750045776e-01
1.669913977384567261e-01
1.421123892068862915e-01
1.358273774385452271e-01
1.148009523749351501e-01
7.527287304401397705e-02
1.621384024620056152e-01
1.634391695261001587e-01
2.253799736499786377e-01
1.930030286312103271e-01
1.540438979864120483e-01
1.936335563659667969e-01
1.732658296823501587e-01
1.125347912311553955e-01
8.761110156774520874e-02
1.481589823961257935e-01
2.332860082387924194e-01
2.332860082387924194e-01
2.095710188150405884e-01
1.647160649299621582e-01
8.059064298868179321e-02
7.051976770162582397e-02
1.049544513225555420e-01
1.075248941779136658e-01
1.181737110018730164e-01
1.651913076639175415e-01
2.411978989839553833e-01
2.411978989839553833e-01
2.287066131830215454e-01
1.121881827712059021e-01
1.057548373937606812e-01
2.088571041822433472e-01
1.344875097274780273e-01
1.508010178804397583e-01
1.314423680305480957e-01
2.050368338823318481e-01
2.411978989839553833e-01
2.081785798072814941e-01
1.774221211671829224e-01
1.262700855731964111e-01
1.341009736061096191e-01
1.190697103738784790e-01
1.429269611835479736e-01
1.671811491250991821e-01
2.163619846105575562e-01
1.969749778509140015e-01
1.553856283426284790e-01
1.909895241260528564e-01
1.560461819171905518e-01
2.391077876091003418e-01
1.478696614503860474e-01
1.869078427553176880e-01
1.047800928354263306e-01
1.050282195210456848e-01
1.558765470981597900e-01
1.604862511157989502e-01
1.708034425973892212e-01
1.754439920186996460e-01
2.679416835308074951e-01
2.679416835308074951e-01
1.401819288730621338e-01
1.088223233819007874e-01
9.862004965543746948e-02
2.586327791213989258e-01
1.738709360361099243e-01
1.974745988845825195e-01
2.679416835308074951e-01
2.679416835308074951e-01
2.025358080863952637e-01
1.374651342630386353e-01
6.691118329763412476e-02
8.355119079351425171e-02
4.737919941544532776e-02
9.611606597900390625e-02
2.544917762279510498e-01
1.779103726148605347e-01
2.667875289916992188e-01
1.790490448474884033e-01
1.432913243770599365e-01
1.176004037261009216e-01
2.532661892473697662e-02
1.106726974248886108e-01
1.671918034553527832e-01
1.554829329252243042e-01
1.054802983999252319e-01
1.553677767515182495e-01
1.218691542744636536e-01
1.190356463193893433e-01
7.541383802890777588e-02
4.630827158689498901e-02
8.053054660558700562e-02
1.111972033977508545e-01
3.026958405971527100e-01
3.026958405971527100e-01
2.728281915187835693e-01
8.737955242395401001e-02
1.190855875611305237e-01
5.368155613541603088e-02
7.289770245552062988e-02
8.591450750827789307e-02
2.234040051698684692e-01
3.026958405971527100e-01
1.852175146341323853e-01
6.810785084962844849e-02
2.292610518634319305e-02
3.554994985461235046e-02
2.597885951399803162e-02
4.240394011139869690e-02
1.101384535431861877e-01
3.026958405971527100e-01
1.721376776695251465e-01
1.358939409255981445e-01
9.387557208538055420e-02
4.506290331482887268e-02
1.301777213811874390e-01
9.413756430149078369e-02
9.556305408477783203e-02
1.908435821533203125e-01
2.180725336074829102e-01
2.197453975677490234e-01
1.682901978492736816e-01
3.995565325021743774e-02
2.063631825149059296e-02
6.278602778911590576e-02
6.360861659049987793e-02
1.358499825000762939e-01
2.117139250040054321e-01
2.926494479179382324e-01
3.167972862720489502e-01
1.880906522274017334e-01
6.794223934412002563e-02
1.380191277712583542e-02
2.655662037432193756e-02
3.473212197422981262e-02
3.327391296625137329e-02
1.021722778677940369e-01
3.167972862720489502e-01
3.167972862720489502e-01
2.445667237043380737e-01
9.852345287799835205e-02
5.724224075675010681e-02
3.346709161996841431e-02
3.604350239038467407e-02
6.220330297946929932e-02
1.008725985884666443e-01
2.182539552450180054e-01
2.483815401792526245e-01
2.247527539730072021e-01
8.287666738033294678e-02
5.138111114501953125e-02
5.955013260245323181e-02
8.252614736557006836e-02
1.241776049137115479e-01
1.529239714145660400e-01
1.994134485721588135e-01
2.717996835708618164e-01
2.191650718450546265e-01
8.187470585107803345e-02
1.362479478120803833e-01
9.036570787429809570e-02
1.426257938146591187e-01
1.623612642288208008e-01
1.144150942564010620e-01
2.818439006805419922e-01
1.906105279922485352e-01
1.703107059001922607e-01
1.094249933958053589e-01
6.739035248756408691e-02
4.013082385063171387e-02
2.976581268012523651e-02
3.661414235830307007e-02
5.679324641823768616e-02
1.690266281366348267e-01
1.758331656455993652e-01
1.497788280248641968e-01
1.038444563746452332e-01
5.706633627414703369e-02
6.971900165081024170e-02
8.943416178226470947e-02
9.893996268510818481e-02
1.813234537839889526e-01
2.945837974548339844e-01
2.303306013345718384e-01
1.197621226310729980e-01
3.665911778807640076e-02
4.947705566883087158e-02
6.654410064220428467e-02
1.224369481205940247e-01
1.587135642766952515e-01
1.937360912561416626e-01
3.138462007045745850e-01
3.138462007045745850e-01
1.067970767617225647e-01
6.139790639281272888e-02
2.032499946653842926e-02
5.095226317644119263e-02
1.015315651893615723e-01
3.063656985759735107e-01
3.138462007045745850e-01
3.138462007045745850e-01
1.034870743751525879e-01
1.222222596406936646e-01
4.948652163147926331e-02
6.355236470699310303e-02
8.374094218015670776e-02
7.952854782342910767e-02
1.458294689655303955e-01
2.096157222986221313e-01
1.992440819740295410e-01
1.965455710887908936e-01
2.069926112890243530e-01
1.857168078422546387e-01
1.766735315322875977e-01
1.348570585250854492e-01
1.432770341634750366e-01
2.632370591163635254e-01
2.689786255359649658e-01
2.689786255359649658e-01
1.533075720071792603e-01
3.931049257516860962e-02
3.461972624063491821e-02
2.538918145000934601e-02
6.268122792243957520e-02
7.332623004913330078e-02
2.285288572311401367e-01
2.364161312580108643e-01
2.222294658422470093e-01
1.593941301107406616e-01
7.541979849338531494e-02
5.062411725521087646e-02
2.812502905726432800e-02
8.028674125671386719e-02
1.014551520347595215e-01
2.397086024284362793e-01
2.689786255359649658e-01
2.689786255359649658e-01
2.752718031406402588e-01
1.893295347690582275e-01
2.252569645643234253e-01
1.425216794013977051e-01
8.287504315376281738e-02
8.214187622070312500e-02
1.461580693721771240e-01
2.385802716016769409e-01
2.752718031406402588e-01
2.752718031406402588e-01
2.293436974287033081e-01
1.713407933712005615e-01
8.013442158699035645e-02
1.152415424585342407e-01
1.524139791727066040e-01
7.787972688674926758e-02
2.232615053653717041e-01
2.752718031406402588e-01
1.629591733217239380e-01
6.678175926208496094e-02
4.499068483710289001e-02
1.922989077866077423e-02
3.409248590469360352e-02
5.584233254194259644e-02
1.438492536544799805e-01
1.584721803665161133e-01
2.226420342922210693e-01
2.752718031406402588e-01
9.895917028188705444e-02
4.598950967192649841e-02
2.182069607079029083e-02
1.796632073819637299e-02
2.328310348093509674e-02
6.979747116565704346e-02
1.306384056806564331e-01
2.655698657035827637e-01
2.617603242397308350e-01
1.687591373920440674e-01
9.624457359313964844e-02
2.267333492636680603e-02
6.300143897533416748e-02
9.571745991706848145e-02
8.188485354185104370e-02
2.081873565912246704e-01
2.617603242397308350e-01
2.617603242397308350e-01
2.163314968347549438e-01
1.550667881965637207e-01
2.969996817409992218e-02
7.436125725507736206e-02
2.087860181927680969e-02
8.930717408657073975e-02
1.900641322135925293e-01
2.617603242397308350e-01
2.238211631774902344e-01
8.285354822874069214e-02
4.836996272206306458e-02
3.147191554307937622e-02
1.021347418427467346e-01
7.696113735437393188e-02
6.773708015680313110e-02
1.350535899400711060e-01
2.179895341396331787e-01
2.617603242397308350e-01
2.617603242397308350e-01
2.617603242397308350e-01
1.064841747283935547e-01
2.191284894943237305e-01
1.612144261598587036e-01
1.211100295186042786e-01
1.312012076377868652e-01
1.740890741348266602e-01
2.959117293357849121e-01
2.062633931636810303e-01
1.291158050298690796e-01
4.578045383095741272e-02
5.751002952456474304e-02
3.403752669692039490e-02
5.357782542705535889e-02
9.120900928974151611e-02
2.270508557558059692e-01
2.959117293357849121e-01
1.377533823251724243e-01
5.504305288195610046e-02
5.453009158372879028e-02
3.395892307162284851e-02
2.891801670193672180e-02
6.209928914904594421e-02
1.157273799180984497e-01
2.959117293357849121e-01
2.959117293357849121e-01
2.959117293357849121e-01
2.959117293357849121e-01
8.249148726463317871e-02
7.347974926233291626e-02
5.626681819558143616e-02
5.712735652923583984e-02
4.256493970751762390e-02
1.197808235883712769e-01
2.959117293357849121e-01
2.959117293357849121e-01
2.199202328920364380e-01
6.998416036367416382e-02
3.443468362092971802e-02
3.025421127676963806e-02
5.243372917175292969e-02
4.826718941330909729e-02
1.689989715814590454e-01
2.939541041851043701e-01
1.874590367078781128e-01
8.053193986415863037e-02
5.001391842961311340e-02
4.707011952996253967e-02
3.323297202587127686e-02
6.904519349336624146e-02
2.069115489721298218e-01
2.939541041851043701e-01
2.939541041851043701e-01
2.939541041851043701e-01
1.772023588418960571e-01
1.185802295804023743e-01
8.560658991336822510e-02
6.233680993318557739e-02
5.409098044037818909e-02
1.553104817867279053e-01
2.939541041851043701e-01
2.939541041851043701e-01
2.232984155416488647e-01
1.386686116456985474e-01
6.741056591272354126e-02
4.418282955884933472e-02
3.968010842800140381e-02
4.183977842330932617e-02
9.096933901309967041e-02
2.198775857686996460e-01
2.378227859735488892e-01
1.883993744850158691e-01
1.166818737983703613e-01
7.244453579187393188e-02
6.990400701761245728e-02
4.556235298514366150e-02
4.998239129781723022e-02
6.553683429956436157e-02
1.991257518529891968e-01
2.997198998928070068e-01
1.535456329584121704e-01
1.320461034774780273e-01
1.280880272388458252e-01
7.228132337331771851e-02
6.380242109298706055e-02
5.356333777308464050e-02
1.467889398336410522e-01
2.997198998928070068e-01
2.997198998928070068e-01
2.691968381404876709e-01
8.193441480398178101e-02
9.342782199382781982e-02
8.475021272897720337e-02
3.931428119540214539e-02
4.343804717063903809e-02
2.682121694087982178e-01
2.997198998928070068e-01
2.289864867925643921e-01
1.127665936946868896e-01
9.074579179286956787e-02
6.163530424237251282e-02
4.841139167547225952e-02
3.040278330445289612e-02
7.901013642549514771e-02
9.137112647294998169e-02
1.998508721590042114e-01
2.997198998928070068e-01
1.611979305744171143e-01
6.317099928855895996e-02
3.605548664927482605e-02
2.957054227590560913e-02
1.646808721125125885e-02
1.107941046357154846e-01
1.906515806913375854e-01
2.649983167648315430e-01
7.449575513601303101e-02
1.096095368266105652e-01
1.082744449377059937e-01
7.696819305419921875e-02
9.547588974237442017e-02
1.763460636138916016e-01
2.330827265977859497e-01
1.212076470255851746e-01
1.330340355634689331e-01
1.472808867692947388e-01
2.151240557432174683e-01
1.725825369358062744e-01
1.506023406982421875e-01
1.854894608259201050e-01
1.915355771780014038e-01
2.330827265977859497e-01
1.868254840373992920e-01
1.935219019651412964e-01
8.710028231143951416e-02
1.276912093162536621e-01
1.809739917516708374e-01
1.278884261846542358e-01
9.709825366735458374e-02
1.776926368474960327e-01
2.294553369283676147e-01
1.813895851373672485e-01
1.544899791479110718e-01
1.037243753671646118e-01
2.330827265977859497e-01
2.330827265977859497e-01
2.038187533617019653e-01
1.534275710582733154e-01
1.491195857524871826e-01
1.922660619020462036e-01
1.872452199459075928e-01
1.230392903089523315e-01
1.718631088733673096e-01
1.902661025524139404e-01
1.301610022783279419e-01
1.167850941419601440e-01
1.798317432403564453e-01
1.535639464855194092e-01
1.681255549192428589e-01
1.535186916589736938e-01
9.676186740398406982e-02
1.942061781883239746e-01
1.429469585418701172e-01
1.101755425333976746e-01
7.506317645311355591e-02
1.375821977853775024e-01
1.861588209867477417e-01
1.837912350893020630e-01
1.687022447586059570e-01
1.449792981147766113e-01
1.797920614480972290e-01
2.469139397144317627e-01
2.469139397144317627e-01
1.710474342107772827e-01
1.519916802644729614e-01
7.923515141010284424e-02
1.431750804185867310e-01
1.415496766567230225e-01
1.076007038354873657e-01
2.469139397144317627e-01
2.469139397144317627e-01
2.469139397144317627e-01
1.392896622419357300e-01
1.298262625932693481e-01
7.593413442373275757e-02
1.378874033689498901e-01
1.251336634159088135e-01
2.161664068698883057e-01
1.999666094779968262e-01
1.161185130476951599e-01
1.001942083239555359e-01
1.343210339546203613e-01
1.086754724383354187e-01
9.617483615875244141e-02
1.242962852120399475e-01
2.093717753887176514e-01
1.907082796096801758e-01
2.451948374509811401e-01
1.682120114564895630e-01
7.279421389102935791e-02
9.887154400348663330e-02
7.863556593656539917e-02
6.754869222640991211e-02
1.064861714839935303e-01
2.083955705165863037e-01
2.451948374509811401e-01
2.451948374509811401e-01
1.975890398025512695e-01
2.451948374509811401e-01
1.469147652387619019e-01
9.515595436096191406e-02
7.445479929447174072e-02
1.414355486631393433e-01
1.817858964204788208e-01
1.984683722257614136e-01
2.451948374509811401e-01
1.861648559570312500e-01
1.183830499649047852e-01
1.246816664934158325e-01
1.060151755809783936e-01
8.455312252044677734e-02
1.433443427085876465e-01
2.426079958677291870e-01
2.451948374509811401e-01
2.818042337894439697e-01
1.874531209468841553e-01
6.589418649673461914e-02
4.676303640007972717e-02
6.742957234382629395e-02
8.939433097839355469e-02
1.209888830780982971e-01
1.438205838203430176e-01
2.540166676044464111e-01
2.818042337894439697e-01
1.805407553911209106e-01
6.753403693437576294e-02
4.343210160732269287e-02
7.517749816179275513e-02
1.569131910800933838e-01
1.147956028580665588e-01
1.298162192106246948e-01
2.818042337894439697e-01
2.818042337894439697e-01
2.152672260999679565e-01
6.012102216482162476e-02
1.213074326515197754e-01
9.757857024669647217e-02
8.790490031242370605e-02
5.384670197963714600e-02
1.185101196169853210e-01
2.818042337894439697e-01
2.818042337894439697e-01
1.703726202249526978e-01
6.669818609952926636e-02
9.500468522310256958e-02
5.435176193714141846e-02
5.850981175899505615e-02
3.817536309361457825e-02
1.966996192932128906e-01
2.818042337894439697e-01
3.230527639389038086e-01
1.636444181203842163e-01
7.756595313549041748e-02
7.776031643152236938e-02
7.312630861997604370e-02
1.020243987441062927e-01
8.007756620645523071e-02
1.477676779031753540e-01
2.251412719488143921e-01
2.299271374940872192e-01
1.486525684595108032e-01
1.155481860041618347e-01
1.224317625164985657e-01
1.232889965176582336e-01
7.452313601970672607e-02
4.636062309145927429e-02
7.039543986320495605e-02
1.893331408500671387e-01
3.443874716758728027e-01
1.132723316550254822e-01
6.924269348382949829e-02
5.688335001468658447e-02
5.133689939975738525e-02
5.581178516149520874e-02
4.701271653175354004e-02
2.387038916349411011e-01
3.443874716758728027e-01
3.443874716758728027e-01
8.582279086112976074e-02
4.385934397578239441e-02
4.776154085993766785e-02
8.943688869476318359e-02
5.548508837819099426e-02
3.090724907815456390e-02
8.851447701454162598e-02
3.443874716758728027e-01
2.217330932617187500e-01
1.083586141467094421e-01
8.006319403648376465e-02
7.551033049821853638e-02
8.081429451704025269e-02
5.308394879102706909e-02
2.107601985335350037e-02
3.343403339385986328e-02
1.761932522058486938e-01
1.868808865547180176e-01
7.909444719552993774e-02
6.007526442408561707e-02
4.582367837429046631e-02
4.043091461062431335e-02
2.936617657542228699e-02
2.023027651011943817e-02
6.069471687078475952e-02
1.651077866554260254e-01
3.660326004028320312e-01
8.342792093753814697e-02
5.298174545168876648e-02
5.604740604758262634e-02
1.467513442039489746e-01
1.367548406124114990e-01
4.029934853315353394e-02
4.511339589953422546e-02
3.660326004028320312e-01
3.660326004028320312e-01
1.845138370990753174e-01
1.310099810361862183e-01
1.545120328664779663e-01
2.637338936328887939e-01
1.811271607875823975e-01
1.142240688204765320e-01
1.319516301155090332e-01
3.660326004028320312e-01
1.679807901382446289e-01
8.956696838140487671e-02
6.449718028306961060e-02
3.159336000680923462e-02
5.520823597908020020e-02
3.786398842930793762e-02
3.381478041410446167e-02
1.061298027634620667e-01
1.904051154851913452e-01
1.203209385275840759e-01
1.027599722146987915e-01
8.050829172134399414e-02
2.694935537874698639e-02
3.950003907084465027e-02
4.134933277964591980e-02
9.798522293567657471e-02
1.267454475164413452e-01
1.240272372961044312e-01
3.438483774662017822e-01
1.253125965595245361e-01
1.444011926651000977e-01
1.335963457822799683e-01
2.266533821821212769e-01
9.261123090982437134e-02
1.608927249908447266e-01
3.438483774662017822e-01
3.438483774662017822e-01
1.860652565956115723e-01
6.911877542734146118e-02
1.395557969808578491e-01
3.610474243760108948e-02
8.652032911777496338e-02
4.290726408362388611e-02
1.567187458276748657e-01
3.438483774662017822e-01
3.438483774662017822e-01
1.511982828378677368e-01
1.665814220905303955e-01
1.500977873802185059e-01
5.651832371950149536e-02
4.930617660284042358e-02
4.200140014290809631e-02
1.190907657146453857e-01
1.160663068294525146e-01
9.398759156465530396e-02
2.806586623191833496e-01
1.412736177444458008e-01
1.268297135829925537e-01
7.512599974870681763e-02
6.756425648927688599e-02
1.001182794570922852e-01
1.408770829439163208e-01
1.672114878892898560e-01
3.107025027275085449e-01
1.395977139472961426e-01
1.174370050430297852e-01
1.838938295841217041e-01
5.351693183183670044e-02
8.791033923625946045e-02
2.200477570295333862e-02
1.700581461191177368e-01
3.161861300468444824e-01
1.913489103317260742e-01
3.161861300468444824e-01
1.219835951924324036e-01
1.374080479145050049e-01
8.422106504440307617e-02
9.022347629070281982e-02
5.151222273707389832e-02
1.199702918529510498e-01
3.161861300468444824e-01
3.012765049934387207e-01
1.784554421901702881e-01
3.716699779033660889e-02
2.120364084839820862e-02
1.197207812219858170e-02
2.002779208123683929e-02
6.633819639682769775e-02
1.174187585711479187e-01
2.299043685197830200e-01
2.895159125328063965e-01
1.950311362743377686e-01
3.288426995277404785e-02
2.292273938655853271e-02
1.647438295185565948e-02
1.337395329028367996e-02
6.778735667467117310e-02
2.895159125328063965e-01
2.895159125328063965e-01
2.895159125328063965e-01
2.417799383401870728e-01
3.939426690340042114e-02
2.810064703226089478e-02
2.068630978465080261e-02
2.266958355903625488e-02
1.636417582631111145e-02
6.094893813133239746e-02
2.815739214420318604e-01
2.895159125328063965e-01
2.121861129999160767e-01
4.182474687695503235e-02
2.609924785792827606e-02
1.590462960302829742e-02
2.569154091179370880e-02
5.314881727099418640e-02
2.534108459949493408e-01
2.895159125328063965e-01
2.895159125328063965e-01
1.189272254705429077e-01
3.012608550488948822e-02
1.648354344069957733e-02
2.899461239576339722e-02
3.905141726136207581e-02
1.001313254237174988e-01
2.675328850746154785e-01
2.674857079982757568e-01
2.563645839691162109e-01
1.665002107620239258e-01
9.338600188493728638e-02
3.793176636099815369e-02
4.099950194358825684e-02
6.346981227397918701e-02
1.028678938746452332e-01
2.398974746465682983e-01
1.454731971025466919e-01
2.431508898735046387e-01
1.215383410453796387e-01
5.565688014030456543e-02
3.552097454667091370e-02
3.857300430536270142e-02
5.027955025434494019e-02
1.548903733491897583e-01
2.675328850746154785e-01
2.675328850746154785e-01
2.675328850746154785e-01
1.757551431655883789e-01
1.306554079055786133e-01
9.244324266910552979e-02
1.095876619219779968e-01
1.453180611133575439e-01
1.346610039472579956e-01
2.675328850746154785e-01
2.463542670011520386e-01
2.585863173007965088e-01
1.502686738967895508e-01
1.138100773096084595e-01
8.315761387348175049e-02
5.239636451005935669e-02
8.378283679485321045e-02
8.879084885120391846e-02
2.814819514751434326e-01
1.966675668954849243e-01
2.838599085807800293e-01
1.852819472551345825e-01
7.164294272661209106e-02
6.961999833583831787e-02
3.980747982859611511e-02
6.687938421964645386e-02
4.964298754930496216e-02
1.522851139307022095e-01
2.268128246068954468e-01
2.838599085807800293e-01
1.675761640071868896e-01
1.678292900323867798e-01
1.684800982475280762e-01
1.101066619157791138e-01
1.917744129896163940e-01
1.214457526803016663e-01
2.025710046291351318e-01
2.418424934148788452e-01
2.300755530595779419e-01
2.652953565120697021e-01
1.013924255967140198e-01
1.213668808341026306e-01
2.473000437021255493e-02
9.567986428737640381e-02
1.110669597983360291e-01
1.186076030135154724e-01
1.849069595336914062e-01
2.530678212642669678e-01
1.388406753540039062e-01
4.330866038799285889e-02
4.923441261053085327e-02
4.440962523221969604e-02
1.565895676612854004e-01
1.193391382694244385e-01
1.179601252079010010e-01
1.774242371320724487e-01
2.033539861440658569e-01
2.021238654851913452e-01
2.701551616191864014e-01
2.701551616191864014e-01
1.399889886379241943e-01
2.701551616191864014e-01
2.701551616191864014e-01
2.701551616191864014e-01
2.239925414323806763e-01
1.219740360975265503e-01
2.701551616191864014e-01
1.017481163144111633e-01
9.670770168304443359e-02
2.866185456514358521e-02
8.284821361303329468e-02
3.350732848048210144e-02
7.462635636329650879e-02
9.214189648628234863e-02
1.547744274139404297e-01
2.393562495708465576e-01
1.833158284425735474e-01
1.573498249053955078e-01
6.150859221816062927e-02
1.380166560411453247e-01
5.694612488150596619e-02
1.294746696949005127e-01
1.871499717235565186e-01
1.509722471237182617e-01
2.601796686649322510e-01
2.916689813137054443e-01
2.916689813137054443e-01
1.214116588234901428e-01
1.081393361091613770e-01
1.001718640327453613e-01
1.329609304666519165e-01
1.174602359533309937e-01
8.299066126346588135e-02
2.404375374317169189e-01
2.581896483898162842e-01
2.125218957662582397e-01
6.842676550149917603e-02
5.329577252268791199e-02
8.658669143915176392e-02
8.469308167695999146e-02
6.042372435331344604e-02
1.298469752073287964e-01
1.845444589853286743e-01
1.633308529853820801e-01
1.321292370557785034e-01
6.337554752826690674e-02
1.030701920390129089e-01
8.083447068929672241e-02
1.048969924449920654e-01
1.892557442188262939e-01
1.584381312131881714e-01
1.944887042045593262e-01
1.353067606687545776e-01
1.168484315276145935e-01
6.526087224483489990e-02
1.600646972656250000e-01
1.385081559419631958e-01
1.321456879377365112e-01
2.817833721637725830e-01
2.916689813137054443e-01
1.981381922960281372e-01
1.882610321044921875e-01
1.051088050007820129e-01
5.518615245819091797e-02
5.863933637738227844e-02
1.238775923848152161e-01
9.241497516632080078e-02
1.004571616649627686e-01
2.266239076852798462e-01
1.837033629417419434e-01
1.432177275419235229e-01
1.179805845022201538e-01
8.162385970354080200e-02
5.091314390301704407e-02
8.878873288631439209e-02
1.318977326154708862e-01
1.242049410939216614e-01
2.844216525554656982e-01
1.942526102066040039e-01
1.405078321695327759e-01
1.078466847538948059e-01
5.529528856277465820e-02
1.312924176454544067e-01
1.453191190958023071e-01
2.388114482164382935e-01
3.032198846340179443e-01
3.032198846340179443e-01
2.371379882097244263e-01
1.520476788282394409e-01
1.249234005808830261e-01
3.907062485814094543e-02
6.296050548553466797e-02
1.150166541337966919e-01
1.901528686285018921e-01
2.337244898080825806e-01
2.539028227329254150e-01
2.534402310848236084e-01
1.179150789976119995e-01
1.277867257595062256e-01
9.771519154310226440e-02
6.490346044301986694e-02
4.781739041209220886e-02
1.200983822345733643e-01
1.402402669191360474e-01
3.154634237289428711e-01
2.727265954017639160e-01
1.473928093910217285e-01
9.451602399349212646e-02
7.580361515283584595e-02
1.059513092041015625e-01
8.789434283971786499e-02
1.738624870777130127e-01
1.649341583251953125e-01
2.985470890998840332e-01
2.556672692298889160e-01
1.236659660935401917e-01
1.403037607669830322e-01
4.737634956836700439e-02
1.254048794507980347e-01
6.471558660268783569e-02
7.460159808397293091e-02
1.666180491447448730e-01
3.154634237289428711e-01
2.024187445640563965e-01
1.549487262964248657e-01
1.445843428373336792e-01
6.144108623266220093e-02
2.033719420433044434e-01
1.074061468243598938e-01
7.914371043443679810e-02
1.041289940476417542e-01
2.478269189596176147e-01
1.001223325729370117e-01
1.029368713498115540e-01
1.452187448740005493e-01
1.392234712839126587e-01
1.257258206605911255e-01
1.180178225040435791e-01
1.181227564811706543e-01
1.586122661828994751e-01
1.701223403215408325e-01
9.368860721588134766e-02
1.933856308460235596e-01
2.268460243940353394e-01
1.785544008016586304e-01
1.449672579765319824e-01
1.598194688558578491e-01
1.408390551805496216e-01
1.707541644573211670e-01
1.045039072632789612e-01
1.720211505889892578e-01
1.143048852682113647e-01
1.019750908017158508e-01
1.625499874353408813e-01
1.805929094552993774e-01
1.536959707736968994e-01
1.607914566993713379e-01
1.630131602287292480e-01
2.268460243940353394e-01
2.017756104469299316e-01
2.195752114057540894e-01
2.115622311830520630e-01
2.268460243940353394e-01
2.058327049016952515e-01
2.074895799160003662e-01
1.618126481771469116e-01
1.688134372234344482e-01
1.949861943721771240e-01
1.158939749002456665e-01
2.429716885089874268e-01
2.429716885089874268e-01
1.444138586521148682e-01
1.147665902972221375e-01
1.013875603675842285e-01
1.142332479357719421e-01
9.739974886178970337e-02
7.269886136054992676e-02
1.999246776103973389e-01
1.998582929372787476e-01
2.429716885089874268e-01
1.207264959812164307e-01
7.633104920387268066e-02
1.154596284031867981e-01
1.185013279318809509e-01
7.477546483278274536e-02
1.380549222230911255e-01
2.150375396013259888e-01
2.429716885089874268e-01
1.856704205274581909e-01
2.223364412784576416e-01
1.766951978206634521e-01
1.339315176010131836e-01
1.154587268829345703e-01
1.553174704313278198e-01
1.836383938789367676e-01
2.065700441598892212e-01
1.310999542474746704e-01
1.114126816391944885e-01
8.454038947820663452e-02
1.210064813494682312e-01
1.925381869077682495e-01
1.776638031005859375e-01
2.429716885089874268e-01
2.265342921018600464e-01
1.412294059991836548e-01
1.204592883586883545e-01
2.508494853973388672e-01
1.379085183143615723e-01
6.815442442893981934e-02
1.552724987268447876e-01
1.837926357984542847e-01
1.158394291996955872e-01
9.942881017923355103e-02
1.184118092060089111e-01
1.192276775836944580e-01
1.399345099925994873e-01
1.267978250980377197e-01
1.347957551479339600e-01
1.363701671361923218e-01
1.934496313333511353e-01
1.573304682970046997e-01
1.007064208388328552e-01
2.222963124513626099e-01
1.098773851990699768e-01
1.277274638414382935e-01
6.504137814044952393e-02
5.449367314577102661e-02
2.079242318868637085e-01
2.292006313800811768e-01
2.508494853973388672e-01
2.508494853973388672e-01
2.508494853973388672e-01
2.123427689075469971e-01
1.091152355074882507e-01
7.508040964603424072e-02
1.105076074600219727e-01
1.516870856285095215e-01
1.703649163246154785e-01
2.508494853973388672e-01
2.508494853973388672e-01
1.447521001100540161e-01
1.538931429386138916e-01
1.025946363806724548e-01
1.310771107673645020e-01
1.594554185867309570e-01
1.347558200359344482e-01
9.727026522159576416e-02
1.043661013245582581e-01
1.104078665375709534e-01
1.763044595718383789e-01
1.294786483049392700e-01
1.199438050389289856e-01
1.123563572764396667e-01
1.373050510883331299e-01
6.776976585388183594e-02
5.651708692312240601e-02
1.527504175901412964e-01
2.561536431312561035e-01
3.182053267955780029e-01
1.827689707279205322e-01
1.171882674098014832e-01
7.498599588871002197e-02
1.515615284442901611e-01
1.505580097436904907e-01
1.032724305987358093e-01
1.470942795276641846e-01
3.182053267955780029e-01
3.182053267955780029e-01
2.647587358951568604e-01
1.016765534877777100e-01
7.244092971086502075e-02
1.237508133053779602e-01
7.483264803886413574e-02
4.410845041275024414e-02
1.167936697602272034e-01
3.182053267955780029e-01
1.869940459728240967e-01
6.844119727611541748e-02
9.058717638254165649e-02
7.007297128438949585e-02
9.483774751424789429e-02
3.717463836073875427e-02
3.713683411478996277e-02
9.391061216592788696e-02
3.162405788898468018e-01
3.477090001106262207e-01
5.642176046967506409e-02
4.384301602840423584e-02
4.974547028541564941e-02
4.969686642289161682e-02
3.452816605567932129e-02
1.806635037064552307e-02
3.161357343196868896e-02
3.626458942890167236e-01
3.626458942890167236e-01
1.976352930068969727e-01
6.162804737687110901e-02
4.627595096826553345e-02
6.453820317983627319e-02
2.140926569700241089e-02
2.146127261221408844e-02
4.070761054754257202e-02
3.167535364627838135e-01
3.626458942890167236e-01
8.525057137012481689e-02
3.414556756615638733e-02
3.114004805684089661e-02
3.114210069179534912e-02
1.872220262885093689e-02
1.827654615044593811e-02
1.945117115974426270e-02
3.626458942890167236e-01
2.891633510589599609e-01
6.326673924922943115e-02
5.138353630900382996e-02
5.894726887345314026e-02
1.058398932218551636e-01
1.225412264466285706e-01
3.970436006784439087e-02
2.388739958405494690e-02
3.176462054252624512e-01
2.918226122856140137e-01
1.204407587647438049e-01
1.228258535265922546e-01
1.830896586179733276e-01
2.595975995063781738e-01
1.761981993913650513e-01
1.146585866808891296e-01
7.086646556854248047e-02
2.362951189279556274e-01
3.176462054252624512e-01
1.099983081221580505e-01
4.155233874917030334e-02
4.036848247051239014e-02
4.869422316551208496e-02
5.087756738066673279e-02
3.104903921484947205e-02
2.211701124906539917e-02
2.897026836872100830e-01
3.176462054252624512e-01
1.688063144683837891e-01
8.556970208883285522e-02
1.158947572112083435e-01
1.164333447813987732e-01
6.790586560964584351e-02
6.098425015807151794e-02
5.440444499254226685e-02
2.672497630119323730e-01
3.027880191802978516e-01
1.100465953350067139e-01
1.066238209605216980e-01
1.190780252218246460e-01
1.705728918313980103e-01
8.077058196067810059e-02
1.047716662287712097e-01
1.644786298274993896e-01
1.932445168495178223e-01
2.106885015964508057e-01
2.752959728240966797e-01
1.052308380603790283e-01
2.460820972919464111e-02
4.333985224366188049e-02
3.930023312568664551e-02
9.064622223377227783e-02
3.196612000465393066e-01
1.497085988521575928e-01
3.265188634395599365e-01
2.501015663146972656e-01
8.526767045259475708e-02
7.815109938383102417e-02
7.718494534492492676e-02
3.479047492146492004e-02
3.961787000298500061e-02
4.046833515167236328e-02
1.869917362928390503e-01
3.265188634395599365e-01
3.265188634395599365e-01
1.593007445335388184e-01
3.072594106197357178e-02
1.649880409240722656e-02
1.922850124537944794e-02
3.594982251524925232e-02
6.687049567699432373e-02
1.203036904335021973e-01
1.231212094426155090e-01
3.332957923412322998e-01
1.893130540847778320e-01
4.183868318796157837e-02
3.514071181416511536e-02
2.788790315389633179e-02
1.086898520588874817e-01
3.156573176383972168e-01
1.096834242343902588e-01
1.504565477371215820e-01
1.306338459253311157e-01
9.413211792707443237e-02
8.064091950654983521e-02
7.909248769283294678e-02
6.253255903720855713e-02
6.436333060264587402e-02
1.209928765892982483e-01
1.396594345569610596e-01
3.048748672008514404e-01
3.332957923412322998e-01
2.795354425907135010e-01
4.494495689868927002e-02
2.092650532722473145e-02
2.117802202701568604e-02
4.974935948848724365e-02
8.487223833799362183e-02
9.008357673883438110e-02
3.146115839481353760e-01
3.332957923412322998e-01
1.258253455162048340e-01
7.040784507989883423e-02
6.015171110630035400e-02
5.202167481184005737e-02
5.728957429528236389e-02
1.038283184170722961e-01
2.229411602020263672e-01
2.188005447387695312e-01
1.049336940050125122e-01
3.616774454712867737e-02
7.630196958780288696e-02
9.307488054037094116e-02
4.160863533616065979e-02
5.507890880107879639e-02
2.187440991401672363e-01
2.999474704265594482e-01
2.807734906673431396e-01
1.357899904251098633e-01
6.195121258497238159e-02
2.170353382825851440e-02
6.595513969659805298e-02
4.806143045425415039e-02
1.346195042133331299e-01
2.598612606525421143e-01
2.999474704265594482e-01
2.089599967002868652e-01
1.873346567153930664e-01
6.245238706469535828e-02
8.241960406303405762e-02
1.127545461058616638e-01
5.701503157615661621e-02
8.244863897562026978e-02
2.298763990402221680e-01
2.999474704265594482e-01
1.865746825933456421e-01
1.387075036764144897e-01
1.038135215640068054e-01
5.494767799973487854e-02
1.314037293195724487e-01
5.326664075255393982e-02
1.130479797720909119e-01
2.239587604999542236e-01
2.999474704265594482e-01
1.773701906204223633e-01
1.314412206411361694e-01
1.131690517067909241e-01
2.893255092203617096e-02
6.056182086467742920e-02
8.373749256134033203e-02
1.997012645006179810e-01
2.086183130741119385e-01
2.894246280193328857e-01
2.809789180755615234e-01
1.824382692575454712e-01
1.223546937108039856e-01
7.433500885963439941e-02
1.209387853741645813e-01
7.763171195983886719e-02
1.614890694618225098e-01
2.242715805768966675e-01
2.894246280193328857e-01
1.784179061651229858e-01
1.382051557302474976e-01
1.335727274417877197e-01
5.310719832777976990e-02
9.006821364164352417e-02
2.903830260038375854e-02
1.102113649249076843e-01
1.443871110677719116e-01
2.824806272983551025e-01
2.894246280193328857e-01
1.938081979751586914e-01
1.077755168080329895e-01
4.841689020395278931e-02
5.812679976224899292e-02
1.913342438638210297e-02
7.650948315858840942e-02
1.461479365825653076e-01
2.894246280193328857e-01
2.279122173786163330e-01
1.141874790191650391e-01
6.871986389160156250e-02
4.759277403354644775e-02
7.961555570363998413e-02
6.206603348255157471e-02
6.401845067739486694e-02
1.829627454280853271e-01
2.892816662788391113e-01
2.751082777976989746e-01
1.546892672777175903e-01
1.121883168816566467e-01
2.984017319977283478e-02
4.277817532420158386e-02
6.052796915173530579e-02
8.093366771936416626e-02
1.482679694890975952e-01
2.174649983644485474e-01
2.942744791507720947e-01
1.585004776716232300e-01
6.694205105304718018e-02
3.725191205739974976e-02
3.808295726776123047e-02
9.940518997609615326e-03
3.181169927120208740e-02
1.648942530155181885e-01
2.942744791507720947e-01
2.942744791507720947e-01
2.942744791507720947e-01
2.297057509422302246e-01
1.040192246437072754e-01
5.505174398422241211e-02
2.215369418263435364e-02
5.892860144376754761e-02
1.868793219327926636e-01
2.942744791507720947e-01
2.887334525585174561e-01
2.292079031467437744e-01
9.619678556919097900e-02
2.368569001555442810e-02
3.286803886294364929e-02
1.907856948673725128e-02
4.270496591925621033e-02
5.787267908453941345e-02
1.211318150162696838e-01
2.828949391841888428e-01
2.463404536247253418e-01
1.167608946561813354e-01
5.193112418055534363e-02
8.070204406976699829e-02
3.049713745713233948e-02
5.512436106801033020e-02
1.344162970781326294e-01
1.620135158300399780e-01
2.887334525585174561e-01
2.887334525585174561e-01
2.200491428375244141e-01
8.055304735898971558e-02
2.898878604173660278e-02
2.034494467079639435e-02
3.784009441733360291e-02
8.259665966033935547e-02
2.371288537979125977e-01
2.887334525585174561e-01
2.887334525585174561e-01
2.887334525585174561e-01
1.450030505657196045e-01
6.118917837738990784e-02
4.239958524703979492e-02
3.552590683102607727e-02
9.700684249401092529e-02
2.086662501096725464e-01
1.127946823835372925e-01
8.551613986492156982e-02
7.931549102067947388e-02
5.100470781326293945e-02
8.117202669382095337e-02
6.928884238004684448e-02
6.994220614433288574e-02
1.437792330980300903e-01
1.065568923950195312e-01
1.175160482525825500e-01
8.124794065952301025e-02
1.240402534604072571e-01
9.940722584724426270e-02
1.974537521600723267e-01
2.617071270942687988e-01
2.173709571361541748e-01
2.617071270942687988e-01
2.076642662286758423e-01
1.170272156596183777e-01
2.617071270942687988e-01
2.617071270942687988e-01
1.487884968519210815e-01
6.839600950479507446e-02
6.074224039912223816e-02
5.380631983280181885e-02
9.219374507665634155e-02
1.005768254399299622e-01
1.964461207389831543e-01
2.040375173091888428e-01
2.048684805631637573e-01
1.299865841865539551e-01
1.383337229490280151e-01
2.617071270942687988e-01
2.617071270942687988e-01
2.617071270942687988e-01
2.042897790670394897e-01
7.502479106187820435e-02
4.803124070167541504e-02
6.363062560558319092e-02
3.950791805982589722e-02
9.359848499298095703e-02
1.951779276132583618e-01
2.816227972507476807e-01
2.816227972507476807e-01
1.479080468416213989e-01
1.206744611263275146e-01
7.475741952657699585e-02
4.707084596157073975e-02
8.962022140622138977e-03
3.467250242829322815e-02
9.310687333345413208e-02
2.679932117462158203e-01
1.148955225944519043e-01
8.825834840536117554e-02
1.715060770511627197e-01
9.133798629045486450e-02
4.473304003477096558e-02
6.454655528068542480e-02
1.070337817072868347e-01
2.816227972507476807e-01
2.816227972507476807e-01
2.816227972507476807e-01
2.120561450719833374e-01
2.412084192037582397e-01
9.691245853900909424e-02
3.426228463649749756e-02
4.903027787804603577e-02
8.024658262729644775e-02
1.909850239753723145e-01
2.816227972507476807e-01
1.420750468969345093e-01
2.816227972507476807e-01
2.414361834526062012e-01
1.251921206712722778e-01
7.476851344108581543e-02
2.272312529385089874e-02
7.524957507848739624e-02
6.337886303663253784e-02
7.452384382486343384e-02
8.351462334394454956e-02
1.526086479425430298e-01
1.503069102764129639e-01
9.039878845214843750e-02
9.282835572957992554e-02
3.116165287792682648e-02
1.021865233778953552e-01
4.621220007538795471e-02
4.130098596215248108e-02
4.925621673464775085e-02
1.097781583666801453e-01
3.670507073402404785e-01
1.798807978630065918e-01
4.478578269481658936e-02
3.007527440786361694e-02
4.870960116386413574e-02
7.979173213243484497e-02
1.176094040274620056e-01
1.276815980672836304e-01
3.670507073402404785e-01
3.670507073402404785e-01
3.670507073402404785e-01
1.170112565159797668e-01
1.858564466238021851e-02
8.094960451126098633e-02
2.849048376083374023e-02
9.919551759958267212e-02
1.504573076963424683e-01
3.670507073402404785e-01
1.573249399662017822e-01
7.373540103435516357e-02
6.784724444150924683e-02
5.643864721059799194e-02
1.148821860551834106e-01
1.028697267174720764e-01
1.734834909439086914e-01
2.076294869184494019e-01
2.409893274307250977e-01
2.066135555505752563e-01
2.184622883796691895e-01
1.796606034040451050e-01
1.197197735309600830e-01
1.407460570335388184e-01
1.282631158828735352e-01
1.044639796018600464e-01
1.571737974882125854e-01
2.409893274307250977e-01
1.456511616706848145e-01
8.628756552934646606e-02
1.049893274903297424e-01
6.602088361978530884e-02
1.088658720254898071e-01
1.513672769069671631e-01
1.323145776987075806e-01
2.409893274307250977e-01
2.409893274307250977e-01
2.124539911746978760e-01
2.409893274307250977e-01
2.409893274307250977e-01
1.804132312536239624e-01
9.077274054288864136e-02
1.599930673837661743e-01
1.128577739000320435e-01
1.631631106138229370e-01
2.409893274307250977e-01
1.879670619964599609e-01
2.283774912357330322e-01
1.405568718910217285e-01
1.255581825971603394e-01
1.507316678762435913e-01
1.349534243345260620e-01
8.824423700571060181e-02
1.649554818868637085e-01
1.994541734457015991e-01
1.906232833862304688e-01
1.440419852733612061e-01
4.192119836807250977e-02
4.567065462470054626e-02
1.401338875293731689e-01
1.289038509130477905e-01
1.247315257787704468e-01
2.283774912357330322e-01
2.283774912357330322e-01
2.070058584213256836e-01
2.283774912357330322e-01
2.283774912357330322e-01
1.519055813550949097e-01
1.280924528837203979e-01
1.764307916164398193e-01
1.084518581628799438e-01
1.508722454309463501e-01
1.509330421686172485e-01
1.889767944812774658e-01
2.026276588439941406e-01
1.360378563404083252e-01
1.331909298896789551e-01
1.750369668006896973e-01
1.655675917863845825e-01
1.443516314029693604e-01
1.851638406515121460e-01
2.016783654689788818e-01
2.609784603118896484e-01
1.125126928091049194e-01
3.152893111109733582e-02
2.035074867308139801e-02
3.253130242228507996e-02
8.366553485393524170e-02
1.214329004287719727e-01
2.609784603118896484e-01
2.609784603118896484e-01
2.609784603118896484e-01
1.304719597101211548e-01
2.539062872529029846e-02
2.662588842213153839e-02
4.194274544715881348e-02
8.334548771381378174e-02
1.162457540631294250e-01
2.609784603118896484e-01
2.609784603118896484e-01
2.002517431974411011e-01
2.188064157962799072e-01
1.305187940597534180e-01
1.176554560661315918e-01
1.372336894273757935e-01
1.016950532793998718e-01
9.096332639455795288e-02
1.783874034881591797e-01
2.183850407600402832e-01
2.024631202220916748e-01
1.676177233457565308e-01
1.196852922439575195e-01
8.743193000555038452e-02
1.527567207813262939e-01
1.378934234380722046e-01
1.014719530940055847e-01
2.522633373737335205e-01
2.609784603118896484e-01
3.027350902557373047e-01
7.451646775007247925e-02
3.468875959515571594e-02
3.932445496320724487e-02
5.801268294453620911e-02
5.914672091603279114e-02
5.370613560080528259e-02
1.572539508342742920e-01
3.027350902557373047e-01
3.027350902557373047e-01
1.721993982791900635e-01
3.862909600138664246e-02
2.701960131525993347e-02
5.021215975284576416e-02
5.362385138869285583e-02
2.974879927933216095e-02
9.917144477367401123e-02
3.027350902557373047e-01
1.762822568416595459e-01
1.357715725898742676e-01
1.620586365461349487e-01
1.425646990537643433e-01
1.560946702957153320e-01
1.242796257138252258e-01
6.599996984004974365e-02
2.065658867359161377e-01
3.027350902557373047e-01
1.926711350679397583e-01
1.268666237592697144e-01
1.215365380048751831e-01
1.023370325565338135e-01
1.560993343591690063e-01
1.566838175058364868e-01
8.604732900857925415e-02
1.964608579874038696e-01
3.027350902557373047e-01
3.218885362148284912e-01
2.356379330158233643e-01
5.383789166808128357e-02
1.307589095085859299e-02
1.901761814951896667e-02
3.969984501600265503e-02
5.317043885588645935e-02
8.052210509777069092e-02
3.218885362148284912e-01
3.218885362148284912e-01
1.336456686258316040e-01
7.623228430747985840e-02
4.877752065658569336e-02
2.515028789639472961e-02
4.420866072177886963e-02
5.407538637518882751e-02
5.005071312189102173e-02
3.218885362148284912e-01
2.771174013614654541e-01
1.699149310588836670e-01
9.072182327508926392e-02
2.356983534991741180e-02
5.079579353332519531e-02
9.173475205898284912e-02
1.308717727661132812e-01
1.719262748956680298e-01
2.532943189144134521e-01
2.846051454544067383e-01
1.807442754507064819e-01
1.338229775428771973e-01
1.102436780929565430e-01
3.367711976170539856e-02
6.294649094343185425e-02
8.464315533638000488e-02
8.089660108089447021e-02
2.821291089057922363e-01
3.447833955287933350e-01
1.414774805307388306e-01
5.607672408223152161e-02
5.225165188312530518e-02
4.150668531656265259e-02
3.232020884752273560e-02
3.848231211304664612e-02
2.544214017689228058e-02
3.447833955287933350e-01
3.447833955287933350e-01
2.097394168376922607e-01
1.113753616809844971e-01
5.466356500983238220e-02
4.940431192517280579e-02
6.595622282475233078e-03
1.734778471291065216e-02
5.421781167387962341e-02
3.033280968666076660e-01
2.593609392642974854e-01
1.878830045461654663e-01
8.992121368646621704e-02
1.347406804561614990e-01
4.430636391043663025e-02
5.608515813946723938e-02
5.060786381363868713e-02
2.844336815178394318e-02
2.225861847400665283e-01
3.363978266716003418e-01
2.875309288501739502e-01
1.475808471441268921e-01
7.246372848749160767e-02
4.496435075998306274e-02
2.528044395148754120e-02
9.500541724264621735e-03
3.337078541517257690e-02
1.961128264665603638e-01
3.232288658618927002e-01
2.761921882629394531e-01
9.097791463136672974e-02
2.874385192990303040e-02
3.827474266290664673e-02
1.103690359741449356e-02
1.781196892261505127e-02
4.495114460587501526e-02
1.795030087232589722e-01
3.232288658618927002e-01
3.232288658618927002e-01
1.263419687747955322e-01
1.735911332070827484e-02
2.196420915424823761e-02
9.876037016510963440e-03
2.715690433979034424e-02
5.899791046977043152e-02
1.681450158357620239e-01
3.213773071765899658e-01
2.408313751220703125e-01
9.676581621170043945e-02
3.452993556857109070e-02
4.996648430824279785e-02
2.654132060706615448e-02
1.264908351004123688e-02
5.893282219767570496e-02
2.450496703386306763e-01
3.232288658618927002e-01
2.060653120279312134e-01
4.296173900365829468e-02
1.768536865711212158e-02
3.278661519289016724e-02
2.057915367186069489e-02
3.385071083903312683e-02
1.324076205492019653e-01
3.232288658618927002e-01
2.482262253761291504e-01
3.433453142642974854e-01
1.240543946623802185e-01
1.992970891296863556e-02
2.176021225750446320e-02
9.048466570675373077e-03
1.656792871654033661e-02
6.526519358158111572e-02
1.396555304527282715e-01
2.330187857151031494e-01
3.043141365051269531e-01
5.971373245120048523e-02
2.327204123139381409e-02
1.873416826128959656e-02
1.315040886402130127e-02
2.986127696931362152e-02
1.178259029984474182e-01
1.948848813772201538e-01
3.433453142642974854e-01
1.242550686001777649e-01
2.571597136557102203e-02
9.635086171329021454e-03
1.782412081956863403e-02
1.103982888162136078e-02
2.388755604624748230e-02
1.715074032545089722e-01
3.433453142642974854e-01
3.433453142642974854e-01
8.226165175437927246e-02
2.746735699474811554e-02
8.171159774065017700e-03
1.478686183691024780e-02
3.512296592816710472e-03
3.102302178740501404e-02
2.131963670253753662e-01
3.433453142642974854e-01
2.349241375923156738e-01
1.611474901437759399e-01
4.219535365700721741e-02
2.787398919463157654e-02
3.995132073760032654e-02
2.064330317080020905e-02
3.971221670508384705e-02
1.416721493005752563e-01
2.477720081806182861e-01
2.688417732715606689e-01
1.783730983734130859e-01
7.210712134838104248e-02
6.628715246915817261e-02
1.030330806970596313e-01
2.652347274124622345e-02
3.054997883737087250e-02
9.403558820486068726e-02
2.356267124414443970e-01
3.500473201274871826e-01
1.139874979853630066e-01
1.933306269347667694e-02
1.066289283335208893e-02
2.075508981943130493e-02
5.987796466797590256e-03
4.250571131706237793e-02
2.171992957592010498e-01
3.500473201274871826e-01
3.500473201274871826e-01
2.343030571937561035e-01
3.181685879826545715e-02
4.289779439568519592e-02
5.448906868696212769e-02
1.801734603941440582e-02
3.242817521095275879e-02
1.492210179567337036e-01
3.500473201274871826e-01
2.419752776622772217e-01
2.556021511554718018e-01
1.197290793061256409e-01
6.643836200237274170e-02
6.865096837282180786e-02
1.348758861422538757e-02
3.714587539434432983e-02
6.871935725212097168e-02
2.078257352113723755e-01
2.907793819904327393e-01
2.677806913852691650e-01
9.701767563819885254e-02
3.418416529893875122e-02
2.455078065395355225e-02
1.073209941387176514e-02
4.534953832626342773e-02
9.114277362823486328e-02
2.907793819904327393e-01
2.907793819904327393e-01
2.907793819904327393e-01
1.053909361362457275e-01
5.248599126935005188e-02
5.829726532101631165e-02
1.597162336111068726e-02
3.592281416058540344e-02
6.850349903106689453e-02
2.907793819904327393e-01
2.907793819904327393e-01
2.907793819904327393e-01
1.167295500636100769e-01
3.531417995691299438e-02
7.797986268997192383e-02
1.267715636640787125e-02
7.072792202234268188e-02
9.338013827800750732e-02
2.381154596805572510e-01
2.926442921161651611e-01
1.490514725446701050e-01
4.954718053340911865e-02
1.955463364720344543e-02
2.950467914342880249e-02
1.078631915152072906e-02
3.441303968429565430e-02
1.089779660105705261e-01
2.944324612617492676e-01
2.859626412391662598e-01
2.944324612617492676e-01
1.868852376937866211e-01
6.878930330276489258e-02
4.041311889886856079e-02
1.866388320922851562e-02
5.327399820089340210e-02
1.423056721687316895e-01
2.944324612617492676e-01
2.216674089431762695e-01
1.775464862585067749e-01
8.619146794080734253e-02
2.872047759592533112e-02
6.526002287864685059e-02
1.801347360014915466e-02
6.464669853448867798e-02
1.373282372951507568e-01
2.154521495103836060e-01
2.944324612617492676e-01
2.944324612617492676e-01
1.859850436449050903e-01
6.488470733165740967e-02
6.076596677303314209e-02
1.957299746572971344e-02
7.621604204177856445e-02
1.448419839143753052e-01
2.444220334291458130e-01
2.353139221668243408e-01
2.866486012935638428e-01
2.580514550209045410e-01
9.099693596363067627e-02
2.842020243406295776e-02
1.981298252940177917e-02
2.943379245698451996e-02
4.939370974898338318e-02
1.920558363199234009e-01
1.785418540239334106e-01
2.866486012935638428e-01
2.866486012935638428e-01
2.866486012935638428e-01
9.704782068729400635e-02
4.412107169628143311e-02
2.160460129380226135e-02
3.376683592796325684e-02
1.054062172770500183e-01
2.100744843482971191e-01
2.866486012935638428e-01
1.390521675348281860e-01
6.167661398649215698e-02
6.739019602537155151e-02
4.962373152375221252e-02
6.600148975849151611e-02
5.696513131260871887e-02
1.339163333177566528e-01
1.451054811477661133e-01
1.301923394203186035e-01
1.834939271211624146e-01
2.866486012935638428e-01
2.705616354942321777e-01
9.899004548788070679e-02
8.885018527507781982e-02
7.583531737327575684e-02
9.166783839464187622e-02
8.872094005346298218e-02
2.343480288982391357e-01
2.864597737789154053e-01
2.864597737789154053e-01
9.609853476285934448e-02
2.957409247756004333e-02
3.308666124939918518e-02
6.188265979290008545e-02
1.416637152433395386e-01
2.864597737789154053e-01
1.900065988302230835e-01
1.855999231338500977e-01
1.044944152235984802e-01
3.967746347188949585e-02
7.567166537046432495e-02
1.105723083019256592e-01
2.295232862234115601e-01
2.864597737789154053e-01
1.668129861354827881e-01
6.728418916463851929e-02
1.384783089160919189e-01
2.473374009132385254e-01
1.653638780117034912e-01
4.924273863434791565e-02
5.685875564813613892e-02
9.506119042634963989e-02
2.392004579305648804e-01
2.864597737789154053e-01
9.253893047571182251e-02
4.508446156978607178e-02
5.046809092164039612e-02
3.301256150007247925e-02
1.679823547601699829e-02
3.445948287844657898e-02
1.598376482725143433e-01
2.864597737789154053e-01
3.283395469188690186e-01
9.905140846967697144e-02
2.761259116232395172e-02
2.780855633318424225e-02
2.906813845038414001e-02
8.137331157922744751e-02
1.318459808826446533e-01
1.837128847837448120e-01
3.283395469188690186e-01
2.945069968700408936e-01
5.812287330627441406e-02
1.733467355370521545e-02
2.958052419126033783e-02
3.789838403463363647e-02
6.683798879384994507e-02
8.936032652854919434e-02
1.578936725854873657e-01
3.283395469188690186e-01
3.283395469188690186e-01
5.880762636661529541e-02
1.605273224413394928e-02
3.024992533028125763e-03
2.663757652044296265e-03
6.238888017833232880e-03
1.535368897020816803e-02
1.403168588876724243e-01
3.283395469188690186e-01
3.137136995792388916e-01
4.805308207869529724e-02
1.575786434113979340e-02
1.732633076608181000e-02
2.289658412337303162e-02
9.119781665503978729e-03
1.829563267529010773e-02
1.546341031789779663e-01
3.283395469188690186e-01
1.989766359329223633e-01
3.802486509084701538e-02
1.754134520888328552e-02
1.290373411029577255e-02
2.450245246291160583e-02
1.480845175683498383e-02
3.784891590476036072e-02
1.030907481908798218e-01
3.013961613178253174e-01
2.827763855457305908e-01
3.013961613178253174e-01
1.827714145183563232e-01
5.459086969494819641e-02
8.430146425962448120e-02
4.798693209886550903e-02
7.089601457118988037e-02
1.131252422928810120e-01
3.013961613178253174e-01
1.492066234350204468e-01
6.639202684164047241e-02
5.219796672463417053e-02
3.759785741567611694e-02
8.602982759475708008e-02
4.525677114725112915e-02
5.384479463100433350e-02
1.154609248042106628e-01
3.013961613178253174e-01
2.655008137226104736e-01
3.013961613178253174e-01
3.013961613178253174e-01
1.035910397768020630e-01
1.756575107574462891e-01
1.245821043848991394e-01
1.169694215059280396e-01
1.020175069570541382e-01
2.140130847692489624e-01
1.027934849262237549e-01
1.313464939594268799e-01
1.257741004228591919e-01
1.211979985237121582e-01
1.255463659763336182e-01
2.221649587154388428e-01
1.444248557090759277e-01
2.338778227567672729e-01
1.564213186502456665e-01
1.680357158184051514e-01
2.338778227567672729e-01
2.338778227567672729e-01
2.033961117267608643e-01
7.611391693353652954e-02
1.319743096828460693e-01
1.964986473321914673e-01
1.261784434318542480e-01
1.785153895616531372e-01
1.291911751031875610e-01
1.502874344587326050e-01
9.863430261611938477e-02
8.707018941640853882e-02
1.192583590745925903e-01
2.107291668653488159e-01
1.681098192930221558e-01
2.338778227567672729e-01
1.964404731988906860e-01
1.716770827770233154e-01
2.166219651699066162e-01
1.687567830085754395e-01
1.039832979440689087e-01
1.172040775418281555e-01
1.263180077075958252e-01
1.810716539621353149e-01
1.589397042989730835e-01
2.130290269851684570e-01
1.879433393478393555e-01
2.329028844833374023e-01
2.329028844833374023e-01
1.554831415414810181e-01
1.139359325170516968e-01
1.004142761230468750e-01
1.131423711776733398e-01
9.720899909734725952e-02
1.256105601787567139e-01
1.674242466688156128e-01
2.329028844833374023e-01
2.008472532033920288e-01
1.679016798734664917e-01
1.833128035068511963e-01
1.599517911672592163e-01
1.196397840976715088e-01
1.048348471522331238e-01
1.428040564060211182e-01
1.701469719409942627e-01
2.329028844833374023e-01
2.051742523908615112e-01
9.911511093378067017e-02
1.314697563648223877e-01
1.121777221560478210e-01
1.100292652845382690e-01
9.807992726564407349e-02
1.677577346563339233e-01
1.631664782762527466e-01
2.062539160251617432e-01
1.665015667676925659e-01
2.144981920719146729e-01
2.266194820404052734e-01
1.672436445951461792e-01
1.759379208087921143e-01
1.454972922801971436e-01
1.539674699306488037e-01
1.435207128524780273e-01
2.365521192550659180e-01
1.869788914918899536e-01
1.198337227106094360e-01
1.799486577510833740e-01
1.224101856350898743e-01
7.800254970788955688e-02
1.321942955255508423e-01
1.433240622282028198e-01
1.997334212064743042e-01
1.962314248085021973e-01
2.082909345626831055e-01
1.304816156625747681e-01
1.909983903169631958e-01
1.105497330427169800e-01
5.814339220523834229e-02
1.274502575397491455e-01
1.696054339408874512e-01
2.365521192550659180e-01
1.691336035728454590e-01
1.189023032784461975e-01
1.713866144418716431e-01
2.365521192550659180e-01
1.381192654371261597e-01
1.420737653970718384e-01
1.568324267864227295e-01
1.704973131418228149e-01
2.365521192550659180e-01
2.212699949741363525e-01
1.391056776046752930e-01
1.559600085020065308e-01
1.807051450014114380e-01
8.628530055284500122e-02
9.965971857309341431e-02
1.491200625896453857e-01
2.158034443855285645e-01
2.130500376224517822e-01
2.226907759904861450e-01
2.472631186246871948e-01
2.472631186246871948e-01
2.082169950008392334e-01
1.612020134925842285e-01
4.596070572733879089e-02
9.473814070224761963e-02
1.847963482141494751e-01
9.359780699014663696e-02
1.196525394916534424e-01
2.116654962301254272e-01
1.889366358518600464e-01
1.628718376159667969e-01
1.637468487024307251e-01
8.867107331752777100e-02
1.366407722234725952e-01
1.559960246086120605e-01
2.332625538110733032e-01
2.385388165712356567e-01
2.128504514694213867e-01
2.472631186246871948e-01
1.277733296155929565e-01
8.168703317642211914e-02
6.502754986286163330e-02
9.855140745639801025e-02
1.778774112462997437e-01
1.628335118293762207e-01
1.206645518541336060e-01
1.254784017801284790e-01
1.576154381036758423e-01
7.725349813699722290e-02
5.807722732424736023e-02
6.513885408639907837e-02
1.232254356145858765e-01
2.472631186246871948e-01
1.858648359775543213e-01
1.298634856939315796e-01
9.152216464281082153e-02
7.018989324569702148e-02
6.381969898939132690e-02
7.989259809255599976e-02
1.299602687358856201e-01
1.831526756286621094e-01
2.105074822902679443e-01
2.544268667697906494e-01
1.963816881179809570e-01
1.313446164131164551e-01
1.900831907987594604e-01
6.229591369628906250e-02
6.361730396747589111e-02
9.505666047334671021e-02
1.180759221315383911e-01
1.951637417078018188e-01
2.153289765119552612e-01
1.491805762052536011e-01
1.057554334402084351e-01
1.022110953927040100e-01
6.887870281934738159e-02
6.535979360342025757e-02
1.061507388949394226e-01
1.389673799276351929e-01
2.813990414142608643e-01
1.685783267021179199e-01
2.813990414142608643e-01
2.813990414142608643e-01
2.813990414142608643e-01
2.406995445489883423e-01
1.551172137260437012e-01
7.761287689208984375e-02
6.798788905143737793e-02
1.842329055070877075e-01
1.788817793130874634e-01
2.771694362163543701e-01
1.768611222505569458e-01
1.840440481901168823e-01
4.557950794696807861e-02
6.015114858746528625e-02
5.286588519811630249e-02
4.792643710970878601e-02
1.253102868795394897e-01
2.875019609928131104e-01
2.950510680675506592e-01
2.014549970626831055e-01
5.758544057607650757e-02
3.896871209144592285e-02
2.998453751206398010e-02
3.129421919584274292e-02
3.528122976422309875e-02
1.500958055257797241e-01
1.062215864658355713e-01
2.872941195964813232e-01
2.950510680675506592e-01
2.950510680675506592e-01
1.916144788265228271e-01
8.321361988782882690e-02
3.583067283034324646e-02
2.957923337817192078e-02
8.736240863800048828e-02
1.963508725166320801e-01
2.950510680675506592e-01
2.632416188716888428e-01
9.939683228731155396e-02
9.222722053527832031e-02
1.531394198536872864e-02
5.684152990579605103e-02
2.209632284939289093e-02
1.311408579349517822e-01
3.359794318675994873e-01
3.359794318675994873e-01
1.467041075229644775e-01
3.822116926312446594e-02
8.191123604774475098e-02
2.477383241057395935e-02
1.852272078394889832e-02
9.107456356287002563e-02
3.035588562488555908e-01
3.359794318675994873e-01
1.372087895870208740e-01
7.163850963115692139e-02
4.759881645441055298e-02
1.027010828256607056e-01
4.839370399713516235e-02
5.430407077074050903e-02
1.518921554088592529e-01
3.359794318675994873e-01
1.845059096813201904e-01
3.083921670913696289e-01
2.029822766780853271e-01
2.668851055204868317e-02
1.243256703019142151e-01
3.138877451419830322e-02
8.110012114048004150e-02
5.705424025654792786e-02
1.378012746572494507e-01
1.550037264823913574e-01
1.097105219960212708e-01
1.268204301595687866e-01
3.314934298396110535e-02
1.838702559471130371e-01
5.316220968961715698e-02
1.193389371037483215e-01
8.348636329174041748e-02
1.465323418378829956e-01
4.017013013362884521e-01
7.762847095727920532e-02
5.811218172311782837e-02
2.662016823887825012e-02
6.165217235684394836e-02
5.217073485255241394e-02
5.227413401007652283e-02
1.530702859163284302e-01
4.017013013362884521e-01
4.017013013362884521e-01
5.557229369878768921e-02
7.960232347249984741e-02
1.405490189790725708e-02
6.736323982477188110e-02
1.250211428850889206e-02
8.798778057098388672e-02
2.524992823600769043e-01
4.017013013362884521e-01
1.620048135519027710e-01
6.838993728160858154e-02
1.130501031875610352e-01
4.571307078003883362e-02
1.318709552288055420e-01
5.907414481043815613e-02
9.308045357465744019e-02
5.247782170772552490e-02
1.367735266685485840e-01
1.550351083278656006e-01
7.920715957880020142e-02
9.969383478164672852e-02
3.938451781868934631e-02
1.394686400890350342e-01
3.751336783170700073e-02
1.408708393573760986e-01
9.608358889818191528e-02
1.827211678028106689e-01
3.318906426429748535e-01
4.166403040289878845e-02
2.775106579065322876e-02
1.073309034109115601e-02
4.500053822994232178e-02
1.552770659327507019e-02
1.313750743865966797e-01
3.318906426429748535e-01
3.318906426429748535e-01
3.318906426429748535e-01
1.117876023054122925e-01
2.136100083589553833e-02
3.215820342302322388e-02
5.815362930297851562e-02
8.019287884235382080e-02
1.547838300466537476e-01
3.318906426429748535e-01
3.318906426429748535e-01
1.004288643598556519e-01
7.418350130319595337e-02
6.117105856537818909e-02
5.889120697975158691e-02
1.038798540830612183e-01
3.907239064574241638e-02
1.535224616527557373e-01
1.625701785087585449e-01
1.748505234718322754e-01
9.477850794792175293e-02
8.168008923530578613e-02
7.957006245851516724e-02
9.854769706726074219e-02
1.320074051618576050e-01
1.193359643220901489e-01
1.848521679639816284e-01
1.912946850061416626e-01
1.267064809799194336e-01
2.737073004245758057e-01
1.552419960498809814e-01
5.191542580723762512e-02
3.377625346183776855e-02
1.076396778225898743e-01
8.954881131649017334e-02
1.549909859895706177e-01
2.283131480216979980e-01
2.995147407054901123e-01
2.169456928968429565e-01
1.417578309774398804e-01
8.437281101942062378e-02
5.997246131300926208e-02
1.516236662864685059e-01
6.852160394191741943e-02
1.572004109621047974e-01
2.074371129274368286e-01
2.756436467170715332e-01
8.072096109390258789e-02
6.047348678112030029e-02
7.621675729751586914e-02
7.356280088424682617e-02
1.308913379907608032e-01
1.543922126293182373e-01
2.281471788883209229e-01
2.212942242622375488e-01
1.816906034946441650e-01
1.910868883132934570e-01
1.271948367357254028e-01
9.189377725124359131e-02
1.222559809684753418e-01
1.247752308845520020e-01
1.461044251918792725e-01
1.970085352659225464e-01
2.043114155530929565e-01
2.635487020015716553e-01
1.714978963136672974e-01
1.077634766697883606e-01
9.065122157335281372e-02
5.783788114786148071e-02
1.039126068353652954e-01
5.967557430267333984e-02
1.039402782917022705e-01
2.054321914911270142e-01
1.550026535987854004e-01
2.808233201503753662e-01
1.996498405933380127e-01
1.607784032821655273e-01
8.188387006521224976e-02
7.002563774585723877e-02
4.703819379210472107e-02
1.847912222146987915e-01
2.808233201503753662e-01
2.241930365562438965e-01
1.618104279041290283e-01
1.277356147766113281e-01
7.256816327571868896e-02
1.408279240131378174e-01
1.330443471670150757e-01
1.714375913143157959e-01
1.364581137895584106e-01
1.830403208732604980e-01
1.419713497161865234e-01
1.910981535911560059e-01
1.052646264433860779e-01
1.001136749982833862e-01
1.111770570278167725e-01
1.411187201738357544e-01
1.869382709264755249e-01
2.652572989463806152e-01
2.808233201503753662e-01
2.655470967292785645e-01
1.714737266302108765e-01
1.909450739622116089e-01
1.035374775528907776e-01
6.911163777112960815e-02
7.372920960187911987e-02
5.991134047508239746e-02
1.680000722408294678e-01
2.085708379745483398e-01
1.974182873964309692e-01
2.170440852642059326e-01
2.006578147411346436e-01
8.979701250791549683e-02
1.686216443777084351e-01
2.271262705326080322e-01
8.924143761396408081e-02
1.122684851288795471e-01
1.418019831180572510e-01
1.817121356725692749e-01
1.620588451623916626e-01
1.685912609100341797e-01
1.082740724086761475e-01
5.777354538440704346e-02
1.111280620098114014e-01
6.949474662542343140e-02
2.030685544013977051e-01
2.575806081295013428e-01
2.839550673961639404e-01
2.188021987676620483e-01
2.414515167474746704e-01
8.840925246477127075e-02
1.069465130567550659e-01
1.209384426474571228e-01
5.536589398980140686e-02
1.290266513824462891e-01
1.784365028142929077e-01
2.831614017486572266e-01
3.152204453945159912e-01
1.415230929851531982e-01
6.791844218969345093e-02
1.434729248285293579e-01
1.428237855434417725e-01
4.791258648037910461e-02
5.502346903085708618e-02
1.260065436363220215e-01
3.152204453945159912e-01
3.152204453945159912e-01
1.705913841724395752e-01
9.985703229904174805e-02
7.380831986665725708e-02
5.233434960246086121e-02
5.214454606175422668e-02
4.436747357249259949e-02
1.415944397449493408e-01
3.152204453945159912e-01
2.184878736734390259e-01
1.559796780347824097e-01
7.171396911144256592e-02
1.224307790398597717e-01
1.262703388929367065e-01
6.149905547499656677e-02
1.134905517101287842e-01
1.381585001945495605e-01
2.076248675584793091e-01
2.225613296031951904e-01
1.352004408836364746e-01
1.378968805074691772e-01
1.532746106386184692e-01
9.877108782529830933e-02
1.217284128069877625e-01
1.182669401168823242e-01
1.909566819667816162e-01
2.612002193927764893e-01
2.942200601100921631e-01
1.043821647763252258e-01
8.283784985542297363e-02
2.533660829067230225e-02
1.564482785761356354e-02
2.865330688655376434e-02
3.329068049788475037e-02
1.691501289606094360e-01
2.942200601100921631e-01
2.942200601100921631e-01
1.371822953224182129e-01
9.654829651117324829e-02
8.157130330801010132e-02
7.688301056623458862e-02
5.284969136118888855e-02
4.364784434437751770e-02
2.026702165603637695e-01
2.942200601100921631e-01
2.495983988046646118e-01
1.479759365320205688e-01
1.613394021987915039e-01
7.616617530584335327e-02
3.875894472002983093e-02
6.339418143033981323e-02
5.844089761376380920e-02
1.401282697916030884e-01
1.916331201791763306e-01
2.805117666721343994e-01
2.942200601100921631e-01
2.942200601100921631e-01
1.057514771819114685e-01
8.346253633499145508e-02
1.218891814351081848e-01
5.648586153984069824e-02
1.534845978021621704e-01
1.491244882345199585e-01
1.286209672689437866e-01
2.190994173288345337e-01
2.823917865753173828e-01
1.109801903367042542e-01
1.146494224667549133e-01
6.636868417263031006e-02
5.663983151316642761e-02
8.555418252944946289e-02
1.862157136201858521e-01
1.434389054775238037e-01
3.282107412815093994e-01
3.282107412815093994e-01
1.106350347399711609e-01
1.210383623838424683e-01
8.875416219234466553e-02
1.157028824090957642e-01
5.934432148933410645e-02
1.242161244153976440e-01
1.286403238773345947e-01
3.282107412815093994e-01
3.282107412815093994e-01
1.003080159425735474e-01
4.803723469376564026e-02
5.340487509965896606e-02
6.875807046890258789e-02
8.791600912809371948e-02
8.071686327457427979e-02
5.808442085981369019e-02
2.337603569030761719e-01
3.282107412815093994e-01
8.771116286516189575e-02
7.229156047105789185e-02
4.924901574850082397e-02
9.947364777326583862e-02
1.002833098173141479e-01
8.372192829847335815e-02
1.405882537364959717e-01
1.171602159738540649e-01
1.036177277565002441e-01
7.390675693750381470e-02
1.832381337881088257e-01
1.459693610668182373e-01
1.601024419069290161e-01
2.329531013965606689e-01
1.544700413942337036e-01
1.607297211885452271e-01
2.030362933874130249e-01
1.242348328232765198e-01
1.053462848067283630e-01
1.813228279352188110e-01
9.032686799764633179e-02
1.336435675621032715e-01
1.802989095449447632e-01
1.878023892641067505e-01
1.952522993087768555e-01
9.276750683784484863e-02
8.211851865053176880e-02
1.761278808116912842e-01
2.329531013965606689e-01
1.911720186471939087e-01
1.168455332517623901e-01
2.329531013965606689e-01
1.278199404478073120e-01
1.846531629562377930e-01
1.498468965291976929e-01
1.613615006208419800e-01
2.141359299421310425e-01
2.329531013965606689e-01
1.150664836168289185e-01
1.969763785600662231e-01
2.329531013965606689e-01
1.431429684162139893e-01
1.648016273975372314e-01
1.923104375600814819e-01
1.692639887332916260e-01
1.150080040097236633e-01
9.969934821128845215e-02
1.167402938008308411e-01
1.045029088854789734e-01
8.969147503376007080e-02
1.478445082902908325e-01
1.585288494825363159e-01
1.167550086975097656e-01
1.277892291545867920e-01
1.992022097110748291e-01
1.981593370437622070e-01
2.022649198770523071e-01
2.147624194622039795e-01
1.739014685153961182e-01
1.035044714808464050e-01
1.459543853998184204e-01
1.297122389078140259e-01
1.738926023244857788e-01
1.925424933433532715e-01
1.630454957485198975e-01
1.151368468999862671e-01
1.811264008283615112e-01
1.846814453601837158e-01
1.382094770669937134e-01
1.822294294834136963e-01
1.819220334291458130e-01
1.108362972736358643e-01
2.046163529157638550e-01
2.189743816852569580e-01
1.974693089723587036e-01
2.312002480030059814e-01
2.312002480030059814e-01
1.401595473289489746e-01
2.259789407253265381e-01
9.867074340581893921e-02
5.209264159202575684e-02
1.642249077558517456e-01
2.115547358989715576e-01
1.755700260400772095e-01
1.698133349418640137e-01
1.967618018388748169e-01
1.164271160960197449e-01
2.324110716581344604e-01
1.583699285984039307e-01
7.879452407360076904e-02
1.378236413002014160e-01
1.102039441466331482e-01
1.167683824896812439e-01
1.319032609462738037e-01
1.994131505489349365e-01
1.911758929491043091e-01
2.080728709697723389e-01
1.711320132017135620e-01
5.085901170969009399e-02
1.942554116249084473e-01
1.632834076881408691e-01
1.914234161376953125e-01
1.967928111553192139e-01
2.324110716581344604e-01
1.284114271402359009e-01
1.799273341894149780e-01
1.241542473435401917e-01
8.875663578510284424e-02
1.497372984886169434e-01
1.125169768929481506e-01
1.796998530626296997e-01
2.259037345647811890e-01
2.220739722251892090e-01
1.337355226278305054e-01
2.042868882417678833e-01
1.705268770456314087e-01
1.315482109785079956e-01
1.951861083507537842e-01
7.729455828666687012e-02
8.858039975166320801e-02
9.461043775081634521e-02
1.811315119266510010e-01
2.318512946367263794e-01
2.701360881328582764e-01
2.048132568597793579e-01
1.388255506753921509e-01
1.666003912687301636e-01
6.105989590287208557e-02
5.034893751144409180e-02
5.076074972748756409e-02
1.104103997349739075e-01
2.615329325199127197e-01
1.275376826524734497e-01
1.521639674901962280e-01
2.129960805177688599e-01
1.614789813756942749e-01
8.665293455123901367e-02
1.237577572464942932e-01
1.323746442794799805e-01
1.393264830112457275e-01
1.570800393819808960e-01
2.701360881328582764e-01
2.701360881328582764e-01
2.701360881328582764e-01
2.701360881328582764e-01
8.855173736810684204e-02
2.639140747487545013e-02
1.906779408454895020e-02
5.286295711994171143e-02
1.071592122316360474e-01
2.268717139959335327e-01
2.543928921222686768e-01
1.669977307319641113e-01
1.277779340744018555e-01
4.942116141319274902e-02
4.660336673259735107e-02
4.525213688611984253e-02
6.044612452387809753e-02
1.678212285041809082e-01
1.277435570955276489e-01
2.706043124198913574e-01
2.706043124198913574e-01
2.706043124198913574e-01
1.147760599851608276e-01
9.115428477525711060e-02
3.231626749038696289e-02
3.624125942587852478e-02
1.115022078156471252e-01
2.253216505050659180e-01
2.706043124198913574e-01
2.706043124198913574e-01
2.097131162881851196e-01
6.377598643302917480e-02
1.715551875531673431e-02
1.831411011517047882e-02
3.897279873490333557e-02
7.235110551118850708e-02
2.077600210905075073e-01
2.706043124198913574e-01
2.706043124198913574e-01
2.345776110887527466e-01
4.020156338810920715e-02
1.950495317578315735e-02
3.395831212401390076e-02
5.349275842308998108e-02
1.511077582836151123e-01
1.635455489158630371e-01
2.315727025270462036e-01
2.680347561836242676e-01
2.680347561836242676e-01
1.167891472578048706e-01
4.859072715044021606e-02
2.049895375967025757e-02
3.495244309306144714e-02
1.254005730152130127e-01
2.680347561836242676e-01
1.825982630252838135e-01
1.621560454368591309e-01
9.190939366817474365e-02
7.567110657691955566e-02
1.693205535411834717e-02
5.761411041021347046e-02
7.142366468906402588e-02
2.064086347818374634e-01
2.680347561836242676e-01
2.354151606559753418e-01
2.371749579906463623e-01
1.647579520940780640e-01
4.930916428565979004e-02
2.088995464146137238e-02
4.761276766657829285e-02
7.362811267375946045e-02
2.014821171760559082e-01
2.680347561836242676e-01
1.911888569593429565e-01
1.591763198375701904e-01
1.203014329075813293e-01
7.367727905511856079e-02
6.702585518360137939e-02
1.062642484903335571e-01
1.996458917856216431e-01
2.680347561836242676e-01
2.678939402103424072e-01
1.567397564649581909e-01
1.779504120349884033e-01
8.096213638782501221e-02
8.759284764528274536e-02
4.297467693686485291e-02
1.168897822499275208e-01
1.314195096492767334e-01
2.166702300310134888e-01
1.464692205190658569e-01
8.609828352928161621e-02
1.111947521567344666e-01
5.171793326735496521e-02
1.070993319153785706e-01
4.652073979377746582e-02
1.465645581483840942e-01
1.136246398091316223e-01
1.364218592643737793e-01
2.863405942916870117e-01
1.727599948644638062e-01
2.016398906707763672e-01
1.524786800146102905e-01
9.908640384674072266e-02
8.591067045927047729e-02
1.479935199022293091e-01
2.863405942916870117e-01
2.863405942916870117e-01
2.057559490203857422e-01
1.800943017005920410e-01
1.507301181554794312e-01
9.455313533544540405e-02
1.252395659685134888e-01
9.817322343587875366e-02
2.192961424589157104e-01
1.971983909606933594e-01
2.590036690235137939e-01
1.585632413625717163e-01
9.297073632478713989e-02
9.606032073497772217e-02
6.030892953276634216e-02
1.525910496711730957e-01
3.793317079544067383e-02
1.075118035078048706e-01
1.186369433999061584e-01
1.183990985155105591e-01
1.751271337270736694e-01
1.194107159972190857e-01
7.618471235036849976e-02
9.581058472394943237e-02
2.114086151123046875e-01
4.125965386629104614e-02
1.141780242323875427e-01
1.128698065876960754e-01
1.653306931257247925e-01
2.187326401472091675e-01
1.580812633037567139e-01
1.359355747699737549e-01
1.761147826910018921e-01
1.648896634578704834e-01
1.118808090686798096e-01
2.181917726993560791e-01
1.847360134124755859e-01
2.618149816989898682e-01
2.851966619491577148e-01
1.866303086280822754e-01
1.033186316490173340e-01
2.993475198745727539e-01
2.243947684764862061e-01
1.358651667833328247e-01
1.719656884670257568e-01
1.549469083547592163e-01
2.745968699455261230e-01
1.688617020845413208e-01
1.267048567533493042e-01
1.045709699392318726e-01
1.167641207575798035e-01
1.849272698163986206e-01
4.278220236301422119e-02
1.360468119382858276e-01
1.412130147218704224e-01
2.248310893774032593e-01
1.920272558927536011e-01
1.628429144620895386e-01
1.414489895105361938e-01
8.449144661426544189e-02
2.054964751005172729e-01
1.028776913881301880e-01
1.581286936998367310e-01
1.033807545900344849e-01
1.731180697679519653e-01
2.173888236284255981e-01
1.254119127988815308e-01
1.461167782545089722e-01
2.419104278087615967e-01
1.890083253383636475e-01
7.238765060901641846e-02
1.308465600013732910e-01
1.542142629623413086e-01
2.372234016656875610e-01
3.031956553459167480e-01
2.285515218973159790e-01
1.498531699180603027e-01
6.704118847846984863e-02
1.771122515201568604e-01
1.185690611600875854e-01
1.303477138280868530e-01
1.116814166307449341e-01
2.579271197319030762e-01
1.397335976362228394e-01
1.234476342797279358e-01
1.057324782013893127e-01
5.971772596240043640e-02
1.350197941064834595e-01
1.523330509662628174e-01
1.931100487709045410e-01
8.692764490842819214e-02
1.211430057883262634e-01
1.695742905139923096e-01
1.869971752166748047e-01
1.339569687843322754e-01
1.744590401649475098e-01
1.764426231384277344e-01
1.334550678730010986e-01
1.673918068408966064e-01
1.295809745788574219e-01
1.376134306192398071e-01
2.618486285209655762e-01
2.044960409402847290e-01
1.135520413517951965e-01
4.510499164462089539e-02
1.769038438796997070e-01
1.609900742769241333e-01
1.248194724321365356e-01
1.140248179435729980e-01
2.203553467988967896e-01
1.962806433439254761e-01
1.949146091938018799e-01
1.975020319223403931e-01
1.763442158699035645e-01
3.137574791908264160e-01
1.424202620983123779e-01
1.352905631065368652e-01
2.180701494216918945e-01
1.750846505165100098e-01
7.916363328695297241e-02
1.092739850282669067e-01
6.678859144449234009e-02
1.619452238082885742e-01
2.135501503944396973e-01
1.871490180492401123e-01
1.512179523706436157e-01
9.276749193668365479e-02
6.874784827232360840e-02
1.037480905652046204e-01
6.798261404037475586e-02
5.456805229187011719e-02
1.390774399042129517e-01
2.657114565372467041e-01
2.832524478435516357e-01
2.472538203001022339e-01
1.167827248573303223e-01
1.392513066530227661e-01
7.518868148326873779e-02
8.861071616411209106e-02
9.636814892292022705e-02
1.154137924313545227e-01
2.496292889118194580e-01
1.534829586744308472e-01
1.972225606441497803e-01
1.204194799065589905e-01
1.123768985271453857e-01
1.130163744091987610e-01
8.449446409940719604e-02
3.928491100668907166e-02
2.168475091457366943e-01
2.969312369823455811e-01
2.678007483482360840e-01
2.969312369823455811e-01
1.586825400590896606e-01
1.374235600233078003e-01
1.487856060266494751e-01
1.170892268419265747e-01
6.410934031009674072e-02
9.729606658220291138e-02
2.007888406515121460e-01
1.046863570809364319e-01
1.349575817584991455e-01
1.025475114583969116e-01
1.593435853719711304e-01
2.222494333982467651e-01
1.170716136693954468e-01
4.902065545320510864e-02
1.576432734727859497e-01
1.891040056943893433e-01
6.889697909355163574e-02
1.253717243671417236e-01
1.197980195283889771e-01
2.765223383903503418e-01
1.943059861660003662e-01
1.667371541261672974e-01
4.388261213898658752e-02
2.663998901844024658e-01
2.529297471046447754e-01
9.571606665849685669e-02
2.308971136808395386e-01
1.431899219751358032e-01
1.316809952259063721e-01
2.834573388099670410e-01
1.458666771650314331e-01
6.855020672082901001e-02
2.267612814903259277e-01
2.594043314456939697e-01
6.614442169666290283e-02
8.705257624387741089e-02
1.154842600226402283e-01
2.276439964771270752e-01
1.624994426965713501e-01
6.694670766592025757e-02
4.447530955076217651e-02
1.036082133650779724e-01
1.154158562421798706e-01
9.323086589574813843e-02
1.942191123962402344e-01
1.941619366407394409e-01
2.390382438898086548e-01
1.079451143741607666e-01
8.646418899297714233e-02
9.582400321960449219e-02
1.302160322666168213e-01
6.495965272188186646e-02
1.047376617789268494e-01
2.328872978687286377e-01
2.960599064826965332e-01
2.821141779422760010e-01
1.730853021144866943e-01
9.267801791429519653e-02
7.047428935766220093e-02
9.608199447393417358e-02
1.984492987394332886e-01
1.292320489883422852e-01
1.716367453336715698e-01
1.354012489318847656e-01
1.891305446624755859e-01
9.186945855617523193e-02
8.966217935085296631e-02
1.174468547105789185e-01
1.047466471791267395e-01
1.453007459640502930e-01
1.646969169378280640e-01
2.444559782743453979e-01
2.960599064826965332e-01
2.960599064826965332e-01
1.222468316555023193e-01
1.134514287114143372e-01
1.155800074338912964e-01
9.028577804565429688e-02
7.057966291904449463e-02
6.450454890727996826e-02
9.665378183126449585e-02
1.450735777616500854e-01
2.026116698980331421e-01
2.020306289196014404e-01
2.816139161586761475e-01
2.816139161586761475e-01
1.381750404834747314e-01
1.420994699001312256e-01
9.837651252746582031e-02
7.933612167835235596e-02
8.132947236299514771e-02
1.469976454973220825e-01
8.923625946044921875e-02
8.084176480770111084e-02
6.641874462366104126e-02
8.811290562152862549e-02
1.329552382230758667e-01
1.476332098245620728e-01
1.624501943588256836e-01
2.435868084430694580e-01
2.816139161586761475e-01
1.869806349277496338e-01
1.818807125091552734e-01
1.291681230068206787e-01
1.058171316981315613e-01
2.035744935274124146e-01
1.465695202350616455e-01
1.890229582786560059e-01
2.816139161586761475e-01
2.816139161586761475e-01
1.920040994882583618e-01
2.795178294181823730e-01
2.795178294181823730e-01
1.122743487358093262e-01
6.417885422706604004e-02
5.951163172721862793e-02
1.403478980064392090e-01
1.081870421767234802e-01
1.338846981525421143e-01
1.014531925320625305e-01
1.232747733592987061e-01
1.910207122564315796e-01
8.792220056056976318e-02
9.449155628681182861e-02
1.017970815300941467e-01
1.944617629051208496e-01
1.458568871021270752e-01
1.141690686345100403e-01
2.758525907993316650e-01
1.859804540872573853e-01
1.735052615404129028e-01
7.488191127777099609e-02
9.829769283533096313e-02
4.774400964379310608e-02
1.462791413068771362e-01
2.425493150949478149e-01
2.795178294181823730e-01
2.271028608083724976e-01
1.314448565244674683e-01
1.600891649723052979e-01
6.822836399078369141e-02
9.772007912397384644e-02
7.039254158735275269e-02
1.422280222177505493e-01
2.113491892814636230e-01
2.795178294181823730e-01
