1.342518031597137451e-01
1.133707910776138306e-01
7.314486056566238403e-02
7.635041326284408569e-02
8.351764827966690063e-02
4.464501887559890747e-02
9.478388726711273193e-02
1.420328468084335327e-01
1.491587460041046143e-01
1.890323311090469360e-01
1.296743005514144897e-01
8.476629853248596191e-02
8.013565838336944580e-02
7.001848518848419189e-02
4.671624302864074707e-02
8.941177278757095337e-02
1.420128196477890015e-01
1.906311362981796265e-01
2.899589240550994873e-01
2.057406902313232422e-01
1.768518239259719849e-01
1.048283204436302185e-01
4.730034992098808289e-02
2.686365880072116852e-02
1.057173833250999451e-01
2.601551115512847900e-01
2.899589240550994873e-01
2.899589240550994873e-01
2.261509895324707031e-01
2.008934319019317627e-01
2.004815042018890381e-01
1.517648249864578247e-01
8.885177969932556152e-02
1.162914931774139404e-01
2.794065475463867188e-01
2.899589240550994873e-01
1.928569078445434570e-01
1.173119097948074341e-01
5.823322013020515442e-02
4.516571387648582458e-02
6.640969216823577881e-02
4.193601757287979126e-02
6.777370721101760864e-02
8.582828193902969360e-02
1.508536934852600098e-01
1.748384386301040649e-01
2.470879703760147095e-01
1.385150998830795288e-01
6.221551075577735901e-02
1.614873707294464111e-01
7.107363641262054443e-02
7.581661641597747803e-02
1.077723428606987000e-01
1.663274019956588745e-01
2.642760574817657471e-01
2.563666999340057373e-01
1.799056380987167358e-01
1.155644059181213379e-01
2.043775618076324463e-01
8.379578590393066406e-02
1.096021085977554321e-01
1.640216857194900513e-01
1.603748947381973267e-01
2.805837988853454590e-01
2.891997694969177246e-01
2.891997694969177246e-01
1.480440646409988403e-01
2.891997694969177246e-01
1.184887662529945374e-01
1.053376048803329468e-01
1.276440173387527466e-01
1.459624767303466797e-01
2.490874528884887695e-01
2.108008712530136108e-01
8.031394332647323608e-02
2.367085404694080353e-02
7.273489236831665039e-02
5.411963164806365967e-02
7.089140266180038452e-02
7.340085506439208984e-02
1.227478832006454468e-01
2.490874528884887695e-01
2.210311889648437500e-01
5.828595533967018127e-02
5.106837302446365356e-02
5.088135972619056702e-02
6.508360803127288818e-02
9.172569960355758667e-02
1.773665696382522583e-01
2.150523960590362549e-01
2.490874528884887695e-01
2.490874528884887695e-01
1.999044567346572876e-01
6.781746447086334229e-02
2.490874528884887695e-01
1.032773554325103760e-01
1.400469988584518433e-01
6.511137634515762329e-02
1.387694627046585083e-01
2.490874528884887695e-01
2.490874528884887695e-01
1.099900007247924805e-01
9.078297019004821777e-02
5.873836576938629150e-02
1.482785791158676147e-01
2.490874528884887695e-01
2.490874528884887695e-01
2.490874528884887695e-01
1.790566593408584595e-01
1.215000748634338379e-01
5.162739753723144531e-02
5.314478650689125061e-02
3.759897872805595398e-02
4.494319483637809753e-02
5.984927341341972351e-02
1.483812630176544189e-01
2.559918761253356934e-01
2.559918761253356934e-01
1.607329547405242920e-01
1.537751555442810059e-01
8.948498219251632690e-02
7.568114250898361206e-02
7.958107441663742065e-02
9.924609214067459106e-02
1.151472330093383789e-01
2.559918761253356934e-01
2.303227633237838745e-01
2.147298902273178101e-01
1.269988566637039185e-01
1.239042878150939941e-01
9.178955107927322388e-02
7.249537110328674316e-02
1.652144342660903931e-01
2.426980733871459961e-01
2.559918761253356934e-01
2.559918761253356934e-01
2.295126318931579590e-01
1.847858130931854248e-01
1.715010702610015869e-01
1.567293703556060791e-01
6.324671208858489990e-02
1.531237214803695679e-01
1.774340569972991943e-01
2.559918761253356934e-01
2.327231168746948242e-01
1.417475342750549316e-01
2.021740823984146118e-01
9.221615642309188843e-02
8.505248278379440308e-02
2.224986553192138672e-01
1.665817350149154663e-01
1.570068746805191040e-01
1.237588599324226379e-01
1.735005527734756470e-01
9.995543211698532104e-02
1.156309470534324646e-01
4.156243056058883667e-02
9.627486020326614380e-02
2.327231168746948242e-01
1.648829728364944458e-01
2.188072204589843750e-01
1.349595785140991211e-01
2.327231168746948242e-01
2.319742590188980103e-01
2.005559951066970825e-01
8.807981014251708984e-02
7.659582793712615967e-02
1.154658496379852295e-01
2.061260044574737549e-01
2.111039012670516968e-01
1.690483391284942627e-01
2.327231168746948242e-01
2.327231168746948242e-01
1.732552349567413330e-01
4.538854211568832397e-02
7.262513786554336548e-02
9.237974882125854492e-02
1.683576107025146484e-01
1.910889446735382080e-01
1.668592989444732666e-01
1.991411596536636353e-01
1.606409698724746704e-01
1.622101068496704102e-01
8.651630580425262451e-02
1.200905591249465942e-01
1.468559205532073975e-01
1.666653454303741455e-01
2.169421017169952393e-01
1.616210937500000000e-01
1.730729192495346069e-01
1.373956799507141113e-01
1.612729579210281372e-01
8.604242652654647827e-02
1.189929544925689697e-01
9.959442913532257080e-02
1.706247031688690186e-01
1.785896122455596924e-01
1.813300997018814087e-01
2.587513625621795654e-01
2.587513625621795654e-01
1.658872067928314209e-01
1.480050683021545410e-01
1.338230073451995850e-01
8.540327847003936768e-02
1.275947839021682739e-01
1.492138952016830444e-01
1.934256553649902344e-01
2.587513625621795654e-01
2.587513625621795654e-01
1.275491565465927124e-01
1.202776953577995300e-01
1.315387040376663208e-01
1.326912194490432739e-01
9.474968910217285156e-02
1.327815353870391846e-01
2.243783771991729736e-01
1.232961490750312805e-01
1.533270478248596191e-01
1.206726729869842529e-01
7.372335344552993774e-02
1.588473320007324219e-01
9.793485701084136963e-02
1.687596589326858521e-01
1.564653515815734863e-01
1.276216357946395874e-01
1.181079000234603882e-01
1.546474844217300415e-01
1.258804947137832642e-01
1.848611831665039062e-01
1.951752454042434692e-01
1.651251316070556641e-01
2.560096681118011475e-01
2.560096681118011475e-01
1.359206289052963257e-01
2.153579443693161011e-01
2.554115653038024902e-01
1.364081501960754395e-01
7.796002924442291260e-02
1.415134370326995850e-01
1.260724067687988281e-01
7.924075424671173096e-02
1.382658630609512329e-01
1.672156155109405518e-01
1.746325641870498657e-01
2.524075806140899658e-01
1.697184741497039795e-01
2.068621814250946045e-01
1.447796076536178589e-01
9.467702358961105347e-02
1.988090425729751587e-01
2.402349114418029785e-01
1.154045686125755310e-01
1.707771718502044678e-01
1.766899973154067993e-01
1.035124957561492920e-01
1.203081533312797546e-01
1.080643832683563232e-01
1.733596920967102051e-01
2.038476914167404175e-01
2.035861611366271973e-01
1.064311340451240540e-01
2.517794072628021240e-01
2.517794072628021240e-01
1.363363116979598999e-01
5.964613333344459534e-02
6.445834785699844360e-02
1.514815986156463623e-01
2.305993288755416870e-01
2.173827886581420898e-01
1.758033335208892822e-01
1.878018826246261597e-01
1.641019135713577271e-01
1.086800694465637207e-01
1.454628556966781616e-01
8.317484706640243530e-02
4.532124474644660950e-02
1.147067546844482422e-01
2.241491526365280151e-01
1.678569316864013672e-01
2.517794072628021240e-01
2.184865623712539673e-01
1.479757577180862427e-01
6.847090274095535278e-02
3.963436186313629150e-02
4.102351516485214233e-02
7.076412439346313477e-02
2.517794072628021240e-01
2.517794072628021240e-01
1.706377267837524414e-01
1.676432788372039795e-01
1.186591312289237976e-01
1.131334677338600159e-01
6.645815819501876831e-02
5.970173701643943787e-02
1.330505311489105225e-01
1.976210922002792358e-01
1.819100379943847656e-01
2.562689483165740967e-01
1.569525003433227539e-01
1.317114531993865967e-01
2.105005681514739990e-01
1.555754244327545166e-01
4.433193057775497437e-02
1.024481207132339478e-01
2.171449214220046997e-01
2.605786025524139404e-01
2.273573279380798340e-01
1.109447851777076721e-01
1.438231319189071655e-01
9.605256468057632446e-02
3.109233640134334564e-02
3.843624144792556763e-02
6.083721294999122620e-02
2.605786025524139404e-01
2.573905885219573975e-01
2.605786025524139404e-01
1.634569168090820312e-01
1.335583925247192383e-01
1.329386085271835327e-01
6.561633944511413574e-02
2.707771770656108856e-02
8.126262575387954712e-02
2.605786025524139404e-01
2.605786025524139404e-01
2.572626173496246338e-01
1.609609872102737427e-01
1.273396164178848267e-01
1.508106887340545654e-01
1.944842636585235596e-01
5.599900335073471069e-02
1.121396720409393311e-01
1.456774324178695679e-01
2.572626173496246338e-01
2.572626173496246338e-01
1.638878881931304932e-01
7.025315612554550171e-02
5.309168621897697449e-02
1.234598904848098755e-01
4.369362816214561462e-02
1.786191910505294800e-01
2.010652124881744385e-01
2.572626173496246338e-01
2.314284294843673706e-01
1.913006454706192017e-01
1.105237901210784912e-01
6.948105990886688232e-02
4.433140531182289124e-02
1.836916431784629822e-02
9.671827405691146851e-02
2.302822023630142212e-01
2.572626173496246338e-01
2.336398959159851074e-01
2.143923044204711914e-01
9.011895954608917236e-02
3.723910450935363770e-02
1.929847337305545807e-02
1.265119481831789017e-02
9.192376583814620972e-02
2.137178331613540649e-01
2.572626173496246338e-01
2.106029689311981201e-01
2.044133245944976807e-01
5.186565592885017395e-02
3.574007377028465271e-02
6.289704144001007080e-02
4.887822270393371582e-02
1.600421965122222900e-01
2.189658582210540771e-01
2.501415610313415527e-01
2.147569805383682251e-01
2.198393642902374268e-01
1.330549120903015137e-01
1.773723214864730835e-01
1.052230447530746460e-01
1.345276683568954468e-01
2.501415610313415527e-01
1.776328533887863159e-01
1.624246388673782349e-01
2.304774373769760132e-01
2.501415610313415527e-01
8.119063824415206909e-02
3.572893142700195312e-02
4.443996772170066833e-02
3.287281841039657593e-02
6.728797405958175659e-02
1.113633885979652405e-01
2.107764333486557007e-01
2.501415610313415527e-01
2.501415610313415527e-01
1.012050509452819824e-01
8.658131957054138184e-02
1.238444596529006958e-01
9.875747561454772949e-02
2.043896317481994629e-01
1.973918676376342773e-01
1.869453042745590210e-01
1.747276186943054199e-01
1.273276507854461670e-01
6.898313760757446289e-02
1.306853592395782471e-01
6.857495754957199097e-02
7.105143368244171143e-02
1.880304068326950073e-01
1.421512365341186523e-01
2.288412749767303467e-01
1.911008805036544800e-01
1.169369444251060486e-01
5.140545964241027832e-02
8.515468239784240723e-02
2.115025967359542847e-01
1.831004321575164795e-01
1.808848679065704346e-01
2.181705087423324585e-01
2.537418305873870850e-01
1.829167008399963379e-01
1.015446111559867859e-01
6.233834102749824524e-02
1.069739982485771179e-01
1.141662672162055969e-01
5.060609057545661926e-02
1.503753662109375000e-01
2.048863768577575684e-01
2.071786522865295410e-01
1.354871094226837158e-01
9.271471947431564331e-02
2.113902866840362549e-01
2.537418305873870850e-01
2.537418305873870850e-01
1.682971268892288208e-01
1.228670850396156311e-01
2.305790483951568604e-01
2.212468087673187256e-01
9.795120358467102051e-02
1.288575232028961182e-01
1.110458448529243469e-01
8.354357630014419556e-02
2.482735961675643921e-01
2.094532400369644165e-01
1.846941560506820679e-01
1.392625123262405396e-01
1.441890597343444824e-01
1.249133348464965820e-01
1.478871256113052368e-01
1.148616895079612732e-01
8.813861012458801270e-02
2.278795540332794189e-01
1.415297836065292358e-01
1.213765218853950500e-01
1.670738607645034790e-01
1.498261988162994385e-01
1.556184887886047363e-01
1.444924473762512207e-01
2.029207795858383179e-01
2.425214499235153198e-01
2.510628402233123779e-01
2.010805457830429077e-01
1.602830588817596436e-01
1.112534999847412109e-01
1.538137942552566528e-01
2.242526113986968994e-01
2.186622321605682373e-01
1.284459829330444336e-01
1.636278629302978516e-01
1.759653240442276001e-01
1.955152153968811035e-01
1.417084932327270508e-01
1.177575141191482544e-01
1.479565054178237915e-01
9.411070495843887329e-02
9.751331806182861328e-02
6.743875145912170410e-02
8.315277099609375000e-02
1.840398460626602173e-01
1.112496331334114075e-01
1.058530360460281372e-01
2.223301231861114502e-01
1.817267984151840210e-01
1.707761883735656738e-01
1.011182293295860291e-01
1.305188089609146118e-01
2.036746591329574585e-01
1.615471392869949341e-01
1.032489240169525146e-01
1.551973223686218262e-01
2.280118614435195923e-01
2.529856860637664795e-01
1.129257678985595703e-01
1.209597960114479065e-01
9.013976901769638062e-02
1.738186627626419067e-01
1.825707405805587769e-01
1.512136608362197876e-01
1.297250092029571533e-01
1.894700229167938232e-01
2.131396085023880005e-01
9.778144210577011108e-02
9.614099562168121338e-02
1.824806630611419678e-01
2.529856860637664795e-01
2.529856860637664795e-01
1.681416630744934082e-01
1.676766723394393921e-01
1.800620257854461670e-01
2.529856860637664795e-01
1.338865607976913452e-01
1.165082156658172607e-01
1.697239577770233154e-01
1.616733968257904053e-01
1.064000576734542847e-01
8.658788353204727173e-02
1.293971389532089233e-01
1.295232176780700684e-01
2.086500376462936401e-01
1.643234342336654663e-01
1.320068240165710449e-01
1.731399148702621460e-01
1.514000445604324341e-01
2.124598473310470581e-01
2.189799994230270386e-01
1.248414888978004456e-01
1.108677014708518982e-01
1.592071801424026489e-01
9.664008021354675293e-02
9.407866746187210083e-02
2.201435714960098267e-01
2.014750838279724121e-01
2.367844581604003906e-01
1.656876802444458008e-01
1.303943991661071777e-01
8.257536590099334717e-02
1.856879591941833496e-01
1.759048700332641602e-01
2.007470130920410156e-01
2.215206325054168701e-01
1.998507678508758545e-01
2.367844581604003906e-01
2.168983519077301025e-01
1.013227328658103943e-01
1.169011965394020081e-01
1.879084408283233643e-01
2.721110284328460693e-01
1.525355875492095947e-01
9.307853132486343384e-02
2.350946515798568726e-02
2.002249471843242645e-02
2.691799588501453400e-02
7.865053415298461914e-02
1.692118793725967407e-01
2.721110284328460693e-01
2.721110284328460693e-01
2.721110284328460693e-01
2.544641196727752686e-01
1.036201715469360352e-01
6.938407570123672485e-02
5.541909113526344299e-02
4.980685934424400330e-02
1.112123578786849976e-01
2.411957830190658569e-01
2.332733124494552612e-01
1.545324325561523438e-01
1.988097876310348511e-01
1.381527632474899292e-01
5.280065909028053284e-02
7.626930624246597290e-02
7.153086364269256592e-02
1.202843338251113892e-01
1.699233353137969971e-01
1.971419006586074829e-01
2.721110284328460693e-01
2.721110284328460693e-01
2.721110284328460693e-01
5.335581302642822266e-02
7.449889183044433594e-02
4.973641410470008850e-02
4.322759434580802917e-02
9.256005287170410156e-02
2.034181505441665649e-01
2.773710191249847412e-01
2.773710191249847412e-01
9.123119711875915527e-02
9.257911145687103271e-02
3.260955959558486938e-02
3.743183240294456482e-02
8.178602904081344604e-02
7.492792606353759766e-02
2.286213934421539307e-01
2.773710191249847412e-01
2.480137646198272705e-01
9.808393567800521851e-02
2.526324093341827393e-01
3.609808161854743958e-02
4.311358928680419922e-02
7.874515652656555176e-02
7.018726319074630737e-02
1.619729101657867432e-01
2.773710191249847412e-01
2.773710191249847412e-01
2.083907425403594971e-01
3.826433420181274414e-02
2.127860486507415771e-02
2.644428424537181854e-02
4.515938088297843933e-02
5.499144271016120911e-02
2.297782748937606812e-01
2.773710191249847412e-01
2.773710191249847412e-01
1.679296642541885376e-01
4.573348537087440491e-02
2.296720072627067566e-02
3.635959327220916748e-02
8.825962245464324951e-02
1.185876131057739258e-01
1.932243555784225464e-01
2.565417587757110596e-01
1.641864180564880371e-01
8.063808083534240723e-02
2.129802554845809937e-01
8.058182895183563232e-02
1.261072903871536255e-01
9.835857897996902466e-02
1.212608963251113892e-01
1.729122549295425415e-01
2.565417587757110596e-01
1.208176314830780029e-01
4.961959645152091980e-02
4.076992347836494446e-02
1.327770203351974487e-01
2.390120774507522583e-01
2.273190617561340332e-01
1.589122116565704346e-01
2.565417587757110596e-01
2.565417587757110596e-01
2.213690876960754395e-01
7.929536700248718262e-02
5.435786768794059753e-02
4.797596111893653870e-02
6.759234517812728882e-02
1.167160123586654663e-01
2.059361934661865234e-01
2.565417587757110596e-01
2.565417587757110596e-01
2.022611498832702637e-01
6.001321598887443542e-02
4.654309898614883423e-02
6.399665027856826782e-02
8.588817715644836426e-02
1.485440880060195923e-01
1.948205232620239258e-01
1.857012212276458740e-01
2.288981676101684570e-01
1.305180937051773071e-01
9.294666349887847900e-02
6.199937313795089722e-02
7.082192599773406982e-02
1.779746413230895996e-01
2.222577780485153198e-01
2.296554297208786011e-01
2.346701174974441528e-01
2.054524719715118408e-01
1.104409992694854736e-01
1.117775291204452515e-01
1.078988611698150635e-01
6.800810247659683228e-02
1.576756089925765991e-01
2.542006969451904297e-01
2.542006969451904297e-01
2.178041785955429077e-01
2.309460341930389404e-01
1.358822286128997803e-01
7.719101756811141968e-02
6.862890720367431641e-02
4.134235531091690063e-02
6.674503535032272339e-02
1.345666646957397461e-01
1.876241862773895264e-01
2.542006969451904297e-01
1.991440653800964355e-01
5.662118643522262573e-02
5.051590129733085632e-02
8.681095391511917114e-02
7.704582065343856812e-02
8.848293870687484741e-02
2.540838122367858887e-01
2.542006969451904297e-01
2.085886895656585693e-01
1.757642775774002075e-01
1.133038923144340515e-01
4.300742968916893005e-02
5.598767101764678955e-02
8.783620595932006836e-02
1.481992304325103760e-01
2.527807652950286865e-01
2.527807652950286865e-01
2.527807652950286865e-01
2.400134950876235962e-01
1.520813107490539551e-01
4.820768535137176514e-02
3.769951313734054565e-02
3.709220886230468750e-02
9.586729109287261963e-02
1.704176366329193115e-01
2.527807652950286865e-01
2.249753773212432861e-01
1.397797167301177979e-01
7.762956619262695312e-02
5.950826406478881836e-02
7.569333910942077637e-02
9.968390315771102905e-02
8.565270155668258667e-02
2.478667795658111572e-01
2.527807652950286865e-01
2.527807652950286865e-01
2.485395371913909912e-01
1.399246305227279663e-01
1.192631423473358154e-01
5.568048357963562012e-02
5.855335667729377747e-02
7.822412997484207153e-02
1.783611327409744263e-01
2.527807652950286865e-01
2.663052678108215332e-01
2.224949598312377930e-01
9.132773429155349731e-02
6.436315178871154785e-02
5.510915070772171021e-02
2.581295184791088104e-02
4.852062836289405823e-02
1.030443012714385986e-01
1.763402521610260010e-01
2.663052678108215332e-01
2.427017837762832642e-01
8.768495917320251465e-02
4.905447736382484436e-02
5.231201276183128357e-02
5.677336081862449646e-02
6.931290775537490845e-02
1.325673311948776245e-01
1.648028194904327393e-01
2.663052678108215332e-01
2.663052678108215332e-01
1.363607347011566162e-01
1.127051487565040588e-01
5.231672897934913635e-02
4.385224357247352600e-02
9.507396817207336426e-02
1.762655228376388550e-01
2.663052678108215332e-01
2.663052678108215332e-01
2.368469536304473877e-01
1.401891559362411499e-01
1.512145698070526123e-01
8.184982836246490479e-02
5.652536451816558838e-02
1.163635775446891785e-01
2.617965936660766602e-01
2.663052678108215332e-01
2.065257281064987183e-01
2.094887197017669678e-01
1.318410336971282959e-01
4.884516820311546326e-02
4.900590702891349792e-02
8.347300440073013306e-02
6.218873336911201477e-02
1.346520036458969116e-01
1.553868204355239868e-01
1.745033711194992065e-01
1.676172912120819092e-01
1.327796876430511475e-01
1.223646178841590881e-01
7.515715062618255615e-02
1.269239485263824463e-01
1.147508025169372559e-01
1.320956796407699585e-01
1.910565346479415894e-01
2.269188612699508667e-01
2.360896915197372437e-01
1.454751491546630859e-01
1.338079869747161865e-01
1.105381399393081665e-01
1.038488447666168213e-01
9.658609330654144287e-02
2.144027799367904663e-01
2.537864446640014648e-01
2.437417507171630859e-01
1.802357137203216553e-01
2.281478345394134521e-01
9.860564768314361572e-02
1.183417737483978271e-01
2.049710601568222046e-01
1.607173383235931396e-01
2.559982538223266602e-01
2.559982538223266602e-01
1.884599179029464722e-01
9.837514907121658325e-02
8.092115074396133423e-02
1.296083331108093262e-01
8.556736260652542114e-02
1.061320677399635315e-01
1.173745617270469666e-01
1.320040374994277954e-01
2.036507427692413330e-01
2.136001735925674438e-01
1.024392768740653992e-01
8.763026446104049683e-02
1.038360297679901123e-01
1.051479503512382507e-01
8.977937698364257812e-02
8.224221318960189819e-02
2.070631980895996094e-01
2.539546787738800049e-01
2.287635654211044312e-01
1.718539595603942871e-01
1.705904155969619751e-01
8.287380635738372803e-02
7.711434364318847656e-02
1.501941382884979248e-01
1.944832205772399902e-01
2.529051005840301514e-01
2.623144388198852539e-01
2.623144388198852539e-01
1.910960227251052856e-01
8.570394665002822876e-02
9.185156226158142090e-02
1.136035025119781494e-01
1.032921820878982544e-01
2.134512215852737427e-01
2.623144388198852539e-01
2.318617701530456543e-01
2.237581312656402588e-01
7.730948925018310547e-02
9.321235120296478271e-02
8.826778829097747803e-02
4.834540933370590210e-02
5.692800134420394897e-02
6.622955948114395142e-02
2.200895249843597412e-01
2.055498510599136353e-01
2.596754729747772217e-01
1.703338474035263062e-01
1.247810199856758118e-01
1.287475824356079102e-01
2.860976941883563995e-02
3.057339042425155640e-02
7.750807702541351318e-02
2.324879616498947144e-01
2.078519910573959351e-01
2.256021052598953247e-01
8.430740982294082642e-02
4.790522158145904541e-02
1.067559719085693359e-01
1.010015532374382019e-01
9.795179218053817749e-02
2.596754729747772217e-01
2.596754729747772217e-01
2.078830003738403320e-01
2.319177389144897461e-01
1.164498329162597656e-01
7.233370840549468994e-02
1.571494191884994507e-01
1.080356538295745850e-01
1.272725164890289307e-01
2.470712214708328247e-01
2.596754729747772217e-01
2.596754729747772217e-01
2.256927937269210815e-01
2.590315043926239014e-01
1.218994259834289551e-01
1.072419062256813049e-01
2.784596942365169525e-02
4.446215555071830750e-02
9.754022210836410522e-02
1.829243153333663940e-01
2.159782946109771729e-01
2.590315043926239014e-01
2.590315043926239014e-01
1.222878620028495789e-01
7.810288667678833008e-02
1.734064146876335144e-02
6.369910389184951782e-02
1.165324300527572632e-01
1.916712969541549683e-01
2.590315043926239014e-01
1.703905165195465088e-01
1.771638989448547363e-01
9.574764221906661987e-02
1.574346870183944702e-01
9.086100757122039795e-02
1.514220237731933594e-01
1.051770374178886414e-01
1.786572039127349854e-01
2.208421677350997925e-01
2.272589504718780518e-01
2.296246141195297241e-01
1.557256132364273071e-01
2.146167159080505371e-01
5.626969039440155029e-02
1.478134840726852417e-01
9.157254546880722046e-02
1.455002874135971069e-01
1.924955397844314575e-01
2.657229602336883545e-01
2.657229602336883545e-01
9.823465347290039062e-02
5.531613156199455261e-02
2.660365030169487000e-02
5.092820525169372559e-02
8.946994692087173462e-02
1.431571692228317261e-01
2.207068502902984619e-01
2.657229602336883545e-01
2.449622005224227905e-01
1.112140342593193054e-01
5.753994360566139221e-02
1.091398149728775024e-01
9.269645065069198608e-02
1.492870599031448364e-01
2.158923447132110596e-01
1.674433052539825439e-01
2.657229602336883545e-01
1.892294883728027344e-01
1.434720754623413086e-01
1.313979178667068481e-01
2.941923215985298157e-02
9.362780302762985229e-02
9.896966814994812012e-02
1.401574015617370605e-01
2.055147141218185425e-01
2.657229602336883545e-01
1.835817992687225342e-01
1.707096695899963379e-01
8.090385794639587402e-02
5.478016287088394165e-02
9.510029852390289307e-02
1.921749413013458252e-01
2.118503600358963013e-01
1.993622779846191406e-01
1.208955049514770508e-01
7.592394202947616577e-02
1.094711050391197205e-01
1.381851881742477417e-01
1.286610513925552368e-01
7.140460610389709473e-02
8.168800920248031616e-02
1.270579695701599121e-01
7.384023070335388184e-02
7.964579015970230103e-02
1.079064533114433289e-01
2.714279294013977051e-01
2.839385271072387695e-01
2.839385271072387695e-01
1.837652176618576050e-01
7.346751540899276733e-02
1.329843550920486450e-01
8.898569643497467041e-02
1.058724373579025269e-01
1.327207684516906738e-01
2.839385271072387695e-01
2.316029071807861328e-01
1.178976520895957947e-01
9.296140074729919434e-02
1.137583330273628235e-01
7.809752225875854492e-02
5.675386264920234680e-02
1.131388172507286072e-01
1.590497940778732300e-01
2.839385271072387695e-01
2.839385271072387695e-01
2.834776639938354492e-01
1.966402828693389893e-01
1.032526418566703796e-01
1.606256216764450073e-01
1.240703612565994263e-01
1.198368817567825317e-01
1.448195278644561768e-01
1.785968542098999023e-01
2.343498468399047852e-01
2.343498468399047852e-01
1.091922223567962646e-01
6.526651978492736816e-02
1.010453850030899048e-01
1.123231351375579834e-01
2.006607353687286377e-01
2.201968282461166382e-01
1.505012512207031250e-01
1.847603619098663330e-01
1.512582898139953613e-01
1.136253252625465393e-01
9.361875057220458984e-02
1.028043925762176514e-01
1.036300063133239746e-01
1.735033094882965088e-01
1.215594410896301270e-01
1.610039323568344116e-01
2.211337089538574219e-01
2.291759997606277466e-01
9.735443443059921265e-02
8.580140769481658936e-02
2.226850837469100952e-01
1.711102575063705444e-01
2.065411955118179321e-01
1.895933598279953003e-01
1.791224628686904907e-01
2.111087143421173096e-01
2.309326231479644775e-01
1.173305958509445190e-01
8.338151127099990845e-02
2.089544683694839478e-01
1.711116880178451538e-01
1.246733069419860840e-01
1.508340388536453247e-01
1.280633360147476196e-01
1.894803941249847412e-01
1.933692991733551025e-01
9.247511625289916992e-02
9.798817336559295654e-02
1.317315399646759033e-01
1.304692625999450684e-01
7.685960084199905396e-02
9.803916513919830322e-02
2.171670794486999512e-01
2.381743937730789185e-01
2.381743937730789185e-01
1.154327243566513062e-01
1.479151844978332520e-01
1.186912432312965393e-01
1.713777482509613037e-01
1.548878848552703857e-01
1.696373969316482544e-01
2.101794332265853882e-01
2.156246602535247803e-01
1.726873070001602173e-01
1.146260350942611694e-01
8.321294188499450684e-02
1.920377314090728760e-01
2.121889591217041016e-01
1.244343146681785583e-01
1.356101334095001221e-01
2.381743937730789185e-01
2.381743937730789185e-01
1.878857463598251343e-01
1.305956244468688965e-01
1.258882582187652588e-01
1.217489093542098999e-01
2.381743937730789185e-01
9.802985191345214844e-02
8.493895083665847778e-02
1.938111633062362671e-01
1.690327674150466919e-01
1.735909432172775269e-01
1.533054411411285400e-01
1.760210394859313965e-01
7.439447939395904541e-02
1.232698336243629456e-01
2.008581459522247314e-01
2.426774501800537109e-01
2.180729210376739502e-01
1.467256397008895874e-01
2.362214475870132446e-01
1.470424532890319824e-01
9.903036803007125854e-02
1.005129814147949219e-01
1.695510894060134888e-01
1.788332909345626831e-01
1.478821039199829102e-01
1.530820280313491821e-01
1.824279576539993286e-01
1.213671118021011353e-01
1.664756387472152710e-01
1.242717057466506958e-01
7.003808021545410156e-02
1.581301987171173096e-01
2.426774501800537109e-01
2.426774501800537109e-01
2.426774501800537109e-01
2.426774501800537109e-01
1.583983302116394043e-01
1.215194538235664368e-01
4.386939108371734619e-02
5.627295747399330139e-02
1.896979957818984985e-01
9.113930165767669678e-02
1.024062409996986389e-01
2.644929587841033936e-01
2.644929587841033936e-01
9.353677928447723389e-02
1.174895614385604858e-01
5.480036884546279907e-02
5.394702777266502380e-02
4.704772308468818665e-02
6.530341506004333496e-02
2.511093914508819580e-01
2.644929587841033936e-01
2.644929587841033936e-01
1.239026486873626709e-01
9.177822619676589966e-02
4.307209327816963196e-02
2.321822755038738251e-02
1.369053218513727188e-02
6.074748188257217407e-02
4.303826391696929932e-02
2.644929587841033936e-01
2.644929587841033936e-01
1.971165537834167480e-01
2.370514273643493652e-01
1.239795461297035217e-01
5.559468269348144531e-02
3.715602681040763855e-02
5.132140219211578369e-02
7.683296501636505127e-02
2.644929587841033936e-01
2.644929587841033936e-01
2.644929587841033936e-01
2.334158569574356079e-01
1.990373283624649048e-01
2.130472846329212189e-02
3.278271108865737915e-02
9.214183688163757324e-02
2.632244527339935303e-01
2.632244527339935303e-01
2.632244527339935303e-01
1.442151218652725220e-01
6.498992443084716797e-02
3.999939188361167908e-02
2.211069501936435699e-02
4.012726619839668274e-02
1.602545529603958130e-01
2.632244527339935303e-01
2.632244527339935303e-01
2.000582963228225708e-01
8.641906082630157471e-02
8.751116693019866943e-02
7.344762980937957764e-02
6.529883295297622681e-02
1.181378215551376343e-01
5.696725100278854370e-02
1.485624462366104126e-01
2.342447936534881592e-01
2.186815738677978516e-01
2.632244527339935303e-01
1.999485045671463013e-01
2.632244527339935303e-01
4.785019159317016602e-02
4.845820367336273193e-02
7.834345847368240356e-02
2.588424384593963623e-01
1.427861005067825317e-01
1.177994310855865479e-01
1.253130435943603516e-01
1.531783491373062134e-01
1.707408428192138672e-01
1.101801395416259766e-01
1.010753959417343140e-01
1.816784143447875977e-01
2.360804378986358643e-01
1.990135163068771362e-01
6.566332280635833740e-02
7.115364074707031250e-02
1.255742311477661133e-01
1.079930365085601807e-01
1.152972206473350525e-01
1.331306844949722290e-01
2.300481051206588745e-01
2.360804378986358643e-01
1.707239598035812378e-01
9.073170274496078491e-02
9.404681622982025146e-02
1.481663733720779419e-01
1.192178949713706970e-01
1.511084586381912231e-01
1.520193219184875488e-01
1.228734999895095825e-01
2.026640027761459351e-01
1.041648238897323608e-01
1.318165510892868042e-01
1.041534543037414551e-01
2.087644785642623901e-01
1.816266179084777832e-01
1.657996326684951782e-01
1.355644315481185913e-01
2.010409682989120483e-01
2.082246243953704834e-01
1.589193642139434814e-01
2.053154408931732178e-01
1.472168117761611938e-01
2.360804378986358643e-01
2.305584251880645752e-01
1.971831023693084717e-01
1.617651432752609253e-01
1.762648522853851318e-01
2.100943475961685181e-01
1.023440882563591003e-01
1.405984759330749512e-01
9.908901154994964600e-02
5.194883793592453003e-02
6.958314031362533569e-02
1.321154683828353882e-01
1.704194247722625732e-01
1.804864406585693359e-01
1.481270492076873779e-01
9.639535844326019287e-02
1.130512058734893799e-01
1.300396174192428589e-01
9.420415014028549194e-02
8.909699320793151855e-02
1.436589956283569336e-01
2.400308698415756226e-01
2.074021697044372559e-01
1.955733746290206909e-01
1.465386897325515747e-01
2.396314293146133423e-01
1.258076429367065430e-01
1.092876493930816650e-01
1.386076211929321289e-01
1.582740396261215210e-01
1.921846717596054077e-01
2.323018610477447510e-01
2.078050523996353149e-01
2.390523403882980347e-01
2.400308698415756226e-01
1.585811376571655273e-01
1.425445079803466797e-01
1.905732154846191406e-01
1.388883888721466064e-01
2.400308698415756226e-01
2.167365401983261108e-01
1.163828074932098389e-01
1.270265579223632812e-01
1.152475476264953613e-01
9.789925813674926758e-02
1.312249749898910522e-01
9.915096312761306763e-02
1.976325809955596924e-01
2.463875114917755127e-01
2.463875114917755127e-01
2.335146218538284302e-01
1.601992547512054443e-01
1.795586794614791870e-01
6.538152694702148438e-02
8.196704089641571045e-02
7.791396230459213257e-02
2.168015092611312866e-01
2.463875114917755127e-01
2.165675014257431030e-01
1.246074438095092773e-01
1.942857503890991211e-01
1.662314832210540771e-01
1.271300613880157471e-01
2.200727313756942749e-01
1.746374368667602539e-01
1.190558522939682007e-01
2.197940200567245483e-01
1.567365229129791260e-01
1.375769078731536865e-01
1.477987170219421387e-01
2.163782417774200439e-01
1.108033284544944763e-01
1.185081899166107178e-01
8.877136558294296265e-02
1.329612582921981812e-01
1.544743776321411133e-01
2.467644214630126953e-01
2.467644214630126953e-01
1.793930977582931519e-01
1.346209794282913208e-01
5.821112915873527527e-02
1.216644868254661560e-01
1.475720852613449097e-01
1.804509311914443970e-01
2.333400696516036987e-01
2.058064639568328857e-01
1.839868277311325073e-01
1.516708284616470337e-01
1.849154233932495117e-01
9.625327587127685547e-02
1.058493703603744507e-01
1.597241908311843872e-01
1.971265077590942383e-01
1.914116591215133667e-01
1.211959719657897949e-01
2.144399583339691162e-01
1.873183101415634155e-01
1.662706881761550903e-01
8.789874613285064697e-02
1.046583279967308044e-01
1.002558916807174683e-01
1.384304016828536987e-01
9.753780812025070190e-02
2.096579372882843018e-01
1.730170547962188721e-01
2.467644214630126953e-01
2.044906020164489746e-01
1.513597965240478516e-01
8.946287631988525391e-02
1.581567078828811646e-01
1.310659348964691162e-01
1.142898797988891602e-01
1.666102409362792969e-01
1.609166562557220459e-01
1.150786429643630981e-01
1.426863372325897217e-01
1.215614154934883118e-01
9.122184664011001587e-02
1.088131889700889587e-01
1.966128945350646973e-01
1.518474221229553223e-01
2.451901733875274658e-01
1.616119295358657837e-01
1.811297982931137085e-01
8.108647167682647705e-02
1.536592990159988403e-01
1.575941741466522217e-01
1.172770261764526367e-01
2.482544779777526855e-01
2.509540021419525146e-01
1.767339855432510376e-01
1.280946135520935059e-01
2.509540021419525146e-01
2.087747752666473389e-01
1.545624434947967529e-01
6.545035541057586670e-02
1.732619404792785645e-01
1.502121388912200928e-01
1.094612032175064087e-01
2.197441160678863525e-01
1.594160646200180054e-01
2.509540021419525146e-01
1.380195766687393188e-01
1.259239912033081055e-01
9.590525925159454346e-02
1.178072243928909302e-01
1.596878021955490112e-01
1.845166236162185669e-01
2.542473971843719482e-01
1.482160985469818115e-01
1.487378031015396118e-01
4.296673461794853210e-02
1.042759791016578674e-01
1.089572682976722717e-01
1.272560656070709229e-01
2.090230584144592285e-01
2.542473971843719482e-01
2.542473971843719482e-01
1.761718988418579102e-01
1.525149047374725342e-01
7.654282450675964355e-02
6.884043663740158081e-02
7.692211121320724487e-02
1.961666196584701538e-01
2.542473971843719482e-01
2.542473971843719482e-01
2.213203310966491699e-01
1.348640918731689453e-01
1.505061537027359009e-01
8.950549364089965820e-02
9.117735922336578369e-02
8.503251522779464722e-02
7.864043116569519043e-02
1.260198503732681274e-01
2.039635032415390015e-01
2.542473971843719482e-01
1.184214204549789429e-01
1.887867599725723267e-01
1.331664025783538818e-01
9.272633492946624756e-02
9.173505753278732300e-02
1.399732977151870728e-01
1.738825440406799316e-01
2.458965629339218140e-01
1.998494118452072144e-01
5.343195050954818726e-02
7.473608851432800293e-02
9.399380534887313843e-02
7.981418073177337646e-02
9.626156091690063477e-02
2.625215351581573486e-01
2.625215351581573486e-01
1.826334297657012939e-01
1.303343921899795532e-01
5.059050768613815308e-02
2.386797219514846802e-02
9.072107076644897461e-02
1.767088174819946289e-01
1.956433802843093872e-01
2.625215351581573486e-01
2.625215351581573486e-01
1.977170556783676147e-01
1.860105395317077637e-01
5.537682399153709412e-02
1.065760478377342224e-01
1.118734031915664673e-01
1.468501687049865723e-01
9.415325522422790527e-02
2.430122494697570801e-01
1.393596082925796509e-01
1.380155831575393677e-01
1.689078807830810547e-01
6.521297246217727661e-02
5.101777613162994385e-02
6.875653564929962158e-02
2.434225827455520630e-01
1.825472265481948853e-01
2.625215351581573486e-01
1.716161966323852539e-01
2.408391088247299194e-01
1.159200072288513184e-01
1.004142388701438904e-01
4.168697446584701538e-02
1.010926514863967896e-01
1.226874962449073792e-01
1.757635176181793213e-01
1.475188881158828735e-01
2.087925970554351807e-01
2.148191928863525391e-01
1.506843715906143188e-01
1.028070449829101562e-01
1.009492278099060059e-01
1.606075167655944824e-01
7.246254384517669678e-02
9.693175554275512695e-02
9.209644794464111328e-02
1.629055887460708618e-01
1.641271710395812988e-01
2.720704376697540283e-01
1.753190308809280396e-01
5.941531434655189514e-02
6.876526772975921631e-02
1.626917719841003418e-01
1.702966541051864624e-01
2.101074606180191040e-01
1.749921292066574097e-01
2.720704376697540283e-01
2.720704376697540283e-01
1.898072808980941772e-01
8.790772408246994019e-02
9.179738163948059082e-02
2.031451910734176636e-01
1.057209745049476624e-01
1.204966902732849121e-01
2.720704376697540283e-01
2.720704376697540283e-01
1.711818426847457886e-01
8.924505114555358887e-02
1.133935078978538513e-01
1.000775769352912903e-01
5.031014978885650635e-02
7.313094288110733032e-02
9.983899444341659546e-02
1.118805706501007080e-01
1.262947022914886475e-01
2.142677456140518188e-01
1.714190542697906494e-01
3.314421176910400391e-01
1.958447694778442383e-01
3.262580558657646179e-02
6.038054823875427246e-02
1.435199379920959473e-01
1.075161024928092957e-01
1.653559952974319458e-01
1.687383055686950684e-01
1.103863939642906189e-01
1.598724424839019775e-01
1.226180270314216614e-01
1.511665433645248413e-01
7.819160073995590210e-02
1.195788905024528503e-01
1.820298135280609131e-01
1.719315201044082642e-01
1.669998466968536377e-01
2.980849146842956543e-01
3.314421176910400391e-01
3.314421176910400391e-01
1.459434479475021362e-01
1.344182640314102173e-01
1.458863317966461182e-01
6.035785004496574402e-02
1.206669136881828308e-01
8.414864540100097656e-02
1.309759765863418579e-01
3.000983595848083496e-01
2.820601463317871094e-01
5.986582487821578979e-02
3.287329897284507751e-02
6.214218214154243469e-02
5.094461888074874878e-02
6.529857963323593140e-02
8.088393509387969971e-02
1.056953445076942444e-01
3.000983595848083496e-01
3.000983595848083496e-01
1.351914107799530029e-01
7.800948619842529297e-02
1.015520393848419189e-01
1.315710991621017456e-01
1.370029598474502563e-01
7.840693742036819458e-02
1.996347457170486450e-01
3.000983595848083496e-01
3.000983595848083496e-01
1.087193563580513000e-01
8.836602419614791870e-02
8.673752844333648682e-02
5.839954689145088196e-02
5.572834610939025879e-02
1.061974316835403442e-01
1.474139690399169922e-01
3.000983595848083496e-01
2.160872370004653931e-01
1.780748665332794189e-01
1.204425916075706482e-01
1.346264928579330444e-01
1.171479374170303345e-01
1.075236573815345764e-01
1.231064349412918091e-01
7.492264360189437866e-02
1.571296155452728271e-01
1.817810833454132080e-01
2.417331933975219727e-01
9.346240013837814331e-02
1.149904504418373108e-01
1.494862884283065796e-01
1.592475622892379761e-01
1.720472276210784912e-01
1.890534311532974243e-01
2.015795707702636719e-01
2.359764873981475830e-01
2.417331933975219727e-01
1.262497156858444214e-01
6.333074718713760376e-02
1.138992384076118469e-01
1.422099769115447998e-01
1.220802664756774902e-01
1.137770786881446838e-01
1.796498149633407593e-01
1.430749893188476562e-01
2.417331933975219727e-01
1.530210524797439575e-01
1.207624226808547974e-01
1.119307577610015869e-01
1.254344135522842407e-01
1.894754320383071899e-01
2.417331933975219727e-01
2.117260694503784180e-01
2.047267854213714600e-01
2.417331933975219727e-01
1.559532880783081055e-01
8.233295381069183350e-02
8.499553799629211426e-02
1.860504150390625000e-01
1.281412839889526367e-01
1.768493503332138062e-01
2.282599359750747681e-01
1.846401244401931763e-01
1.162619814276695251e-01
1.361163854598999023e-01
7.662176340818405151e-02
1.013548448681831360e-01
1.610235571861267090e-01
1.306565701961517334e-01
2.254866510629653931e-01
1.795716136693954468e-01
1.200692504644393921e-01
1.462427377700805664e-01
1.567926853895187378e-01
1.065214499831199646e-01
1.094352006912231445e-01
1.905565261840820312e-01
1.736224591732025146e-01
2.395604848861694336e-01
2.121898978948593140e-01
1.407675892114639282e-01
1.812953799962997437e-01
1.728902757167816162e-01
1.238055229187011719e-01
8.967716991901397705e-02
1.653142869472503662e-01
1.997630000114440918e-01
2.395604848861694336e-01
1.847776472568511963e-01
1.366735100746154785e-01
1.572273969650268555e-01
2.108674794435501099e-01
1.744128167629241943e-01
1.592414826154708862e-01
1.688288897275924683e-01
1.372335553169250488e-01
2.409870624542236328e-01
1.674275100231170654e-01
1.559600085020065308e-01
1.005938798189163208e-01
1.165215820074081421e-01
6.939654797315597534e-02
7.324764877557754517e-02
1.307184994220733643e-01
2.158120572566986084e-01
2.534545958042144775e-01
2.540602684020996094e-01
2.540602684020996094e-01
7.885756343603134155e-02
8.531276881694793701e-02
7.421420514583587646e-02
4.100411012768745422e-02
1.148588657379150391e-01
1.394642144441604614e-01
2.540602684020996094e-01
2.188111096620559692e-01
2.183862179517745972e-01
1.334391385316848755e-01
1.248980686068534851e-01
1.063853576779365540e-01
1.052555888891220093e-01
1.115234270691871643e-01
1.378366053104400635e-01
2.540602684020996094e-01
2.540602684020996094e-01
2.540602684020996094e-01
1.802621483802795410e-01
1.331265270709991455e-01
1.516583710908889771e-01
5.670786276459693909e-02
8.104324340820312500e-02
7.318954914808273315e-02
2.518669702112674713e-02
1.904389113187789917e-01
2.537884116172790527e-01
2.537884116172790527e-01
2.193113565444946289e-01
7.913523167371749878e-02
5.352616310119628906e-02
6.615496426820755005e-02
6.038812175393104553e-02
7.538747787475585938e-02
1.813834011554718018e-01
2.365278303623199463e-01
2.537884116172790527e-01
2.537884116172790527e-01
2.407271862030029297e-01
3.189811483025550842e-02
5.255208536982536316e-02
8.758217841386795044e-02
4.047519713640213013e-02
7.921275496482849121e-02
1.745636016130447388e-01
2.537884116172790527e-01
2.536189854145050049e-01
1.390019953250885010e-01
5.401987954974174500e-02
9.846331179141998291e-02
5.896501243114471436e-02
1.393301635980606079e-01
1.628808826208114624e-01
2.537884116172790527e-01
2.537884116172790527e-01
2.537884116172790527e-01
1.514412164688110352e-01
5.093209818005561829e-02
3.420598432421684265e-02
7.025453448295593262e-02
1.359217762947082520e-01
1.541844159364700317e-01
2.069037854671478271e-01
2.234938889741897583e-01
2.494443804025650024e-01
2.564393579959869385e-01
6.790629029273986816e-02
6.266102194786071777e-02
7.379631698131561279e-02
2.477764040231704712e-01
1.114168465137481689e-01
1.004051193594932556e-01
1.094639450311660767e-01
1.508700400590896606e-01
1.856424808502197266e-01
8.944369107484817505e-02
1.444869190454483032e-01
7.342834770679473877e-02
2.188580930233001709e-01
2.309732288122177124e-01
2.564393579959869385e-01
2.564393579959869385e-01
2.385263890027999878e-01
1.582633256912231445e-01
4.179307445883750916e-02
3.985290601849555969e-02
1.210853680968284607e-01
2.104923129081726074e-01
1.840354353189468384e-01
1.717164516448974609e-01
1.464874744415283203e-01
1.181314587593078613e-01
1.454693675041198730e-01
6.468732655048370361e-02
1.644199043512344360e-01
1.082207933068275452e-01
1.685071289539337158e-01
9.407726675271987915e-02
1.201081573963165283e-01
7.974033802747726440e-02
1.518830507993698120e-01
1.219170689582824707e-01
1.013056263327598572e-01
1.735344976186752319e-01
1.297056525945663452e-01
1.813714355230331421e-01
2.060511112213134766e-01
2.384679764509201050e-01
1.557699143886566162e-01
2.268480956554412842e-01
1.643391698598861694e-01
1.766741126775741577e-01
1.305521875619888306e-01
1.589342653751373291e-01
1.374871581792831421e-01
1.684732437133789062e-01
1.386697143316268921e-01
1.071890145540237427e-01
8.282512426376342773e-02
1.173077970743179321e-01
1.001608967781066895e-01
2.265756130218505859e-01
1.620605736970901489e-01
1.653426587581634521e-01
1.882423460483551025e-01
2.228297591209411621e-01
2.384679764509201050e-01
1.957383155822753906e-01
1.899664103984832764e-01
2.384679764509201050e-01
1.935305446386337280e-01
9.574412554502487183e-02
1.140874624252319336e-01
1.515852510929107666e-01
2.167330533266067505e-01
1.290535628795623779e-01
8.736883848905563354e-02
1.662242263555526733e-01
1.039727851748466492e-01
1.039490029215812683e-01
1.575215011835098267e-01
1.139046549797058105e-01
1.948628127574920654e-01
2.004594951868057251e-01
1.547177582979202271e-01
1.117843613028526306e-01
2.386128753423690796e-01
1.619992256164550781e-01
2.386128753423690796e-01
7.199034094810485840e-02
9.894374758005142212e-02
1.259511560201644897e-01
1.915222555398941040e-01
2.087123990058898926e-01
1.270332932472229004e-01
2.386128753423690796e-01
2.051726430654525757e-01
9.775981307029724121e-02
1.041165068745613098e-01
9.290754795074462891e-02
1.825163662433624268e-01
1.857067942619323730e-01
2.204048335552215576e-01
1.693083196878433228e-01
2.386128753423690796e-01
2.077059894800186157e-01
1.976300626993179321e-01
1.644588112831115723e-01
9.419106692075729370e-02
1.781473457813262939e-01
2.018936276435852051e-01
1.999614536762237549e-01
1.951331347227096558e-01
1.734856665134429932e-01
1.293817013502120972e-01
2.117956876754760742e-01
1.108544170856475830e-01
9.140820056200027466e-02
1.484575867652893066e-01
2.519931197166442871e-01
2.139231860637664795e-01
9.888553619384765625e-02
5.867481976747512817e-02
3.787262365221977234e-02
7.813515514135360718e-02
8.684998750686645508e-02
6.956807523965835571e-02
1.599832773208618164e-01
2.519931197166442871e-01
2.519931197166442871e-01
2.319523990154266357e-01
1.868731528520584106e-01
1.722259968519210815e-01
1.607387512922286987e-01
8.828067034482955933e-02
5.526217818260192871e-02
1.549191921949386597e-01
2.519931197166442871e-01
2.519931197166442871e-01
2.144922167062759399e-01
7.272647321224212646e-02
1.180065870285034180e-01
1.016421169042587280e-01
1.341118961572647095e-01
1.637960672378540039e-01
2.118284255266189575e-01
1.758823841810226440e-01
1.457741558551788330e-01
5.091015249490737915e-02
4.295359924435615540e-02
8.423539996147155762e-02
9.919686615467071533e-02
1.834191977977752686e-01
1.646256893873214722e-01
2.642114460468292236e-01
2.233790755271911621e-01
2.642114460468292236e-01
9.401968121528625488e-02
1.182319521903991699e-01
1.052235737442970276e-01
1.283879429101943970e-01
1.299126446247100830e-01
7.851299643516540527e-02
1.568458974361419678e-01
1.641906797885894775e-01
1.706177443265914917e-01
1.706110388040542603e-01
8.594489842653274536e-02
1.138183102011680603e-01
1.246784105896949768e-01
2.045097947120666504e-01
1.351293474435806274e-01
2.463441193103790283e-01
2.598722577095031738e-01
2.642114460468292236e-01
2.389099448919296265e-01
1.122231334447860718e-01
8.499603718519210815e-02
1.725454330444335938e-01
1.227153763175010681e-01
9.939901530742645264e-02
2.675148248672485352e-01
2.671987414360046387e-01
2.675148248672485352e-01
8.073461800813674927e-02
1.615937948226928711e-01
8.530413359403610229e-02
7.997543364763259888e-02
1.085767522454261780e-01
9.421184659004211426e-02
2.096937596797943115e-01
1.654219329357147217e-01
1.247004270553588867e-01
7.480230927467346191e-02
1.156842634081840515e-01
9.947320818901062012e-02
1.041789054870605469e-01
1.879997104406356812e-01
1.285821795463562012e-01
2.478242069482803345e-01
2.675148248672485352e-01
2.675148248672485352e-01
2.523212432861328125e-01
1.182884424924850464e-01
5.900057777762413025e-02
1.229876577854156494e-01
1.347034424543380737e-01
1.069904416799545288e-01
1.429782658815383911e-01
2.021074593067169189e-01
2.106839716434478760e-01
1.832471340894699097e-01
1.127358153462409973e-01
1.158659085631370544e-01
1.288867890834808350e-01
1.533813476562500000e-01
1.397359371185302734e-01
2.060807645320892334e-01
1.415660679340362549e-01
1.022221073508262634e-01
1.155277714133262634e-01
9.625180065631866455e-02
1.114504784345626831e-01
1.405863910913467407e-01
2.408784478902816772e-01
1.098040044307708740e-01
1.317994296550750732e-01
2.004120349884033203e-01
1.908951103687286377e-01
1.618058979511260986e-01
1.006768718361854553e-01
1.507382541894912720e-01
1.843909621238708496e-01
1.331511437892913818e-01
1.461632102727890015e-01
1.288516968488693237e-01
1.232764348387718201e-01
2.000474482774734497e-01
1.533494740724563599e-01
1.279403865337371826e-01
1.391673833131790161e-01
1.461185663938522339e-01
2.268980443477630615e-01
1.631343215703964233e-01
1.344088017940521240e-01
2.845625877380371094e-01
2.845625877380371094e-01
2.185439020395278931e-01
8.142597973346710205e-02
1.532931327819824219e-01
2.042902261018753052e-01
1.206996366381645203e-01
6.594776362180709839e-02
4.701991751790046692e-02
1.359665989875793457e-01
2.442593425512313843e-01
1.106900051236152649e-01
1.454283446073532104e-01
1.099979355931282043e-01
1.160067170858383179e-01
2.221083194017410278e-01
1.205718591809272766e-01
6.790792196989059448e-02
1.112402901053428650e-01
2.603614330291748047e-01
1.065741404891014099e-01
2.293647676706314087e-01
1.371148973703384399e-01
2.603614330291748047e-01
1.358179003000259399e-01
1.065145954489707947e-01
1.569939702749252319e-01
2.495417892932891846e-01
2.603614330291748047e-01
1.239164024591445923e-01
6.406349688768386841e-02
1.065563708543777466e-01
1.314870119094848633e-01
2.089302837848663330e-01
1.484436243772506714e-01
1.991362273693084717e-01
2.383802831172943115e-01
2.603614330291748047e-01
8.650127053260803223e-02
1.443047970533370972e-01
1.389271765947341919e-01
1.726247072219848633e-01
2.611179351806640625e-01
1.443036049604415894e-01
7.470617443323135376e-02
7.922679930925369263e-02
1.826477497816085815e-01
9.387176483869552612e-02
1.391836106777191162e-01
1.235589981079101562e-01
2.611179351806640625e-01
2.548874616622924805e-01
1.516741216182708740e-01
7.884895801544189453e-02
8.842948079109191895e-02
2.118956148624420166e-01
1.484902948141098022e-01
1.092930212616920471e-01
1.879653483629226685e-01
2.611179351806640625e-01
1.549794375896453857e-01
1.157484054565429688e-01
1.138817071914672852e-01
1.233668923377990723e-01
2.188304215669631958e-01
1.030990183353424072e-01
1.206854134798049927e-01
1.485709547996520996e-01
1.397844851016998291e-01
1.323836743831634521e-01
2.363104224205017090e-01
1.464849263429641724e-01
1.922078877687454224e-01
2.160860449075698853e-01
1.664700508117675781e-01
1.277355551719665527e-01
1.671479046344757080e-01
1.907534003257751465e-01
1.289655864238739014e-01
1.577846854925155640e-01
2.273978441953659058e-01
8.364205062389373779e-02
7.453060895204544067e-02
4.657596349716186523e-02
4.025842249393463135e-02
7.825329154729843140e-02
1.485576331615447998e-01
1.046385988593101501e-01
2.636035680770874023e-01
2.938851118087768555e-01
2.938851118087768555e-01
6.698916852474212646e-02
6.606039404869079590e-02
6.626255065202713013e-02
3.905807062983512878e-02
9.766775369644165039e-02
1.274732202291488647e-01
2.938851118087768555e-01
2.938851118087768555e-01
2.026500403881072998e-01
1.185398623347282410e-01
6.086341291666030884e-02
6.857352703809738159e-02
6.135785952210426331e-02
1.732089519500732422e-01
1.165453940629959106e-01
2.938851118087768555e-01
2.938851118087768555e-01
2.292759120464324951e-01
6.172634288668632507e-02
5.092589557170867920e-02
1.440344899892807007e-01
7.340982556343078613e-02
1.552684307098388672e-01
7.816272228956222534e-02
1.765929758548736572e-01
2.538311183452606201e-01
2.538311183452606201e-01
1.312215626239776611e-01
8.822036534547805786e-02
1.176462471485137939e-01
6.898804008960723877e-02
1.012313216924667358e-01
1.266559958457946777e-01
1.794343590736389160e-01
2.470982819795608521e-01
2.180805206298828125e-01
2.159008681774139404e-01
1.296091526746749878e-01
1.544800400733947754e-01
1.222467124462127686e-01
1.009421870112419128e-01
8.662661164999008179e-02
1.431949734687805176e-01
2.538311183452606201e-01
2.219739854335784912e-01
1.119657009840011597e-01
6.332649290561676025e-02
1.660877019166946411e-01
1.030838638544082642e-01
1.265638470649719238e-01
1.188013032078742981e-01
1.926508396863937378e-01
1.763639152050018311e-01
2.538311183452606201e-01
2.089949101209640503e-01
1.673757582902908325e-01
1.809354424476623535e-01
1.748879849910736084e-01
1.180106997489929199e-01
1.322093158960342407e-01
1.499335616827011108e-01
1.587794870138168335e-01
1.396566331386566162e-01
2.090735435485839844e-01
1.354221552610397339e-01
1.196181997656822205e-01
1.189652681350708008e-01
1.218895390629768372e-01
1.079703271389007568e-01
1.393203288316726685e-01
1.409375518560409546e-01
1.443243771791458130e-01
2.375729084014892578e-01
1.350465118885040283e-01
1.070880219340324402e-01
1.399960517883300781e-01
1.995078772306442261e-01
1.285375207662582397e-01
1.915770322084426880e-01
1.139647290110588074e-01
1.991996467113494873e-01
1.664516478776931763e-01
1.934126615524291992e-01
2.329169064760208130e-01
2.305980771780014038e-01
1.149775758385658264e-01
1.402859389781951904e-01
1.759136021137237549e-01
1.098840460181236267e-01
1.943739950656890869e-01
1.654092818498611450e-01
1.748749613761901855e-01
2.375729084014892578e-01
2.375729084014892578e-01
1.652752608060836792e-01
1.034684106707572937e-01
1.749588996171951294e-01
1.842795014381408691e-01
1.003535613417625427e-01
1.411406844854354858e-01
1.190373227000236511e-01
1.072553694248199463e-01
1.197423636913299561e-01
1.691668480634689331e-01
2.125055640935897827e-01
2.416500598192214966e-01
2.399984151124954224e-01
1.598767489194869995e-01
9.705539792776107788e-02
1.542845964431762695e-01
1.071820259094238281e-01
1.375525593757629395e-01
2.146978974342346191e-01
9.080962091684341431e-02
1.694557517766952515e-01
1.682335138320922852e-01
1.297597587108612061e-01
1.009690985083580017e-01
1.302619725465774536e-01
1.694781333208084106e-01
2.294901758432388306e-01
1.271916478872299194e-01
1.590231209993362427e-01
2.416500598192214966e-01
2.416500598192214966e-01
2.416500598192214966e-01
1.136383786797523499e-01
1.544594019651412964e-01
1.250426918268203735e-01
2.132797688245773315e-01
1.484905928373336792e-01
1.728002727031707764e-01
1.835100352764129639e-01
1.607647985219955444e-01
2.046310305595397949e-01
1.470324248075485229e-01
1.051538065075874329e-01
6.725620478391647339e-02
8.488517254590988159e-02
1.254197806119918823e-01
1.168039366602897644e-01
2.072578966617584229e-01
2.499018013477325439e-01
1.832351684570312500e-01
2.378754168748855591e-01
1.082760021090507507e-01
8.176007121801376343e-02
6.178178638219833374e-02
1.332950145006179810e-01
1.457629203796386719e-01
2.345595061779022217e-01
1.998894512653350830e-01
2.264703065156936646e-01
1.690334975719451904e-01
1.051231697201728821e-01
4.143439978361129761e-02
9.396968036890029907e-02
1.062536016106605530e-01
1.421331316232681274e-01
2.499018013477325439e-01
2.499018013477325439e-01
2.499018013477325439e-01
2.499018013477325439e-01
1.138620898127555847e-01
4.605222865939140320e-02
7.423188537359237671e-02
1.932331174612045288e-01
2.672755420207977295e-01
2.418081164360046387e-01
5.942480266094207764e-02
4.712091386318206787e-02
1.265991032123565674e-01
1.685722619295120239e-01
1.657127588987350464e-01
7.605446130037307739e-02
2.031074911355972290e-01
1.460086405277252197e-01
1.132583543658256531e-01
8.695708960294723511e-02
1.042434126138687134e-01
2.376747578382492065e-01
2.672755420207977295e-01
2.517485022544860840e-01
2.259339243173599243e-01
9.815522283315658569e-02
2.672755420207977295e-01
2.672755420207977295e-01
5.197038874030113220e-02
2.392916567623615265e-02
2.818487025797367096e-02
4.317086562514305115e-02
6.349868327379226685e-02
6.663751602172851562e-02
2.293152660131454468e-01
1.978693753480911255e-01
8.520258218050003052e-02
4.956953972578048706e-02
2.873389050364494324e-02
7.858953624963760376e-02
9.489253163337707520e-02
2.672755420207977295e-01
2.672755420207977295e-01
1.433904021978378296e-01
5.274153128266334534e-02
9.888522326946258545e-02
9.094794094562530518e-02
1.457713991403579712e-01
2.411436289548873901e-01
2.577130198478698730e-01
2.079163342714309692e-01
2.099708616733551025e-01
6.343942135572433472e-02
9.631487727165222168e-02
1.289658844470977783e-01
1.154772788286209106e-01
1.061273962259292603e-01
2.038034349679946899e-01
1.195040941238403320e-01
1.489965915679931641e-01
1.215437874197959900e-01
9.618415683507919312e-02
4.944305494427680969e-02
5.257494747638702393e-02
4.073179885745048523e-02
4.667907580733299255e-02
1.599953770637512207e-01
1.379434913396835327e-01
2.901501059532165527e-01
2.901501059532165527e-01
1.469341069459915161e-01
1.166782379150390625e-01
1.453495770692825317e-01
8.885949850082397461e-02
5.707621946930885315e-02
2.443132847547531128e-01
1.914774924516677856e-01
2.901501059532165527e-01
2.901501059532165527e-01
1.797374486923217773e-01
1.095902025699615479e-01
1.145112067461013794e-01
1.500352621078491211e-01
1.277327686548233032e-01
1.742407530546188354e-01
7.924829423427581787e-02
1.474145352840423584e-01
1.490506827831268311e-01
1.463860422372817993e-01
1.597315818071365356e-01
1.317796260118484497e-01
1.751949340105056763e-01
1.567448079586029053e-01
2.056768387556076050e-01
2.023295462131500244e-01
2.019273340702056885e-01
2.382257282733917236e-01
2.108213901519775391e-01
1.126742437481880188e-01
1.524131596088409424e-01
7.821697741746902466e-02
7.075183093547821045e-02
1.881023049354553223e-01
1.424507200717926025e-01
2.375405132770538330e-01
1.738572269678115845e-01
1.930100172758102417e-01
1.418780982494354248e-01
1.456483453512191772e-01
1.296817809343338013e-01
1.146697774529457092e-01
1.472438126802444458e-01
2.009087949991226196e-01
2.109952718019485474e-01
2.169018685817718506e-01
2.382257282733917236e-01
1.328490823507308960e-01
9.379688650369644165e-02
9.997623413801193237e-02
9.986297041177749634e-02
1.630742698907852173e-01
2.454088479280471802e-01
2.454088479280471802e-01
2.454088479280471802e-01
1.724662482738494873e-01
1.191798150539398193e-01
1.030681580305099487e-01
8.818369358777999878e-02
8.546159416437149048e-02
1.660769283771514893e-01
2.291021794080734253e-01
2.454088479280471802e-01
2.008157968521118164e-01
2.406909465789794922e-01
1.772929131984710693e-01
1.144102066755294800e-01
8.406540751457214355e-02
5.465099588036537170e-02
7.771202921867370605e-02
2.348539680242538452e-01
1.833018809556961060e-01
1.654763221740722656e-01
1.845003664493560791e-01
1.838599145412445068e-01
1.243873611092567444e-01
4.326045513153076172e-02
6.846700608730316162e-02
1.155439317226409912e-01
1.847596317529678345e-01
1.780208349227905273e-01
1.721170693635940552e-01
2.454088479280471802e-01
8.220316469669342041e-02
7.851292937994003296e-02
8.389630168676376343e-02
1.525394618511199951e-01
1.911083161830902100e-01
2.191407680511474609e-01
1.521508991718292236e-01
1.192897856235504150e-01
2.276584655046463013e-01
9.889189153909683228e-02
8.328292518854141235e-02
1.138171926140785217e-01
1.765114068984985352e-01
2.243113219738006592e-01
2.426643371582031250e-01
8.115405589342117310e-02
1.888445466756820679e-01
1.971273273229598999e-01
2.026146203279495239e-01
1.395777314901351929e-01
6.074329465627670288e-02
1.229844167828559875e-01
1.141732931137084961e-01
1.398857682943344116e-01
1.005558148026466370e-01
1.733587533235549927e-01
2.689231038093566895e-01
2.689231038093566895e-01
1.274368166923522949e-01
8.743940293788909912e-02
1.218358129262924194e-01
1.441442817449569702e-01
1.522585004568099976e-01
7.147805392742156982e-02
2.689231038093566895e-01
2.689231038093566895e-01
1.212495043873786926e-01
7.580111175775527954e-02
1.219828873872756958e-01
1.086548715829849243e-01
1.499082595109939575e-01
2.031368911266326904e-01
9.307610243558883667e-02
1.573038697242736816e-01
1.440610587596893311e-01
1.777814030647277832e-01
1.058205366134643555e-01
1.745783239603042603e-01
1.924733221530914307e-01
2.617446780204772949e-01
2.179246246814727783e-01
1.444839686155319214e-01
1.089028194546699524e-01
1.260484308004379272e-01
1.931826770305633545e-01
8.312223851680755615e-02
1.089308485388755798e-01
9.587582200765609741e-02
1.296179443597793579e-01
1.426161229610443115e-01
1.058491542935371399e-01
2.617446780204772949e-01
2.617446780204772949e-01
1.607455760240554810e-01
1.267215162515640259e-01
1.481821686029434204e-01
1.842334866523742676e-01
2.617446780204772949e-01
1.392612755298614502e-01
1.345804035663604736e-01
2.193444967269897461e-01
2.341436743736267090e-01
1.465816199779510498e-01
1.049841195344924927e-01
1.486786454916000366e-01
2.480846941471099854e-01
2.510937154293060303e-01
2.418145984411239624e-01
1.690561324357986450e-01
6.933953613042831421e-02
8.106051385402679443e-02
1.013064906001091003e-01
9.349085390567779541e-02
1.184690371155738831e-01
1.880535930395126343e-01
1.824239641427993774e-01
1.950265318155288696e-01
1.292822062969207764e-01
1.459320932626724243e-01
1.100516840815544128e-01
1.770692765712738037e-01
1.768868863582611084e-01
1.038767993450164795e-01
2.096716761589050293e-01
2.510937154293060303e-01
1.357689797878265381e-01
1.418626457452774048e-01
1.004695594310760498e-01
1.241461783647537231e-01
2.484156191349029541e-01
2.122906744480133057e-01
1.498089581727981567e-01
1.783914864063262939e-01
1.562999486923217773e-01
1.224870905280113220e-01
1.042512431740760803e-01
1.797774285078048706e-01
2.045480459928512573e-01
1.062975525856018066e-01
8.179347962141036987e-02
8.046160638332366943e-02
8.233823627233505249e-02
1.656707227230072021e-01
1.338424682617187500e-01
1.010197699069976807e-01
1.285947114229202271e-01
1.169083341956138611e-01
1.709148138761520386e-01
1.564919054508209229e-01
2.168471366167068481e-01
2.453222572803497314e-01
2.604634165763854980e-01
1.229743808507919312e-01
6.304017454385757446e-02
7.724172621965408325e-02
1.256279647350311279e-01
2.176298052072525024e-01
1.587388366460800171e-01
1.319681107997894287e-01
1.569344252347946167e-01
1.521385908126831055e-01
1.505737602710723877e-01
1.014619544148445129e-01
1.686507314443588257e-01
1.679468750953674316e-01
2.257214635610580444e-01
2.560756504535675049e-01
2.542787790298461914e-01
2.604634165763854980e-01
2.604634165763854980e-01
1.284184306859970093e-01
1.275681853294372559e-01
1.465943604707717896e-01
1.109211146831512451e-01
1.682242006063461304e-01
1.590961217880249023e-01
2.563625872135162354e-01
2.563625872135162354e-01
2.407748252153396606e-01
8.390666544437408447e-02
2.220688201487064362e-02
6.541561335325241089e-02
1.062746495008468628e-01
2.144653499126434326e-01
1.450117677450180054e-01
2.484046816825866699e-01
2.324595302343368530e-01
2.083457857370376587e-01
8.316210657358169556e-02
6.515427678823471069e-02
1.081709787249565125e-01
1.279109716415405273e-01
1.784743666648864746e-01
2.263638377189636230e-01
2.245646566152572632e-01
2.389922887086868286e-01
1.717127710580825806e-01
5.187572911381721497e-02
7.329901307821273804e-02
1.388799101114273071e-01
1.043443456292152405e-01
1.525062918663024902e-01
1.591742783784866333e-01
1.482611745595932007e-01
2.116706669330596924e-01
1.983622461557388306e-01
1.213040128350257874e-01
7.973344624042510986e-02
1.151691526174545288e-01
1.359332501888275146e-01
1.344397962093353271e-01
1.095527783036231995e-01
1.265865862369537354e-01
1.067123860120773315e-01
1.257674992084503174e-01
6.355980038642883301e-02
7.556930929422378540e-02
1.418045461177825928e-01
1.196643039584159851e-01
7.899902760982513428e-02
2.177138924598693848e-01
2.404140233993530273e-01
2.454670071601867676e-01
2.163235247135162354e-01
1.068266183137893677e-01
1.240826249122619629e-01
1.221945732831954956e-01
9.522940963506698608e-02
1.318721324205398560e-01
9.972160309553146362e-02
1.082648038864135742e-01
1.453202515840530396e-01
2.147839963436126709e-01
1.488246172666549683e-01
1.052862852811813354e-01
1.494776755571365356e-01
1.698397248983383179e-01
2.557626664638519287e-01
1.819180995225906372e-01
2.671601176261901855e-01
2.671601176261901855e-01
2.671601176261901855e-01
1.839479357004165649e-01
1.859690994024276733e-01
1.369896829128265381e-01
1.414214372634887695e-01
6.770475208759307861e-02
1.881358027458190918e-01
2.280273735523223877e-01
2.397612184286117554e-01
1.653502583503723145e-01
9.030757099390029907e-02
8.789415657520294189e-02
5.336982756853103638e-02
1.024016067385673523e-01
9.424615651369094849e-02
1.969692111015319824e-01
2.397612184286117554e-01
2.307693511247634888e-01
1.169648170471191406e-01
5.288143828511238098e-02
1.468640565872192383e-01
9.207161515951156616e-02
1.392900049686431885e-01
1.839618235826492310e-01
1.070728152990341187e-01
2.397612184286117554e-01
2.397612184286117554e-01
1.942030191421508789e-01
1.962055712938308716e-01
1.416521668434143066e-01
5.440846830606460571e-02
1.029000654816627502e-01
1.441968828439712524e-01
1.159484013915061951e-01
1.875244081020355225e-01
1.761251538991928101e-01
1.846070587635040283e-01
1.539272665977478027e-01
2.397612184286117554e-01
1.758817881345748901e-01
2.247760146856307983e-01
6.822101026773452759e-02
1.468403637409210205e-01
1.366863697767257690e-01
1.452310681343078613e-01
1.139244288206100464e-01
5.900083854794502258e-02
1.989017575979232788e-01
1.426870971918106079e-01
1.075943410396575928e-01
1.230719238519668579e-01
1.664247065782546997e-01
1.587864160537719727e-01
1.775303781032562256e-01
1.485482156276702881e-01
1.853366792201995850e-01
1.993058770895004272e-01
1.831229627132415771e-01
1.480937451124191284e-01
1.405641138553619385e-01
1.482625156641006470e-01
1.493161469697952271e-01
1.478028446435928345e-01
1.384947896003723145e-01
6.659846007823944092e-02
2.283698022365570068e-01
2.023103386163711548e-01
2.387669533491134644e-01
2.352337092161178589e-01
2.351495772600173950e-01
2.070668041706085205e-01
1.443716734647750854e-01
1.307463347911834717e-01
1.415544152259826660e-01
1.771938800811767578e-01
1.816776394844055176e-01
2.387669533491134644e-01
1.096121892333030701e-01
1.245595514774322510e-01
9.779407083988189697e-02
1.353139430284500122e-01
1.186981573700904846e-01
2.123774290084838867e-01
2.394066900014877319e-01
1.997256129980087280e-01
8.374300599098205566e-02
1.200762018561363220e-01
1.600279361009597778e-01
8.830631524324417114e-02
1.677033901214599609e-01
1.353555470705032349e-01
1.979094594717025757e-01
2.407695353031158447e-01
2.407695353031158447e-01
8.508353680372238159e-02
1.850098520517349243e-01
1.556283533573150635e-01
1.672579050064086914e-01
1.213729009032249451e-01
1.037568002939224243e-01
2.138768434524536133e-01
2.080569714307785034e-01
1.457741558551788330e-01
8.949549496173858643e-02
1.144028529524803162e-01
1.360827684402465820e-01
2.141670435667037964e-01
1.800630986690521240e-01
1.994041651487350464e-01
2.407695353031158447e-01
2.407695353031158447e-01
1.502826809883117676e-01
6.135829165577888489e-02
1.341224461793899536e-01
2.134436517953872681e-01
1.344783455133438110e-01
1.432353258132934570e-01
1.379034221172332764e-01
1.442997306585311890e-01
1.476961374282836914e-01
1.640628725290298462e-01
8.900720626115798950e-02
1.538127362728118896e-01
2.382298558950424194e-01
1.720963418483734131e-01
2.178997248411178589e-01
1.535615026950836182e-01
1.388129442930221558e-01
9.075350314378738403e-02
1.484148055315017700e-01
1.115676835179328918e-01
1.199883669614791870e-01
2.004718333482742310e-01
2.357210665941238403e-01
1.770504117012023926e-01
2.382298558950424194e-01
2.382298558950424194e-01
1.168133318424224854e-01
7.398942857980728149e-02
6.756696850061416626e-02
1.155428811907768250e-01
2.382298558950424194e-01
2.382298558950424194e-01
1.798459589481353760e-01
2.382298558950424194e-01
2.107555866241455078e-01
5.373845249414443970e-02
7.538070529699325562e-02
9.097286313772201538e-02
1.130563020706176758e-01
2.401300817728042603e-01
2.136624604463577271e-01
2.069869935512542725e-01
1.355035006999969482e-01
8.453258126974105835e-02
3.785261884331703186e-02
7.619965076446533203e-02
9.061156958341598511e-02
1.698927730321884155e-01
2.570143640041351318e-01
2.570143640041351318e-01
2.570143640041351318e-01
1.998967081308364868e-01
9.794116765260696411e-02
3.974858298897743225e-02
1.477165967226028442e-01
1.549391746520996094e-01
1.158824265003204346e-01
2.007916867733001709e-01
2.113618552684783936e-01
1.764203906059265137e-01
1.499408185482025146e-01
1.150563731789588928e-01
4.617651179432868958e-02
9.617622941732406616e-02
8.062889426946640015e-02
1.962083578109741211e-01
2.269431948661804199e-01
1.895885765552520752e-01
2.342890501022338867e-01
1.388854235410690308e-01
8.126204460859298706e-02
7.611186057329177856e-02
2.346447855234146118e-01
1.510560959577560425e-01
3.029713332653045654e-01
2.023244351148605347e-01
7.896249741315841675e-02
4.773105680942535400e-02
8.909728378057479858e-02
1.276046782732009888e-01
4.036595672369003296e-02
1.003985553979873657e-01
1.793678700923919678e-01
3.029713332653045654e-01
1.071290895342826843e-01
7.997877150774002075e-02
8.607562631368637085e-02
1.207554712891578674e-01
9.437745064496994019e-02
3.024481534957885742e-01
3.029713332653045654e-01
2.124179750680923462e-01
2.682822346687316895e-01
1.918768584728240967e-01
1.664617657661437988e-01
5.876282602548599243e-02
1.253397613763809204e-01
1.078058257699012756e-01
3.785658627748489380e-02
9.361734986305236816e-02
1.243059635162353516e-01
3.029713332653045654e-01
1.214195266366004944e-01
1.171288341283798218e-01
1.118763089179992676e-01
1.205008327960968018e-01
1.129960343241691589e-01
8.077888935804367065e-02
1.110900193452835083e-01
2.163733989000320435e-01
8.691594004631042480e-02
6.241993233561515808e-02
5.214003473520278931e-02
4.223257303237915039e-02
7.314243912696838379e-02
6.022161617875099182e-02
2.910044491291046143e-01
2.910044491291046143e-01
1.574240922927856445e-01
2.359906882047653198e-01
1.357767581939697266e-01
1.241583153605461121e-01
3.356381133198738098e-02
1.244849413633346558e-01
2.006629258394241333e-01
2.910044491291046143e-01
2.910044491291046143e-01
2.816183865070343018e-01
1.107707470655441284e-01
4.872670397162437439e-02
3.766314685344696045e-02
5.794539302587509155e-02
6.000790745019912720e-02
6.597761809825897217e-02
1.014382094144821167e-01
7.264130562543869019e-02
1.412435621023178101e-01
2.910044491291046143e-01
8.480289578437805176e-02
7.176767289638519287e-02
2.716858312487602234e-02
6.734661012887954712e-02
1.481840312480926514e-01
2.910044491291046143e-01
1.624513119459152222e-01
2.910044491291046143e-01
2.521121203899383545e-01
1.209288313984870911e-01
6.206325814127922058e-02
2.535421214997768402e-02
8.891881257295608521e-02
1.354064643383026123e-01
2.825774848461151123e-01
1.626495718955993652e-01
2.825774848461151123e-01
1.895461231470108032e-01
1.232711672782897949e-01
5.604293569922447205e-02
5.222534388303756714e-02
8.862102031707763672e-02
7.988327741622924805e-02
1.300137639045715332e-01
2.292813509702682495e-01
2.825774848461151123e-01
2.825774848461151123e-01
8.105093240737915039e-02
4.307814314961433411e-02
1.008803024888038635e-02
6.453420966863632202e-02
8.572998642921447754e-02
1.645812392234802246e-01
1.305220276117324829e-01
2.825774848461151123e-01
2.825774848461151123e-01
9.563285112380981445e-02
3.055938705801963806e-02
2.750670723617076874e-02
5.992056801915168762e-02
2.875411510467529297e-02
5.369348451495170593e-02
2.825774848461151123e-01
2.825774848461151123e-01
1.980951428413391113e-01
1.577274054288864136e-01
5.462928116321563721e-02
3.317208588123321533e-02
6.474453210830688477e-02
7.980205118656158447e-02
8.760108053684234619e-02
1.561778783798217773e-01
2.494144141674041748e-01
2.595586776733398438e-01
1.230995655059814453e-01
5.810900405049324036e-02
8.685858547687530518e-02
1.016572788357734680e-01
1.142600774765014648e-01
1.138749644160270691e-01
1.446589380502700806e-01
2.258940041065216064e-01
3.005054593086242676e-01
1.456879824399948120e-01
3.649102896451950073e-02
3.093341179192066193e-02
5.438972637057304382e-02
3.326021134853363037e-02
3.948301076889038086e-02
2.262253761291503906e-01
3.005054593086242676e-01
3.005054593086242676e-01
1.633117347955703735e-01
7.247627526521682739e-02
1.423730403184890747e-01
9.541328996419906616e-02
1.643029004335403442e-01
2.509989142417907715e-01
1.714088320732116699e-01
3.005054593086242676e-01
1.908145397901535034e-01
1.270122528076171875e-01
9.043280035257339478e-02
1.024206802248954773e-01
7.714293152093887329e-02
1.012446731328964233e-01
9.540078043937683105e-02
1.173608824610710144e-01
1.890402287244796753e-01
2.585237324237823486e-01
1.699422746896743774e-01
9.851037710905075073e-02
6.889502704143524170e-02
6.926704198122024536e-02
1.002757102251052856e-01
7.193931937217712402e-02
1.404109299182891846e-01
2.468221634626388550e-01
2.585237324237823486e-01
2.335129231214523315e-01
1.800791323184967041e-01
1.857061237096786499e-01
9.030111879110336304e-02
1.667135059833526611e-01
2.585237324237823486e-01
1.625923216342926025e-01
2.154115140438079834e-01
2.585237324237823486e-01
2.585237324237823486e-01
1.757397502660751343e-01
8.386547118425369263e-02
7.379323989152908325e-02
7.248930633068084717e-02
1.032161340117454529e-01
1.299582123756408691e-01
2.585237324237823486e-01
2.807643711566925049e-01
9.522571414709091187e-02
6.176099181175231934e-02
6.242074072360992432e-02
6.314020603895187378e-02
8.038345724344253540e-02
7.482945173978805542e-02
2.232172787189483643e-01
2.807643711566925049e-01
2.807643711566925049e-01
1.979994624853134155e-01
5.444759503006935120e-02
8.059061318635940552e-02
1.087067574262619019e-01
5.206612497568130493e-02
7.433202117681503296e-02
2.078426331281661987e-01
2.807643711566925049e-01
2.807643711566925049e-01
2.049844712018966675e-01
7.271680235862731934e-02
5.368487909436225891e-02
4.260940104722976685e-02
3.816234320402145386e-02
3.498326614499092102e-02
1.048249155282974243e-01
2.807643711566925049e-01
2.807643711566925049e-01
2.807643711566925049e-01
5.693098157644271851e-02
4.362122714519500732e-02
3.485303372144699097e-02
3.815495967864990234e-02
5.019346252083778381e-02
1.310080885887145996e-01
2.807643711566925049e-01
2.771536111831665039e-01
2.743220329284667969e-01
5.637246370315551758e-02
9.158533066511154175e-02
1.080255135893821716e-01
4.380253329873085022e-02
4.334941133856773376e-02
7.735186815261840820e-02
1.986963450908660889e-01
2.771536111831665039e-01
2.771536111831665039e-01
7.511957734823226929e-02
9.093712270259857178e-02
6.584212929010391235e-02
5.058302730321884155e-02
4.986828193068504333e-02
1.726178973913192749e-01
2.746354937553405762e-01
2.771536111831665039e-01
2.771536111831665039e-01
4.086835682392120361e-02
3.032474592328071594e-02
5.114179849624633789e-02
4.391273111104965210e-02
3.273222967982292175e-02
6.855373084545135498e-02
2.711216211318969727e-01
2.771536111831665039e-01
2.204430401325225830e-01
3.245792537927627563e-02
4.723388701677322388e-02
6.770864129066467285e-02
3.926090523600578308e-02
5.989041551947593689e-02
1.877856105566024780e-01
2.771536111831665039e-01
2.304002940654754639e-01
1.423548012971878052e-01
4.300953075289726257e-02
1.043098941445350647e-01
6.079367548227310181e-02
7.773395627737045288e-02
1.098269298672676086e-01
2.544678151607513428e-01
2.101123332977294922e-01
1.073914393782615662e-01
1.032926514744758606e-01
5.369027331471443176e-02
1.759731024503707886e-01
1.456155180931091309e-01
1.127719357609748840e-01
1.588663607835769653e-01
2.414907962083816528e-01
1.690818965435028076e-01
2.192255109548568726e-01
9.376442432403564453e-02
4.170342534780502319e-02
8.545399457216262817e-02
8.602479100227355957e-02
9.231750667095184326e-02
1.631299555301666260e-01
2.830719649791717529e-01
2.830719649791717529e-01
1.598874032497406006e-01
9.765712916851043701e-02
9.277954697608947754e-02
1.523745059967041016e-01
1.343082040548324585e-01
1.381482332944869995e-01
2.127805501222610474e-01
2.830719649791717529e-01
2.830719649791717529e-01
1.115548461675643921e-01
1.040932908654212952e-01
5.323312059044837952e-02
1.021449565887451172e-01
1.144721284508705139e-01
7.498200982809066772e-02
1.405203193426132202e-01
2.406195998191833496e-01
1.532769948244094849e-01
1.019187495112419128e-01
6.473960727453231812e-02
6.040157750248908997e-02
1.153309941291809082e-01
1.319764852523803711e-01
1.032998710870742798e-01
1.431278884410858154e-01
1.866628527641296387e-01
1.559720039367675781e-01
2.068805545568466187e-01
7.392954826354980469e-02
6.237252429127693176e-02
7.518683373928070068e-02
9.163305908441543579e-02
8.983860909938812256e-02
2.351999282836914062e-01
2.977869212627410889e-01
2.977869212627410889e-01
1.634788066148757935e-01
1.040623635053634644e-01
7.712782174348831177e-02
1.942543238401412964e-01
2.176885008811950684e-01
1.228574290871620178e-01
2.823554873466491699e-01
2.977869212627410889e-01
2.868269979953765869e-01
9.373693913221359253e-02
7.856113463640213013e-02
6.239369511604309082e-02
1.120373010635375977e-01
1.384633332490921021e-01
1.061639562249183655e-01
9.770078957080841064e-02
1.032121703028678894e-01
1.105374991893768311e-01
2.476842701435089111e-01
2.100926041603088379e-01
2.408778667449951172e-01
2.476842701435089111e-01
2.256821841001510620e-01
1.378153413534164429e-01
8.317363262176513672e-02
9.451183676719665527e-02
1.854750514030456543e-01
1.138750538229942322e-01
2.042877376079559326e-01
1.220844388008117676e-01
2.395416051149368286e-01
1.823591738939285278e-01
9.430474042892456055e-02
1.318945735692977905e-01
1.416652351617813110e-01
1.355863958597183228e-01
2.476842701435089111e-01
2.476842701435089111e-01
1.847548782825469971e-01
2.299967855215072632e-01
1.875324249267578125e-01
1.213874369859695435e-01
1.194279566407203674e-01
1.385792493820190430e-01
2.003670483827590942e-01
2.354217320680618286e-01
1.265633553266525269e-01
1.697418242692947388e-01
1.991150081157684326e-01
1.682142913341522217e-01
1.775964796543121338e-01
9.588059782981872559e-02
7.196944206953048706e-02
2.058487385511398315e-01
1.495216041803359985e-01
8.000199496746063232e-02
9.098828583955764771e-02
1.306239962577819824e-01
1.209761425852775574e-01
1.718697398900985718e-01
2.329271584749221802e-01
2.178111076354980469e-01
2.354217320680618286e-01
2.354217320680618286e-01
2.133068591356277466e-01
1.415183693170547485e-01
1.186795458197593689e-01
1.368217319250106812e-01
9.696249663829803467e-02
9.788681566715240479e-02
9.329251199960708618e-02
1.991580277681350708e-01
1.833555549383163452e-01
1.631119102239608765e-01
1.125307306647300720e-01
1.472864598035812378e-01
1.579498499631881714e-01
1.511374562978744507e-01
1.911490559577941895e-01
1.741566061973571777e-01
2.354217320680618286e-01
1.415394246578216553e-01
7.043091952800750732e-02
1.212463080883026123e-01
1.255217045545578003e-01
1.014974489808082581e-01
9.801758080720901489e-02
2.229788750410079956e-01
2.266972362995147705e-01
2.437657117843627930e-01
2.004544138908386230e-01
1.289651542901992798e-01
1.531232595443725586e-01
1.164128929376602173e-01
1.146713867783546448e-01
7.850299775600433350e-02
1.634776294231414795e-01
1.621599942445755005e-01
2.416707724332809448e-01
1.435957849025726318e-01
1.110504120588302612e-01
6.796062737703323364e-02
1.232757866382598877e-01
1.022712737321853638e-01
1.884239017963409424e-01
2.260561883449554443e-01
2.405413836240768433e-01
2.437657117843627930e-01
1.809972673654556274e-01
1.012057289481163025e-01
1.350679546594619751e-01
1.625934988260269165e-01
1.278823316097259521e-01
1.794249713420867920e-01
1.825057119131088257e-01
2.182806581258773804e-01
2.298317700624465942e-01
1.501174420118331909e-01
1.441590934991836548e-01
1.772843003273010254e-01
1.192627996206283569e-01
9.219472110271453857e-02
1.294740885496139526e-01
1.953558176755905151e-01
1.630495637655258179e-01
1.020894199609756470e-01
8.196207880973815918e-02
1.714087873697280884e-01
2.429333776235580444e-01
1.567592322826385498e-01
1.593944132328033447e-01
2.429333776235580444e-01
1.772114187479019165e-01
1.224931180477142334e-01
8.132953196763992310e-02
2.047397494316101074e-01
1.250026524066925049e-01
1.617392152547836304e-01
1.307135075330734253e-01
1.549299955368041992e-01
1.529727429151535034e-01
1.654603034257888794e-01
2.081743031740188599e-01
1.399001032114028931e-01
1.667592823505401611e-01
2.192557752132415771e-01
2.429333776235580444e-01
1.792296320199966431e-01
1.885802894830703735e-01
1.933059096336364746e-01
1.507566720247268677e-01
1.789486706256866455e-01
1.336081475019454956e-01
5.411037802696228027e-02
1.358093917369842529e-01
2.435547560453414917e-01
1.708453595638275146e-01
2.169727236032485962e-01
2.209629118442535400e-01
7.188336551189422607e-02
9.261617809534072876e-02
7.997015118598937988e-02
7.738041132688522339e-02
1.615246087312698364e-01
2.490317076444625854e-01
2.424347251653671265e-01
2.052134722471237183e-01
2.028824388980865479e-01
6.773063540458679199e-02
1.128032207489013672e-01
8.107937127351760864e-02
8.079949766397476196e-02
1.373087763786315918e-01
2.184006422758102417e-01
2.248703539371490479e-01
1.851781606674194336e-01
2.243049144744873047e-01
6.196608766913414001e-02
1.055031120777130127e-01
1.197080388665199280e-01
1.275556087493896484e-01
1.375276148319244385e-01
2.490317076444625854e-01
2.490317076444625854e-01
1.488193571567535400e-01
2.045950293540954590e-01
8.300811797380447388e-02
1.381438225507736206e-01
1.575142443180084229e-01
1.237127557396888733e-01
1.860092729330062866e-01
2.518178224563598633e-01
2.478035837411880493e-01
1.202764064073562622e-01
1.096093505620956421e-01
7.329815626144409180e-02
7.661219686269760132e-02
8.611880242824554443e-02
1.418497413396835327e-01
1.617052257061004639e-01
1.900133043527603149e-01
1.899592578411102295e-01
1.663206964731216431e-01
8.135963231325149536e-02
1.250550150871276855e-01
1.009558588266372681e-01
1.328274160623550415e-01
1.667977422475814819e-01
1.685272902250289917e-01
2.518178224563598633e-01
2.518178224563598633e-01
1.232257112860679626e-01
1.039853990077972412e-01
9.744895249605178833e-02
1.283763200044631958e-01
1.828930377960205078e-01
1.615618467330932617e-01
1.709764897823333740e-01
2.397246956825256348e-01
2.436116188764572144e-01
2.386877089738845825e-01
9.854315221309661865e-02
1.521586477756500244e-01
1.418789178133010864e-01
1.755563318729400635e-01
1.123341545462608337e-01
8.884349465370178223e-02
6.801963597536087036e-02
3.964885324239730835e-02
8.729260414838790894e-02
4.536970332264900208e-02
6.623273342847824097e-02
5.532064661383628845e-02
1.319402903318405151e-01
1.315701305866241455e-01
4.146897792816162109e-02
5.735978484153747559e-02
6.209488213062286377e-02
7.020185142755508423e-02
4.144384711980819702e-02
4.703889414668083191e-02
3.657637909054756165e-02
1.209312379360198975e-01
4.355519413948059082e-01
7.110343128442764282e-02
6.867082417011260986e-02
5.824792385101318359e-02
1.402263194322586060e-01
6.989796459674835205e-02
1.236284971237182617e-01
9.548217803239822388e-02
4.355519413948059082e-01
4.355519413948059082e-01
9.276703000068664551e-02
9.455403685569763184e-02
9.344574064016342163e-02
1.582914292812347412e-01
5.420815572142601013e-02
7.807917147874832153e-02
4.584873467683792114e-02
4.355519413948059082e-01
1.363115310668945312e-01
4.608131572604179382e-02
5.554174259305000305e-02
6.507012248039245605e-02
5.413029342889785767e-02
3.882910311222076416e-02
3.521625697612762451e-02
1.640870794653892517e-02
1.706375926733016968e-01
2.259040474891662598e-01
7.302933186292648315e-02
4.421400278806686401e-02
3.692592307925224304e-02
6.929380446672439575e-02
8.540559560060501099e-02
6.037908047437667847e-02
5.016442015767097473e-02
2.292891740798950195e-01
4.174547791481018066e-01
1.247488781809806824e-01
1.023669242858886719e-01
1.004162430763244629e-01
9.920752048492431641e-02
4.603486880660057068e-02
7.034734636545181274e-02
5.341405048966407776e-02
4.174547791481018066e-01
4.174547791481018066e-01
9.059774130582809448e-02
5.759126320481300354e-02
6.351365149021148682e-02
8.295687288045883179e-02
1.177384778857231140e-01
8.699882775545120239e-02
7.343705743551254272e-02
4.174547791481018066e-01
2.155323028564453125e-01
6.560771912336349487e-02
3.629612177610397339e-02
3.813225030899047852e-02
8.082036674022674561e-02
8.317054063081741333e-02
4.916444793343544006e-02
5.369351431727409363e-02
1.821256130933761597e-01
3.069545626640319824e-01
9.133569151163101196e-02
2.901604957878589630e-02
4.260284826159477234e-02
8.552794903516769409e-02
6.251624226570129395e-02
5.343782529234886169e-02
9.204215556383132935e-02
3.150141239166259766e-01
3.810597062110900879e-01
6.345664709806442261e-02
3.767826780676841736e-02
7.621067017316818237e-02
6.570274382829666138e-02
1.020779758691787720e-01
6.054251641035079956e-02
5.502763390541076660e-02
3.810597062110900879e-01
3.810597062110900879e-01
1.388011425733566284e-01
2.974388748407363892e-02
5.877196788787841797e-02
8.726946264505386353e-02
6.590799987316131592e-02
8.202318102121353149e-02
8.908595144748687744e-02
3.810597062110900879e-01
2.548361420631408691e-01
7.412742078304290771e-02
2.992814220488071442e-02
2.865626104176044464e-02
5.965603515505790710e-02
3.246427327394485474e-02
4.336852207779884338e-02
8.032841235399246216e-02
2.500366866588592529e-01
3.320955038070678711e-01
1.018347069621086121e-01
3.612389788031578064e-02
8.321629464626312256e-02
1.139790415763854980e-01
1.344708055257797241e-01
1.950450241565704346e-01
1.707824021577835083e-01
2.738648056983947754e-01
3.320955038070678711e-01
1.188520789146423340e-01
3.212801739573478699e-02
1.926556043326854706e-02
5.698456615209579468e-02
2.345261164009571075e-02
7.122727483510971069e-02
8.688764274120330811e-02
3.320955038070678711e-01
3.320955038070678711e-01
1.227281764149665833e-01
3.848300501704216003e-02
2.800934202969074249e-02
8.151522278785705566e-02
7.444884628057479858e-02
1.298382729291915894e-01
1.655889898538589478e-01
3.320955038070678711e-01
2.154131233692169189e-01
1.370569765567779541e-01
6.253613531589508057e-02
1.155095770955085754e-01
1.275826990604400635e-01
1.632630079984664917e-01
2.713409066200256348e-01
2.049219310283660889e-01
1.803177744150161743e-01
2.271926552057266235e-01
1.224718913435935974e-01
7.379734516143798828e-02
8.398771286010742188e-02
1.145701780915260315e-01
7.993336021900177002e-02
1.009330302476882935e-01
1.313833445310592651e-01
2.013091892004013062e-01
2.864794135093688965e-01
1.348435729742050171e-01
4.369897022843360901e-02
4.015251249074935913e-02
1.043771803379058838e-01
1.259568184614181519e-01
1.445751637220382690e-01
2.344934493303298950e-01
2.864794135093688965e-01
2.864794135093688965e-01
9.117812663316726685e-02
4.583987221121788025e-02
8.115384727716445923e-02
1.363365650177001953e-01
9.805514663457870483e-02
7.349898666143417358e-02
2.319149523973464966e-01
2.864794135093688965e-01
2.960586845874786377e-01
1.212287172675132751e-01
6.310246139764785767e-02
1.051863059401512146e-01
6.661882251501083374e-02
3.233145549893379211e-02
2.420679666101932526e-02
7.970445603132247925e-02
2.867040336132049561e-01
2.621423602104187012e-01
1.403662115335464478e-01
6.354118138551712036e-02
7.899898290634155273e-02
4.113114997744560242e-02
5.322086811065673828e-02
4.635869339108467102e-02
7.457563281059265137e-02
2.171958982944488525e-01
2.960586845874786377e-01
6.419087201356887817e-02
4.674733057618141174e-02
1.354351490736007690e-01
1.364353597164154053e-01
6.517020612955093384e-02
8.431131392717361450e-02
1.936185359954833984e-01
2.960586845874786377e-01
2.960586845874786377e-01
6.163018941879272461e-02
7.134728878736495972e-02
1.732875704765319824e-01
1.910623461008071899e-01
1.125650256872177124e-01
1.908083260059356689e-01
2.443518489599227905e-01
2.960586845874786377e-01
2.695804536342620850e-01
9.580866247415542603e-02
3.390982374548912048e-02
2.712722495198249817e-02
7.073828577995300293e-02
6.347925961017608643e-02
2.715730294585227966e-02
4.880968481302261353e-02
1.942895799875259399e-01
2.994227111339569092e-01
8.067905902862548828e-02
3.432894870638847351e-02
4.423018917441368103e-02
1.004020869731903076e-01
4.320266842842102051e-02
2.798917889595031738e-02
7.599795609712600708e-02
2.582173943519592285e-01
2.994227111339569092e-01
9.698141366243362427e-02
8.610965311527252197e-02
1.028360947966575623e-01
1.648411303758621216e-01
1.418811231851577759e-01
1.410002410411834717e-01
1.018983796238899231e-01
2.686106860637664795e-01
2.994227111339569092e-01
2.994227111339569092e-01
1.986966431140899658e-01
1.570528149604797363e-01
2.141366451978683472e-01
9.651055932044982910e-02
1.415362954139709473e-01
6.172363460063934326e-02
2.994227111339569092e-01
2.787665128707885742e-01
4.598662629723548889e-02
3.697814047336578369e-02
5.437846854329109192e-02
7.124273478984832764e-02
4.107797518372535706e-02
3.118249960243701935e-02
1.015457585453987122e-01
2.135509401559829712e-01
3.281604945659637451e-01
8.318746089935302734e-02
7.601796835660934448e-02
7.176917046308517456e-02
7.963667809963226318e-02
4.673273861408233643e-02
5.587447062134742737e-02
2.984474301338195801e-01
3.281604945659637451e-01
3.281604945659637451e-01
1.301178336143493652e-01
8.769299834966659546e-02
1.059940159320831299e-01
1.425833255052566528e-01
4.111312702298164368e-02
3.182058036327362061e-02
4.112779721617698669e-02
3.281604945659637451e-01
3.281604945659637451e-01
7.032337784767150879e-02
3.074286878108978271e-02
4.691332206130027771e-02
8.678817003965377808e-02
4.591786861419677734e-02
2.813854254782199860e-02
7.150039821863174438e-02
3.281604945659637451e-01
2.645076811313629150e-01
5.749433115124702454e-02
8.163164556026458740e-02
3.790315985679626465e-02
5.091555789113044739e-02
2.773515321314334869e-02
9.988193213939666748e-02
2.823027670383453369e-01
2.680054008960723877e-01
1.439840942621231079e-01
8.125661313533782959e-02
1.697057336568832397e-01
1.385260373353958130e-01
1.924606561660766602e-01
8.280436694622039795e-02
1.732736080884933472e-01
2.082569748163223267e-01
1.890519112348556519e-01
2.823027670383453369e-01
9.319807589054107666e-02
1.297735124826431274e-01
3.970171511173248291e-02
5.482948943972587585e-02
3.004568442702293396e-02
4.665920883417129517e-02
6.944527477025985718e-02
2.823027670383453369e-01
2.823027670383453369e-01
1.853594183921813965e-01
2.823027670383453369e-01
1.195342615246772766e-01
1.231063529849052429e-01
4.532694071531295776e-02
9.723036736249923706e-02
1.039044111967086792e-01
2.823027670383453369e-01
1.150165721774101257e-01
1.307964175939559937e-01
1.371683329343795776e-01
2.047988921403884888e-01
1.919762343168258667e-01
8.156142383813858032e-02
1.318324506282806396e-01
1.282318979501724243e-01
1.247743815183639526e-01
2.354088425636291504e-01
1.778362244367599487e-01
1.414878219366073608e-01
1.231569126248359680e-01
1.129940524697303772e-01
8.537246286869049072e-02
1.342194080352783203e-01
1.376411467790603638e-01
1.379117220640182495e-01
2.767602801322937012e-01
1.605775952339172363e-01
2.073732465505599976e-01
1.650993973016738892e-01
1.165039017796516418e-01
3.524785488843917847e-02
1.177511066198348999e-01
1.797723025083541870e-01
2.767602801322937012e-01
2.767602801322937012e-01
1.383834183216094971e-01
1.203861534595489502e-01
1.032373085618019104e-01
1.012322455644607544e-01
5.353011563420295715e-02
1.324189752340316772e-01
2.767602801322937012e-01
2.767602801322937012e-01
2.210970968008041382e-01
1.327025890350341797e-01
1.226597502827644348e-01
6.982729583978652954e-02
9.540746361017227173e-02
5.823637172579765320e-02
9.629006683826446533e-02
8.893407136201858521e-02
1.410925537347793579e-01
1.675603538751602173e-01
1.264880597591400146e-01
1.118253991007804871e-01
1.075205653905868530e-01
1.526075899600982666e-01
1.242656186223030090e-01
1.356371045112609863e-01
9.236837178468704224e-02
1.855449527502059937e-01
2.877862453460693359e-01
1.169244870543479919e-01
9.295557439327239990e-02
5.176137760281562805e-02
8.139894902706146240e-02
5.321004614233970642e-02
1.226125881075859070e-01
2.877862453460693359e-01
2.877862453460693359e-01
2.877862453460693359e-01
2.877862453460693359e-01
1.780268549919128418e-01
1.120460107922554016e-01
8.502485603094100952e-02
5.341035127639770508e-02
1.493589133024215698e-01
2.642962634563446045e-01
2.877862453460693359e-01
1.065070629119873047e-01
1.273819655179977417e-01
5.556950718164443970e-02
7.440885156393051147e-02
7.898093760013580322e-02
1.455643922090530396e-01
1.193388104438781738e-01
1.324858367443084717e-01
1.737437248229980469e-01
9.014026820659637451e-02
1.765219420194625854e-01
1.002335846424102783e-01
1.000299006700515747e-01
9.986059367656707764e-02
1.385343521833419800e-01
1.567118912935256958e-01
1.608305126428604126e-01
1.430576890707015991e-01
2.983721494674682617e-01
2.983721494674682617e-01
1.328340172767639160e-01
7.732024043798446655e-02
6.033889204263687134e-02
5.803997814655303955e-02
9.596265107393264771e-02
1.920870989561080933e-01
2.983721494674682617e-01
2.983721494674682617e-01
2.983721494674682617e-01
9.031810611486434937e-02
4.219325259327888489e-02
6.885249167680740356e-02
8.085374534130096436e-02
1.652213335037231445e-01
2.293792814016342163e-01
2.983721494674682617e-01
1.599285453557968140e-01
1.434417515993118286e-01
8.695986121892929077e-02
7.594893872737884521e-02
1.252856850624084473e-01
7.243972271680831909e-02
9.307418763637542725e-02
9.821309894323348999e-02
1.200715675950050354e-01
1.928195655345916748e-01
1.891323626041412354e-01
1.298104971647262573e-01
1.035924851894378662e-01
1.452912688255310059e-01
9.385972470045089722e-02
8.673635870218276978e-02
1.020857542753219604e-01
1.559404432773590088e-01
3.211351037025451660e-01
3.211351037025451660e-01
7.436977326869964600e-02
5.902744457125663757e-02
8.520831912755966187e-02
3.529554232954978943e-02
1.027073338627815247e-01
1.139073967933654785e-01
3.211351037025451660e-01
3.211351037025451660e-01
3.211351037025451660e-01
1.093765571713447571e-01
8.225378394126892090e-02
1.132284477353096008e-01
3.705596923828125000e-02
6.470707803964614868e-02
1.183355376124382019e-01
3.211351037025451660e-01
1.145986244082450867e-01
1.863453984260559082e-01
1.315892189741134644e-01
1.184812262654304504e-01
1.316657960414886475e-01
1.320832222700119019e-01
4.340324550867080688e-02
8.200693130493164062e-02
1.072975769639015198e-01
1.754904836416244507e-01
1.827344447374343872e-01
1.289290189743041992e-01
1.474907100200653076e-01
8.961095660924911499e-02
1.137925982475280762e-01
3.474675491452217102e-02
9.432720392942428589e-02
1.534623950719833374e-01
2.881403267383575439e-01
2.881403267383575439e-01
1.432100832462310791e-01
8.797906339168548584e-02
1.393466740846633911e-01
7.053377479314804077e-02
3.678201138973236084e-02
1.870293766260147095e-01
2.881403267383575439e-01
2.881403267383575439e-01
2.881403267383575439e-01
1.624402850866317749e-01
1.082752719521522522e-01
1.382711231708526611e-01
1.178989559412002563e-01
5.755692347884178162e-02
2.103341668844223022e-01
2.881403267383575439e-01
2.088993936777114868e-01
1.582201272249221802e-01
1.222043409943580627e-01
1.362805217504501343e-01
7.119583338499069214e-02
6.181552261114120483e-02
4.128838703036308289e-02
1.046840474009513855e-01
1.972621083259582520e-01
2.150409668684005737e-01
1.576970070600509644e-01
1.209174469113349915e-01
1.348192989826202393e-01
1.474754214286804199e-01
7.675930112600326538e-02
6.048158556222915649e-02
1.131135448813438416e-01
2.120927274227142334e-01
2.953800559043884277e-01
2.167709469795227051e-01
1.586144119501113892e-01
7.794592529535293579e-02
7.562794536352157593e-02
5.640301108360290527e-02
8.955509960651397705e-02
1.718867570161819458e-01
2.953800559043884277e-01
2.953800559043884277e-01
2.953800559043884277e-01
1.896295547485351562e-01
6.118967011570930481e-02
5.858987197279930115e-02
6.954628974199295044e-02
8.275078982114791870e-02
1.601906120777130127e-01
2.953800559043884277e-01
