1.048480793833732605e-01
1.650765836238861084e-01
2.567667961120605469e-01
2.567667961120605469e-01
2.567667961120605469e-01
1.241351440548896790e-01
1.008103340864181519e-01
4.401692748069763184e-02
8.074415475130081177e-02
9.450949728488922119e-02
1.070823296904563904e-01
1.859700083732604980e-01
1.484840065240859985e-01
2.432637214660644531e-01
1.071339324116706848e-01
8.246526867151260376e-02
9.359087795019149780e-02
1.073704063892364502e-01
2.567667961120605469e-01
2.482674419879913330e-01
2.567667961120605469e-01
2.567667961120605469e-01
2.567667961120605469e-01
1.263244748115539551e-01
7.049448788166046143e-02
1.304457336664199829e-01
2.567667961120605469e-01
8.909724652767181396e-02
1.072660461068153381e-01
1.084266304969787598e-01
1.214086711406707764e-01
1.759982854127883911e-01
1.329720467329025269e-01
1.002963930368423462e-01
1.024341508746147156e-01
9.068366140127182007e-02
2.287214100360870361e-01
1.154596731066703796e-01
1.541152149438858032e-01
8.910454064607620239e-02
2.565743625164031982e-01
9.791027009487152100e-02
9.617845714092254639e-02
8.757296949625015259e-02
2.041752934455871582e-01
2.565743625164031982e-01
2.565743625164031982e-01
2.558700740337371826e-01
8.651623129844665527e-02
1.815123558044433594e-01
3.946866840124130249e-02
5.376519635319709778e-02
6.901960074901580811e-02
2.438034713268280029e-01
2.487435936927795410e-01
1.656488180160522461e-01
1.109693050384521484e-01
7.344293594360351562e-02
1.423369050025939941e-01
1.483889967203140259e-01
1.578610390424728394e-01
1.394463777542114258e-01
1.708883643150329590e-01
2.565743625164031982e-01
2.565743625164031982e-01
1.622845232486724854e-01
5.685883387923240662e-02
1.128690168261528015e-01
5.502215772867202759e-02
6.511078774929046631e-02
8.624929934740066528e-02
2.198151797056198120e-01
2.629219591617584229e-01
2.629219591617584229e-01
1.726531088352203369e-01
6.054151803255081177e-02
8.221644163131713867e-02
3.423116356134414673e-02
6.174825131893157959e-02
1.365985572338104248e-01
2.629219591617584229e-01
2.629219591617584229e-01
2.109772115945816040e-01
1.527130007743835449e-01
6.458604335784912109e-02
5.562619119882583618e-02
5.112359672784805298e-02
1.193200871348381042e-01
1.861698776483535767e-01
2.629219591617584229e-01
2.629219591617584229e-01
2.629219591617584229e-01
9.286171197891235352e-02
2.903580293059349060e-02
4.069200530648231506e-02
3.497665002942085266e-02
3.348682448267936707e-02
1.110414937138557434e-01
2.629219591617584229e-01
2.382174283266067505e-01
1.804724335670471191e-01
9.713337570428848267e-02
6.324915587902069092e-02
5.455302819609642029e-02
9.884168952703475952e-02
9.602244198322296143e-02
1.849819272756576538e-01
2.629219591617584229e-01
2.604045867919921875e-01
1.335259675979614258e-01
1.341201215982437134e-01
7.255814224481582642e-02
4.303760826587677002e-02
4.415258020162582397e-02
9.181446582078933716e-02
1.245808228850364685e-01
2.604045867919921875e-01
2.604045867919921875e-01
2.384549975395202637e-01
1.061141118407249451e-01
7.282512634992599487e-02
7.970218360424041748e-02
3.808143362402915955e-02
3.552455082535743713e-02
9.431461989879608154e-02
2.604045867919921875e-01
2.452542334794998169e-01
1.349170953035354614e-01
1.087581142783164978e-01
6.796317547559738159e-02
7.698607444763183594e-02
9.980146586894989014e-02
1.071054488420486450e-01
2.031638920307159424e-01
2.604045867919921875e-01
2.604045867919921875e-01
2.242915481328964233e-01
1.260471343994140625e-01
1.262898594141006470e-01
2.260065078735351562e-01
1.299545317888259888e-01
6.740415096282958984e-02
2.107546329498291016e-01
2.604045867919921875e-01
2.625055015087127686e-01
1.143247336149215698e-01
6.499873101711273193e-02
5.422393977642059326e-02
7.080233097076416016e-02
3.422897681593894958e-02
7.712461799383163452e-02
1.333827972412109375e-01
1.894974857568740845e-01
2.625055015087127686e-01
1.523349732160568237e-01
3.503121435642242432e-02
5.827534571290016174e-02
6.386663019657135010e-02
3.428183123469352722e-02
9.266965836286544800e-02
2.150626927614212036e-01
2.625055015087127686e-01
2.625055015087127686e-01
1.499821990728378296e-01
1.466283053159713745e-01
1.332563161849975586e-01
1.678335368633270264e-01
9.410552680492401123e-02
9.408621490001678467e-02
1.539461761713027954e-01
2.487352341413497925e-01
2.625055015087127686e-01
2.625055015087127686e-01
1.797129064798355103e-01
1.095818653702735901e-01
1.092114225029945374e-01
7.155102491378784180e-02
1.687536090612411499e-01
2.408225238323211670e-01
2.625055015087127686e-01
2.432157248258590698e-01
1.319597065448760986e-01
5.775395408272743225e-02
6.643143296241760254e-02
4.427267983555793762e-02
4.006240889430046082e-02
9.200204163789749146e-02
1.493452638387680054e-01
2.432157248258590698e-01
2.432157248258590698e-01
1.428692936897277832e-01
1.152077689766883850e-01
8.922938257455825806e-02
8.341681957244873047e-02
9.041240066289901733e-02
1.621145457029342651e-01
2.325141280889511108e-01
2.432157248258590698e-01
2.432157248258590698e-01
2.424551993608474731e-01
1.721947789192199707e-01
7.423461228609085083e-02
5.377931892871856689e-02
7.468347251415252686e-02
1.356862783432006836e-01
1.726254224777221680e-01
2.432157248258590698e-01
2.432157248258590698e-01
1.807064265012741089e-01
2.344145625829696655e-01
1.200246065855026245e-01
7.164800912141799927e-02
6.266541779041290283e-02
8.369766920804977417e-02
2.429334968328475952e-01
2.432157248258590698e-01
2.001945376396179199e-01
8.194553852081298828e-02
1.010272502899169922e-01
9.304510802030563354e-02
9.937041997909545898e-02
5.287742614746093750e-02
1.078099831938743591e-01
1.958519369363784790e-01
1.845547705888748169e-01
2.519086599349975586e-01
1.064950227737426758e-01
9.111043065786361694e-02
1.003862842917442322e-01
1.007153540849685669e-01
5.899597331881523132e-02
1.424999982118606567e-01
2.728424966335296631e-01
2.728424966335296631e-01
2.728424966335296631e-01
1.459137946367263794e-01
1.754913032054901123e-01
1.306137889623641968e-01
6.563259661197662354e-02
2.820109948515892029e-02
4.336039721965789795e-02
1.752259284257888794e-01
2.643349468708038330e-01
2.728424966335296631e-01
2.664258778095245361e-01
1.452407389879226685e-01
1.465282738208770752e-01
6.826567649841308594e-02
4.317853227257728577e-02
6.064039096236228943e-02
1.874125152826309204e-01
2.728424966335296631e-01
1.773939877748489380e-01
8.023303747177124023e-02
6.194750219583511353e-02
6.804370880126953125e-02
4.818965122103691101e-02
5.606175214052200317e-02
1.449266225099563599e-01
1.998009681701660156e-01
2.756412327289581299e-01
1.756410151720046997e-01
5.295581370592117310e-02
1.083890497684478760e-01
7.891861349344253540e-02
4.317144677042961121e-02
1.187329590320587158e-01
1.708240807056427002e-01
2.756412327289581299e-01
2.756412327289581299e-01
2.756412327289581299e-01
1.586226522922515869e-01
6.479826569557189941e-02
5.212109163403511047e-02
2.395792491734027863e-02
2.639081701636314392e-02
4.874910786747932434e-02
1.894884854555130005e-01
2.756412327289581299e-01
2.756412327289581299e-01
6.849975883960723877e-02
1.592219620943069458e-01
8.149530738592147827e-02
7.168378680944442749e-02
1.440578699111938477e-01
2.137277722358703613e-01
2.756412327289581299e-01
2.756412327289581299e-01
1.674189716577529907e-01
5.277589336037635803e-02
1.439270675182342529e-01
7.629425078630447388e-02
3.411032259464263916e-02
1.708496063947677612e-01
1.352623105049133301e-01
2.187110632658004761e-01
2.187110632658004761e-01
1.907889097929000854e-01
1.298059374094009399e-01
1.882088333368301392e-01
1.242738366127014160e-01
8.253653347492218018e-02
1.371761262416839600e-01
8.276943117380142212e-02
1.349348276853561401e-01
1.815728694200515747e-01
1.561390906572341919e-01
8.409933745861053467e-02
2.155396789312362671e-01
1.409629136323928833e-01
1.200798228383064270e-01
2.055578380823135376e-01
2.187110632658004761e-01
2.187110632658004761e-01
2.187110632658004761e-01
2.187110632658004761e-01
1.739152669906616211e-01
2.187110632658004761e-01
1.602473706007003784e-01
7.357724756002426147e-02
1.125138774514198303e-01
2.123184353113174438e-01
2.187110632658004761e-01
2.187110632658004761e-01
1.632441282272338867e-01
1.483136713504791260e-01
1.636690199375152588e-01
1.157696545124053955e-01
1.400689631700515747e-01
1.120560094714164734e-01
8.759555965662002563e-02
1.346748471260070801e-01
2.017936706542968750e-01
1.630149185657501221e-01
1.451003700494766235e-01
1.249239891767501831e-01
1.160700544714927673e-01
2.057527750730514526e-01
1.708862334489822388e-01
1.346232295036315918e-01
1.959362924098968506e-01
2.057527750730514526e-01
2.029263675212860107e-01
2.057527750730514526e-01
2.057527750730514526e-01
1.257796585559844971e-01
8.866781741380691528e-02
1.083640158176422119e-01
1.539462506771087646e-01
2.057527750730514526e-01
2.057527750730514526e-01
1.516853868961334229e-01
1.779426783323287964e-01
2.057527750730514526e-01
1.582261174917221069e-01
1.666640043258666992e-01
2.057527750730514526e-01
1.936371922492980957e-01
1.850946247577667236e-01
1.725129634141921997e-01
1.299354881048202515e-01
1.209494099020957947e-01
9.063151478767395020e-02
1.428453475236892700e-01
1.958685666322708130e-01
1.341349780559539795e-01
1.295527815818786621e-01
1.638004928827285767e-01
1.451460272073745728e-01
1.490655094385147095e-01
1.967019736766815186e-01
1.194984167814254761e-01
1.846095174551010132e-01
2.132357209920883179e-01
1.160854473710060120e-01
1.684570908546447754e-01
2.132357209920883179e-01
1.277723908424377441e-01
1.290313303470611572e-01
1.196602284908294678e-01
1.762899309396743774e-01
1.286917775869369507e-01
1.652408689260482788e-01
2.022136896848678589e-01
2.130694240331649780e-01
1.325033158063888550e-01
1.811819672584533691e-01
1.840356588363647461e-01
1.884898543357849121e-01
2.132357209920883179e-01
2.068053334951400757e-01
2.010751068592071533e-01
1.933909952640533447e-01
1.696529537439346313e-01
1.192331090569496155e-01
1.930234134197235107e-01
1.408483535051345825e-01
1.756365001201629639e-01
9.239538758993148804e-02
9.146609157323837280e-02
1.846777647733688354e-01
1.126596182584762573e-01
1.595858484506607056e-01
1.889041662216186523e-01
1.486090570688247681e-01
1.397374868392944336e-01
2.140898704528808594e-01
1.889241039752960205e-01
1.960438042879104614e-01
1.953686028718948364e-01
1.731031835079193115e-01
1.606691479682922363e-01
1.803918480873107910e-01
1.694926172494888306e-01
1.626813858747482300e-01
1.861226558685302734e-01
2.166357785463333130e-01
1.566441357135772705e-01
1.278694421052932739e-01
1.092815026640892029e-01
1.393867284059524536e-01
1.147664412856101990e-01
1.207976639270782471e-01
1.546039879322052002e-01
2.166357785463333130e-01
2.166357785463333130e-01
1.361940801143646240e-01
2.166357785463333130e-01
1.362457126379013062e-01
1.906080245971679688e-01
1.775189638137817383e-01
1.667169779539108276e-01
1.202716082334518433e-01
1.975751668214797974e-01
1.453617960214614868e-01
1.879874020814895630e-01
1.648963689804077148e-01
1.398724913597106934e-01
1.360727101564407349e-01
1.258469074964523315e-01
1.003442034125328064e-01
9.993977099657058716e-02
1.550704687833786011e-01
1.065887063741683960e-01
1.093884930014610291e-01
1.805641055107116699e-01
1.440407782793045044e-01
1.908155083656311035e-01
1.516685932874679565e-01
1.827116459608078003e-01
1.239797472953796387e-01
1.586157083511352539e-01
2.056347429752349854e-01
1.354530602693557739e-01
2.109368145465850830e-01
2.102208286523818970e-01
2.109368145465850830e-01
1.535382270812988281e-01
1.748269647359848022e-01
1.910472065210342407e-01
1.305557042360305786e-01
2.109368145465850830e-01
1.466764360666275024e-01
1.559882462024688721e-01
1.654781848192214966e-01
2.109368145465850830e-01
2.109368145465850830e-01
2.109368145465850830e-01
1.534615904092788696e-01
1.377129107713699341e-01
1.771299093961715698e-01
1.519388705492019653e-01
1.599456518888473511e-01
9.110043197870254517e-02
9.734475612640380859e-02
1.167524233460426331e-01
1.769642829895019531e-01
2.155630886554718018e-01
1.575991958379745483e-01
2.155630886554718018e-01
2.155630886554718018e-01
1.722628921270370483e-01
1.400464773178100586e-01
1.350170522928237915e-01
1.638165861368179321e-01
1.302781701087951660e-01
1.958421170711517334e-01
1.413324773311614990e-01
1.910341382026672363e-01
1.884990632534027100e-01
1.523425281047821045e-01
6.997200101613998413e-02
1.076736524701118469e-01
1.939090788364410400e-01
1.700769066810607910e-01
2.155630886554718018e-01
1.397808641195297241e-01
1.861149966716766357e-01
2.155630886554718018e-01
2.155630886554718018e-01
4.996975511312484741e-02
1.404962092638015747e-01
2.155630886554718018e-01
1.952842473983764648e-01
1.921768784523010254e-01
1.484040021896362305e-01
1.270131766796112061e-01
1.486563980579376221e-01
1.315418630838394165e-01
1.184201911091804504e-01
8.519259840250015259e-02
1.228552609682083130e-01
1.811956316232681274e-01
1.942506432533264160e-01
1.381472051143646240e-01
1.233266070485115051e-01
1.008822768926620483e-01
1.527337580919265747e-01
1.063934341073036194e-01
9.702223539352416992e-02
1.764597147703170776e-01
2.323915809392929077e-01
1.914776712656021118e-01
1.196433082222938538e-01
2.323915809392929077e-01
1.914919912815093994e-01
2.156413197517395020e-01
4.709814861416816711e-02
1.152937859296798706e-01
1.504925936460494995e-01
2.323915809392929077e-01
2.021175175905227661e-01
2.323915809392929077e-01
2.323915809392929077e-01
2.323915809392929077e-01
1.657860726118087769e-01
1.011585220694541931e-01
1.079467311501502991e-01
1.265201717615127563e-01
2.323915809392929077e-01
2.348813861608505249e-01
2.219381481409072876e-01
1.052459552884101868e-01
2.348813861608505249e-01
2.348813861608505249e-01
1.375055015087127686e-01
3.660119697451591492e-02
2.348813861608505249e-01
2.348813861608505249e-01
1.337596327066421509e-01
1.095967218279838562e-01
6.812237203121185303e-02
6.315223872661590576e-02
8.563248813152313232e-02
5.796222388744354248e-02
4.446984454989433289e-02
6.357973814010620117e-02
8.686131983995437622e-02
2.344108074903488159e-01
1.936921626329421997e-01
5.359296500682830811e-02
1.401484310626983643e-01
2.348813861608505249e-01
2.323557287454605103e-01
1.391742676496505737e-01
2.348813861608505249e-01
2.348813861608505249e-01
2.348813861608505249e-01
1.314121633768081665e-01
9.907215833663940430e-02
1.137558668851852417e-01
1.362828761339187622e-01
1.158683598041534424e-01
9.427393972873687744e-02
1.825965046882629395e-01
2.348813861608505249e-01
1.876985877752304077e-01
1.213342100381851196e-01
4.751935973763465881e-02
3.248767554759979248e-02
4.057083651423454285e-02
7.608891278505325317e-02
8.896619826555252075e-02
1.081644669175148010e-01
1.232305243611335754e-01
2.442445755004882812e-01
2.442445755004882812e-01
9.064146876335144043e-02
3.667110949754714966e-02
4.292025789618492126e-02
5.394531413912773132e-02
8.359450101852416992e-02
9.988418221473693848e-02
1.213764101266860962e-01
2.442445755004882812e-01
1.652755737304687500e-01
1.430840343236923218e-01
1.721192151308059692e-01
1.731356978416442871e-01
1.685255616903305054e-01
9.361077845096588135e-02
2.035279572010040283e-01
2.442445755004882812e-01
2.442445755004882812e-01
2.442445755004882812e-01
1.810274869203567505e-01
2.138478755950927734e-01
2.186591476202011108e-01
2.245973944664001465e-01
1.635403484106063843e-01
2.213105857372283936e-01
2.442445755004882812e-01
2.690672874450683594e-01
1.924758404493331909e-01
7.802231609821319580e-02
4.859871417284011841e-02
2.928306534886360168e-02
2.883392199873924255e-02
3.580965846776962280e-02
6.921971589326858521e-02
1.384993791580200195e-01
2.110418379306793213e-01
1.377089172601699829e-01
1.356680244207382202e-01
1.494476348161697388e-01
7.829817384481430054e-02
5.344748869538307190e-02
2.861836738884449005e-02
1.416704654693603516e-01
2.046310454607009888e-01
2.690672874450683594e-01
2.644732892513275146e-01
1.635219603776931763e-01
1.339398920536041260e-01
1.167726814746856689e-01
9.012426435947418213e-02
1.248276829719543457e-01
1.047783046960830688e-01
2.690672874450683594e-01
2.690672874450683594e-01
2.690672874450683594e-01
2.481414079666137695e-01
2.056673318147659302e-01
8.442465960979461670e-02
4.774472489953041077e-02
5.595186352729797363e-02
1.874526888132095337e-01
2.690672874450683594e-01
1.744799911975860596e-01
1.129188537597656250e-01
1.244989559054374695e-01
1.385349333286285400e-01
1.181070804595947266e-01
9.611319005489349365e-02
6.062396243214607239e-02
1.448513716459274292e-01
1.661505997180938721e-01
2.534545063972473145e-01
1.485012471675872803e-01
9.658503532409667969e-02
1.006759405136108398e-01
2.195021510124206543e-01
1.275802552700042725e-01
5.012971162796020508e-02
1.843629032373428345e-01
2.359035462141036987e-01
2.534545063972473145e-01
2.534545063972473145e-01
1.659494340419769287e-01
1.708315610885620117e-01
9.512075036764144897e-02
8.594667166471481323e-02
5.871233716607093811e-02
1.666993796825408936e-01
2.534545063972473145e-01
2.534545063972473145e-01
2.534545063972473145e-01
9.680645167827606201e-02
6.940694898366928101e-02
9.612187743186950684e-02
7.958146929740905762e-02
4.129107296466827393e-02
2.459048032760620117e-01
2.534545063972473145e-01
2.381362020969390869e-01
1.415438950061798096e-01
1.188508048653602600e-01
9.406349062919616699e-02
1.297385543584823608e-01
7.988425344228744507e-02
7.403697818517684937e-02
1.521994471549987793e-01
2.011405974626541138e-01
2.381362020969390869e-01
2.381362020969390869e-01
2.127411514520645142e-01
1.631005108356475830e-01
7.632555067539215088e-02
4.877905920147895813e-02
1.463179290294647217e-01
1.513864398002624512e-01
2.381362020969390869e-01
2.378831356763839722e-01
1.755603402853012085e-01
5.585564672946929932e-02
4.787108674645423889e-02
4.707984626293182373e-02
2.133044414222240448e-02
5.191955342888832092e-02
2.381362020969390869e-01
2.381362020969390869e-01
2.381362020969390869e-01
2.381362020969390869e-01
1.402428299188613892e-01
1.707427948713302612e-01
6.101897358894348145e-02
1.881032809615135193e-02
1.404532790184020996e-01
2.381362020969390869e-01
2.381362020969390869e-01
2.417042106389999390e-01
2.417042106389999390e-01
2.352243214845657349e-01
1.306431591510772705e-01
3.927328437566757202e-02
6.031164526939392090e-02
1.283399611711502075e-01
1.384881883859634399e-01
2.410388290882110596e-01
2.417042106389999390e-01
1.631456017494201660e-01
1.388191431760787964e-01
6.743717938661575317e-02
2.508815564215183258e-02
5.912147089838981628e-02
8.253107964992523193e-02
2.090217322111129761e-01
2.417042106389999390e-01
2.417042106389999390e-01
2.417042106389999390e-01
1.739886403083801270e-01
1.446355879306793213e-01
4.117860645055770874e-02
3.774719312787055969e-02
1.157215163111686707e-01
2.262156307697296143e-01
2.417042106389999390e-01
2.417042106389999390e-01
1.402797400951385498e-01
8.537550270557403564e-02
4.584785550832748413e-02
3.121402114629745483e-02
9.158757328987121582e-02
9.238829463720321655e-02
1.719373464584350586e-01
2.417042106389999390e-01
2.743591666221618652e-01
1.571856439113616943e-01
7.760135084390640259e-02
4.279530048370361328e-02
1.405676640570163727e-02
2.063622325658798218e-02
2.671580389142036438e-02
1.248504891991615295e-01
2.743591666221618652e-01
2.743591666221618652e-01
2.196489274501800537e-01
9.792091697454452515e-02
5.592784658074378967e-02
1.179564744234085083e-02
1.358694583177566528e-02
3.658915311098098755e-02
1.248005926609039307e-01
2.743591666221618652e-01
2.743591666221618652e-01
1.347155421972274780e-01
1.229734942317008972e-01
3.384904563426971436e-02
4.776177555322647095e-02
5.044634267687797546e-02
3.661169111728668213e-02
1.368526071310043335e-01
2.374800145626068115e-01
2.743591666221618652e-01
2.743591666221618652e-01
2.743591666221618652e-01
1.541060954332351685e-01
1.611078381538391113e-01
8.015319705009460449e-02
2.187314815819263458e-02
1.407151371240615845e-01
2.743591666221618652e-01
2.596354484558105469e-01
1.391988098621368408e-01
3.617088496685028076e-02
1.373550016433000565e-02
4.957577213644981384e-03
1.989073865115642548e-02
3.010791167616844177e-02
7.579199224710464478e-02
2.596354484558105469e-01
2.596354484558105469e-01
1.718393713235855103e-01
1.037896126508712769e-01
4.216489940881729126e-02
9.898862242698669434e-02
1.049048677086830139e-01
1.869783103466033936e-01
2.204323261976242065e-01
2.596354484558105469e-01
2.596354484558105469e-01
2.596354484558105469e-01
1.212364733219146729e-01
1.209279820322990417e-01
1.089757606387138367e-01
7.018146663904190063e-02
6.185451149940490723e-02
4.953477904200553894e-02
1.640763282775878906e-01
2.596354484558105469e-01
2.596354484558105469e-01
1.330320537090301514e-01
9.304974973201751709e-02
1.446732580661773682e-01
8.812949806451797485e-02
2.473751753568649292e-01
1.440856009721755981e-01
2.596354484558105469e-01
1.248584613204002380e-01
8.739208430051803589e-02
1.049258038401603699e-01
6.727647036314010620e-02
1.570285707712173462e-01
9.719333052635192871e-02
2.375187426805496216e-01
2.164681851863861084e-01
1.931395977735519409e-01
9.506005048751831055e-02
7.126144319772720337e-02
9.107522666454315186e-02
5.991223081946372986e-02
7.501758635044097900e-02
5.990972742438316345e-02
2.375187426805496216e-01
1.841602921485900879e-01
1.448032706975936890e-01
2.375187426805496216e-01
1.553906053304672241e-01
1.454613655805587769e-01
1.179464831948280334e-01
1.933775097131729126e-01
6.733488291501998901e-02
2.375187426805496216e-01
2.375187426805496216e-01
2.375187426805496216e-01
2.303831130266189575e-01
8.759538084268569946e-02
1.819683909416198730e-01
1.046315506100654602e-01
1.243563666939735413e-01
1.460931152105331421e-01
2.375187426805496216e-01
2.375187426805496216e-01
2.375187426805496216e-01
1.398675590753555298e-01
1.087420359253883362e-01
1.092009618878364563e-01
8.422705531120300293e-02
4.746880754828453064e-02
1.014600172638893127e-01
2.299204319715499878e-01
1.663403362035751343e-01
1.285491436719894409e-01
1.588279455900192261e-01
1.601827889680862427e-01
1.363612264394760132e-01
1.052296087145805359e-01
8.426106721162796021e-02
1.595019400119781494e-01
1.666828095912933350e-01
1.606789678335189819e-01
1.201268583536148071e-01
2.299204319715499878e-01
1.545645147562026978e-01
2.299204319715499878e-01
1.427337825298309326e-01
1.018427908420562744e-01
2.044939696788787842e-01
2.299204319715499878e-01
2.299204319715499878e-01
2.299204319715499878e-01
2.299204319715499878e-01
2.065897434949874878e-01
1.848444640636444092e-01
8.574904501438140869e-02
9.594883024692535400e-02
1.447806507349014282e-01
2.299204319715499878e-01
2.299204319715499878e-01
1.511239260435104370e-01
1.269103735685348511e-01
1.456977128982543945e-01
1.771926879882812500e-01
1.134375184774398804e-01
1.151692420244216919e-01
1.722148209810256958e-01
2.188500463962554932e-01
2.092136144638061523e-01
1.907089799642562866e-01
1.529921740293502808e-01
2.229324132204055786e-01
2.229324132204055786e-01
1.437386274337768555e-01
1.396920680999755859e-01
1.299669891595840454e-01
1.229405179619789124e-01
1.099415943026542664e-01
1.731080710887908936e-01
1.555455923080444336e-01
1.397272199392318726e-01
1.602166891098022461e-01
6.832089275121688843e-02
9.036963433027267456e-02
1.438302993774414062e-01
2.229324132204055786e-01
2.229324132204055786e-01
2.054177671670913696e-01
1.047887951135635376e-01
1.815616786479949951e-01
2.229324132204055786e-01
1.481437087059020996e-01
1.356496959924697876e-01
9.805405139923095703e-02
1.492288857698440552e-01
2.193154841661453247e-01
2.229324132204055786e-01
1.475180536508560181e-01
2.222358435392379761e-01
2.222358435392379761e-01
1.268132328987121582e-01
1.406857222318649292e-01
8.559434860944747925e-02
5.667511001229286194e-02
6.415361166000366211e-02
8.789443224668502808e-02
2.222358435392379761e-01
2.222358435392379761e-01
2.222358435392379761e-01
1.898057609796524048e-01
2.222358435392379761e-01
1.440415978431701660e-01
8.619643002748489380e-02
1.302565783262252808e-01
1.582519263029098511e-01
1.355493366718292236e-01
1.809070855379104614e-01
1.647781729698181152e-01
1.764165610074996948e-01
1.401886194944381714e-01
7.797490805387496948e-02
5.190319940447807312e-02
1.478986591100692749e-01
1.572191119194030762e-01
2.222358435392379761e-01
2.186133265495300293e-01
1.365737617015838623e-01
2.222358435392379761e-01
1.890355199575424194e-01
1.576186865568161011e-01
1.093095168471336365e-01
2.090099602937698364e-01
2.222358435392379761e-01
1.599723100662231445e-01
1.225119084119796753e-01
1.764845997095108032e-01
1.772099435329437256e-01
2.112012356519699097e-01
1.599726378917694092e-01
1.422348022460937500e-01
9.874984622001647949e-02
1.476976573467254639e-01
2.112012356519699097e-01
1.452038586139678955e-01
2.112012356519699097e-01
1.978545188903808594e-01
1.332362890243530273e-01
1.391702294349670410e-01
1.781689673662185669e-01
1.589113920927047729e-01
1.608381122350692749e-01
1.698130816221237183e-01
1.035183221101760864e-01
1.020095273852348328e-01
1.918701231479644775e-01
1.140735074877738953e-01
1.691825091838836670e-01
1.399426162242889404e-01
1.449819505214691162e-01
1.478184908628463745e-01
2.112012356519699097e-01
1.868322342634201050e-01
1.225956156849861145e-01
2.112012356519699097e-01
1.207536682486534119e-01
2.112012356519699097e-01
2.112012356519699097e-01
2.112012356519699097e-01
1.578182131052017212e-01
1.235671564936637878e-01
1.095660552382469177e-01
1.309907883405685425e-01
1.370113641023635864e-01
1.297265142202377319e-01
8.062722533941268921e-02
9.328398853540420532e-02
1.753849685192108154e-01
1.050575152039527893e-01
1.117252558469772339e-01
1.490210443735122681e-01
1.490209549665451050e-01
2.120301127433776855e-01
2.220211327075958252e-01
1.091420948505401611e-01
1.127893179655075073e-01
2.220211327075958252e-01
1.439084708690643311e-01
1.356881558895111084e-01
1.440445780754089355e-01
1.038412004709243774e-01
1.224397122859954834e-01
1.090991869568824768e-01
1.769482493400573730e-01
2.220211327075958252e-01
2.220211327075958252e-01
1.731330007314682007e-01
8.634122461080551147e-02
2.220211327075958252e-01
2.220211327075958252e-01
2.220211327075958252e-01
2.220211327075958252e-01
2.179419994354248047e-01
2.220211327075958252e-01
2.220211327075958252e-01
1.659545749425888062e-01
1.005386784672737122e-01
1.904398947954177856e-01
2.213760465383529663e-01
2.083169221878051758e-01
1.604140549898147583e-01
6.046564131975173950e-02
9.270853549242019653e-02
1.059973835945129395e-01
1.355969756841659546e-01
1.176476627588272095e-01
2.545317709445953369e-01
2.545317709445953369e-01
2.545317709445953369e-01
1.426144242286682129e-01
8.845161646604537964e-02
7.740813493728637695e-02
6.131238117814064026e-02
9.630296379327774048e-02
6.948944926261901855e-02
2.545317709445953369e-01
2.545317709445953369e-01
2.545317709445953369e-01
1.902495324611663818e-01
9.736113250255584717e-02
6.914298236370086670e-02
9.111276268959045410e-02
5.732222273945808411e-02
1.151845827698707581e-01
2.545317709445953369e-01
2.545317709445953369e-01
2.545317709445953369e-01
1.943033933639526367e-01
1.254840940237045288e-01
7.931188493967056274e-02
7.024290412664413452e-02
4.584961384534835815e-02
1.831975877285003662e-01
9.947166591882705688e-02
5.184307321906089783e-02
6.544928997755050659e-02
1.582637429237365723e-01
2.184281498193740845e-01
1.703498810529708862e-01
2.223859131336212158e-01
2.223859131336212158e-01
2.223859131336212158e-01
9.691608697175979614e-02
8.020240068435668945e-02
9.443690627813339233e-02
1.978434026241302490e-01
1.956997960805892944e-01
1.623798757791519165e-01
2.115011513233184814e-01
2.223859131336212158e-01
1.829269826412200928e-01
1.437141150236129761e-01
8.267974108457565308e-02
7.810824364423751831e-02
9.762459993362426758e-02
1.708731651306152344e-01
2.223859131336212158e-01
2.153466045856475830e-01
1.421443969011306763e-01
1.600079089403152466e-01
1.208842843770980835e-01
5.095630511641502380e-02
6.743324548006057739e-02
2.028466314077377319e-01
2.223859131336212158e-01
2.223859131336212158e-01
2.223859131336212158e-01
1.256123632192611694e-01
2.288551330566406250e-01
1.439728140830993652e-01
1.094516068696975708e-01
1.584669649600982666e-01
2.084953188896179199e-01
1.548039317131042480e-01
1.217262744903564453e-01
1.420674622058868408e-01
1.898728907108306885e-01
2.288551330566406250e-01
2.288551330566406250e-01
1.354765295982360840e-01
1.597501337528228760e-01
1.753636002540588379e-01
1.559312790632247925e-01
9.694302082061767578e-02
1.596353352069854736e-01
2.288551330566406250e-01
1.466089636087417603e-01
1.310399472713470459e-01
1.018274500966072083e-01
8.102699369192123413e-02
1.563262045383453369e-01
1.446795463562011719e-01
2.288551330566406250e-01
1.801140010356903076e-01
1.373200118541717529e-01
2.288551330566406250e-01
2.240043878555297852e-01
1.891554296016693115e-01
1.244295164942741394e-01
8.853203058242797852e-02
6.141685321927070618e-02
1.466697156429290771e-01
1.695803999900817871e-01
1.942892968654632568e-01
2.807768583297729492e-01
1.933258771896362305e-01
7.250433415174484253e-02
5.561692267656326294e-02
6.923930346965789795e-02
6.119505316019058228e-02
6.970953941345214844e-02
1.275222450494766235e-01
2.313308864831924438e-01
2.807768583297729492e-01
2.278609722852706909e-01
6.540836393833160400e-02
4.000205919146537781e-02
1.697984710335731506e-02
4.727464169263839722e-02
6.601440161466598511e-02
2.096531987190246582e-01
2.807768583297729492e-01
2.807768583297729492e-01
1.348873376846313477e-01
1.104846075177192688e-01
1.368995457887649536e-01
1.122162044048309326e-01
7.088627666234970093e-02
7.621724903583526611e-02
1.788254231214523315e-01
1.904209107160568237e-01
2.807768583297729492e-01
1.468857079744338989e-01
6.526269018650054932e-02
7.879509031772613525e-02
1.375249773263931274e-01
1.073202490806579590e-01
6.729630380868911743e-02
2.807768583297729492e-01
2.807768583297729492e-01
2.673269510269165039e-01
2.094076275825500488e-01
5.283768102526664734e-02
3.792476281523704529e-02
1.296537835150957108e-02
2.669627219438552856e-02
2.712488733232021332e-02
1.199307292699813843e-01
2.673269510269165039e-01
2.673269510269165039e-01
2.136834561824798584e-01
4.774508252739906311e-02
2.565053105354309082e-02
8.251355029642581940e-03
1.218105852603912354e-02
3.829307109117507935e-02
1.449292749166488647e-01
2.673269510269165039e-01
2.673269510269165039e-01
1.885488778352737427e-01
5.890950933098793030e-02
7.526592910289764404e-02
6.860545277595520020e-02
5.020889639854431152e-02
4.145525023341178894e-02
2.404751181602478027e-01
2.673269510269165039e-01
2.673269510269165039e-01
2.673269510269165039e-01
2.321749776601791382e-01
1.207825690507888794e-01
3.724060580134391785e-02
4.766221344470977783e-02
1.245129778981208801e-01
1.402568519115447998e-01
2.673269510269165039e-01
2.104615569114685059e-01
8.957622200250625610e-02
2.557986788451671600e-02
2.675179019570350647e-02
1.262074802070856094e-02
1.514507830142974854e-02
4.354687780141830444e-02
2.001779824495315552e-01
2.735376060009002686e-01
1.758362203836441040e-01
7.739097625017166138e-02
5.412266030907630920e-02
7.770629227161407471e-02
4.476800933480262756e-02
2.655494771897792816e-02
7.473003864288330078e-02
2.252924293279647827e-01
2.735376060009002686e-01
2.735376060009002686e-01
2.383894622325897217e-01
2.353106290102005005e-01
9.585186839103698730e-02
1.505532767623662949e-02
6.496841460466384888e-02
9.737586230039596558e-02
2.653594613075256348e-01
2.735376060009002686e-01
2.735376060009002686e-01
1.467118859291076660e-01
1.403479427099227905e-01
7.610078155994415283e-02
3.929717093706130981e-02
8.387177437543869019e-02
1.058833152055740356e-01
2.735376060009002686e-01
2.735376060009002686e-01
9.002161771059036255e-02
9.970574080944061279e-02
9.944259375333786011e-02
1.042713597416877747e-01
6.940174847841262817e-02
5.414738133549690247e-02
1.248945072293281555e-01
2.011598646640777588e-01
2.388830333948135376e-01
9.062830358743667603e-02
1.620022207498550415e-01
1.495103091001510620e-01
7.194432616233825684e-02
7.575660943984985352e-02
1.166187971830368042e-01
1.509895324707031250e-01
1.675486862659454346e-01
1.986949592828750610e-01
2.531451880931854248e-01
1.357555538415908813e-01
1.813625693321228027e-01
1.342452168464660645e-01
9.498431533575057983e-02
1.281936168670654297e-01
2.531451880931854248e-01
2.531451880931854248e-01
2.531451880931854248e-01
8.056548237800598145e-02
2.531451880931854248e-01
2.531451880931854248e-01
1.388800889253616333e-01
1.410330981016159058e-01
1.581348031759262085e-01
2.228944748640060425e-01
2.348136007785797119e-01
1.063972190022468567e-01
7.643232494592666626e-02
2.234439700841903687e-01
2.593364119529724121e-01
7.029060274362564087e-02
7.429189234972000122e-02
6.741853058338165283e-02
7.824751734733581543e-02
1.481254547834396362e-01
9.694711118936538696e-02
2.593364119529724121e-01
2.593364119529724121e-01
2.593364119529724121e-01
2.466674298048019409e-01
2.577891051769256592e-01
1.252208948135375977e-01
3.565861657261848450e-02
1.119662299752235413e-01
1.132725179195404053e-01
3.310474380850791931e-02
2.593364119529724121e-01
2.593364119529724121e-01
1.093584746122360229e-01
9.511986374855041504e-02
8.430350571870803833e-02
8.821313828229904175e-02
1.153785586357116699e-01
5.631282180547714233e-02
1.529593169689178467e-01
2.593364119529724121e-01
2.593364119529724121e-01
2.225828170776367188e-01
1.892564296722412109e-01
1.138613298535346985e-01
4.469348862767219543e-02
5.779592320322990417e-02
3.121647424995899200e-02
2.360897362232208252e-01
2.360897362232208252e-01
1.906454265117645264e-01
2.360897362232208252e-01
2.360897362232208252e-01
1.100124269723892212e-01
7.382140308618545532e-02
5.374065414071083069e-02
1.244699805974960327e-01
2.360897362232208252e-01
2.360897362232208252e-01
1.845386773347854614e-01
2.121748328208923340e-01
1.653285622596740723e-01
5.582199245691299438e-02
1.743817478418350220e-01
1.505927592515945435e-01
2.360897362232208252e-01
1.285514533519744873e-01
1.989383399486541748e-01
1.735279411077499390e-01
1.989167183637619019e-01
2.133436053991317749e-01
8.888129889965057373e-02
3.543410077691078186e-02
2.153491601347923279e-02
2.664913237094879150e-02
1.204251497983932495e-01
1.476977020502090454e-01
1.421071588993072510e-01
1.492159068584442139e-01
1.685388088226318359e-01
7.351896166801452637e-02
8.682893961668014526e-02
2.191420793533325195e-01
1.510215699672698975e-01
2.405292242765426636e-01
1.894968897104263306e-01
1.359649747610092163e-01
1.387438029050827026e-01
1.033000946044921875e-01
3.850707411766052246e-02
1.705830395221710205e-01
2.237988561391830444e-01
2.405292242765426636e-01
2.405292242765426636e-01
1.670969277620315552e-01
2.150525599718093872e-01
1.092100292444229126e-01
1.042354628443717957e-01
1.525010317564010620e-01
2.405292242765426636e-01
2.405292242765426636e-01
2.405292242765426636e-01
2.282336503267288208e-01
1.702385693788528442e-01
6.816016137599945068e-02
3.355637937784194946e-02
3.715376928448677063e-02
2.109459042549133301e-02
5.914043635129928589e-02
2.335396111011505127e-01
1.841850876808166504e-01
2.405292242765426636e-01
1.769580245018005371e-01
7.309270650148391724e-02
2.406594529747962952e-02
4.034546390175819397e-02
1.743369176983833313e-02
7.427353411912918091e-02
1.738030910491943359e-01
2.277981340885162354e-01
2.377265095710754395e-01
1.717491149902343750e-01
2.236163616180419922e-01
9.380348026752471924e-02
8.297051489353179932e-02
1.388386189937591553e-01
2.522913515567779541e-01
2.522913515567779541e-01
2.522913515567779541e-01
2.522913515567779541e-01
1.688449084758758545e-01
9.790078550577163696e-02
5.288327857851982117e-02
5.951158702373504639e-02
6.458885222673416138e-02
2.052268236875534058e-01
2.522913515567779541e-01
2.522913515567779541e-01
1.275691241025924683e-01
1.241025254130363464e-01
5.642163380980491638e-02
1.485923584550619125e-02
1.770916953682899475e-02
1.538804266601800919e-02
1.022090017795562744e-01
1.876879036426544189e-01
2.522913515567779541e-01
2.411733716726303101e-01
1.179949566721916199e-01
2.578279562294483185e-02
1.184131857007741928e-02
9.377382695674896240e-03
1.424393523484468460e-02
9.185512363910675049e-02
2.522913515567779541e-01
2.522913515567779541e-01
2.128047198057174683e-01
7.411242276430130005e-02
8.265409618616104126e-02
3.738993406295776367e-02
5.289300903677940369e-02
4.238888993859291077e-02
1.717529147863388062e-01
2.835056483745574951e-01
2.835056483745574951e-01
1.410194784402847290e-01
8.325835317373275757e-02
1.612203270196914673e-01
7.791023701429367065e-02
8.431711792945861816e-02
5.976375937461853027e-02
1.140960380434989929e-01
2.835056483745574951e-01
2.835056483745574951e-01
2.766803503036499023e-01
4.736644029617309570e-02
2.407150715589523315e-02
1.438782922923564911e-02
2.093896456062793732e-02
1.263167895376682281e-02
4.185301065444946289e-02
2.835056483745574951e-01
2.835056483745574951e-01
2.750001847743988037e-01
5.758806690573692322e-02
3.840160742402076721e-02
2.234668470919132233e-02
3.306255117058753967e-02
2.988799475133419037e-02
1.168267875909805298e-01
2.835056483745574951e-01
2.835056483745574951e-01
1.103914678096771240e-01
1.402332782745361328e-01
1.376342028379440308e-01
1.241190433502197266e-01
6.244473531842231750e-02
5.730911716818809509e-02
7.357676327228546143e-02
2.039984166622161865e-01
1.731671541929244995e-01
1.512427777051925659e-01
2.136367261409759521e-01
1.064469590783119202e-01
1.397128552198410034e-01
1.104272902011871338e-01
1.082258149981498718e-01
1.244144365191459656e-01
1.827299147844314575e-01
1.837589591741561890e-01
2.624250650405883789e-01
9.813165664672851562e-02
6.348448991775512695e-02
3.552803024649620056e-02
2.586218155920505524e-02
4.299587756395339966e-02
2.011152058839797974e-01
2.868805825710296631e-01
2.868805825710296631e-01
2.868805825710296631e-01
1.457586288452148438e-01
6.540563702583312988e-02
4.714828357100486755e-02
9.486337006092071533e-02
8.149078488349914551e-02
2.432724237442016602e-01
2.868805825710296631e-01
2.868805825710296631e-01
9.381059557199478149e-02
8.895765990018844604e-02
7.700679451227188110e-02
1.042385920882225037e-01
1.209860220551490784e-01
1.104087308049201965e-01
1.395373791456222534e-01
1.351566612720489502e-01
1.184183284640312195e-01
1.690895706415176392e-01
8.589486777782440186e-02
9.469219297170639038e-02
1.347325593233108521e-01
1.217242777347564697e-01
1.818731725215911865e-01
2.491703778505325317e-01
2.491703778505325317e-01
1.996866613626480103e-01
2.491703778505325317e-01
1.873685121536254883e-01
7.285841554403305054e-02
8.924657851457595825e-02
1.232829019427299500e-01
5.958767235279083252e-02
1.436109244823455811e-01
2.135705798864364624e-01
2.491703778505325317e-01
2.491703778505325317e-01
2.491703778505325317e-01
2.115915715694427490e-01
1.434403061866760254e-01
1.512472182512283325e-01
1.489939093589782715e-01
1.687412708997726440e-01
1.664080023765563965e-01
2.491703778505325317e-01
1.418563425540924072e-01
1.194734275341033936e-01
1.447281539440155029e-01
1.487853527069091797e-01
7.528717815876007080e-02
1.309772282838821411e-01
2.351545393466949463e-01
1.944664716720581055e-01
1.699561476707458496e-01
7.613744586706161499e-02
1.535473465919494629e-01
2.351545393466949463e-01
2.351545393466949463e-01
2.134645432233810425e-01
1.084484681487083435e-01
1.330065131187438965e-01
8.418264240026473999e-02
9.332869946956634521e-02
2.285983711481094360e-01
2.351545393466949463e-01
2.351545393466949463e-01
2.351545393466949463e-01
1.398584246635437012e-01
1.609643697738647461e-01
1.214604154229164124e-01
8.389274030923843384e-02
2.290321588516235352e-01
5.756516382098197937e-02
1.617678701877593994e-01
2.351545393466949463e-01
2.351545393466949463e-01
2.230658084154129028e-01
1.102588251233100891e-01
4.898446798324584961e-02
2.808369882404804230e-02
3.890328109264373779e-02
4.665363952517509460e-02
1.585188060998916626e-01
2.656979858875274658e-01
2.656979858875274658e-01
2.535615563392639160e-01
5.953538790345191956e-02
4.583301767706871033e-02
5.169426649808883667e-02
3.999517485499382019e-02
9.633523225784301758e-02
2.253487408161163330e-01
2.656979858875274658e-01
2.656979858875274658e-01
2.656979858875274658e-01
1.655294299125671387e-01
5.699071660637855530e-02
5.111481249332427979e-02
5.394943058490753174e-02
5.935688316822052002e-02
6.684078276157379150e-02
1.506657004356384277e-01
2.656979858875274658e-01
2.304930537939071655e-01
1.173229739069938660e-01
3.883480653166770935e-02
4.793900996446609497e-02
6.813645362854003906e-02
8.899453282356262207e-02
1.198971644043922424e-01
1.514187604188919067e-01
2.656979858875274658e-01
2.656979858875274658e-01
2.418883293867111206e-01
6.245140731334686279e-02
5.433740466833114624e-02
1.349628567695617676e-01
1.764337420463562012e-01
1.800460368394851685e-01
1.547505855560302734e-01
1.474478542804718018e-01
9.173817932605743408e-02
1.362449675798416138e-01
1.289418339729309082e-01
1.057651787996292114e-01
1.020756289362907410e-01
1.214611008763313293e-01
1.126093119382858276e-01
7.819668203592300415e-02
9.854032844305038452e-02
2.075913846492767334e-01
2.281372398138046265e-01
2.281372398138046265e-01
1.743045002222061157e-01
6.709086149930953979e-02
2.281372398138046265e-01
2.281372398138046265e-01
2.281372398138046265e-01
2.229148596525192261e-01
1.572658419609069824e-01
1.251731365919113159e-01
6.093366071581840515e-02
7.346779108047485352e-02
9.781794995069503784e-02
2.281372398138046265e-01
1.873539686203002930e-01
1.871795356273651123e-01
1.809172779321670532e-01
1.962762922048568726e-01
2.281372398138046265e-01
2.281372398138046265e-01
1.359377801418304443e-01
1.304762214422225952e-01
1.123490706086158752e-01
9.960228949785232544e-02
1.215930804610252380e-01
9.035726636648178101e-02
1.486588418483734131e-01
1.855711191892623901e-01
1.887634694576263428e-01
1.012267619371414185e-01
6.423799693584442139e-02
2.279576808214187622e-01
2.012505829334259033e-01
2.279576808214187622e-01
1.443903893232345581e-01
7.159358263015747070e-02
5.036763101816177368e-02
8.510288596153259277e-02
6.968712061643600464e-02
9.787228703498840332e-02
1.295258998870849609e-01
1.171861961483955383e-01
1.416398137807846069e-01
1.450167745351791382e-01
1.491796225309371948e-01
2.279576808214187622e-01
2.279576808214187622e-01
2.279576808214187622e-01
1.532529443502426147e-01
1.814963668584823608e-01
1.893151551485061646e-01
2.279576808214187622e-01
1.372923105955123901e-01
1.885168701410293579e-01
2.279576808214187622e-01
2.163426429033279419e-01
2.279576808214187622e-01
2.279576808214187622e-01
2.194219082593917847e-01
1.452134400606155396e-01
1.721874922513961792e-01
1.567542403936386108e-01
1.480041742324829102e-01
8.380664885044097900e-02
6.571575254201889038e-02
7.805575430393218994e-02
1.060780510306358337e-01
2.194219082593917847e-01
1.569058895111083984e-01
1.299884170293807983e-01
1.077145636081695557e-01
2.128880470991134644e-01
1.146871298551559448e-01
3.682814538478851318e-02
2.194219082593917847e-01
2.194219082593917847e-01
1.534760445356369019e-01
1.933851242065429688e-01
1.809057146310806274e-01
8.035098761320114136e-02
2.194219082593917847e-01
2.194219082593917847e-01
1.189015209674835205e-01
1.589963883161544800e-01
2.065394073724746704e-01
1.624803692102432251e-01
2.194219082593917847e-01
1.541137695312500000e-01
7.163439691066741943e-02
2.071462124586105347e-01
2.194219082593917847e-01
9.492338448762893677e-02
2.188626527786254883e-01
1.909828335046768188e-01
2.706956267356872559e-01
2.080751955509185791e-01
5.660928040742874146e-02
6.440014392137527466e-02
8.810026943683624268e-02
4.362108185887336731e-02
2.505279891192913055e-02
2.706956267356872559e-01
2.706956267356872559e-01
2.706956267356872559e-01
2.706956267356872559e-01
1.634516566991806030e-01
9.054790437221527100e-02
2.866375818848609924e-02
4.437218233942985535e-02
9.911622852087020874e-02
1.370522081851959229e-01
2.706956267356872559e-01
2.706956267356872559e-01
1.637353152036666870e-01
8.013178408145904541e-02
6.116463243961334229e-02
6.981486827135086060e-02
3.869606181979179382e-02
4.135892912745475769e-02
1.645224988460540771e-01
2.402268201112747192e-01
2.706956267356872559e-01
2.662708461284637451e-01
1.046627685427665710e-01
5.092106759548187256e-02
2.369376644492149353e-02
1.469052862375974655e-02
4.271104186773300171e-02
8.642896264791488647e-02
2.438943088054656982e-01
2.660481631755828857e-01
1.837125271558761597e-01
1.448053419589996338e-01
5.963052809238433838e-02
1.106608565896749496e-02
4.434041306376457214e-02
4.734823852777481079e-02
1.638567596673965454e-01
2.660481631755828857e-01
2.660481631755828857e-01
1.638024598360061646e-01
1.216093823313713074e-01
4.800960049033164978e-02
1.610249280929565430e-02
6.201015040278434753e-02
5.447126179933547974e-02
2.660481631755828857e-01
2.660481631755828857e-01
2.660481631755828857e-01
2.564614117145538330e-01
1.508017480373382568e-01
1.530451793223619461e-02
1.085068471729755402e-02
2.194879576563835144e-02
1.928293518722057343e-02
6.062564253807067871e-02
2.643759846687316895e-01
2.660481631755828857e-01
2.660481631755828857e-01
2.227731198072433472e-01
4.146384820342063904e-02
2.919263765215873718e-02
4.067732766270637512e-02
2.727364189922809601e-02
4.437176883220672607e-02
2.660481631755828857e-01
2.409758120775222778e-01
1.614600121974945068e-01
2.003203183412551880e-01
1.245607361197471619e-01
6.045721471309661865e-02
1.445899754762649536e-01
2.153551578521728516e-01
2.409758120775222778e-01
2.155133783817291260e-01
1.253698021173477173e-01
2.409758120775222778e-01
2.409758120775222778e-01
1.492493748664855957e-01
9.787047654390335083e-02
1.493481993675231934e-01
1.620202064514160156e-01
1.673099249601364136e-01
8.468132466077804565e-02
2.409758120775222778e-01
2.194732129573822021e-01
2.409758120775222778e-01
1.183488667011260986e-01
6.494615972042083740e-02
7.743994891643524170e-02
9.915268421173095703e-02
7.466129213571548462e-02
1.779728084802627563e-01
2.173514366149902344e-01
2.409758120775222778e-01
2.231692969799041748e-01
1.220688298344612122e-01
5.230658873915672302e-02
6.974443048238754272e-02
8.801030367612838745e-02
5.645370483398437500e-02
1.037676259875297546e-01
1.039339378476142883e-01
2.781244218349456787e-01
2.781244218349456787e-01
1.957497447729110718e-01
1.115333959460258484e-01
7.800077646970748901e-02
6.129245087504386902e-02
6.599314510822296143e-02
8.840546756982803345e-02
6.309288740158081055e-02
2.781244218349456787e-01
2.781244218349456787e-01
2.781244218349456787e-01
1.385981887578964233e-01
7.501222938299179077e-02
2.781820110976696014e-02
3.444051742553710938e-02
2.750365436077117920e-02
1.732326596975326538e-01
2.781244218349456787e-01
2.781244218349456787e-01
2.234325557947158813e-01
6.682596355676651001e-02
2.381482347846031189e-02
3.644762933254241943e-02
2.193906530737876892e-02
7.674408704042434692e-02
4.151637107133865356e-02
2.781244218349456787e-01
2.781244218349456787e-01
2.781244218349456787e-01
1.169988289475440979e-01
1.163904741406440735e-02
1.451597828418016434e-02
5.156579893082380295e-03
1.160951517522335052e-02
7.250007987022399902e-02
2.608193159103393555e-01
2.608193159103393555e-01
2.608193159103393555e-01
2.444449961185455322e-01
1.265657395124435425e-01
4.615443199872970581e-02
3.604518622159957886e-02
2.214345708489418030e-02
1.197213754057884216e-01
2.608193159103393555e-01
1.766350865364074707e-01
1.343260109424591064e-01
2.507865428924560547e-01
1.851041018962860107e-01
1.607593297958374023e-01
2.608193159103393555e-01
2.351459264755249023e-01
5.099840462207794189e-02
2.608193159103393555e-01
2.608193159103393555e-01
2.608193159103393555e-01
9.516508132219314575e-02
2.752786129713058472e-02
2.508291229605674744e-02
1.581475511193275452e-02
1.456887274980545044e-02
1.163596585392951965e-01
2.296272665262222290e-01
1.309150457382202148e-01
6.784407794475555420e-02
7.119686156511306763e-02
6.920115649700164795e-02
5.727352201938629150e-02
8.419255912303924561e-02
6.795151531696319580e-02
2.688230574131011963e-01
2.243159711360931396e-01
6.216479092836380005e-02
2.609040588140487671e-02
1.196407675743103027e-01
1.525997519493103027e-01
1.702603399753570557e-01
2.688230574131011963e-01
2.688230574131011963e-01
2.688230574131011963e-01
1.997719407081604004e-01
6.870958954095840454e-02
2.069340087473392487e-02
2.547799982130527496e-02
1.031310483813285828e-01
1.389017850160598755e-01
2.688230574131011963e-01
2.688230574131011963e-01
1.315186917781829834e-01
1.263159960508346558e-01
4.567335173487663269e-02
3.304227441549301147e-02
8.813151717185974121e-02
1.692779362201690674e-01
1.268122643232345581e-01
1.766864508390426636e-01
1.942359209060668945e-01
9.321306645870208740e-02
7.776145637035369873e-02
4.149867966771125793e-02
9.730292111635208130e-02
7.907217741012573242e-02
2.028837352991104126e-01
2.193964570760726929e-01
1.989864856004714966e-01
2.183562964200973511e-01
2.398106902837753296e-01
1.749052554368972778e-01
6.659081578254699707e-02
5.130309984087944031e-02
1.813228614628314972e-02
4.916968941688537598e-02
1.817481070756912231e-01
2.802089154720306396e-01
2.802089154720306396e-01
2.802089154720306396e-01
2.026344537734985352e-01
1.063460409641265869e-01
8.004216104745864868e-02
4.592467099428176880e-02
4.028915613889694214e-02
1.158063039183616638e-01
2.802089154720306396e-01
2.802089154720306396e-01
8.942564576864242554e-02
1.100990846753120422e-01
7.272464036941528320e-02
1.051417514681816101e-01
8.012449741363525391e-02
1.132062599062919617e-01
2.033027559518814087e-01
2.142664790153503418e-01
1.935392320156097412e-01
1.988377720117568970e-01
1.864852607250213623e-01
1.273028254508972168e-01
7.418707013130187988e-02
9.937240183353424072e-02
6.824535876512527466e-02
1.342287659645080566e-01
2.241446673870086670e-01
1.963090598583221436e-01
3.083187639713287354e-01
8.157162368297576904e-02
3.816547989845275879e-02
3.804345056414604187e-02
2.636332251131534576e-02
1.908716931939125061e-02
3.898504376411437988e-02
3.223811089992523193e-01
3.223811089992523193e-01
3.223811089992523193e-01
1.370600759983062744e-01
1.678322441875934601e-02
1.600487902760505676e-02
6.357669830322265625e-03
1.478372979909181595e-02
1.507310718297958374e-01
3.223811089992523193e-01
3.223811089992523193e-01
1.171240955591201782e-01
8.179739862680435181e-02
5.906609073281288147e-02
4.773465543985366821e-02
4.116495698690414429e-02
2.279019355773925781e-02
1.174996271729469299e-01
1.676211059093475342e-01
1.185487657785415649e-01
2.382830381393432617e-01
1.009923741221427917e-01
1.845554634928703308e-02
1.963342726230621338e-02
1.514042355120182037e-02
1.883004605770111084e-02
1.535550504922866821e-01
2.179159522056579590e-01
3.223811089992523193e-01
3.116098344326019287e-01
7.191984355449676514e-02
1.104645710438489914e-02
5.568149499595165253e-03
5.334221757948398590e-03
1.414332725107669830e-02
1.642412990331649780e-01
3.492568433284759521e-01
3.492568433284759521e-01
3.492568433284759521e-01
8.264785259962081909e-02
1.700515113770961761e-02
1.174613926559686661e-02
3.382016345858573914e-02
2.809148840606212616e-02
1.827846467494964600e-01
3.492568433284759521e-01
3.492568433284759521e-01
1.196176782250404358e-01
3.944167122244834900e-02
4.456511698663234711e-03
7.444290444254875183e-03
8.003704249858856201e-03
9.313278831541538239e-03
5.550185218453407288e-02
1.055287495255470276e-01
1.959081143140792847e-01
1.417699307203292847e-01
2.706652507185935974e-02
1.954220794141292572e-02
2.829732559621334076e-02
4.333543032407760620e-02
3.940912708640098572e-02
7.346425950527191162e-02
1.434290856122970581e-01
3.070458769798278809e-01
2.717473208904266357e-01
1.606658697128295898e-01
4.451111704111099243e-02
5.241600424051284790e-02
4.033379629254341125e-02
1.447330601513385773e-02
4.750978201627731323e-02
1.201090291142463684e-01
2.717473208904266357e-01
2.717473208904266357e-01
2.717473208904266357e-01
2.208499312400817871e-01
1.891043335199356079e-01
1.751307547092437744e-01
9.490126371383666992e-02
8.728510141372680664e-02
4.999018833041191101e-02
2.717473208904266357e-01
1.320844292640686035e-01
6.866326928138732910e-02
6.304340809583663940e-02
9.164388477802276611e-02
1.484097987413406372e-01
7.247737050056457520e-02
3.613125905394554138e-02
4.532510787248611450e-02
1.555417925119400024e-01
1.513841599225997925e-01
2.717473208904266357e-01
2.408960163593292236e-01
2.717473208904266357e-01
2.717473208904266357e-01
1.923329532146453857e-01
6.845615059137344360e-02
4.433980584144592285e-02
9.571871906518936157e-02
1.716228723526000977e-01
2.513796687126159668e-01
2.513796687126159668e-01
2.513796687126159668e-01
2.249591797590255737e-01
1.618951559066772461e-01
1.034190282225608826e-01
3.265881538391113281e-02
1.536145508289337158e-01
4.824240133166313171e-02
1.512972861528396606e-01
2.513796687126159668e-01
2.513796687126159668e-01
1.677585095167160034e-01
1.293995231389999390e-01
6.472492963075637817e-02
3.340131789445877075e-02
2.182526141405105591e-02
1.066550016403198242e-01
2.513796687126159668e-01
2.513796687126159668e-01
2.513796687126159668e-01
2.513796687126159668e-01
1.725158840417861938e-01
8.934852480888366699e-02
5.257618054747581482e-02
6.833800673484802246e-02
8.998084068298339844e-02
1.250016838312149048e-01
1.769177168607711792e-01
1.999402791261672974e-01
1.443406045436859131e-01
1.281336247920989990e-01
1.096318289637565613e-01
8.427333086729049683e-02
5.760953575372695923e-02
1.265497803688049316e-01
9.564007818698883057e-02
9.594278782606124878e-02
2.249415069818496704e-01
2.286756336688995361e-01
1.984303295612335205e-01
5.729683861136436462e-02
5.092004314064979553e-02
8.628372848033905029e-02
1.879724711179733276e-01
1.424128264188766479e-01
7.222950458526611328e-02
2.286756336688995361e-01
2.286756336688995361e-01
2.286756336688995361e-01
8.401691913604736328e-02
6.985943764448165894e-02
1.638351231813430786e-01
1.306237429380416870e-01
1.816328465938568115e-01
2.080147564411163330e-01
2.082203030586242676e-01
2.286756336688995361e-01
1.989587843418121338e-01
9.291397035121917725e-02
1.340032219886779785e-01
6.221136078238487244e-02
1.600115299224853516e-01
2.098295539617538452e-01
1.955899447202682495e-01
2.286756336688995361e-01
2.286756336688995361e-01
1.900060772895812988e-01
1.055639535188674927e-01
1.542123258113861084e-01
9.356264770030975342e-02
1.475819796323776245e-01
1.863868832588195801e-01
1.789340227842330933e-01
1.507598757743835449e-01
2.094996720552444458e-01
1.430781185626983643e-01
1.092063188552856445e-01
1.046073287725448608e-01
1.071848198771476746e-01
1.270331442356109619e-01
2.131909430027008057e-01
2.092196494340896606e-01
1.586387753486633301e-01
1.479765474796295166e-01
2.016701400279998779e-01
2.131909430027008057e-01
1.308497637510299683e-01
1.286594420671463013e-01
1.062507405877113342e-01
1.421726644039154053e-01
1.029587388038635254e-01
9.002287685871124268e-02
1.655207127332687378e-01
1.947023570537567139e-01
2.131909430027008057e-01
2.131909430027008057e-01
1.727565228939056396e-01
1.870434731245040894e-01
2.131909430027008057e-01
1.859271973371505737e-01
1.729645580053329468e-01
2.131909430027008057e-01
1.529240608215332031e-01
1.645289063453674316e-01
1.227415502071380615e-01
1.533383578062057495e-01
6.468274444341659546e-02
1.506968885660171509e-01
1.076566502451896667e-01
8.961491286754608154e-02
7.877468317747116089e-02
1.878747344017028809e-01
1.740534305572509766e-01
2.135789245367050171e-01
1.605331748723983765e-01
7.480122894048690796e-02
1.130626946687698364e-01
7.550054043531417847e-02
1.277383267879486084e-01
1.809894144535064697e-01
2.350989431142807007e-01
2.338145375251770020e-01
2.350989431142807007e-01
2.127929031848907471e-01
2.350989431142807007e-01
2.350989431142807007e-01
1.602821797132492065e-01
1.262889206409454346e-01
1.527070850133895874e-01
8.051779866218566895e-02
5.476662516593933105e-02
6.277745217084884644e-02
1.739940196275711060e-01
2.350989431142807007e-01
2.350989431142807007e-01
1.871383786201477051e-01
1.713406294584274292e-01
1.595282703638076782e-01
1.990283131599426270e-01
1.417442709207534790e-01
1.101153120398521423e-01
1.814039051532745361e-01
6.547991931438446045e-02
1.244271621108055115e-01
6.750623881816864014e-02
6.612135469913482666e-02
1.942672431468963623e-01
2.585433423519134521e-01
2.585433423519134521e-01
2.585433423519134521e-01
1.823275387287139893e-01
7.504409551620483398e-02
1.473562121391296387e-01
5.817161127924919128e-02
2.946099452674388885e-02
1.263826489448547363e-01
2.104142308235168457e-01
2.585433423519134521e-01
2.585433423519134521e-01
1.262328922748565674e-01
1.929261982440948486e-01
1.669759601354598999e-01
1.364305168390274048e-01
9.424668550491333008e-02
9.177087992429733276e-02
1.448167562484741211e-01
2.384184747934341431e-01
2.554147243499755859e-01
1.419910937547683716e-01
1.121861264109611511e-01
6.369612365961074829e-02
5.294868350028991699e-02
2.768618799746036530e-02
4.563409835100173950e-02
9.453885257244110107e-02
2.585433423519134521e-01
2.585433423519134521e-01
1.630253195762634277e-01
1.604203581809997559e-01
1.684801429510116577e-01
1.131159588694572449e-01
7.230517268180847168e-02
5.302686616778373718e-02
5.572163313627243042e-02
1.887052804231643677e-01
1.835401654243469238e-01
1.438166350126266479e-01
2.427795827388763428e-01
2.514363825321197510e-01
2.514363825321197510e-01
1.028427779674530029e-01
5.063767358660697937e-02
2.475490793585777283e-02
5.218863114714622498e-02
4.061137139797210693e-02
1.670300513505935669e-01
1.325894147157669067e-01
1.804664433002471924e-01
1.470325142145156860e-01
5.487097799777984619e-02
4.040504246950149536e-02
6.255180388689041138e-02
2.514363825321197510e-01
2.514363825321197510e-01
2.309054881334304810e-01
2.077508270740509033e-01
2.514363825321197510e-01
2.514363825321197510e-01
1.669266074895858765e-01
1.009746044874191284e-01
6.123475357890129089e-02
1.147164925932884216e-01
2.344283908605575562e-01
2.417249381542205811e-01
2.602466046810150146e-01
2.602466046810150146e-01
2.602466046810150146e-01
7.158383727073669434e-02
6.096945330500602722e-02
5.009865015745162964e-02
3.404921293258666992e-02
4.179239645600318909e-02
1.911063492298126221e-01
2.602466046810150146e-01
2.602466046810150146e-01
2.602466046810150146e-01
8.146010339260101318e-02
8.215945214033126831e-02
7.525932788848876953e-02
3.580306097865104675e-02
4.643784090876579285e-02
1.795135736465454102e-01
2.045053541660308838e-01
2.602466046810150146e-01
2.602466046810150146e-01
1.822179555892944336e-01
1.747934520244598389e-01
9.540043771266937256e-02
1.166527196764945984e-01
7.873841375112533569e-02
1.382924169301986694e-01
1.386403888463973999e-01
2.602466046810150146e-01
2.602466046810150146e-01
1.055591329932212830e-01
1.202471926808357239e-01
7.135827839374542236e-02
7.197716832160949707e-02
5.362262204289436340e-02
5.513888970017433167e-02
2.617891132831573486e-01
2.617891132831573486e-01
2.617891132831573486e-01
9.601166844367980957e-02
8.197607845067977905e-02
5.613754317164421082e-02
3.987133875489234924e-02
8.671086281538009644e-02
2.454082965850830078e-01
2.617891132831573486e-01
2.617891132831573486e-01
2.226796448230743408e-01
8.500642329454421997e-02
3.925025835633277893e-02
2.523712068796157837e-02
2.704944834113121033e-02
1.005450263619422913e-01
2.206046730279922485e-01
2.617891132831573486e-01
2.491171956062316895e-01
1.525215655565261841e-01
3.025072440505027771e-02
6.504224240779876709e-02
3.839193657040596008e-02
3.759496659040451050e-02
9.202115237712860107e-02
2.024045139551162720e-01
2.617891132831573486e-01
2.339443564414978027e-01
1.137508749961853027e-01
2.100821956992149353e-02
4.869998246431350708e-02
5.470153689384460449e-02
4.699600860476493835e-02
1.540163606405258179e-01
2.617891132831573486e-01
2.650093734264373779e-01
2.650093734264373779e-01
2.650093734264373779e-01
1.652159839868545532e-01
4.932004585862159729e-02
1.480793487280607224e-02
1.601055264472961426e-02
3.761079534888267517e-02
7.685588300228118896e-02
1.240794956684112549e-01
2.650093734264373779e-01
2.650093734264373779e-01
2.650093734264373779e-01
1.163224205374717712e-01
1.813187822699546814e-02
1.920007541775703430e-02
1.047421712428331375e-02
3.171105682849884033e-02
2.232023924589157104e-01
2.629016041755676270e-01
2.275736182928085327e-01
7.354903966188430786e-02
7.689929008483886719e-02
1.072967424988746643e-01
9.331541508436203003e-02
1.350060254335403442e-01
2.382626682519912720e-01
2.384935766458511353e-01
2.613469958305358887e-01
1.746581792831420898e-01
9.249997138977050781e-02
5.725739896297454834e-02
4.236717894673347473e-02
4.193158820271492004e-02
8.714702725410461426e-02
2.275345027446746826e-01
1.986602246761322021e-01
2.796242833137512207e-01
2.796242833137512207e-01
2.698530852794647217e-01
1.129583120346069336e-01
4.202392324805259705e-02
3.173479810357093811e-02
2.357284352183341980e-02
5.954977869987487793e-02
2.796242833137512207e-01
2.796242833137512207e-01
1.710382997989654541e-01
8.069485425949096680e-02
6.120318919420242310e-02
3.304120898246765137e-02
2.340398542582988739e-02
2.958125621080398560e-02
1.319160610437393188e-01
2.796242833137512207e-01
2.796242833137512207e-01
1.945662796497344971e-01
9.728873521089553833e-02
6.010180339217185974e-02
1.515064015984535217e-02
2.843460440635681152e-02
6.471890956163406372e-02
2.238954752683639526e-01
2.796242833137512207e-01
2.796242833137512207e-01
1.403646618127822876e-01
9.205260127782821655e-02
8.721259981393814087e-02
1.905058696866035461e-02
4.828496277332305908e-02
4.016761481761932373e-02
1.842819452285766602e-01
2.392761558294296265e-01
2.392761558294296265e-01
1.421640515327453613e-01
6.467226892709732056e-02
7.130589336156845093e-02
8.561426401138305664e-02
6.569983810186386108e-02
7.051883637905120850e-02
2.392761558294296265e-01
1.874095499515533447e-01
1.832070350646972656e-01
8.405235409736633301e-02
1.125174760818481445e-01
1.209252998232841492e-01
1.580218523740768433e-01
2.280278056859970093e-01
2.392761558294296265e-01
2.392761558294296265e-01
2.392761558294296265e-01
2.392761558294296265e-01
1.229312643408775330e-01
9.007032215595245361e-02
8.299456536769866943e-02
5.403891205787658691e-02
8.844803273677825928e-02
5.727542564272880554e-02
2.392761558294296265e-01
1.840514987707138062e-01
1.715942025184631348e-01
1.080223843455314636e-01
5.131451040506362915e-02
9.570109844207763672e-02
1.039645373821258545e-01
2.392761558294296265e-01
2.392761558294296265e-01
2.392761558294296265e-01
1.111639961600303650e-01
1.163545027375221252e-01
7.681556046009063721e-02
7.792343944311141968e-02
9.709829092025756836e-02
1.433561742305755615e-01
2.256628721952438354e-01
2.256628721952438354e-01
2.003879100084304810e-01
1.847513765096664429e-01
2.256628721952438354e-01
1.143115460872650146e-01
4.426767304539680481e-02
8.711888641119003296e-02
1.065234839916229248e-01
2.256628721952438354e-01
2.256628721952438354e-01
1.526051759719848633e-01
1.751319766044616699e-01
8.514006435871124268e-02
9.350916743278503418e-02
7.700262963771820068e-02
1.034074202179908752e-01
9.836666285991668701e-02
2.234839498996734619e-01
2.256628721952438354e-01
2.256628721952438354e-01
2.256628721952438354e-01
2.256628721952438354e-01
1.499550342559814453e-01
7.621563225984573364e-02
1.968607157468795776e-01
1.299830675125122070e-01
2.256628721952438354e-01
1.987793445587158203e-01
2.067689448595046997e-01
7.636611163616180420e-02
8.145406842231750488e-02
4.905691370368003845e-02
3.172723576426506042e-02
3.154681622982025146e-02
2.869611419737339020e-02
1.183448359370231628e-01
1.361962556838989258e-01
1.039625033736228943e-01
2.058737426996231079e-01
9.793213754892349243e-02
2.436259947717189789e-02
3.268520161509513855e-02
4.290887713432312012e-02
2.053580991923809052e-02
1.229450181126594543e-01
2.655122578144073486e-01
3.190218210220336914e-01
3.081243336200714111e-01
2.277928590774536133e-01
1.275909394025802612e-01
2.812955714762210846e-02
8.145895600318908691e-02
4.849136620759963989e-02
9.465706348419189453e-02
9.429312497377395630e-02
1.843325346708297729e-01
3.190218210220336914e-01
3.190218210220336914e-01
3.190218210220336914e-01
6.174713373184204102e-02
6.092561408877372742e-02
2.937179803848266602e-02
8.562142401933670044e-02
2.119636088609695435e-01
3.190218210220336914e-01
1.157528609037399292e-01
4.395043849945068359e-02
2.181516587734222412e-02
2.178134024143218994e-02
2.603098005056381226e-02
9.727523662149906158e-03
4.274348169565200806e-02
1.115404814481735229e-01
1.662927716970443726e-01
2.090650945901870728e-01
4.765337705612182617e-02
4.911674931645393372e-02
5.158131569623947144e-02
8.883907645940780640e-02
5.252912268042564392e-02
5.752589553594589233e-02
1.117402017116546631e-01
2.131882756948471069e-01
3.229767978191375732e-01
3.229767978191375732e-01
3.229767978191375732e-01
3.202508017420768738e-02
2.945593185722827911e-02
8.312843739986419678e-03
3.613097593188285828e-02
7.705352455377578735e-02
2.402452230453491211e-01
3.229767978191375732e-01
3.229767978191375732e-01
3.229767978191375732e-01
5.058250948786735535e-02
6.017294898629188538e-02
1.826851628720760345e-02
2.915540523827075958e-02
1.018143519759178162e-01
3.229767978191375732e-01
1.335631757974624634e-01
5.515610426664352417e-02
5.921925231814384460e-02
1.738560050725936890e-01
2.640843093395233154e-01
1.052505299448966980e-01
4.669252783060073853e-02
5.049059912562370300e-02
1.023545265197753906e-01
8.485157787799835205e-02
2.086865156888961792e-01
1.509811282157897949e-01
2.640843093395233154e-01
2.640843093395233154e-01
2.143537998199462891e-01
6.994481384754180908e-02
8.471237868070602417e-02
8.498644828796386719e-02
2.640843093395233154e-01
1.300937384366989136e-01
1.807690858840942383e-01
2.027762085199356079e-01
1.874865442514419556e-01
5.869382619857788086e-02
2.015497162938117981e-02
1.020613014698028564e-01
2.640843093395233154e-01
1.077236607670783997e-01
1.720415651798248291e-01
2.299548089504241943e-01
2.640843093395233154e-01
2.640843093395233154e-01
1.601515263319015503e-01
5.777775496244430542e-02
1.089331582188606262e-01
1.200893670320510864e-01
9.385742992162704468e-02
2.277889996767044067e-01
1.757711172103881836e-01
2.277889996767044067e-01
2.277889996767044067e-01
2.080323845148086548e-01
8.343159407377243042e-02
1.120480224490165710e-01
1.390332132577896118e-01
1.465426832437515259e-01
1.186712235212326050e-01
1.593651175498962402e-01
2.246531546115875244e-01
1.467971652746200562e-01
1.627951115369796753e-01
1.153265908360481262e-01
1.308177709579467773e-01
1.284752637147903442e-01
8.624621480703353882e-02
1.363583505153656006e-01
1.590182036161422729e-01
2.277889996767044067e-01
2.277889996767044067e-01
1.982472240924835205e-01
1.185842230916023254e-01
1.086345016956329346e-01
1.036821156740188599e-01
1.542735695838928223e-01
1.651373803615570068e-01
1.970165520906448364e-01
1.979479491710662842e-01
2.253197133541107178e-01
2.086638808250427246e-01
1.358894109725952148e-01
1.281411647796630859e-01
1.567219048738479614e-01
1.099421828985214233e-01
1.855614483356475830e-01
2.209740132093429565e-01
2.209740132093429565e-01
1.867953687906265259e-01
1.829895228147506714e-01
8.000142872333526611e-02
1.610958427190780640e-01
8.081919699907302856e-02
8.908721059560775757e-02
1.924915462732315063e-01
2.209740132093429565e-01
1.813310384750366211e-01
2.209740132093429565e-01
1.130014508962631226e-01
5.708681046962738037e-02
1.662548482418060303e-01
8.855061233043670654e-02
1.151733845472335815e-01
2.209740132093429565e-01
2.209740132093429565e-01
2.209740132093429565e-01
2.209740132093429565e-01
1.817323863506317139e-01
8.316031843423843384e-02
1.155347228050231934e-01
1.094961017370223999e-01
9.919729083776473999e-02
1.922030299901962280e-01
2.088262885808944702e-01
2.209740132093429565e-01
2.209740132093429565e-01
1.193377375602722168e-01
8.785864710807800293e-02
1.474967896938323975e-01
1.169722899794578552e-01
1.322024613618850708e-01
1.118295192718505859e-01
9.118106961250305176e-02
8.659943938255310059e-02
9.409137070178985596e-02
1.117263063788414001e-01
1.299345940351486206e-01
1.612636297941207886e-01
1.434945017099380493e-01
2.027624696493148804e-01
2.176102548837661743e-01
1.755384355783462524e-01
2.248023599386215210e-01
2.248023599386215210e-01
1.007275432348251343e-01
7.766027003526687622e-02
7.910557091236114502e-02
1.366060674190521240e-01
2.248023599386215210e-01
1.938429474830627441e-01
1.409005373716354370e-01
1.854262501001358032e-01
1.161572411656379700e-01
1.499012559652328491e-01
1.367579698562622070e-01
1.465638279914855957e-01
2.248023599386215210e-01
2.133338451385498047e-01
2.248023599386215210e-01
2.248023599386215210e-01
2.248023599386215210e-01
2.044016718864440918e-01
1.392492800951004028e-01
9.311101585626602173e-02
1.384437531232833862e-01
2.248023599386215210e-01
2.437296956777572632e-01
2.437296956777572632e-01
1.858376562595367432e-01
2.041215598583221436e-01
2.264245152473449707e-01
6.060704588890075684e-02
3.704348579049110413e-02
3.439376875758171082e-02
1.849929243326187134e-01
2.437296956777572632e-01
2.437296956777572632e-01
2.307981550693511963e-01
7.033105939626693726e-02
5.226300284266471863e-02
3.864456340670585632e-02
4.000891372561454773e-02
2.959886007010936737e-02
1.994959861040115356e-01
1.562134772539138794e-01
1.998840123414993286e-01
2.185925990343093872e-01
2.437296956777572632e-01
1.732562482357025146e-01
8.274907618761062622e-02
7.512255012989044189e-02
6.807441264390945435e-02
2.104581892490386963e-01
2.188580185174942017e-01
2.437296956777572632e-01
2.437296956777572632e-01
1.007508933544158936e-01
4.551032558083534241e-02
3.874440863728523254e-02
5.791470408439636230e-02
4.318847879767417908e-02
1.966847479343414307e-01
2.431662082672119141e-01
2.431662082672119141e-01
2.221538126468658447e-01
7.864844053983688354e-02
5.419263243675231934e-02
6.596728414297103882e-02
1.086624115705490112e-01
1.533111929893493652e-01
2.357808351516723633e-01
2.431662082672119141e-01
1.142338365316390991e-01
1.304347515106201172e-01
4.372479021549224854e-02
9.888276457786560059e-02
1.026694849133491516e-01
2.431662082672119141e-01
2.431662082672119141e-01
2.431662082672119141e-01
2.431662082672119141e-01
2.431662082672119141e-01
1.851322650909423828e-01
7.717102020978927612e-02
3.431952372193336487e-02
4.197533056139945984e-02
7.989135384559631348e-02
1.368076056241989136e-01
2.431662082672119141e-01
1.976321041584014893e-01
1.450230032205581665e-01
9.872291237115859985e-02
4.872891679406166077e-02
8.502785861492156982e-02
7.207706570625305176e-02
1.326651126146316528e-01
2.175741940736770630e-01
2.038016915321350098e-01
1.666596382856369019e-01
8.418557792901992798e-02
8.054433017969131470e-02
3.561021387577056885e-02
7.737830281257629395e-02
7.379800081253051758e-02
2.052479386329650879e-01
2.747151553630828857e-01
2.747151553630828857e-01
1.143597364425659180e-01
1.011491194367408752e-01
1.052659004926681519e-01
8.892665058374404907e-02
1.015934646129608154e-01
1.249713972210884094e-01
2.536121904850006104e-01
2.747151553630828857e-01
2.747151553630828857e-01
1.277891099452972412e-01
7.225302606821060181e-02
6.336131691932678223e-02
6.289618462324142456e-02
9.340367466211318970e-02
7.523632794618606567e-02
1.432854384183883667e-01
2.747151553630828857e-01
2.678844034671783447e-01
8.664733171463012695e-02
7.078838348388671875e-02
7.256578654050827026e-02
9.408558905124664307e-02
8.328101783990859985e-02
1.654437333345413208e-01
2.498038560152053833e-01
2.747151553630828857e-01
2.369913756847381592e-01
8.337867259979248047e-02
6.524255126714706421e-02
8.438967168331146240e-02
8.678570389747619629e-02
1.172879114747047424e-01
1.020651757717132568e-01
2.807624936103820801e-01
2.807624936103820801e-01
1.335996985435485840e-01
1.413934975862503052e-01
9.875096380710601807e-02
9.079731255769729614e-02
6.943629682064056396e-02
8.890080451965332031e-02
4.936390742659568787e-02
1.892961263656616211e-01
2.807624936103820801e-01
1.920594573020935059e-01
1.108421012759208679e-01
4.011610150337219238e-02
4.701492562890052795e-02
6.513979285955429077e-02
6.878671050071716309e-02
1.248636320233345032e-01
2.807624936103820801e-01
2.807624936103820801e-01
2.375601679086685181e-01
2.807624936103820801e-01
4.818433523178100586e-02
3.886302560567855835e-02
5.159533396363258362e-02
6.074022874236106873e-02
6.889432668685913086e-02
2.465432584285736084e-01
2.807624936103820801e-01
2.807624936103820801e-01
2.856542766094207764e-01
1.116396486759185791e-01
3.965957835316658020e-02
3.652584552764892578e-02
7.575189322233200073e-02
2.944440208375453949e-02
5.705559626221656799e-02
1.473342329263687134e-01
2.089663147926330566e-01
2.943281233310699463e-01
1.096160560846328735e-01
6.417423486709594727e-02
2.832378260791301727e-02
7.112094759941101074e-02
1.003553345799446106e-01
7.688407599925994873e-02
1.265823096036911011e-01
2.568019330501556396e-01
3.027370870113372803e-01
1.001131907105445862e-01
3.714955225586891174e-02
4.867538809776306152e-02
5.358787626028060913e-02
4.327495023608207703e-02
9.268511086702346802e-02
3.027370870113372803e-01
3.027370870113372803e-01
2.878862619400024414e-01
1.138324663043022156e-01
7.668332010507583618e-02
5.584883689880371094e-02
6.399223953485488892e-02
1.147049367427825928e-01
1.036886349320411682e-01
3.027370870113372803e-01
3.027370870113372803e-01
1.020160466432571411e-01
5.693728476762771606e-02
9.161372482776641846e-02
4.936316236853599548e-02
8.674312382936477661e-02
1.488903313875198364e-01
1.025757342576980591e-01
9.271614998579025269e-02
1.745096743106842041e-01
1.202755272388458252e-01
7.526889443397521973e-02
7.191888242959976196e-02
5.906719714403152466e-02
4.508917033672332764e-02
4.765200614929199219e-02
3.199202194809913635e-02
5.443561449646949768e-02
1.643889248371124268e-01
3.897043466567993164e-01
6.940615922212600708e-02
1.199598610401153564e-01
7.343513518571853638e-02
7.013054192066192627e-02
1.469213515520095825e-01
1.031447350978851318e-01
3.262993991374969482e-01
3.897043466567993164e-01
3.897043466567993164e-01
1.397801190614700317e-01
8.472817391157150269e-02
5.089959874749183655e-02
3.455268964171409607e-02
7.031045854091644287e-02
8.990991115570068359e-02
9.505056589841842651e-02
3.897043466567993164e-01
1.329399496316909790e-01
9.382073581218719482e-02
5.367844924330711365e-02
3.922698274254798889e-02
2.304054051637649536e-02
8.121539838612079620e-03
1.029161363840103149e-02
2.302889898419380188e-02
1.017575711011886597e-01
1.172901317477226257e-01
8.825586736202239990e-02
4.450901970267295837e-02
3.121078573167324066e-02
3.486724942922592163e-02
1.557018794119358063e-02
2.353608608245849609e-02
2.286868542432785034e-02
8.193694055080413818e-02
4.673993587493896484e-01
1.238245442509651184e-01
4.838244616985321045e-02
2.209031581878662109e-02
1.402589865028858185e-02
2.455731295049190521e-02
6.911521404981613159e-02
5.014344304800033569e-02
4.673993587493896484e-01
4.673993587493896484e-01
7.270371913909912109e-02
4.308461025357246399e-02
1.638584770262241364e-02
2.491817809641361237e-02
3.425420075654983521e-02
4.831321910023689270e-02
8.636078238487243652e-02
4.673993587493896484e-01
1.014308705925941467e-01
6.150217354297637939e-02
3.400051593780517578e-02
1.777980849146842957e-02
1.607714965939521790e-02
1.157990843057632446e-02
2.279746718704700470e-02
1.776395365595817566e-02
7.603747397661209106e-02
2.019117474555969238e-01
1.675647646188735962e-01
4.912655428051948547e-02
1.363853365182876587e-02
1.105596497654914856e-02
9.656146168708801270e-03
3.971004858613014221e-02
5.152357369661331177e-02
1.032105907797813416e-01
3.899240791797637939e-01
2.365539968013763428e-01
7.907864451408386230e-02
3.372667729854583740e-02
2.499447762966156006e-02
5.259746313095092773e-02
3.125051409006118774e-02
1.143841370940208435e-01
3.899240791797637939e-01
3.899240791797637939e-01
3.899240791797637939e-01
1.255564093589782715e-01
7.637361437082290649e-02
8.116845041513442993e-02
7.614467293024063110e-02
5.322825908660888672e-02
9.584301710128784180e-02
3.899240791797637939e-01
2.558966875076293945e-01
1.703326255083084106e-01
2.831923589110374451e-02
1.540571078658103943e-02
1.336182281374931335e-02
6.056600715965032578e-03
2.756701223552227020e-02
4.035901278257369995e-02
8.142507076263427734e-02
3.276273310184478760e-01
3.276273310184478760e-01
9.814113378524780273e-02
1.954427734017372131e-02
2.184141799807548523e-02
9.010146372020244598e-03
3.880897536873817444e-02
1.637608185410499573e-02
1.023235023021697998e-01
3.276273310184478760e-01
3.276273310184478760e-01
7.533316314220428467e-02
4.866059124469757080e-02
5.436674132943153381e-02
3.076382167637348175e-02
7.228474318981170654e-02
4.298232123255729675e-02
2.421419769525527954e-01
3.276273310184478760e-01
3.276273310184478760e-01
2.172823250293731689e-01
6.803218275308609009e-02
1.577750779688358307e-02
3.486432507634162903e-02
1.594729125499725342e-01
9.276747703552246094e-02
2.451738119125366211e-01
2.611004114151000977e-01
2.611004114151000977e-01
1.638591140508651733e-01
1.351655460894107819e-02
1.599917374551296234e-02
7.605049759149551392e-03
2.518588118255138397e-02
1.722621172666549683e-02
1.717499345541000366e-01
2.611004114151000977e-01
2.611004114151000977e-01
2.611004114151000977e-01
3.845104575157165527e-02
2.126448787748813629e-02
1.343240030109882355e-02
4.536163061857223511e-02
3.864236548542976379e-02
2.611004114151000977e-01
2.611004114151000977e-01
2.611004114151000977e-01
2.349974364042282104e-01
5.918031185865402222e-02
1.735168881714344025e-02
2.227856218814849854e-02
8.138498663902282715e-02
7.052981853485107422e-02
2.082417607307434082e-01
2.611004114151000977e-01
2.611004114151000977e-01
2.327789515256881714e-01
8.111073821783065796e-02
3.621117025613784790e-02
2.540377900004386902e-02
8.994614332914352417e-02
1.114187538623809814e-01
2.334668785333633423e-01
2.622184753417968750e-01
2.622184753417968750e-01
2.622184753417968750e-01
3.381792455911636353e-02
1.919599436223506927e-02
2.107925340533256531e-02
6.639064103364944458e-02
5.735597759485244751e-02
2.416863590478897095e-01
2.622184753417968750e-01
2.622184753417968750e-01
2.587715089321136475e-01
1.341689564287662506e-02
1.644713245332241058e-02
3.160174563527107239e-02
6.697062402963638306e-02
1.256837844848632812e-01
2.622184753417968750e-01
2.320559918880462646e-01
1.820845156908035278e-01
1.304661482572555542e-01
6.077209860086441040e-02
6.687410920858383179e-02
7.422987371683120728e-02
8.936111629009246826e-02
9.980086237192153931e-02
1.994239836931228638e-01
1.422201842069625854e-01
1.231389418244361877e-01
6.878512352705001831e-02
7.169743627309799194e-02
1.508475095033645630e-01
1.869905143976211548e-01
1.848088353872299194e-01
2.162326276302337646e-01
2.622184753417968750e-01
2.298502475023269653e-01
1.727662831544876099e-01
1.875096708536148071e-01
1.560191065073013306e-01
9.389293938875198364e-02
6.026757881045341492e-02
8.702370524406433105e-02
1.551781743764877319e-01
2.298502475023269653e-01
1.230672076344490051e-01
1.896958351135253906e-01
2.298502475023269653e-01
2.298502475023269653e-01
2.298502475023269653e-01
1.538368016481399536e-01
7.407853752374649048e-02
8.939437568187713623e-02
1.257607042789459229e-01
6.271892786026000977e-02
1.126153916120529175e-01
1.321359425783157349e-01
1.987667828798294067e-01
2.176984101533889771e-01
2.052849233150482178e-01
2.298502475023269653e-01
1.858331859111785889e-01
1.196734383702278137e-01
8.954740315675735474e-02
1.193677708506584167e-01
1.485321968793869019e-01
2.298502475023269653e-01
2.298502475023269653e-01
1.915818154811859131e-01
1.286182999610900879e-01
8.401174843311309814e-02
1.445823162794113159e-01
1.479244083166122437e-01
1.096617951989173889e-01
1.383963674306869507e-01
2.042850703001022339e-01
2.150491476058959961e-01
1.744488030672073364e-01
8.636350929737091064e-02
8.986762911081314087e-02
1.308177858591079712e-01
1.500044167041778564e-01
1.604294478893280029e-01
1.779343336820602417e-01
1.638436317443847656e-01
2.150491476058959961e-01
1.627004444599151611e-01
1.663473844528198242e-01
1.500566452741622925e-01
1.941885054111480713e-01
1.653063148260116577e-01
9.511337429285049438e-02
1.213128343224525452e-01
1.984886825084686279e-01
2.150491476058959961e-01
1.684054285287857056e-01
5.022828653454780579e-02
8.119444549083709717e-02
1.968038380146026611e-01
2.150491476058959961e-01
2.057210505008697510e-01
2.150491476058959961e-01
2.150491476058959961e-01
2.150491476058959961e-01
1.320064365863800049e-01
1.572194695472717285e-01
1.335101574659347534e-01
1.617276072502136230e-01
8.235901594161987305e-02
2.207977026700973511e-01
2.207977026700973511e-01
2.207977026700973511e-01
2.207977026700973511e-01
1.122597008943557739e-01
1.575492471456527710e-01
8.811206370592117310e-02
1.352753490209579468e-01
7.643783092498779297e-02
1.848021894693374634e-01
2.207977026700973511e-01
2.207977026700973511e-01
1.937863230705261230e-01
1.125914230942726135e-01
1.563242524862289429e-01
7.726656645536422729e-02
1.273583918809890747e-01
1.145791336894035339e-01
1.728797107934951782e-01
2.207977026700973511e-01
2.172533571720123291e-01
2.207977026700973511e-01
1.327508240938186646e-01
2.207977026700973511e-01
1.065025627613067627e-01
9.189262986183166504e-02
8.723394572734832764e-02
2.103384584188461304e-01
2.207977026700973511e-01
1.736898273229598999e-01
1.857580691576004028e-01
1.290676295757293701e-01
1.292717903852462769e-01
4.978211596608161926e-02
1.521706730127334595e-01
2.191050350666046143e-01
1.103436350822448730e-01
1.059920936822891235e-01
1.808916777372360229e-01
8.900467306375503540e-02
1.439421325922012329e-01
1.096708849072456360e-01
1.456081569194793701e-01
2.033372223377227783e-01
1.780339628458023071e-01
1.391651779413223267e-01
1.924033612012863159e-01
2.191050350666046143e-01
1.150566563010215759e-01
1.304882466793060303e-01
1.010260954499244690e-01
1.237423643469810486e-01
2.004636526107788086e-01
2.191050350666046143e-01
1.021466776728630066e-01
1.580429822206497192e-01
1.619685739278793335e-01
1.567311137914657593e-01
1.464255899190902710e-01
5.579243600368499756e-02
1.616737991571426392e-01
1.966535598039627075e-01
2.191050350666046143e-01
2.000903040170669556e-01
2.191050350666046143e-01
2.191050350666046143e-01
2.191050350666046143e-01
2.079294770956039429e-01
1.251882761716842651e-01
1.369429081678390503e-01
1.584004014730453491e-01
1.043923646211624146e-01
1.462177336215972900e-01
2.418112009763717651e-01
2.418112009763717651e-01
1.713484227657318115e-01
1.107966154813766479e-01
1.204610839486122131e-01
8.741439878940582275e-02
2.107543945312500000e-01
2.030218541622161865e-01
2.383862435817718506e-01
2.418112009763717651e-01
2.039003968238830566e-01
6.566236168146133423e-02
7.398846000432968140e-02
9.937333315610885620e-02
5.850014463067054749e-02
1.931442618370056152e-01
1.192816719412803650e-01
2.092847079038619995e-01
2.418112009763717651e-01
2.418112009763717651e-01
2.317623198032379150e-01
1.605879068374633789e-01
1.221081018447875977e-01
9.256418049335479736e-02
1.599796861410140991e-01
1.466434150934219360e-01
1.687149405479431152e-01
1.820552498102188110e-01
1.563175320625305176e-01
8.154688775539398193e-02
7.957475632429122925e-02
8.086333423852920532e-02
9.428852051496505737e-02
2.053433656692504883e-01
2.189364731311798096e-01
2.189364731311798096e-01
2.189364731311798096e-01
1.380227655172348022e-01
5.264055728912353516e-02
7.988866418600082397e-02
1.278457045555114746e-01
1.442594528198242188e-01
2.189364731311798096e-01
1.844384521245956421e-01
1.776818037033081055e-01
1.418645232915878296e-01
8.734537661075592041e-02
1.237290278077125549e-01
1.088596731424331665e-01
1.457913368940353394e-01
2.189364731311798096e-01
2.189364731311798096e-01
2.189364731311798096e-01
2.071059048175811768e-01
2.065709084272384644e-01
1.140504851937294006e-01
1.038851514458656311e-01
9.476900845766067505e-02
1.171216294169425964e-01
1.573643088340759277e-01
1.959999650716781616e-01
2.036716938018798828e-01
2.189364731311798096e-01
1.362413614988327026e-01
1.466473937034606934e-01
1.923763453960418701e-01
1.368693858385086060e-01
1.093257963657379150e-01
1.675037294626235962e-01
1.862446665763854980e-01
1.297993361949920654e-01
1.198625788092613220e-01
9.271374344825744629e-02
8.397074043750762939e-02
1.096124872565269470e-01
1.058768928050994873e-01
1.923274397850036621e-01
2.247065752744674683e-01
2.247065752744674683e-01
2.247065752744674683e-01
1.205954849720001221e-01
1.132239326834678650e-01
1.624458730220794678e-01
1.058976650238037109e-01
1.484726518392562866e-01
2.247065752744674683e-01
2.247065752744674683e-01
2.247065752744674683e-01
1.428244411945343018e-01
1.957501322031021118e-01
7.979232817888259888e-02
1.331837624311447144e-01
1.887702196836471558e-01
1.080258190631866455e-01
1.386091113090515137e-01
1.749931275844573975e-01
2.225249558687210083e-01
1.968070119619369507e-01
1.299276202917098999e-01
9.836449474096298218e-02
1.377187222242355347e-01
1.566655486822128296e-01
1.046521067619323730e-01
2.247065752744674683e-01
2.247065752744674683e-01
2.247065752744674683e-01
1.462629288434982300e-01
5.130328610539436340e-02
5.955288186669349670e-02
7.090037316083908081e-02
5.712261423468589783e-02
9.827723354101181030e-02
1.732407212257385254e-01
2.749280631542205811e-01
2.597136199474334717e-01
2.378810495138168335e-01
6.953526288270950317e-02
4.515899717807769775e-02
4.759395495057106018e-02
6.250562518835067749e-02
9.859407693147659302e-02
1.239902302622795105e-01
2.749280631542205811e-01
2.749280631542205811e-01
1.168947294354438782e-01
7.263816148042678833e-02
6.363842636346817017e-02
7.442229241132736206e-02
1.010012626647949219e-01
9.705959260463714600e-02
2.000451087951660156e-01
2.749280631542205811e-01
2.749280631542205811e-01
1.328954547643661499e-01
8.065540343523025513e-02
4.741668701171875000e-02
1.101106554269790649e-01
1.648441106081008911e-01
1.379367113113403320e-01
2.398639470338821411e-01
2.749280631542205811e-01
2.749280631542205811e-01
2.394283264875411987e-01
9.891416877508163452e-02
2.912714891135692596e-02
3.856373578310012817e-02
5.440312251448631287e-02
5.558267980813980103e-02
5.298614501953125000e-02
2.627107501029968262e-01
2.627107501029968262e-01
2.284406423568725586e-01
1.187595203518867493e-01
6.159064173698425293e-02
6.436950713396072388e-02
5.165299773216247559e-02
9.926866739988327026e-02
8.474487811326980591e-02
2.627107501029968262e-01
2.627107501029968262e-01
1.887239813804626465e-01
8.940791338682174683e-02
7.167434692382812500e-02
9.461013227701187134e-02
1.272410899400711060e-01
6.480472534894943237e-02
1.139473468065261841e-01
2.627107501029968262e-01
2.627107501029968262e-01
2.627107501029968262e-01
1.479355394840240479e-01
1.745153218507766724e-01
1.194130256772041321e-01
1.200943961739540100e-01
1.474016457796096802e-01
1.008347570896148682e-01
2.627107501029968262e-01
2.627107501029968262e-01
2.741679847240447998e-01
8.400636166334152222e-02
8.882535994052886963e-02
5.182587355375289917e-02
2.149783261120319366e-02
8.632040023803710938e-02
8.794122934341430664e-02
2.440245449542999268e-01
2.741679847240447998e-01
2.741679847240447998e-01
1.197834834456443787e-01
5.911582335829734802e-02
2.309655211865901947e-02
1.676896214485168457e-02
6.993147730827331543e-02
1.321276128292083740e-01
1.382040083408355713e-01
2.741679847240447998e-01
1.494805365800857544e-01
1.278331577777862549e-01
1.910431981086730957e-01
9.048056602478027344e-02
9.352941066026687622e-02
1.693446785211563110e-01
1.218884289264678955e-01
1.708979308605194092e-01
1.892617940902709961e-01
2.741679847240447998e-01
2.127327024936676025e-01
2.741679847240447998e-01
9.448055922985076904e-02
1.805281788110733032e-01
1.386153399944305420e-01
1.322145164012908936e-01
1.146021708846092224e-01
2.367255091667175293e-01
3.000426590442657471e-01
9.865333139896392822e-02
3.321167454123497009e-02
1.930322498083114624e-02
2.653324231505393982e-02
3.161130845546722412e-02
9.769228100776672363e-02
8.582156896591186523e-02
3.000426590442657471e-01
3.000426590442657471e-01
1.034143045544624329e-01
7.150236517190933228e-02
5.047678947448730469e-02
5.027852207422256470e-02
4.517673701047897339e-02
6.715781986713409424e-02
1.185106635093688965e-01
3.000426590442657471e-01
2.823150753974914551e-01
1.957633495330810547e-01
1.726349592208862305e-01
9.310276806354522705e-02
1.780524700880050659e-01
8.459077775478363037e-02
9.669573605060577393e-02
8.451415598392486572e-02
2.744386494159698486e-01
1.930652856826782227e-01
3.000426590442657471e-01
1.633231937885284424e-01
1.496295630931854248e-01
1.363749206066131592e-01
5.579729378223419189e-02
8.485431969165802002e-02
1.105747446417808533e-01
2.468494623899459839e-01
2.581087350845336914e-01
1.608362197875976562e-01
1.030887067317962646e-01
5.895236879587173462e-02
3.615722060203552246e-02
6.871520727872848511e-02
4.694127291440963745e-02
1.883381754159927368e-01
2.581087350845336914e-01
2.581087350845336914e-01
2.581087350845336914e-01
9.223151952028274536e-02
1.002226918935775757e-01
7.651338726282119751e-02
7.999017089605331421e-02
1.112011745572090149e-01
2.581087350845336914e-01
2.581087350845336914e-01
1.973982155323028564e-01
2.225338369607925415e-01
1.391489952802658081e-01
7.785994559526443481e-02
5.129069089889526367e-02
4.488650709390640259e-02
4.669844731688499451e-02
1.948570609092712402e-01
2.226317673921585083e-01
2.424397468566894531e-01
2.167056500911712646e-01
5.164089798927307129e-02
6.205599009990692139e-02
4.616732895374298096e-02
5.054529756307601929e-02
1.323055177927017212e-01
2.581087350845336914e-01
2.480235844850540161e-01
2.426187545061111450e-01
2.426187545061111450e-01
5.464440956711769104e-02
6.367813050746917725e-02
6.018416956067085266e-02
4.646476358175277710e-02
1.244930177927017212e-01
2.047726064920425415e-01
2.411909699440002441e-01
2.426187545061111450e-01
2.426187545061111450e-01
1.223319396376609802e-01
4.105592146515846252e-02
1.415797136723995209e-02
6.186582520604133606e-02
1.380247175693511963e-01
1.869899481534957886e-01
2.426187545061111450e-01
1.884094476699829102e-01
1.428153067827224731e-01
3.495072945952415466e-02
3.208950161933898926e-02
4.840081930160522461e-02
5.254329368472099304e-02
1.879636198282241821e-01
2.426187545061111450e-01
2.426187545061111450e-01
2.426187545061111450e-01
1.576678305864334106e-01
9.765084087848663330e-02
9.924418292939662933e-03
3.597615286707878113e-02
1.121867522597312927e-01
2.426187545061111450e-01
2.426187545061111450e-01
2.426187545061111450e-01
2.457307130098342896e-01
2.044933438301086426e-01
1.312951892614364624e-01
5.054824799299240112e-02
1.243858877569437027e-02
4.396965727210044861e-02
9.894846379756927490e-02
1.588870882987976074e-01
2.014337033033370972e-01
2.379531413316726685e-01
1.666799634695053101e-01
8.640708029270172119e-02
7.054137438535690308e-02
2.147918567061424255e-02
4.260953143239021301e-02
9.064272046089172363e-02
2.047528624534606934e-01
1.934194415807723999e-01
2.907783687114715576e-01
1.436543017625808716e-01
7.837218791246414185e-02
1.399336569011211395e-02
1.977570913732051849e-02
5.680202320218086243e-02
1.445847153663635254e-01
2.907783687114715576e-01
2.907783687114715576e-01
2.907783687114715576e-01
1.983972489833831787e-01
5.858206376433372498e-02
5.357589572668075562e-02
8.046905696392059326e-02
4.277186095714569092e-02
8.861397206783294678e-02
2.732183933258056641e-01
2.907783687114715576e-01
1.874574273824691772e-01
1.382474899291992188e-01
9.376018494367599487e-02
6.394970417022705078e-02
7.726557552814483643e-02
1.030126214027404785e-01
9.021396934986114502e-02
1.503643244504928589e-01
1.628091484308242798e-01
1.015810370445251465e-01
9.396976232528686523e-02
1.057609021663665771e-01
2.252115905284881592e-01
2.401124089956283569e-01
2.218127846717834473e-01
1.596006900072097778e-01
1.687138974666595459e-01
1.514285802841186523e-01
2.401124089956283569e-01
2.401124089956283569e-01
1.582685112953186035e-01
6.134248524904251099e-02
1.325416117906570435e-01
1.070039942860603333e-01
1.063576415181159973e-01
1.707611382007598877e-01
2.401124089956283569e-01
1.527241468429565430e-01
1.574811339378356934e-01
1.984738856554031372e-01
2.401124089956283569e-01
2.401124089956283569e-01
2.401124089956283569e-01
1.405434757471084595e-01
1.586504280567169189e-01
1.232500970363616943e-01
4.250915348529815674e-02
7.673731446266174316e-02
1.408608406782150269e-01
2.682852447032928467e-01
2.682852447032928467e-01
2.261196970939636230e-01
1.742660552263259888e-01
1.495782136917114258e-01
6.717310845851898193e-02
7.821405678987503052e-02
8.148141950368881226e-02
1.303390711545944214e-01
1.857385039329528809e-01
1.878650188446044922e-01
2.012356966733932495e-01
1.242186501622200012e-01
1.195264309644699097e-01
9.245356917381286621e-02
3.854737430810928345e-02
5.195169523358345032e-02
1.049379706382751465e-01
2.682852447032928467e-01
2.682852447032928467e-01
2.682852447032928467e-01
1.640028655529022217e-01
1.413589119911193848e-01
5.139926448464393616e-02
5.351513996720314026e-02
1.110598221421241760e-01
1.040498688817024231e-01
1.819234043359756470e-01
2.682852447032928467e-01
2.559056282043457031e-01
1.844248026609420776e-01
1.547937989234924316e-01
6.275059282779693604e-02
8.065325766801834106e-02
1.099349111318588257e-01
1.257655918598175049e-01
1.714680939912796021e-01
1.543371975421905518e-01
1.601792275905609131e-01
4.739741981029510498e-02
4.911944270133972168e-02
7.918778806924819946e-02
1.349327266216278076e-01
2.589180171489715576e-01
2.589180171489715576e-01
2.589180171489715576e-01
2.547079920768737793e-01
1.050693616271018982e-01
3.980064764618873596e-02
4.303656518459320068e-02
6.350618600845336914e-02
5.032368749380111694e-02
2.180810272693634033e-01
2.245912253856658936e-01
2.014418393373489380e-01
2.589180171489715576e-01
1.808011084794998169e-01
7.366824895143508911e-02
6.883908808231353760e-02
7.894928753376007080e-02
7.738604396581649780e-02
2.589180171489715576e-01
2.589180171489715576e-01
2.589180171489715576e-01
2.589180171489715576e-01
1.751380711793899536e-01
4.100613668560981750e-02
3.911648690700531006e-02
7.226881384849548340e-02
1.060097068548202515e-01
2.046205848455429077e-01
2.271242439746856689e-01
2.271242439746856689e-01
2.197331190109252930e-01
1.247536018490791321e-01
8.411245048046112061e-02
7.171619683504104614e-02
5.878064781427383423e-02
1.600098758935928345e-01
2.271242439746856689e-01
2.271242439746856689e-01
1.844124794006347656e-01
1.215364485979080200e-01
9.683976322412490845e-02
6.123283132910728455e-02
4.678393155336380005e-02
1.604638397693634033e-01
8.391045778989791870e-02
2.271242439746856689e-01
2.161926627159118652e-01
2.271242439746856689e-01
2.271242439746856689e-01
1.809808313846588135e-01
7.596120983362197876e-02
8.037951588630676270e-02
8.405823260545730591e-02
1.906223595142364502e-01
2.271242439746856689e-01
2.271242439746856689e-01
2.027156352996826172e-01
1.526064127683639526e-01
1.642773449420928955e-01
9.989967942237854004e-02
9.879448264837265015e-02
1.791914850473403931e-01
