2.794289290904998779e-01
1.815361380577087402e-01
6.135448813438415527e-02
1.002094894647598267e-01
4.741403087973594666e-02
5.709149688482284546e-02
7.382889837026596069e-02
1.089800149202346802e-01
2.794289290904998779e-01
2.794289290904998779e-01
2.081011533737182617e-01
5.430594459176063538e-02
1.182624846696853638e-01
6.296677887439727783e-02
9.216600656509399414e-02
5.508726462721824646e-02
1.279147267341613770e-01
2.794289290904998779e-01
2.794289290904998779e-01
1.815719008445739746e-01
4.877403751015663147e-02
6.498406082391738892e-02
7.170555740594863892e-02
6.938003748655319214e-02
7.800999283790588379e-02
1.289145648479461670e-01
2.794289290904998779e-01
2.794289290904998779e-01
1.961955875158309937e-01
6.777971982955932617e-02
1.044436767697334290e-01
9.274385124444961548e-02
2.082640528678894043e-01
1.495285034179687500e-01
1.015399023890495300e-01
2.794289290904998779e-01
2.412503063678741455e-01
1.578294783830642700e-01
8.782281726598739624e-02
8.161256462335586548e-02
9.408349543809890747e-02
1.534112095832824707e-01
1.038008481264114380e-01
1.231141090393066406e-01
2.412503063678741455e-01
2.412503063678741455e-01
1.051676422357559204e-01
1.349664628505706787e-01
8.283558487892150879e-02
1.534974575042724609e-01
1.308017522096633911e-01
1.212754771113395691e-01
2.072174549102783203e-01
2.412503063678741455e-01
2.412503063678741455e-01
1.494433134794235229e-01
1.555259078741073608e-01
1.267508566379547119e-01
1.043032854795455933e-01
2.412503063678741455e-01
1.342951655387878418e-01
1.031969636678695679e-01
2.412503063678741455e-01
2.412503063678741455e-01
1.233750805258750916e-01
2.096570581197738647e-01
9.145641326904296875e-02
6.206644326448440552e-02
1.337961107492446899e-01
1.103656142950057983e-01
2.412503063678741455e-01
1.951637119054794312e-01
2.270160466432571411e-01
1.003763899207115173e-01
1.055557727813720703e-01
1.016885787248611450e-01
9.792852401733398438e-02
8.840031176805496216e-02
1.112184748053550720e-01
2.049905806779861450e-01
2.153163552284240723e-01
2.270160466432571411e-01
1.018504053354263306e-01
1.479549556970596313e-01
1.509156525135040283e-01
9.685724973678588867e-02
1.524568200111389160e-01
2.145351618528366089e-01
2.270160466432571411e-01
2.270160466432571411e-01
2.270160466432571411e-01
1.310065686702728271e-01
1.333215087652206421e-01
7.277204841375350952e-02
2.870528772473335266e-02
1.073648855090141296e-01
1.365775167942047119e-01
2.270160466432571411e-01
1.581210196018218994e-01
2.270160466432571411e-01
1.862841099500656128e-01
1.716024428606033325e-01
1.700525581836700439e-01
5.958224087953567505e-02
1.467107534408569336e-01
2.270160466432571411e-01
1.900514364242553711e-01
2.270160466432571411e-01
2.219707965850830078e-01
1.410289108753204346e-01
8.808362483978271484e-02
1.115537136793136597e-01
6.362424045801162720e-02
1.182571724057197571e-01
1.930876523256301880e-01
1.597816497087478638e-01
2.219707965850830078e-01
2.219707965850830078e-01
1.965267509222030640e-01
1.674554049968719482e-01
1.373453587293624878e-01
9.415341913700103760e-02
1.028893366456031799e-01
2.076701670885086060e-01
1.238881722092628479e-01
1.953590512275695801e-01
2.219707965850830078e-01
2.139894366264343262e-01
1.401729881763458252e-01
8.662429451942443848e-02
6.371705234050750732e-02
1.048465818166732788e-01
2.219707965850830078e-01
1.334180980920791626e-01
2.219707965850830078e-01
2.219707965850830078e-01
2.219707965850830078e-01
1.632631868124008179e-01
9.260904788970947266e-02
1.220081672072410583e-01
8.094561100006103516e-02
1.992819607257843018e-01
1.720625609159469604e-01
2.219707965850830078e-01
2.248573154211044312e-01
1.838840991258621216e-01
1.642491966485977173e-01
7.793172448873519897e-02
7.965341210365295410e-02
1.240659877657890320e-01
1.814730465412139893e-01
1.320578008890151978e-01
1.995355933904647827e-01
2.376511543989181519e-01
2.122014164924621582e-01
1.080788671970367432e-01
8.904209733009338379e-02
1.057361587882041931e-01
1.109882593154907227e-01
1.164087876677513123e-01
1.399267613887786865e-01
2.376511543989181519e-01
2.376511543989181519e-01
2.376511543989181519e-01
1.890895813703536987e-01
7.501986622810363770e-02
6.519938260316848755e-02
1.210889592766761780e-01
1.182848364114761353e-01
1.654913872480392456e-01
2.138787209987640381e-01
2.376511543989181519e-01
2.376511543989181519e-01
1.817723214626312256e-01
8.600079268217086792e-02
8.403600752353668213e-02
1.862500160932540894e-01
9.669565409421920776e-02
1.127122268080711365e-01
2.376511543989181519e-01
2.436456680297851562e-01
1.436712443828582764e-01
8.572569489479064941e-02
1.314380019903182983e-01
1.298448145389556885e-01
8.516252040863037109e-02
8.365086466073989868e-02
1.712636351585388184e-01
2.436456680297851562e-01
2.436456680297851562e-01
1.827640980482101440e-01
1.666090488433837891e-01
1.151178628206253052e-01
1.325825154781341553e-01
8.246254175901412964e-02
1.001419946551322937e-01
2.436456680297851562e-01
2.436456680297851562e-01
2.436456680297851562e-01
1.835471689701080322e-01
9.318475425243377686e-02
1.138545349240303040e-01
9.570708870887756348e-02
1.300823241472244263e-01
9.784687310457229614e-02
1.205529496073722839e-01
2.052819281816482544e-01
2.436456680297851562e-01
1.668129116296768188e-01
1.451203525066375732e-01
1.188066601753234863e-01
1.063180193305015564e-01
1.014960035681724548e-01
1.284430325031280518e-01
2.436456680297851562e-01
2.436456680297851562e-01
2.476823627948760986e-01
1.955497115850448608e-01
9.563185274600982666e-02
4.055763036012649536e-02
6.970475614070892334e-02
3.190851956605911255e-02
8.317603915929794312e-02
2.233782857656478882e-01
2.476823627948760986e-01
2.476823627948760986e-01
2.419727295637130737e-01
1.149725914001464844e-01
4.620522633194923401e-02
7.814442366361618042e-02
5.259251222014427185e-02
1.434376090764999390e-01
2.236642390489578247e-01
2.476823627948760986e-01
2.476823627948760986e-01
1.758925914764404297e-01
1.167430207133293152e-01
9.491474926471710205e-02
8.362024277448654175e-02
5.159256607294082642e-02
9.948735684156417847e-02
1.515610218048095703e-01
2.476823627948760986e-01
2.476823627948760986e-01
2.474096864461898804e-01
1.550452262163162231e-01
1.153911054134368896e-01
9.012614190578460693e-02
3.929211199283599854e-02
1.371636241674423218e-01
1.360418498516082764e-01
2.476823627948760986e-01
2.191151678562164307e-01
1.872820258140563965e-01
1.641757488250732422e-01
1.070495173335075378e-01
7.921236008405685425e-02
6.718145310878753662e-02
1.466613560914993286e-01
1.611542403697967529e-01
2.191151678562164307e-01
2.191151678562164307e-01
2.191151678562164307e-01
2.191151678562164307e-01
1.836589276790618896e-01
1.821846216917037964e-01
7.199543714523315430e-02
1.327898204326629639e-01
1.302214562892913818e-01
2.191151678562164307e-01
2.191151678562164307e-01
1.419889479875564575e-01
1.899618059396743774e-01
1.429244577884674072e-01
8.205810189247131348e-02
5.934756994247436523e-02
1.664748489856719971e-01
1.692802011966705322e-01
1.942741572856903076e-01
1.830836683511734009e-01
2.191151678562164307e-01
1.720687896013259888e-01
1.576434671878814697e-01
1.456283777952194214e-01
1.084633246064186096e-01
1.624757051467895508e-01
1.378258466720581055e-01
1.669725328683853149e-01
2.124036103487014771e-01
2.124036103487014771e-01
2.106755822896957397e-01
1.379781514406204224e-01
1.396654397249221802e-01
1.034488156437873840e-01
1.925482749938964844e-01
7.212440669536590576e-02
1.837345361709594727e-01
2.124036103487014771e-01
1.612029224634170532e-01
1.468013077974319458e-01
1.393309980630874634e-01
1.394585222005844116e-01
8.381180465221405029e-02
2.124036103487014771e-01
1.714653670787811279e-01
2.124036103487014771e-01
1.996430903673171997e-01
2.124036103487014771e-01
1.352301836013793945e-01
7.898963987827301025e-02
1.379567235708236694e-01
1.399918645620346069e-01
1.727937459945678711e-01
1.104300692677497864e-01
2.077143043279647827e-01
2.124036103487014771e-01
1.602468937635421753e-01
1.657908856868743896e-01
9.363760799169540405e-02
1.754746586084365845e-01
1.642018556594848633e-01
1.695637255907058716e-01
9.763120114803314209e-02
2.083233147859573364e-01
2.143372744321823120e-01
1.254112869501113892e-01
1.093943268060684204e-01
1.376897245645523071e-01
1.830068081617355347e-01
6.730661541223526001e-02
2.000431567430496216e-01
2.183382809162139893e-01
2.183382809162139893e-01
2.144508957862854004e-01
2.150351703166961670e-01
1.262860894203186035e-01
7.162220031023025513e-02
1.786802411079406738e-01
2.106081694364547729e-01
2.183382809162139893e-01
1.223397776484489441e-01
2.183382809162139893e-01
1.764925867319107056e-01
1.547962129116058350e-01
1.032134741544723511e-01
1.050284355878829956e-01
1.892857849597930908e-01
1.015279814600944519e-01
1.651390343904495239e-01
1.354201734066009521e-01
1.137122586369514465e-01
2.183382809162139893e-01
2.183382809162139893e-01
9.655520319938659668e-02
9.546383470296859741e-02
2.039194256067276001e-01
1.910307705402374268e-01
1.655574142932891846e-01
1.131503283977508545e-01
1.356527358293533325e-01
2.070507705211639404e-01
2.072873413562774658e-01
1.197321712970733643e-01
4.324730858206748962e-02
1.089670807123184204e-01
2.225068807601928711e-01
1.676955372095108032e-01
7.977372407913208008e-02
2.225068807601928711e-01
1.845438331365585327e-01
1.730670481920242310e-01
1.865991055965423584e-01
8.080310374498367310e-02
1.186123490333557129e-01
2.225068807601928711e-01
1.399787664413452148e-01
1.364399343729019165e-01
1.842548400163650513e-01
2.225068807601928711e-01
2.225068807601928711e-01
8.246872574090957642e-02
7.604690641164779663e-02
1.593598872423171997e-01
1.923714727163314819e-01
1.592459529638290405e-01
8.037599176168441772e-02
2.088710367679595947e-01
1.881488114595413208e-01
2.225068807601928711e-01
1.044721826910972595e-01
5.419523641467094421e-02
1.173386052250862122e-01
1.958839893341064453e-01
2.120869904756546021e-01
1.200714558362960815e-01
2.225068807601928711e-01
7.132939994335174561e-02
1.044804602861404419e-01
1.227732151746749878e-01
9.683753550052642822e-02
1.549047082662582397e-01
1.931204646825790405e-01
9.776393324136734009e-02
9.701927006244659424e-02
1.281828433275222778e-01
7.523135840892791748e-02
8.590251952409744263e-02
7.732038944959640503e-02
3.057155013084411621e-01
3.822705447673797607e-01
3.050208985805511475e-01
8.752837032079696655e-02
7.025567442178726196e-02
1.256129443645477295e-01
5.706965178251266479e-02
1.464750915765762329e-01
9.295028448104858398e-02
4.577640071511268616e-02
2.345008403062820435e-01
1.649180501699447632e-01
1.027351692318916321e-01
5.348847806453704834e-02
1.155992373824119568e-01
4.147886112332344055e-02
1.130331829190254211e-01
9.302140027284622192e-02
2.100062668323516846e-01
3.822705447673797607e-01
3.259238600730895996e-01
8.918789774179458618e-02
5.375500768423080444e-02
6.435830146074295044e-02
8.125346899032592773e-02
5.250211060047149658e-02
4.037249088287353516e-02
2.274853736162185669e-01
3.351701200008392334e-01
2.433327138423919678e-01
5.812916532158851624e-02
4.538930207490921021e-02
8.140199631452560425e-02
1.578463613986968994e-01
1.433756351470947266e-01
1.462697535753250122e-01
2.382880449295043945e-01
2.089247256517410278e-01
1.722478866577148438e-01
6.177617609500885010e-02
6.484271585941314697e-02
1.555429548025131226e-01
9.600108116865158081e-02
8.366575092077255249e-02
5.168137699365615845e-02
2.133113294839859009e-01
3.351701200008392334e-01
2.896755337715148926e-01
6.667929142713546753e-02
7.116403430700302124e-02
9.718751907348632812e-02
1.572044640779495239e-01
1.115962341427803040e-01
7.156568765640258789e-02
1.895876079797744751e-01
2.482931017875671387e-01
2.217781245708465576e-01
1.040677577257156372e-01
1.291182041168212891e-01
1.579616665840148926e-01
7.337283343076705933e-02
5.422185361385345459e-02
5.927349627017974854e-02
1.087668016552925110e-01
7.427440583705902100e-02
5.457836762070655823e-02
4.812097549438476562e-02
3.302045539021492004e-02
7.443534582853317261e-02
5.990318953990936279e-02
6.397722661495208740e-02
1.173651739954948425e-01
3.448693454265594482e-01
3.448693454265594482e-01
3.054188787937164307e-01
2.491957545280456543e-01
1.498396545648574829e-01
7.215672731399536133e-02
6.551481038331985474e-02
5.836607888340950012e-02
4.975410178303718567e-02
7.643944770097732544e-02
6.851751357316970825e-02
6.088208034634590149e-02
4.525147378444671631e-02
3.853208199143409729e-02
5.753258615732192993e-02
6.080276519060134888e-02
1.087023466825485229e-01
1.527499854564666748e-01
3.448693454265594482e-01
3.448693454265594482e-01
2.704391777515411377e-01
2.963590323925018311e-01
1.978206038475036621e-01
7.075470685958862305e-02
2.698655053973197937e-02
5.768424645066261292e-02
1.200965344905853271e-01
2.267010957002639771e-01
2.410840988159179688e-01
2.063600867986679077e-01
1.655720621347427368e-01
9.217843413352966309e-02
2.535088360309600830e-02
1.172924786806106567e-01
1.238804757595062256e-01
1.370701342821121216e-01
2.156795412302017212e-01
2.410840988159179688e-01
2.385223954916000366e-01
1.817722916603088379e-01
9.507723152637481689e-02
5.288655683398246765e-02
5.351373180747032166e-02
5.494713410735130310e-02
1.265777200460433960e-01
2.410840988159179688e-01
2.410840988159179688e-01
1.917009055614471436e-01
2.152430862188339233e-01
1.470569968223571777e-01
5.408239364624023438e-02
1.718009263277053833e-01
9.557400643825531006e-02
1.267284601926803589e-01
2.276951074600219727e-01
2.410840988159179688e-01
2.395070195198059082e-01
1.931113749742507935e-01
1.260103583335876465e-01
1.231591105461120605e-01
2.231126725673675537e-01
9.062997251749038696e-02
1.805095374584197998e-02
7.334162946790456772e-03
1.889414712786674500e-02
1.532175019383430481e-02
3.100607357919216156e-02
5.832021683454513550e-02
2.112794369459152222e-01
2.954297959804534912e-01
8.877912163734436035e-02
3.150939941406250000e-02
1.604361273348331451e-02
2.145909331738948822e-02
5.123757198452949524e-02
5.952445790171623230e-02
4.034173861145973206e-02
2.245594412088394165e-01
4.054194390773773193e-01
1.307382285594940186e-01
1.894352771341800690e-02
5.221344996243715286e-03
8.906456641852855682e-03
1.159098464995622635e-02
1.003530900925397873e-02
7.966469973325729370e-02
4.054194390773773193e-01
4.054194390773773193e-01
8.909850567579269409e-02
1.530255563557147980e-02
0.000000000000000000e+00
5.404904950410127640e-03
1.539537776261568069e-02
3.385085612535476685e-02
2.042200714349746704e-01
4.054194390773773193e-01
3.142631649971008301e-01
6.094732508063316345e-02
4.174498096108436584e-02
2.758968994021415710e-02
2.900531701743602753e-02
5.108309164643287659e-02
3.176609799265861511e-02
2.375329844653606415e-02
1.957956105470657349e-01
3.048967123031616211e-01
4.027368873357772827e-02
3.756101801991462708e-02
1.838571391999721527e-02
2.839292772114276886e-02
3.269749879837036133e-02
1.627366803586483002e-02
7.215501368045806885e-02
2.513666152954101562e-01
3.978443145751953125e-01
4.351280629634857178e-02
2.522865077480673790e-03
6.506909849122166634e-04
2.068623714148998260e-02
1.398788485676050186e-02
4.302139207720756531e-02
1.680265218019485474e-01
3.978443145751953125e-01
3.978443145751953125e-01
3.685450181365013123e-02
2.742841374129056931e-03
1.813905430026352406e-03
2.719816565513610840e-02
1.432869769632816315e-02
3.848814591765403748e-02
1.062916740775108337e-01
3.978443145751953125e-01
2.211646139621734619e-01
3.132034465670585632e-02
2.925311587750911713e-02
1.819591224193572998e-02
1.199154648929834366e-02
2.529463544487953186e-02
2.540821209549903870e-02
7.121342420578002930e-02
2.666310071945190430e-01
2.653554379940032959e-01
5.846684426069259644e-02
4.446476325392723083e-02
3.708769381046295166e-02
2.021845057606697083e-02
3.220297023653984070e-02
5.585740134119987488e-02
4.505548998713493347e-02
3.246146738529205322e-01
4.047455787658691406e-01
2.489562518894672394e-02
1.125700492411851883e-02
4.966847132891416550e-03
7.540983147919178009e-03
9.404388256371021271e-03
2.189347147941589355e-02
9.433294087648391724e-02
4.047455787658691406e-01
4.047455787658691406e-01
8.476229012012481689e-02
3.374580666422843933e-02
1.768851839005947113e-02
7.726755458861589432e-03
1.184251066297292709e-02
1.449674740433692932e-02
5.924947559833526611e-02
4.047455787658691406e-01
2.261825203895568848e-01
6.402117758989334106e-02
3.385683149099349976e-02
1.181521266698837280e-02
1.529721356928348541e-02
2.578673698008060455e-02
5.101673305034637451e-02
3.525295853614807129e-02
2.888582646846771240e-01
2.288332283496856689e-01
7.187312096357345581e-02
4.568401351571083069e-02
1.446027681231498718e-02
1.635029353201389313e-02
1.700900681316852570e-02
4.013198241591453552e-02
5.739082768559455872e-02
3.170216083526611328e-01
3.804619610309600830e-01
1.612854003906250000e-01
4.143271967768669128e-02
1.225599180907011032e-02
4.382868763059377670e-03
8.913047611713409424e-03
9.979113936424255371e-03
3.218751028180122375e-02
3.804619610309600830e-01
3.804619610309600830e-01
1.769678592681884766e-01
5.294307321310043335e-02
9.455737657845020294e-03
2.473944565281271935e-03
1.577107422053813934e-02
2.039368078112602234e-02
2.065963149070739746e-01
3.804619610309600830e-01
1.879404038190841675e-01
8.105103671550750732e-02
5.842949077486991882e-02
1.848947815597057343e-02
1.357365958392620087e-02
2.179213054478168488e-02
3.779712691903114319e-02
7.172694802284240723e-02
2.433010041713714600e-01
2.045286297798156738e-01
1.214530169963836670e-01
4.692808166146278381e-02
2.628214471042156219e-02
3.109234943985939026e-02
4.629207029938697815e-02
3.446544706821441650e-02
7.160494476556777954e-02
2.057055085897445679e-01
3.829173743724822998e-01
1.008416637778282166e-01
4.182770103216171265e-02
1.504591200500726700e-02
1.189049519598484039e-02
2.849923074245452881e-02
4.212705045938491821e-02
2.247036993503570557e-01
3.829173743724822998e-01
3.829173743724822998e-01
1.657454669475555420e-01
6.100674718618392944e-02
4.886089265346527100e-02
2.342898994684219360e-01
3.394908830523490906e-02
1.651191711425781250e-01
6.424307823181152344e-02
3.829173743724822998e-01
2.192782461643218994e-01
8.745919167995452881e-02
3.202224522829055786e-02
4.354119673371315002e-02
5.060303583741188049e-02
6.398509442806243896e-02
5.307714268565177917e-02
6.510749459266662598e-02
1.919529438018798828e-01
2.789277434349060059e-01
5.638260021805763245e-02
6.368871778249740601e-02
4.402952641248703003e-02
5.410260707139968872e-02
5.669454112648963928e-02
7.398270815610885620e-02
9.060984104871749878e-02
2.410599887371063232e-01
3.626863658428192139e-01
1.894056200981140137e-01
6.001417711377143860e-02
6.819635629653930664e-02
2.699936032295227051e-01
4.063709080219268799e-02
1.642196774482727051e-01
5.848440155386924744e-02
3.626863658428192139e-01
3.626863658428192139e-01
1.113050282001495361e-01
4.519463703036308289e-02
5.185681581497192383e-02
3.735217824578285217e-02
2.766678482294082642e-02
7.131917774677276611e-02
1.505335718393325806e-01
3.626863658428192139e-01
2.416627109050750732e-01
5.657083541154861450e-02
9.271889179944992065e-02
5.597937852144241333e-02
4.041367396712303162e-02
3.965634852647781372e-02
5.775002390146255493e-02
7.423720508813858032e-02
2.334799021482467651e-01
3.278115689754486084e-01
1.089664176106452942e-01
9.440921992063522339e-02
7.345581799745559692e-02
7.324066758155822754e-02
5.592038854956626892e-02
9.002257883548736572e-02
8.975688368082046509e-02
2.506151199340820312e-01
3.530693948268890381e-01
1.360517591238021851e-01
8.635503798723220825e-02
4.741282388567924500e-02
3.398029878735542297e-02
3.080006316304206848e-02
4.764482006430625916e-02
1.267561167478561401e-01
3.530693948268890381e-01
3.530693948268890381e-01
2.054638862609863281e-01
1.094652637839317322e-01
3.206505998969078064e-02
6.531426310539245605e-02
6.926009804010391235e-02
8.844672888517379761e-02
1.267824023962020874e-01
3.530693948268890381e-01
2.796136438846588135e-01
7.687845826148986816e-02
5.472424998879432678e-02
4.204909130930900574e-02
4.663244634866714478e-02
4.583236202597618103e-02
8.694456517696380615e-02
9.027790278196334839e-02
1.816746592521667480e-01
3.334276676177978516e-01
1.217553094029426575e-01
6.647247076034545898e-02
5.526370182633399963e-02
3.754245862364768982e-02
7.101868093013763428e-02
9.477581083774566650e-02
1.010486409068107605e-01
2.250287383794784546e-01
3.657456338405609131e-01
1.359009742736816406e-01
4.421669989824295044e-02
1.650035381317138672e-02
4.483167082071304321e-02
3.805551677942276001e-02
7.864536345005035400e-02
1.275440603494644165e-01
3.657456338405609131e-01
3.657456338405609131e-01
1.603620350360870361e-01
3.750390186905860901e-02
5.306750535964965820e-02
5.674196407198905945e-02
6.344893574714660645e-02
9.299230575561523438e-02
1.312440186738967896e-01
3.657456338405609131e-01
2.991134524345397949e-01
1.328448057174682617e-01
5.466671660542488098e-02
4.528379812836647034e-02
3.616998717188835144e-02
6.145374849438667297e-02
7.673388719558715820e-02
8.381896466016769409e-02
1.700028032064437866e-01
3.143004179000854492e-01
1.038384810090065002e-01
6.663914769887924194e-02
3.854743391275405884e-02
4.596414417028427124e-02
6.004771962761878967e-02
1.110199317336082458e-01
8.849993348121643066e-02
1.620231866836547852e-01
3.564020693302154541e-01
1.750954538583755493e-01
2.928229980170726776e-02
5.247543379664421082e-02
3.448808565735816956e-02
9.166039526462554932e-02
5.950226634740829468e-02
1.173450797796249390e-01
3.564020693302154541e-01
3.564020693302154541e-01
1.548667997121810913e-01
2.413689531385898590e-02
3.937755152583122253e-02
4.754951968789100647e-02
1.390677243471145630e-01
1.252117455005645752e-01
1.926293224096298218e-01
3.564020693302154541e-01
2.089407444000244141e-01
1.006791070103645325e-01
4.581967741250991821e-02
2.572470717132091522e-02
4.161771386861801147e-02
2.701476775109767914e-02
7.864271849393844604e-02
6.800497323274612427e-02
1.687700003385543823e-01
2.557480931282043457e-01
1.357139796018600464e-01
3.762993589043617249e-02
4.268574714660644531e-02
5.629881098866462708e-02
5.037933588027954102e-02
4.992818832397460938e-02
6.939084082841873169e-02
2.498782277107238770e-01
3.439338207244873047e-01
1.688505709171295166e-01
3.918666392564773560e-02
3.553559258580207825e-02
6.337181478738784790e-02
1.336732804775238037e-01
9.503010660409927368e-02
1.805773675441741943e-01
3.439338207244873047e-01
3.439338207244873047e-01
2.065672874450683594e-01
1.139643043279647827e-01
6.506152451038360596e-02
3.941386193037033081e-02
1.247158944606781006e-01
1.240464746952056885e-01
2.745125293731689453e-01
3.439338207244873047e-01
2.363533675670623779e-01
9.861063212156295776e-02
2.129447273910045624e-02
4.213369265198707581e-02
6.223414093255996704e-02
5.830898880958557129e-02
3.544523566961288452e-02
7.295424491167068481e-02
2.710673809051513672e-01
2.404828071594238281e-01
1.166503280401229858e-01
2.775248512625694275e-02
2.515445649623870850e-02
5.028979480266571045e-02
6.005016714334487915e-02
5.213491991162300110e-02
8.748491108417510986e-02
2.878300547599792480e-01
3.026075065135955811e-01
1.674452126026153564e-01
6.737374514341354370e-02
7.953573018312454224e-02
3.155070915818214417e-02
7.033059746026992798e-02
1.109663248062133789e-01
2.703851461410522461e-01
3.026075065135955811e-01
3.026075065135955811e-01
2.758270800113677979e-01
5.811393260955810547e-02
5.829248949885368347e-02
5.983743444085121155e-02
7.588568329811096191e-02
1.388070136308670044e-01
2.482380717992782593e-01
3.026075065135955811e-01
1.512097269296646118e-01
1.026918515563011169e-01
6.908275932073593140e-02
3.813324496150016785e-02
9.455948323011398315e-02
5.685581639409065247e-02
4.121552407741546631e-02
3.546831011772155762e-02
1.733732670545578003e-01
7.710865139961242676e-02
1.049464792013168335e-01
1.390693634748458862e-01
1.396474987268447876e-01
2.787176072597503662e-01
1.626811623573303223e-01
5.044785141944885254e-02
1.827202923595905304e-02
7.891120016574859619e-02
2.787176072597503662e-01
2.360346168279647827e-01
1.149677708745002747e-01
9.766653180122375488e-02
6.050362065434455872e-02
1.062621399760246277e-01
1.208716183900833130e-01
1.194364577531814575e-01
2.787176072597503662e-01
2.315285950899124146e-01
1.947825998067855835e-01
2.787176072597503662e-01
2.142197936773300171e-01
2.787176072597503662e-01
2.787176072597503662e-01
1.506337076425552368e-01
9.727371484041213989e-02
2.510604262351989746e-01
6.213672459125518799e-02
7.636772841215133667e-02
6.661316752433776855e-02
1.190991103649139404e-01
2.636870145797729492e-01
1.313140392303466797e-01
4.304224997758865356e-02
3.079300187528133392e-02
3.880312293767929077e-02
1.068318560719490051e-01
1.050523221492767334e-01
7.682382315397262573e-02
1.082237213850021362e-01
1.076824590563774109e-01
7.834734022617340088e-02
4.711070284247398376e-02
9.262871742248535156e-02
1.048372834920883179e-01
2.080874294042587280e-01
1.635850965976715088e-01
2.636870145797729492e-01
1.689278632402420044e-01
2.636870145797729492e-01
2.093807607889175415e-01
1.155942305922508240e-01
1.037145406007766724e-01
2.434464544057846069e-01
2.636870145797729492e-01
2.618226408958435059e-01
2.636870145797729492e-01
2.265689969062805176e-01
1.339699178934097290e-01
9.649438410997390747e-02
9.072299301624298096e-02
2.636870145797729492e-01
2.636870145797729492e-01
7.778170704841613770e-02
6.338321417570114136e-02
8.453399688005447388e-02
5.773634836077690125e-02
3.461819142103195190e-02
3.332458436489105225e-02
2.811913192272186279e-02
7.200293987989425659e-02
9.857119619846343994e-02
1.260780841112136841e-01
9.024094790220260620e-02
1.314769387245178223e-01
2.434950172901153564e-01
2.434950172901153564e-01
1.937118321657180786e-01
1.973622590303421021e-01
1.240493208169937134e-01
1.400519013404846191e-01
1.447951793670654297e-01
1.093320623040199280e-01
2.316690087318420410e-01
1.775877475738525391e-01
8.846901357173919678e-02
9.397748857736587524e-02
1.599653661251068115e-01
2.434950172901153564e-01
2.434950172901153564e-01
2.434950172901153564e-01
1.804172396659851074e-01
2.158867120742797852e-01
2.434950172901153564e-01
1.973914057016372681e-01
1.816041618585586548e-01
2.214711010456085205e-01
1.751046627759933472e-01
2.434950172901153564e-01
1.092447564005851746e-01
9.861223399639129639e-02
1.635335385799407959e-01
2.124394476413726807e-01
2.124394476413726807e-01
1.601219326257705688e-01
2.120313197374343872e-01
1.172664836049079895e-01
1.001780182123184204e-01
2.124394476413726807e-01
1.740899533033370972e-01
1.842182874679565430e-01
1.699130535125732422e-01
1.678784191608428955e-01
1.896739602088928223e-01
1.660707741975784302e-01
8.835912495851516724e-02
1.363692134618759155e-01
2.124394476413726807e-01
2.016583979129791260e-01
1.262807846069335938e-01
1.931445449590682983e-01
1.167282834649085999e-01
1.189098954200744629e-01
1.663146018981933594e-01
8.161399513483047485e-02
2.108986228704452515e-01
2.124394476413726807e-01
2.124394476413726807e-01
1.955653578042984009e-01
1.152509003877639771e-01
8.975700289011001587e-02
1.993260383605957031e-01
2.040289640426635742e-01
7.671564817428588867e-02
1.604368239641189575e-01
3.008550703525543213e-01
1.052732840180397034e-01
1.902345195412635803e-02
3.840753342956304550e-03
1.186502352356910706e-02
2.989390492439270020e-02
1.498821005225181580e-02
8.957800269126892090e-02
3.008550703525543213e-01
3.008550703525543213e-01
5.783975496888160706e-02
1.645020581781864166e-02
8.086880668997764587e-03
1.778542995452880859e-02
4.120469838380813599e-02
6.089475005865097046e-02
2.840468883514404297e-01
3.008550703525543213e-01
2.810687720775604248e-01
1.905945986509323120e-01
5.182677507400512695e-02
2.685684524476528168e-02
3.715629875659942627e-02
4.811986535787582397e-02
8.385783433914184570e-02
1.351525336503982544e-01
3.008550703525543213e-01
2.541140019893646240e-01
2.194112241268157959e-01
5.139114335179328918e-02
7.739665359258651733e-02
8.401641249656677246e-02
4.146649688482284546e-02
7.384043186902999878e-02
2.444942891597747803e-01
3.008550703525543213e-01
2.973874509334564209e-01
2.281173877418041229e-02
7.854087278246879578e-03
6.493781693279743195e-03
2.506971359252929688e-02
2.228443510830402374e-02
7.954826951026916504e-02
2.725715041160583496e-01
2.973874509334564209e-01
2.973874509334564209e-01
3.186447918415069580e-02
1.875740475952625275e-03
2.470603678375482559e-03
2.711750753223896027e-02
1.387992128729820251e-02
5.518225580453872681e-02
1.809533834457397461e-01
2.973874509334564209e-01
2.973874509334564209e-01
1.242317929863929749e-01
2.703198976814746857e-02
5.131420865654945374e-02
4.826711490750312805e-02
2.730811201035976410e-02
6.802901625633239746e-02
2.509680390357971191e-01
2.973874509334564209e-01
2.973874509334564209e-01
1.072004288434982300e-01
4.271010309457778931e-02
3.196766227483749390e-02
3.385956212878227234e-02
2.864902094006538391e-02
4.894499480724334717e-02
2.474119812250137329e-01
2.973874509334564209e-01
3.132137656211853027e-01
6.783103197813034058e-02
3.943530842661857605e-03
5.527941393665969372e-04
5.149829667061567307e-03
9.697147645056247711e-03
1.808236725628376007e-02
5.962247401475906372e-02
3.132137656211853027e-01
3.132137656211853027e-01
1.804098039865493774e-01
5.558680370450019836e-02
1.058030221611261368e-02
3.219012403860688210e-03
7.655246648937463760e-03
7.627662736922502518e-03
3.848799690604209900e-02
3.132137656211853027e-01
3.132137656211853027e-01
1.175824701786041260e-01
5.455310642719268799e-02
2.230220474302768707e-02
2.134308964014053345e-02
4.016653820872306824e-02
6.156642362475395203e-02
1.222252398729324341e-01
3.132137656211853027e-01
3.132137656211853027e-01
2.291097790002822876e-01
1.382465660572052002e-01
7.369863241910934448e-02
2.091253921389579773e-02
3.081554174423217773e-02
1.046198233962059021e-01
1.964834630489349365e-01
3.132137656211853027e-01
2.645965516567230225e-01
2.645965516567230225e-01
9.916450828313827515e-02
1.284566614776849747e-02
5.525692831724882126e-03
1.000927202403545380e-02
6.672730669379234314e-03
3.394859284162521362e-02
2.645965516567230225e-01
2.645965516567230225e-01
2.538594603538513184e-01
6.593535840511322021e-02
4.618265200406312943e-03
1.261678524315357208e-02
2.457507327198982239e-02
4.715235531330108643e-02
2.645965516567230225e-01
2.645965516567230225e-01
2.645965516567230225e-01
2.590284049510955811e-01
1.673257797956466675e-01
7.463879883289337158e-02
5.197997391223907471e-02
4.243505001068115234e-02
6.757044792175292969e-02
1.605744808912277222e-01
2.645965516567230225e-01
1.815367341041564941e-01
1.808812022209167480e-01
9.590035676956176758e-02
2.764943987131118774e-02
9.043407440185546875e-02
8.484960347414016724e-02
9.014521539211273193e-02
2.493901252746582031e-01
2.393476217985153198e-01
2.893875837326049805e-01
1.315610557794570923e-01
4.167348891496658325e-02
7.917566224932670593e-03
1.661687903106212616e-02
3.136936202645301819e-02
6.622474640607833862e-02
2.893875837326049805e-01
2.893875837326049805e-01
2.893875837326049805e-01
1.766627579927444458e-01
9.443432837724685669e-02
6.139501184225082397e-02
1.892183721065521240e-01
2.676692046225070953e-02
1.143875196576118469e-01
6.367488205432891846e-02
2.893875837326049805e-01
2.366801649332046509e-01
1.186286434531211853e-01
7.126329094171524048e-02
3.427195921540260315e-02
7.940518110990524292e-02
4.579418897628784180e-02
7.108256965875625610e-02
2.437846362590789795e-01
2.882182002067565918e-01
2.893875837326049805e-01
1.284260898828506470e-01
1.027855351567268372e-01
8.720146119594573975e-02
7.000455260276794434e-02
4.562103748321533203e-02
5.939519405364990234e-02
1.054116189479827881e-01
2.893875837326049805e-01
2.693817019462585449e-01
1.768747717142105103e-01
1.329383403062820435e-01
1.076667606830596924e-01
2.515539228916168213e-01
2.657518349587917328e-02
1.351724863052368164e-01
4.618707671761512756e-02
2.693817019462585449e-01
2.693817019462585449e-01
1.485885679721832275e-01
5.985005944967269897e-02
6.140096113085746765e-02
2.933710254728794098e-02
1.638321205973625183e-02
6.040401756763458252e-02
1.313628703355789185e-01
2.693817019462585449e-01
2.693817019462585449e-01
1.045909374952316284e-01
1.414351910352706909e-01
1.102701351046562195e-01
1.022791042923927307e-01
9.875755012035369873e-02
8.259418606758117676e-02
1.100462526082992554e-01
2.693817019462585449e-01
2.693817019462585449e-01
1.510614454746246338e-01
9.637334197759628296e-02
5.973683297634124756e-02
1.641713678836822510e-01
1.419451385736465454e-01
1.554069668054580688e-01
1.766209006309509277e-01
2.693817019462585449e-01
2.568422853946685791e-01
1.639748513698577881e-01
6.288834661245346069e-02
6.629104167222976685e-02
4.370196536183357239e-02
2.496163174510002136e-02
4.087315499782562256e-02
8.863403648138046265e-02
2.568422853946685791e-01
2.568422853946685791e-01
1.868057698011398315e-01
1.150337904691696167e-01
6.340365856885910034e-02
6.836201250553131104e-02
3.767742216587066650e-02
3.953659161925315857e-02
6.081620231270790100e-02
2.568422853946685791e-01
2.568422853946685791e-01
2.167285531759262085e-01
2.189710736274719238e-01
1.386421769857406616e-01
1.296132802963256836e-01
7.173302769660949707e-02
1.109678745269775391e-01
1.129881367087364197e-01
2.568422853946685791e-01
2.568422853946685791e-01
2.568422853946685791e-01
2.568422853946685791e-01
2.234373688697814941e-01
8.803142607212066650e-02
5.769998952746391296e-02
3.762531653046607971e-02
5.803108587861061096e-02
2.568422853946685791e-01
2.951678335666656494e-01
1.110237166285514832e-01
5.596068874001502991e-02
3.720157966017723083e-02
4.973509907722473145e-02
1.560193952172994614e-02
3.742251172661781311e-02
7.400877773761749268e-02
2.951678335666656494e-01
2.951678335666656494e-01
1.475098431110382080e-01
8.029007166624069214e-02
7.267843931913375854e-02
6.439502537250518799e-02
4.686186462640762329e-02
9.306464344263076782e-02
1.135299503803253174e-01
2.951678335666656494e-01
2.951678335666656494e-01
2.075845897197723389e-01
1.504461467266082764e-01
8.197099715471267700e-02
4.236382618546485901e-02
3.989782184362411499e-02
5.308590456843376160e-02
7.417510449886322021e-02
2.951678335666656494e-01
2.951678335666656494e-01
1.699323207139968872e-01
1.171494349837303162e-01
5.593788251280784607e-02
3.991391509771347046e-02
2.896305546164512634e-02
1.888152807950973511e-01
2.104195654392242432e-01
2.951678335666656494e-01
2.711661159992218018e-01
1.227457448840141296e-01
5.867715552449226379e-02
4.674970731139183044e-02
3.096551634371280670e-02
9.992968291044235229e-02
8.416300266981124878e-02
1.052013635635375977e-01
2.711661159992218018e-01
2.711661159992218018e-01
1.503123044967651367e-01
5.317716300487518311e-02
4.631254449486732483e-02
4.988136142492294312e-02
1.585119813680648804e-01
8.954235166311264038e-02
1.253876239061355591e-01
2.711661159992218018e-01
2.711661159992218018e-01
1.283562779426574707e-01
1.103030368685722351e-01
3.203987330198287964e-02
2.654180489480495453e-02
5.260176584124565125e-02
1.930348128080368042e-01
2.432767450809478760e-01
2.711661159992218018e-01
2.711661159992218018e-01
2.711661159992218018e-01
1.417042464017868042e-01
2.747124992311000824e-02
4.083967953920364380e-02
9.230872988700866699e-02
1.168309152126312256e-01
1.803896874189376831e-01
2.711661159992218018e-01
2.517360150814056396e-01
2.101813852787017822e-01
7.518777251243591309e-02
5.593020841479301453e-02
4.848374053835868835e-02
1.242150515317916870e-01
7.000939548015594482e-02
1.230287700891494751e-01
2.517360150814056396e-01
2.517360150814056396e-01
2.517360150814056396e-01
1.624953001737594604e-01
1.201818287372589111e-01
2.921233884990215302e-02
1.097234487533569336e-01
1.433389484882354736e-01
2.102853804826736450e-01
2.517360150814056396e-01
2.517360150814056396e-01
2.517360150814056396e-01
1.131227910518646240e-01
4.249249771237373352e-02
2.168308198451995850e-02
5.828599259257316589e-02
5.669152364134788513e-02
7.082908600568771362e-02
1.815895140171051025e-01
2.517360150814056396e-01
2.517360150814056396e-01
1.999037265777587891e-01
1.776730120182037354e-01
2.925591915845870972e-02
5.117600411176681519e-02
9.865334630012512207e-02
1.336621046066284180e-01
2.357657402753829956e-01
2.271817922592163086e-01
1.253224313259124756e-01
1.062485277652740479e-01
1.412273496389389038e-01
2.488355524837970734e-02
4.144209250807762146e-02
1.280243247747421265e-01
1.837372779846191406e-01
2.271817922592163086e-01
2.271817922592163086e-01
1.898869723081588745e-01
1.193643733859062195e-01
1.501732617616653442e-01
7.263553887605667114e-02
3.468139097094535828e-02
1.423803120851516724e-01
1.367054432630538940e-01
2.064105868339538574e-01
2.271817922592163086e-01
1.034534201025962830e-01
1.809573620557785034e-01
2.271817922592163086e-01
7.013174146413803101e-02
5.267014726996421814e-02
1.237868443131446838e-01
1.560857594013214111e-01
2.271817922592163086e-01
2.271817922592163086e-01
1.308732926845550537e-01
2.271817922592163086e-01
2.271817922592163086e-01
1.395123153924942017e-01
8.866025507450103760e-02
1.854615211486816406e-01
2.271817922592163086e-01
2.271817922592163086e-01
1.755432635545730591e-01
2.103665620088577271e-01
1.364303380250930786e-01
1.607414335012435913e-01
8.994575589895248413e-02
6.704417616128921509e-02
1.250855028629302979e-01
1.028475686907768250e-01
1.755324453115463257e-01
1.443049758672714233e-01
1.335415840148925781e-01
1.778547167778015137e-01
1.338977664709091187e-01
1.531271487474441528e-01
1.511801928281784058e-01
1.034253686666488647e-01
1.152170151472091675e-01
1.142429038882255554e-01
2.239551991224288940e-01
2.063509970903396606e-01
2.239551991224288940e-01
2.239551991224288940e-01
1.585181504487991333e-01
9.446976333856582642e-02
1.524988710880279541e-01
2.239551991224288940e-01
2.239551991224288940e-01
2.239551991224288940e-01
2.093162834644317627e-01
1.728154122829437256e-01
1.560308784246444702e-01
7.421764731407165527e-02
8.441884815692901611e-02
1.724190860986709595e-01
2.239551991224288940e-01
2.137936651706695557e-01
1.623334884643554688e-01
1.392680704593658447e-01
2.397051602602005005e-01
1.109573543071746826e-01
1.197891682386398315e-01
9.771649539470672607e-02
7.530190050601959229e-02
1.075458377599716187e-01
1.752149164676666260e-01
1.564802527427673340e-01
1.668445020914077759e-01
2.397051602602005005e-01
1.554720848798751831e-01
9.946294128894805908e-02
1.118901893496513367e-01
8.191526681184768677e-02
1.740479171276092529e-01
2.397051602602005005e-01
2.397051602602005005e-01
2.397051602602005005e-01
2.027625292539596558e-01
1.173470392823219299e-01
2.512935921549797058e-02
4.467503353953361511e-02
9.800430387258529663e-02
1.507889032363891602e-01
2.397051602602005005e-01
2.397051602602005005e-01
2.397051602602005005e-01
2.397051602602005005e-01
1.283573508262634277e-01
7.672502100467681885e-02
1.443122625350952148e-01
1.059180870652198792e-01
1.138217821717262268e-01
2.397051602602005005e-01
6.965405493974685669e-02
7.802339643239974976e-02
1.203449890017509460e-01
1.377237588167190552e-01
1.047844290733337402e-01
1.386305689811706543e-01
1.126075536012649536e-01
1.346732378005981445e-01
1.592283248901367188e-01
1.907777488231658936e-01
1.839150637388229370e-01
1.508265733718872070e-01
2.153572142124176025e-01
7.570698857307434082e-02
1.487464904785156250e-01
1.018159911036491394e-01
1.115494370460510254e-01
1.758695095777511597e-01
2.138579040765762329e-01
2.153572142124176025e-01
1.501588821411132812e-01
1.098161116242408752e-01
9.334369748830795288e-02
1.854386776685714722e-01
1.934758871793746948e-01
1.230850070714950562e-01
2.153572142124176025e-01
2.153572142124176025e-01
1.925460398197174072e-01
2.153572142124176025e-01
2.020171433687210083e-01
1.475926786661148071e-01
2.153572142124176025e-01
2.153572142124176025e-01
2.140037268400192261e-01
2.153572142124176025e-01
2.165861576795578003e-01
2.165861576795578003e-01
1.237137764692306519e-01
1.273014247417449951e-01
3.413099050521850586e-02
1.043392345309257507e-01
8.791748434305191040e-02
7.862287014722824097e-02
1.951499283313751221e-01
2.165861576795578003e-01
2.165861576795578003e-01
1.483488976955413818e-01
7.426921278238296509e-02
6.865749508142471313e-02
1.995327025651931763e-01
1.464235335588455200e-01
6.434944272041320801e-02
1.724948436021804810e-01
2.165861576795578003e-01
1.928212344646453857e-01
2.165861576795578003e-01
1.154917180538177490e-01
9.053874015808105469e-02
1.525127887725830078e-01
1.683240830898284912e-01
1.410223841667175293e-01
2.165861576795578003e-01
2.165861576795578003e-01
2.165861576795578003e-01
2.165861576795578003e-01
1.528637707233428955e-01
1.317335367202758789e-01
2.165861576795578003e-01
1.648427993059158325e-01
1.178466677665710449e-01
2.165861576795578003e-01
2.206452786922454834e-01
2.396606206893920898e-01
9.352937340736389160e-02
6.840535253286361694e-02
6.746048480272293091e-02
5.493156984448432922e-02
1.095407232642173767e-01
1.108129546046257019e-01
2.396606206893920898e-01
2.396606206893920898e-01
2.396606206893920898e-01
9.375400841236114502e-02
1.347394138574600220e-01
1.574518680572509766e-01
2.616247721016407013e-02
5.156828835606575012e-02
1.088333949446678162e-01
2.396606206893920898e-01
2.396606206893920898e-01
1.987986564636230469e-01
1.274653375148773193e-01
1.388141661882400513e-01
1.313465386629104614e-01
1.256203353404998779e-01
9.829282760620117188e-02
1.118285804986953735e-01
2.275642752647399902e-01
2.396606206893920898e-01
2.396606206893920898e-01
2.396606206893920898e-01
1.796734929084777832e-01
1.452239155769348145e-01
1.095855310559272766e-01
6.161985546350479126e-02
1.055881232023239136e-01
2.396606206893920898e-01
2.542978227138519287e-01
1.774021536111831665e-01
5.185602232813835144e-02
8.928081393241882324e-02
8.680605143308639526e-02
4.421335831284523010e-02
3.005908615887165070e-02
8.071088790893554688e-02
2.542978227138519287e-01
2.542978227138519287e-01
1.392980515956878662e-01
9.792932122945785522e-02
8.470059186220169067e-02
8.640693873167037964e-02
1.010974198579788208e-01
5.788793414831161499e-02
1.167188137769699097e-01
2.542978227138519287e-01
2.542978227138519287e-01
2.504848539829254150e-01
1.622430384159088135e-01
1.527825593948364258e-01
9.210333973169326782e-02
7.191897183656692505e-02
4.508720710873603821e-02
8.696202933788299561e-02
2.425141334533691406e-01
2.542978227138519287e-01
2.542978227138519287e-01
1.488941162824630737e-01
2.270052134990692139e-01
1.493599414825439453e-01
1.160803362727165222e-01
9.608700871467590332e-02
1.925162523984909058e-01
2.542978227138519287e-01
2.224985212087631226e-01
8.360409736633300781e-02
1.205483376979827881e-01
7.204441726207733154e-02
8.374884724617004395e-02
1.484457850456237793e-01
1.445652991533279419e-01
1.733146309852600098e-01
2.224985212087631226e-01
2.224985212087631226e-01
1.300691813230514526e-01
1.413778364658355713e-01
1.379995495080947876e-01
5.100660026073455811e-02
1.117756813764572144e-01
2.219759523868560791e-01
2.224985212087631226e-01
2.224985212087631226e-01
2.224985212087631226e-01
1.146560832858085632e-01
1.296131908893585205e-01
1.777518242597579956e-01
1.369441449642181396e-01
1.525625437498092651e-01
1.573137342929840088e-01
2.224985212087631226e-01
2.224985212087631226e-01
2.122772186994552612e-01
1.430746018886566162e-01
9.798905998468399048e-02
1.772470474243164062e-01
9.194088727235794067e-02
1.736785024404525757e-01
1.726289391517639160e-01
2.009547203779220581e-01
1.761954277753829956e-01
2.055556476116180420e-01
1.159463822841644287e-01
1.471624076366424561e-01
1.390700787305831909e-01
8.073497563600540161e-02
9.004640579223632812e-02
1.248830258846282959e-01
2.263307571411132812e-01
2.260545045137405396e-01
1.559123843908309937e-01
1.355484426021575928e-01
1.262441277503967285e-01
6.793770939111709595e-02
1.266963183879852295e-01
1.396690458059310913e-01
1.543008685111999512e-01
2.263307571411132812e-01
2.263307571411132812e-01
2.263307571411132812e-01
1.593573391437530518e-01
9.021296352148056030e-02
1.874810755252838135e-01
9.764330089092254639e-02
1.135733649134635925e-01
1.903887987136840820e-01
1.692558825016021729e-01
2.084474265575408936e-01
2.263307571411132812e-01
1.753675639629364014e-01
9.216911345720291138e-02
1.400232166051864624e-01
9.229207038879394531e-02
1.431029587984085083e-01
2.263307571411132812e-01
2.263307571411132812e-01
2.263307571411132812e-01
1.262760311365127563e-01
1.376770883798599243e-01
9.210227429866790771e-02
5.254065245389938354e-02
1.125790700316429138e-01
1.154895350337028503e-01
1.324881911277770996e-01
1.947114318609237671e-01
1.764365732669830322e-01
1.204516664147377014e-01
7.334184646606445312e-02
1.115194037556648254e-01
1.132571399211883545e-01
1.129323095083236694e-01
1.651654094457626343e-01
1.253536045551300049e-01
1.187210157513618469e-01
1.670029461383819580e-01
2.249059230089187622e-01
2.088043242692947388e-01
1.020413786172866821e-01
5.220253393054008484e-02
7.524166256189346313e-02
2.249059230089187622e-01
2.249059230089187622e-01
2.249059230089187622e-01
2.249059230089187622e-01
2.019262760877609253e-01
2.249059230089187622e-01
1.911581903696060181e-01
1.220530793070793152e-01
2.249059230089187622e-01
2.249059230089187622e-01
2.148864269256591797e-01
2.002172768115997314e-01
2.249059230089187622e-01
1.728458702564239502e-01
6.478121876716613770e-02
7.929275184869766235e-02
1.103050857782363892e-01
1.442144364118576050e-01
1.517500877380371094e-01
8.718378096818923950e-02
9.332741796970367432e-02
1.821864247322082520e-01
2.154788225889205933e-01
1.044458299875259399e-01
7.087685912847518921e-02
7.733821868896484375e-02
2.154788225889205933e-01
2.128257602453231812e-01
1.755453199148178101e-01
1.619746834039688110e-01
2.154788225889205933e-01
1.626517325639724731e-01
1.810575872659683228e-01
1.536783874034881592e-01
1.564970612525939941e-01
2.154788225889205933e-01
2.060013860464096069e-01
1.254846304655075073e-01
1.735545098781585693e-01
2.117696404457092285e-01
2.154788225889205933e-01
2.154788225889205933e-01
1.415584087371826172e-01
1.108600422739982605e-01
2.154788225889205933e-01
1.996841132640838623e-01
1.903894245624542236e-01
1.680227071046829224e-01
1.597936004400253296e-01
2.225015461444854736e-01
1.651933491230010986e-01
1.863300651311874390e-01
1.167031303048133850e-01
2.225015461444854736e-01
1.704385280609130859e-01
1.942376345396041870e-01
1.226985603570938110e-01
2.225015461444854736e-01
2.026424705982208252e-01
1.986321210861206055e-01
2.225015461444854736e-01
1.346940994262695312e-01
1.312161833047866821e-01
7.665272057056427002e-02
8.683222532272338867e-02
7.289523631334304810e-02
1.314786225557327271e-01
1.460943073034286499e-01
1.800830811262130737e-01
1.578284651041030884e-01
1.086597591638565063e-01
2.225015461444854736e-01
2.061592638492584229e-01
2.225015461444854736e-01
1.619138419628143311e-01
2.056565880775451660e-01
8.711758255958557129e-02
4.989647120237350464e-02
7.535199820995330811e-02
4.276063665747642517e-02
1.115528270602226257e-01
1.064288169145584106e-01
2.225015461444854736e-01
2.225015461444854736e-01
2.225015461444854736e-01
2.360492646694183350e-01
1.866508126258850098e-01
1.595503836870193481e-01
7.838778197765350342e-02
5.166243016719818115e-02
1.143585443496704102e-01
1.743903905153274536e-01
1.490033119916915894e-01
2.494198530912399292e-01
2.494198530912399292e-01
1.710229665040969849e-01
1.071480214595794678e-01
6.205873563885688782e-02
6.063420325517654419e-02
7.530600577592849731e-02
2.390068471431732178e-01
2.247355729341506958e-01
2.494198530912399292e-01
1.322159320116043091e-01
6.019888818264007568e-02
5.164434015750885010e-02
2.673831582069396973e-02
4.255924373865127563e-02
1.178629472851753235e-01
2.322817593812942505e-01
2.494198530912399292e-01
2.494198530912399292e-01
2.119351327419281006e-01
9.148343652486801147e-02
6.205702945590019226e-02
7.024620473384857178e-02
8.818142861127853394e-02
9.565540403127670288e-02
1.918728649616241455e-01
2.494198530912399292e-01
2.494198530912399292e-01
2.723675668239593506e-01
1.395755261182785034e-01
9.839033335447311401e-02
4.607044905424118042e-02
7.138890027999877930e-02
4.075607657432556152e-02
1.769937574863433838e-01
2.186302840709686279e-01
2.723675668239593506e-01
2.723675668239593506e-01
2.140716165304183960e-01
1.091197133064270020e-01
2.323653362691402435e-02
9.077925235033035278e-02
7.073895633220672607e-02
1.151549294590950012e-01
2.431217133998870850e-01
2.723675668239593506e-01
1.604962497949600220e-01
7.372014969587326050e-02
3.945790231227874756e-02
4.699464142322540283e-02
9.518522769212722778e-02
6.541676819324493408e-02
1.736534237861633301e-01
1.907729059457778931e-01
2.723675668239593506e-01
2.384801656007766724e-01
9.476134926080703735e-02
7.914844155311584473e-02
2.337822876870632172e-02
8.960568904876708984e-02
1.191969290375709534e-01
1.867884248495101929e-01
2.723675668239593506e-01
2.155904024839401245e-01
2.832701802253723145e-01
2.426057755947113037e-01
6.818503886461257935e-02
1.647848263382911682e-02
2.508124895393848419e-02
4.417748004198074341e-02
5.720945447683334351e-02
1.373542249202728271e-01
2.832701802253723145e-01
2.832701802253723145e-01
1.718598306179046631e-01
9.223598241806030273e-02
9.967611730098724365e-02
1.834622956812381744e-02
3.090017288923263550e-02
4.799272865056991577e-02
1.403534561395645142e-01
2.832701802253723145e-01
2.824372351169586182e-01
9.920985996723175049e-02
8.383932709693908691e-02
2.723990194499492645e-02
2.541609853506088257e-02
8.931452780961990356e-02
1.395884454250335693e-01
2.542838156223297119e-01
2.295687794685363770e-01
2.832701802253723145e-01
1.600548624992370605e-01
1.742990463972091675e-01
6.867687404155731201e-02
9.877915494143962860e-03
8.204644173383712769e-02
1.006366387009620667e-01
1.882048547267913818e-01
2.832701802253723145e-01
2.355898171663284302e-01
5.483397096395492554e-02
8.230873197317123413e-02
1.064756140112876892e-01
3.672649338841438293e-02
4.158226773142814636e-02
7.251057773828506470e-02
1.317331790924072266e-01
2.567302286624908447e-01
2.567302286624908447e-01
1.785769164562225342e-01
2.177501320838928223e-01
1.601184606552124023e-01
9.114453941583633423e-02
8.796695619821548462e-02
1.664871275424957275e-01
2.567302286624908447e-01
2.567302286624908447e-01
2.567302286624908447e-01
1.718704551458358765e-01
1.479598134756088257e-01
3.411803767085075378e-02
5.023809149861335754e-03
3.738888353109359741e-02
3.952291235327720642e-02
1.373400986194610596e-01
2.519675195217132568e-01
2.567302286624908447e-01
2.567302286624908447e-01
2.356967777013778687e-01
7.123456895351409912e-02
2.858456410467624664e-02
2.613143622875213623e-02
3.321087360382080078e-02
1.340650171041488647e-01
2.567302286624908447e-01
2.354322969913482666e-01
1.928397268056869507e-01
2.217115610837936401e-01
1.148819625377655029e-01
8.261326700448989868e-02
5.911555886268615723e-02
9.016051143407821655e-02
2.354322969913482666e-01
2.354322969913482666e-01
2.354322969913482666e-01
2.354322969913482666e-01
1.646313667297363281e-01
8.579368144273757935e-02
3.917682170867919922e-02
3.861360251903533936e-02
1.571107357740402222e-01
2.354322969913482666e-01
2.354322969913482666e-01
2.055077105760574341e-01
2.354322969913482666e-01
1.937425285577774048e-01
9.634873270988464355e-02
4.943694919347763062e-02
3.135236725211143494e-02
1.429169718176126480e-02
8.538286387920379639e-02
2.354322969913482666e-01
2.354322969913482666e-01
2.354322969913482666e-01
1.359334439039230347e-01
9.012810885906219482e-02
3.224549070000648499e-02
2.925310842692852020e-02
5.692410096526145935e-02
1.795567721128463745e-01
2.093326300382614136e-01
2.582053840160369873e-01
2.582053840160369873e-01
1.204413697123527527e-01
4.677363857626914978e-02
1.174629200249910355e-02
1.870404556393623352e-02
1.047935411334037781e-01
2.086158692836761475e-01
2.582053840160369873e-01
2.582053840160369873e-01
2.582053840160369873e-01
2.397163957357406616e-01
3.943797200918197632e-02
2.439281903207302094e-02
5.781288072466850281e-02
5.653182417154312134e-02
1.224102079868316650e-01
2.582053840160369873e-01
2.582053840160369873e-01
2.416915893554687500e-01
1.027249619364738464e-01
4.219610989093780518e-02
4.165455698966979980e-03
1.067780051380395889e-02
4.897878319025039673e-02
1.471982747316360474e-01
2.582053840160369873e-01
2.582053840160369873e-01
2.112262547016143799e-01
1.328568011522293091e-01
2.389126829802989960e-02
2.365103224292397499e-03
6.403679028153419495e-03
4.575707763433456421e-02
1.340705603361129761e-01
2.582053840160369873e-01
2.653183043003082275e-01
2.239800393581390381e-01
1.149533689022064209e-01
2.955122105777263641e-02
3.237788006663322449e-02
9.023942798376083374e-02
1.558092534542083740e-01
1.350913941860198975e-01
2.653183043003082275e-01
2.653183043003082275e-01
1.470659524202346802e-01
1.155715882778167725e-01
6.027512252330780029e-02
1.195802241563796997e-01
1.667178869247436523e-01
2.653183043003082275e-01
2.089320272207260132e-01
2.653183043003082275e-01
2.653183043003082275e-01
1.489143967628479004e-01
4.940577223896980286e-02
1.853787526488304138e-02
1.311272103339433670e-02
1.282368320971727371e-02
5.302664265036582947e-02
1.207161396741867065e-01
2.653183043003082275e-01
2.653183043003082275e-01
2.071464955806732178e-01
5.829360708594322205e-02
2.508363313972949982e-02
7.010956853628158569e-02
7.055937498807907104e-02
1.069359481334686279e-01
1.118926629424095154e-01
2.653183043003082275e-01
1.621069163084030151e-01
1.253775358200073242e-01
1.601723730564117432e-01
6.923662871122360229e-02
1.507439762353897095e-01
1.769824475049972534e-01
2.156277745962142944e-01
2.156277745962142944e-01
2.023199051618576050e-01
1.436372101306915283e-01
1.414195448160171509e-01
1.328134536743164062e-01
1.237345188856124878e-01
1.783175766468048096e-01
2.156277745962142944e-01
2.156277745962142944e-01
1.768619269132614136e-01
2.156277745962142944e-01
2.155939042568206787e-01
1.423990577459335327e-01
8.896205574274063110e-02
5.040910840034484863e-02
1.283501535654067993e-01
1.049413159489631653e-01
1.545070856809616089e-01
1.351297497749328613e-01
2.156277745962142944e-01
1.317543834447860718e-01
1.089344620704650879e-01
1.049572527408599854e-01
1.120195910334587097e-01
2.146546095609664917e-01
2.156277745962142944e-01
2.156277745962142944e-01
1.720532625913619995e-01
2.156277745962142944e-01
2.003981024026870728e-01
1.765078008174896240e-01
1.359059363603591919e-01
1.321905404329299927e-01
1.651696115732192993e-01
8.509913831949234009e-02
9.543939679861068726e-02
1.192893087863922119e-01
1.570715904235839844e-01
2.138214856386184692e-01
2.021917402744293213e-01
2.052891701459884644e-01
1.731423288583755493e-01
2.138214856386184692e-01
1.051149964332580566e-01
9.122151881456375122e-02
1.438450515270233154e-01
1.520871073007583618e-01
2.138214856386184692e-01
1.732468456029891968e-01
1.174261420965194702e-01
8.358078449964523315e-02
1.812328994274139404e-01
4.451359435915946960e-02
1.700119376182556152e-01
2.109593898057937622e-01
2.138214856386184692e-01
2.138214856386184692e-01
2.057366669178009033e-01
1.389892846345901489e-01
1.529374271631240845e-01
2.138214856386184692e-01
7.005758583545684814e-02
1.633302569389343262e-01
2.138214856386184692e-01
1.902458071708679199e-01
2.264390438795089722e-01
2.264390438795089722e-01
1.462893187999725342e-01
1.655563563108444214e-01
1.402061879634857178e-01
5.816786736249923706e-02
6.197683513164520264e-02
8.982415497303009033e-02
1.276348233222961426e-01
2.264390438795089722e-01
2.264390438795089722e-01
1.880906224250793457e-01
2.264390438795089722e-01
1.017924323678016663e-01
6.636790931224822998e-02
1.490211486816406250e-01
2.264390438795089722e-01
1.901339590549468994e-01
1.759740263223648071e-01
1.800180971622467041e-01
1.872173547744750977e-01
1.439974159002304077e-01
1.658524572849273682e-01
4.801651462912559509e-02
9.724373370409011841e-02
1.611496061086654663e-01
1.556405276060104370e-01
1.264033168554306030e-01
2.020486444234848022e-01
2.264390438795089722e-01
1.620545387268066406e-01
9.716957062482833862e-02
8.245775103569030762e-02
2.195092886686325073e-01
2.264390438795089722e-01
1.512493789196014404e-01
2.103703171014785767e-01
1.556641459465026855e-01
1.348192840814590454e-01
2.015397250652313232e-01
6.331714987754821777e-02
6.134945154190063477e-02
1.283780038356781006e-01
2.166807949542999268e-01
1.987849771976470947e-01
1.612873077392578125e-01
1.476742327213287354e-01
1.236611753702163696e-01
2.013576626777648926e-01
7.390534877777099609e-02
1.739164739847183228e-01
1.120880022644996643e-01
1.424481719732284546e-01
2.020203769207000732e-01
1.837112456560134888e-01
1.730912178754806519e-01
2.166807949542999268e-01
1.875860393047332764e-01
4.872617498040199280e-02
5.728596076369285583e-02
1.693636476993560791e-01
2.166807949542999268e-01
1.810692250728607178e-01
2.166807949542999268e-01
2.105763703584671021e-01
2.166807949542999268e-01
1.803103387355804443e-01
7.938756048679351807e-02
1.308654695749282837e-01
1.237996742129325867e-01
1.743902564048767090e-01
2.166807949542999268e-01
1.934547871351242065e-01
1.743988394737243652e-01
1.187199577689170837e-01
1.456555128097534180e-01
8.358072489500045776e-02
1.750423461198806763e-01
1.918366402387619019e-01
1.416421383619308472e-01
2.101359516382217407e-01
2.191321700811386108e-01
1.596991717815399170e-01
9.952162206172943115e-02
8.959399163722991943e-02
9.372184425592422485e-02
1.607789993286132812e-01
2.001449614763259888e-01
2.080452591180801392e-01
2.191321700811386108e-01
1.710493266582489014e-01
1.880099773406982422e-01
1.847977787256240845e-01
1.010170057415962219e-01
8.833243697881698608e-02
1.764170676469802856e-01
1.540415585041046143e-01
1.103060096502304077e-01
1.869252771139144897e-01
1.569778323173522949e-01
1.843373328447341919e-01
1.626937091350555420e-01
8.336072415113449097e-02
1.642514318227767944e-01
2.191321700811386108e-01
1.613151133060455322e-01
1.968840509653091431e-01
2.191321700811386108e-01
2.152297347784042358e-01
1.101503446698188782e-01
6.525875627994537354e-02
3.687164187431335449e-02
5.878193303942680359e-02
1.639761179685592651e-01
1.872930824756622314e-01
1.869029253721237183e-01
2.160075157880783081e-01
1.537070572376251221e-01
1.904440522193908691e-01
1.225597932934761047e-01
8.741138875484466553e-02
1.701694279909133911e-01
1.939701139926910400e-01
2.160075157880783081e-01
2.160075157880783081e-01
2.160075157880783081e-01
1.446362286806106567e-01
1.380266696214675903e-01
1.162746772170066833e-01
6.821505725383758545e-02
1.597092151641845703e-01
1.485128402709960938e-01
2.160075157880783081e-01
2.160075157880783081e-01
2.160075157880783081e-01
1.804436892271041870e-01
1.888383328914642334e-01
9.821490198373794556e-02
1.006347388029098511e-01
1.810672283172607422e-01
1.040260195732116699e-01
2.160075157880783081e-01
2.160075157880783081e-01
1.644138693809509277e-01
1.159567981958389282e-01
1.962508261203765869e-01
1.210068687796592712e-01
1.228667870163917542e-01
2.042929381132125854e-01
1.902936547994613647e-01
1.271229386329650879e-01
1.859281212091445923e-01
1.730670630931854248e-01
1.334491372108459473e-01
1.563085466623306274e-01
1.195347085595130920e-01
9.421858191490173340e-02
1.783689856529235840e-01
1.445472538471221924e-01
1.261305361986160278e-01
1.523254960775375366e-01
1.175916716456413269e-01
1.832735389471054077e-01
1.925837099552154541e-01
9.922061860561370850e-02
1.516898125410079956e-01
1.739565134048461914e-01
1.444623172283172607e-01
1.953816264867782593e-01
2.042929381132125854e-01
1.930864602327346802e-01
1.793570369482040405e-01
1.925541311502456665e-01
1.703117787837982178e-01
2.014563083648681641e-01
1.645486652851104736e-01
1.809186339378356934e-01
1.805652827024459839e-01
2.042929381132125854e-01
2.042929381132125854e-01
9.602221101522445679e-02
7.960765808820724487e-02
1.383732706308364868e-01
9.441702067852020264e-02
1.771096736192703247e-01
1.057764589786529541e-01
1.456048935651779175e-01
1.812790036201477051e-01
1.392593383789062500e-01
8.003352582454681396e-02
4.276029393076896667e-02
1.118811294436454773e-01
6.009296700358390808e-02
1.213593930006027222e-01
1.327023357152938843e-01
1.666577756404876709e-01
2.143392562866210938e-01
2.143392562866210938e-01
1.759244203567504883e-01
2.143392562866210938e-01
2.143392562866210938e-01
1.756168156862258911e-01
2.009575366973876953e-01
1.495188176631927490e-01
1.419722139835357666e-01
2.143392562866210938e-01
1.651716977357864380e-01
1.915393471717834473e-01
2.143392562866210938e-01
2.143392562866210938e-01
1.233202964067459106e-01
2.143392562866210938e-01
2.059323638677597046e-01
1.675288081169128418e-01
2.143392562866210938e-01
2.143392562866210938e-01
8.103311806917190552e-02
2.824118733406066895e-02
4.413670673966407776e-02
9.959314018487930298e-03
4.657084122300148010e-02
1.579495966434478760e-01
1.504165083169937134e-01
2.530983090400695801e-01
2.382135838270187378e-01
1.061122566461563110e-01
3.650935366749763489e-02
2.248832769691944122e-02
1.673560030758380890e-02
3.415916860103607178e-02
6.513191759586334229e-02
1.222964897751808167e-01
2.530983090400695801e-01
2.490002363920211792e-01
1.930848956108093262e-01
1.126983091235160828e-01
1.025450602173805237e-01
2.567227557301521301e-02
1.505895853042602539e-01
2.530983090400695801e-01
2.326178252696990967e-01
2.530983090400695801e-01
2.530983090400695801e-01
2.530983090400695801e-01
1.217822879552841187e-01
5.986835062503814697e-02
1.112023144960403442e-01
1.116508319973945618e-01
1.676459908485412598e-01
2.530983090400695801e-01
2.530983090400695801e-01
2.530983090400695801e-01
1.182822883129119873e-01
3.708335384726524353e-02
1.985475607216358185e-02
2.231943234801292419e-02
2.496746927499771118e-02
2.206518687307834625e-02
1.122487708926200867e-01
2.063547372817993164e-01
2.493103891611099243e-01
1.554582864046096802e-01
4.239400476217269897e-02
3.868686780333518982e-02
1.306833326816558838e-02
1.570325344800949097e-02
3.645451739430427551e-02
9.199732542037963867e-02
2.557936012744903564e-01
2.557936012744903564e-01
2.557936012744903564e-01
1.953280568122863770e-01
1.020350307226181030e-01
2.151305079460144043e-01
1.257748752832412720e-01
1.032574549317359924e-01
2.525093853473663330e-01
2.557936012744903564e-01
2.557936012744903564e-01
2.484264969825744629e-01
1.206853538751602173e-01
1.017194688320159912e-01
1.980002224445343018e-01
9.599187970161437988e-02
1.203552857041358948e-01
1.800962239503860474e-01
2.557936012744903564e-01
2.557936012744903564e-01
1.249754279851913452e-01
6.109943985939025879e-02
3.996603190898895264e-02
1.986304484307765961e-02
2.154491096735000610e-02
2.830188535153865814e-02
7.030332088470458984e-02
2.496919333934783936e-01
2.607230246067047119e-01
2.757235467433929443e-01
1.503087878227233887e-01
1.423774212598800659e-01
6.289186328649520874e-02
2.585834078490734100e-02
6.181912496685981750e-02
9.025488793849945068e-02
1.414927691221237183e-01
2.757235467433929443e-01
1.816914230585098267e-01
1.164387390017509460e-01
7.205864042043685913e-02
1.310959309339523315e-01
1.085456907749176025e-01
7.325750589370727539e-02
1.222282126545906067e-01
2.757235467433929443e-01
2.757235467433929443e-01
2.418158054351806641e-01
1.796432733535766602e-01
1.036912500858306885e-01
7.192771881818771362e-02
9.452647715806961060e-02
2.401061803102493286e-01
1.716353148221969604e-01
2.757235467433929443e-01
2.757235467433929443e-01
2.585076093673706055e-01
1.986584812402725220e-01
1.689656227827072144e-01
4.938069730997085571e-02
1.685417816042900085e-02
7.330238819122314453e-02
7.647531479597091675e-02
1.009624004364013672e-01
2.492103278636932373e-01
2.528939545154571533e-01
2.585076093673706055e-01
1.428869217634201050e-01
3.576282411813735962e-02
2.784493751823902130e-02
4.121331870555877686e-02
4.425207152962684631e-02
1.167996451258659363e-01
2.585076093673706055e-01
2.181500792503356934e-01
1.925088167190551758e-01
1.020999774336814880e-01
2.973275445401668549e-02
5.964934453368186951e-02
2.420998811721801758e-01
1.725113987922668457e-01
2.585076093673706055e-01
2.585076093673706055e-01
2.585076093673706055e-01
1.661694198846817017e-01
8.131616562604904175e-02
2.774235233664512634e-02
8.248955011367797852e-02
1.348806917667388916e-01
9.659128636121749878e-02
1.201682239770889282e-01
2.585076093673706055e-01
1.892957389354705811e-01
2.239516228437423706e-01
1.298294365406036377e-01
4.470323026180267334e-02
2.606774494051933289e-02
3.398987278342247009e-02
3.020592965185642242e-02
7.888435572385787964e-02
1.951250731945037842e-01
3.154171705245971680e-01
2.078199386596679688e-01
1.222350671887397766e-01
8.317699283361434937e-02
1.497447025030851364e-02
3.116584755480289459e-02
5.365398526191711426e-02
1.305182129144668579e-01
1.995887458324432373e-01
3.154171705245971680e-01
1.634127199649810791e-01
1.268298178911209106e-01
4.064007103443145752e-02
5.725682899355888367e-02
8.440293371677398682e-02
7.625209540128707886e-02
7.022247463464736938e-02
3.154171705245971680e-01
3.154171705245971680e-01
3.047281503677368164e-01
1.459993720054626465e-01
7.225683331489562988e-02
5.614791065454483032e-02
5.725966021418571472e-02
6.058045849204063416e-02
1.626134216785430908e-01
3.154171705245971680e-01
3.134922981262207031e-01
1.519190520048141479e-01
6.857596337795257568e-02
4.732424393296241760e-02
1.167068374343216419e-03
9.014016017317771912e-03
3.340933099389076233e-02
1.068692281842231750e-01
3.239249885082244873e-01
3.287391662597656250e-01
8.469472825527191162e-02
4.733233153820037842e-02
2.411309815943241119e-02
3.701924346387386322e-03
1.826503314077854156e-03
6.431554257869720459e-02
1.278074085712432861e-01
3.287391662597656250e-01
3.287391662597656250e-01
1.322688013315200806e-01
5.644217878580093384e-02
4.632997512817382812e-02
2.700948342680931091e-02
3.095671348273754120e-02
3.920538723468780518e-02
1.163033097982406616e-01
3.287391662597656250e-01
3.287391662597656250e-01
7.146055251359939575e-02
6.878239661455154419e-02
1.856247149407863617e-02
1.248662080615758896e-02
2.820085175335407257e-02
7.511383295059204102e-02
1.249602362513542175e-01
3.287391662597656250e-01
3.396175205707550049e-01
6.998459994792938232e-02
2.654431574046611786e-02
2.951303310692310333e-02
2.342318557202816010e-02
7.954270578920841217e-03
4.629902541637420654e-02
6.462127715349197388e-02
3.396175205707550049e-01
3.396175205707550049e-01
1.515935361385345459e-01
6.461597979068756104e-02
3.654059395194053650e-02
4.105256125330924988e-02
3.085806407034397125e-02
4.460368677973747253e-02
3.040176257491111755e-02
3.396175205707550049e-01
3.396175205707550049e-01
4.035975039005279541e-02
4.167055338621139526e-02
9.382162243127822876e-03
8.094828575849533081e-03
2.766498737037181854e-02
8.110653609037399292e-02
7.580628991127014160e-02
3.396175205707550049e-01
3.396175205707550049e-01
6.441935896873474121e-02
2.213662303984165192e-02
8.798444643616676331e-03
8.633442223072052002e-03
2.573879994451999664e-02
5.339046195149421692e-02
3.905123844742774963e-02
3.396175205707550049e-01
2.463713884353637695e-01
1.062813848257064819e-01
8.770953863859176636e-02
6.522647291421890259e-02
7.534081488847732544e-02
5.315180867910385132e-02
8.165282756090164185e-02
3.464683145284652710e-02
2.585521936416625977e-01
1.359426081180572510e-01
8.383172750473022461e-02
1.173650994896888733e-01
2.242680490016937256e-01
2.585521936416625977e-01
2.585521936416625977e-01
1.479877978563308716e-01
7.238426804542541504e-02
2.137844413518905640e-01
2.585521936416625977e-01
8.467038720846176147e-02
9.852363169193267822e-02
5.039971694350242615e-02
4.146959260106086731e-02
2.472751401364803314e-02
4.086629301309585571e-02
2.457199245691299438e-02
2.585521936416625977e-01
1.804025471210479736e-01
1.313156783580780029e-01
2.340968549251556396e-01
2.585521936416625977e-01
2.585521936416625977e-01
2.269671857357025146e-01
7.762365788221359253e-02
1.172078996896743774e-01
2.585521936416625977e-01
2.195154279470443726e-01
8.660259842872619629e-02
6.734743714332580566e-02
4.442922398447990417e-02
1.073135137557983398e-01
6.322602182626724243e-02
1.372028291225433350e-01
2.063648253679275513e-01
2.793743014335632324e-01
2.793743014335632324e-01
1.353107839822769165e-01
7.745885103940963745e-02
5.672186240553855896e-02
1.512561887502670288e-01
6.095707416534423828e-02
1.354875415563583374e-01
1.734963059425354004e-01
2.793743014335632324e-01
2.793743014335632324e-01
1.522478312253952026e-01
1.361830681562423706e-01
1.175394579768180847e-01
7.190413773059844971e-02
1.123158782720565796e-01
1.108423173427581787e-01
1.495208889245986938e-01
2.793743014335632324e-01
2.793743014335632324e-01
1.323253512382507324e-01
7.620279490947723389e-02
5.554961040616035461e-02
6.466623395681381226e-02
1.036054566502571106e-01
1.235584318637847900e-01
2.111994028091430664e-01
2.793743014335632324e-01
2.593825757503509521e-01
1.487708389759063721e-01
1.883124858140945435e-01
1.018107682466506958e-01
7.087285816669464111e-02
3.103345632553100586e-02
7.917708903551101685e-02
1.189899668097496033e-01
2.686095535755157471e-01
2.293733805418014526e-01
1.581365466117858887e-01
2.590001821517944336e-01
1.300140321254730225e-01
8.103375136852264404e-02
5.849478021264076233e-02
1.194454431533813477e-01
2.686095535755157471e-01
2.654657065868377686e-01
2.686095535755157471e-01
1.073727086186408997e-01
8.474355190992355347e-02
4.178476706147193909e-02
2.796925045549869537e-02
1.966901682317256927e-02
5.437605082988739014e-02
1.662196069955825806e-01
2.686095535755157471e-01
2.686095535755157471e-01
2.014963477849960327e-01
1.069158837199211121e-01
5.360498651862144470e-02
2.756393887102603912e-02
2.089407853782176971e-02
4.916113242506980896e-02
1.889321058988571167e-01
2.686095535755157471e-01
2.460661232471466064e-01
1.558641344308853149e-01
1.809628158807754517e-01
1.009505912661552429e-01
5.096238851547241211e-02
4.022792726755142212e-02
1.398289650678634644e-01
2.460661232471466064e-01
2.262000590562820435e-01
2.460661232471466064e-01
2.460661232471466064e-01
1.868119835853576660e-01
7.536160200834274292e-02
5.916835367679595947e-02
5.291653424501419067e-02
1.443318128585815430e-01
1.472347974777221680e-01
2.460661232471466064e-01
2.460661232471466064e-01
1.929535716772079468e-01
4.660949483513832092e-02
3.099417872726917267e-02
1.555047743022441864e-02
2.727977745234966278e-02
1.118931770324707031e-01
1.847277730703353882e-01
2.460661232471466064e-01
2.460661232471466064e-01
1.918329000473022461e-01
8.273781090974807739e-02
3.704801574349403381e-02
2.192408218979835510e-02
4.481830075383186340e-02
1.683366447687149048e-01
2.391855418682098389e-01
2.460661232471466064e-01
2.469308972358703613e-01
2.495486140251159668e-01
1.885538548231124878e-01
7.935333997011184692e-02
6.562823802232742310e-02
7.690537720918655396e-02
1.088325604796409607e-01
9.044041484594345093e-02
1.807433664798736572e-01
1.958003789186477661e-01
2.519518435001373291e-01
2.014980316162109375e-01
1.159063801169395447e-01
1.136070266366004944e-01
1.743474602699279785e-01
1.613036990165710449e-01
1.444795131683349609e-01
1.729653179645538330e-01
2.519518435001373291e-01
1.953065693378448486e-01
1.165216937661170959e-01
7.911311089992523193e-02
3.513941168785095215e-02
5.415126308798789978e-02
9.067492932081222534e-02
1.692265570163726807e-01
2.519518435001373291e-01
2.519518435001373291e-01
2.519518435001373291e-01
1.343627423048019409e-01
1.262312978506088257e-01
7.780081033706665039e-02
1.305957585573196411e-01
6.239983439445495605e-02
1.269117146730422974e-01
2.519518435001373291e-01
2.081521898508071899e-01
1.928407549858093262e-01
1.379908919334411621e-01
8.377228677272796631e-02
1.189175099134445190e-01
1.384562999010086060e-01
1.891765147447586060e-01
1.702089309692382812e-01
1.533325314521789551e-01
2.589062154293060303e-01
2.486417591571807861e-01
1.234325021505355835e-01
1.201596334576606750e-01
1.501134634017944336e-01
7.160693407058715820e-02
1.216369420289993286e-01
1.522609442472457886e-01
1.910689026117324829e-01
2.589062154293060303e-01
2.004561871290206909e-01
9.432218223810195923e-02
8.408115804195404053e-02
8.957459032535552979e-02
1.195143684744834900e-01
6.294294446706771851e-02
1.557002365589141846e-01
2.589062154293060303e-01
2.589062154293060303e-01
2.147603482007980347e-01
1.197104379534721375e-01
6.939653307199478149e-02
7.910138368606567383e-02
9.484979510307312012e-02
9.699789434671401978e-02
2.094260454177856445e-01
2.589062154293060303e-01
2.661917507648468018e-01
1.926841139793395996e-01
7.299786806106567383e-02
9.235291182994842529e-02
9.196806699037551880e-02
4.829753190279006958e-02
1.055010780692100525e-01
1.404851973056793213e-01
2.382263690233230591e-01
2.661917507648468018e-01
1.821755319833755493e-01
1.187271401286125183e-01
1.039101108908653259e-01
6.917037069797515869e-02
6.335064023733139038e-02
1.410662829875946045e-01
1.716290861368179321e-01
2.661917507648468018e-01
2.661917507648468018e-01
2.611342370510101318e-01
8.665787428617477417e-02
3.911288827657699585e-02
1.851936057209968567e-02
3.809702768921852112e-02
1.369518488645553589e-01
1.662975996732711792e-01
2.661917507648468018e-01
2.661917507648468018e-01
2.339470982551574707e-01
7.223429530858993530e-02
3.103335015475749969e-02
1.852597296237945557e-02
1.851208321750164032e-02
1.367994248867034912e-01
1.730792820453643799e-01
2.661917507648468018e-01
3.010291457176208496e-01
2.046947479248046875e-01
1.278052181005477905e-01
6.339372694492340088e-02
5.593405663967132568e-02
4.517297446727752686e-02
9.026595205068588257e-02
1.191581860184669495e-01
2.752172648906707764e-01
3.010291457176208496e-01
2.099129557609558105e-01
1.137128770351409912e-01
3.883473202586174011e-02
6.769922375679016113e-02
7.280214130878448486e-02
1.285399645566940308e-01
1.181271895766258240e-01
3.010291457176208496e-01
3.010291457176208496e-01
1.609627753496170044e-01
3.910082578659057617e-02
1.160640455782413483e-02
1.234677992761135101e-02
2.986582741141319275e-02
7.224559038877487183e-02
9.628440439701080322e-02
3.010291457176208496e-01
3.010291457176208496e-01
1.101863086223602295e-01
3.670623898506164551e-02
5.251314025372266769e-03
1.709132455289363861e-02
9.127449244260787964e-02
1.392806470394134521e-01
1.167972534894943237e-01
3.010291457176208496e-01
3.082741200923919678e-01
9.441650658845901489e-02
5.815361440181732178e-02
9.187531657516956329e-03
4.545618966221809387e-02
8.223998546600341797e-02
9.360177814960479736e-02
1.328883469104766846e-01
3.082741200923919678e-01
3.082741200923919678e-01
1.137831136584281921e-01
8.334223181009292603e-02
5.562892556190490723e-02
4.870601743459701538e-02
5.675252154469490051e-02
1.202077120542526245e-01
2.372405081987380981e-01
3.082741200923919678e-01
3.082741200923919678e-01
9.545400738716125488e-02
7.473870366811752319e-02
2.302749082446098328e-02
3.583586215972900391e-02
4.004470631480216980e-02
5.991835147142410278e-02
7.877250760793685913e-02
3.082741200923919678e-01
3.082741200923919678e-01
1.232949718832969666e-01
1.342453062534332275e-01
7.249584048986434937e-02
5.983977392315864563e-02
2.811509929597377777e-02
7.497320324182510376e-02
1.154554486274719238e-01
3.082741200923919678e-01
2.548358142375946045e-01
1.333150416612625122e-01
9.629348665475845337e-02
1.149917170405387878e-01
8.308430016040802002e-02
9.040500968694686890e-02
1.242924034595489502e-01
2.020797878503799438e-01
2.712091803550720215e-01
2.240902036428451538e-01
1.051738411188125610e-01
1.081212610006332397e-01
1.839469969272613525e-01
1.061111018061637878e-01
1.100159287452697754e-01
1.044938713312149048e-01
2.118511646986007690e-01
2.712091803550720215e-01
2.712091803550720215e-01
7.455901056528091431e-02
1.046616360545158386e-01
9.153212606906890869e-02
1.055748686194419861e-01
6.856943666934967041e-02
1.350369304418563843e-01
1.642253100872039795e-01
2.712091803550720215e-01
2.712091803550720215e-01
1.472213864326477051e-01
1.032548621296882629e-01
1.428439170122146606e-01
1.211071312427520752e-01
9.643322229385375977e-02
9.272457659244537354e-02
1.489184051752090454e-01
2.712091803550720215e-01
2.030858844518661499e-01
1.152165606617927551e-01
1.000365540385246277e-01
1.529623121023178101e-01
9.283884614706039429e-02
6.166060268878936768e-02
7.673159241676330566e-02
1.618112474679946899e-01
2.616849541664123535e-01
2.362565696239471436e-01
1.335070878267288208e-01
1.129729226231575012e-01
7.320430874824523926e-02
8.067634701728820801e-02
1.546190828084945679e-01
8.940832316875457764e-02
2.525545656681060791e-01
2.616849541664123535e-01
2.616849541664123535e-01
1.717183142900466919e-01
1.148177236318588257e-01
1.225378438830375671e-01
9.941875189542770386e-02
7.142741233110427856e-02
6.447075307369232178e-02
9.438028186559677124e-02
2.616849541664123535e-01
2.616849541664123535e-01
1.777990758419036865e-01
1.737856715917587280e-01
1.102828532457351685e-01
1.722061485052108765e-01
1.734798699617385864e-01
1.070774570107460022e-01
1.709128767251968384e-01
2.616849541664123535e-01
1.923968791961669922e-01
1.594721972942352295e-01
1.210920140147209167e-01
1.668029651045799255e-02
6.505442410707473755e-02
1.729438900947570801e-01
9.278828650712966919e-02
2.131436467170715332e-01
2.392184585332870483e-01
2.392184585332870483e-01
1.331584006547927856e-01
6.466729193925857544e-02
4.970281571149826050e-02
8.693329244852066040e-02
1.297581344842910767e-01
1.085776090621948242e-01
7.587191462516784668e-02
2.392184585332870483e-01
2.392184585332870483e-01
2.251221686601638794e-01
1.957406252622604370e-01
8.342678844928741455e-02
1.215351298451423645e-01
1.856432557106018066e-01
9.680655598640441895e-02
1.850930750370025635e-01
1.957327127456665039e-01
2.392184585332870483e-01
2.392184585332870483e-01
1.544023901224136353e-01
1.334345489740371704e-01
1.101267412304878235e-01
1.616817414760589600e-01
1.457637399435043335e-01
1.919495016336441040e-01
2.392184585332870483e-01
2.631871402263641357e-01
1.202073320746421814e-01
4.815014451742172241e-02
6.122214347124099731e-02
7.057686895132064819e-02
9.133557230234146118e-02
9.164078533649444580e-02
7.805423438549041748e-02
2.631871402263641357e-01
2.631871402263641357e-01
1.965099424123764038e-01
9.299210458993911743e-02
8.556997030973434448e-02
8.618163317441940308e-02
7.391823828220367432e-02
7.771243155002593994e-02
2.152373194694519043e-01
2.507538497447967529e-01
2.631871402263641357e-01
1.609102934598922729e-01
7.529332488775253296e-02
9.595697373151779175e-02
1.173130497336387634e-01
1.182762533426284790e-01
1.044063940644264221e-01
2.222668528556823730e-01
2.631871402263641357e-01
2.631871402263641357e-01
1.597429215908050537e-01
1.002253368496894836e-01
1.033450812101364136e-01
1.100219637155532837e-01
1.207641810178756714e-01
1.020941510796546936e-01
2.631871402263641357e-01
2.631871402263641357e-01
2.330063432455062866e-01
1.077943220734596252e-01
8.575218170881271362e-02
8.992090076208114624e-02
8.330196142196655273e-02
8.939620852470397949e-02
9.332785010337829590e-02
1.826672405004501343e-01
2.262346446514129639e-01
2.330063432455062866e-01
9.051920473575592041e-02
1.108321398496627808e-01
5.174000188708305359e-02
6.330552697181701660e-02
7.545997947454452515e-02
1.089776679873466492e-01
2.330063432455062866e-01
2.330063432455062866e-01
1.969580501317977905e-01
2.070144265890121460e-01
1.685914248228073120e-01
1.813265830278396606e-01
1.358484774827957153e-01
1.325044333934783936e-01
1.248986124992370605e-01
2.330063432455062866e-01
2.025989592075347900e-01
1.691171675920486450e-01
2.269358336925506592e-01
1.741025298833847046e-01
1.843683719635009766e-01
1.847614794969558716e-01
1.013318151235580444e-01
1.150179132819175720e-01
2.330063432455062866e-01
2.330063432455062866e-01
3.053925931453704834e-01
5.835614725947380066e-02
7.798606157302856445e-02
1.400734111666679382e-02
1.565432175993919373e-02
3.940031677484512329e-02
1.336502432823181152e-01
2.274848371744155884e-01
3.243303000926971436e-01
3.243303000926971436e-01
4.459526762366294861e-02
2.243357151746749878e-02
9.549865499138832092e-03
8.529020473361015320e-03
3.351546451449394226e-02
7.627819478511810303e-02
6.965167075395584106e-02
3.243303000926971436e-01
2.056476771831512451e-01
1.229125633835792542e-01
7.427853345870971680e-02
7.047903537750244141e-02
7.201688736677169800e-02
2.608263492584228516e-02
1.046328097581863403e-01
2.381879091262817383e-01
3.243303000926971436e-01
3.243303000926971436e-01
1.235908493399620056e-01
5.775094777345657349e-02
5.379427596926689148e-02
2.978302538394927979e-02
1.913199014961719513e-02
7.523817569017410278e-02
8.344642817974090576e-02
3.243303000926971436e-01
2.655844092369079590e-01
5.275847017765045166e-02
8.397747576236724854e-02
4.340644925832748413e-02
1.968075893819332123e-02
1.071027200669050217e-02
1.302387565374374390e-02
5.488538369536399841e-02
2.655844092369079590e-01
2.379989922046661377e-01
1.099279597401618958e-01
2.193819135427474976e-01
2.519352138042449951e-01
2.197414338588714600e-01
8.172120153903961182e-02
1.043941527605056763e-01
1.333772689104080200e-01
2.655844092369079590e-01
2.655844092369079590e-01
9.946522861719131470e-02
7.273469865322113037e-02
5.475335568189620972e-02
2.812348306179046631e-02
2.658388391137123108e-02
4.717722162604331970e-02
1.036223098635673523e-01
2.655844092369079590e-01
2.655844092369079590e-01
1.759307831525802612e-01
2.230525761842727661e-01
1.610725075006484985e-01
1.642009019851684570e-01
1.008252277970314026e-01
1.331583261489868164e-01
1.733989715576171875e-01
2.655844092369079590e-01
2.346581518650054932e-01
1.739033013582229614e-01
1.437563151121139526e-01
1.110557764768600464e-01
5.844296514987945557e-02
7.767831534147262573e-02
1.016236394643783569e-01
1.222043782472610474e-01
2.594718933105468750e-01
2.854975759983062744e-01
1.258047372102737427e-01
1.289843022823333740e-01
6.349507719278335571e-02
2.976879663765430450e-02
7.580960541963577271e-02
1.314406841993331909e-01
1.599070429801940918e-01
2.854975759983062744e-01
2.854975759983062744e-01
1.388236582279205322e-01
8.648645877838134766e-02
8.222723752260208130e-02
1.169079169631004333e-01
6.730478256940841675e-02
7.063984125852584839e-02
1.908461302518844604e-01
2.854975759983062744e-01
2.854975759983062744e-01
1.913309395313262939e-01
1.588117927312850952e-01
5.682778730988502502e-02
4.824415221810340881e-02
4.370512068271636963e-02
1.197807788848876953e-01
1.581452339887619019e-01
2.854975759983062744e-01
2.639043629169464111e-01
1.144748106598854065e-01
9.860120713710784912e-02
3.779651597142219543e-02
3.678955137729644775e-02
4.046732559800148010e-02
9.637921303510665894e-02
1.671754866838455200e-01
2.639043629169464111e-01
2.639043629169464111e-01
2.323453873395919800e-01
1.135375425219535828e-01
6.103963032364845276e-02
4.498280212283134460e-02
6.775916367769241333e-02
1.112779229879379272e-01
1.205237209796905518e-01
2.639043629169464111e-01
2.639043629169464111e-01
2.210848033428192139e-01
1.285477578639984131e-01
2.722563780844211578e-02
4.398053139448165894e-02
4.314191639423370361e-02
1.318370401859283447e-01
1.814528107643127441e-01
2.639043629169464111e-01
2.639043629169464111e-01
2.092813253402709961e-01
1.236361488699913025e-01
4.101372510194778442e-02
7.230482250452041626e-02
7.313646376132965088e-02
1.985531449317932129e-01
2.014409452676773071e-01
2.639043629169464111e-01
2.238129824399948120e-01
1.504384279251098633e-01
6.078029051423072815e-02
4.639570042490959167e-02
5.580959469079971313e-02
6.477974355220794678e-02
1.230862140655517578e-01
1.434237211942672729e-01
2.747174203395843506e-01
2.472445070743560791e-01
8.127971738576889038e-02
6.355608254671096802e-02
3.764132037758827209e-02
4.279007017612457275e-02
5.626292526721954346e-02
1.462615728378295898e-01
2.747174203395843506e-01
2.747174203395843506e-01
2.747174203395843506e-01
1.157599985599517822e-01
1.336903125047683716e-01
4.968454688787460327e-02
8.474619686603546143e-02
6.778211146593093872e-02
1.629524081945419312e-01
1.888441890478134155e-01
2.747174203395843506e-01
2.747174203395843506e-01
9.511993825435638428e-02
1.419583112001419067e-01
2.989933080971240997e-02
6.654635071754455566e-02
7.246566563844680786e-02
1.574982553720474243e-01
2.747174203395843506e-01
2.747174203395843506e-01
2.878720462322235107e-01
7.653179019689559937e-02
5.374463647603988647e-02
4.609132558107376099e-02
2.993593923747539520e-02
4.761106893420219421e-02
7.318023592233657837e-02
2.118790894746780396e-01
2.878720462322235107e-01
2.878720462322235107e-01
1.563874036073684692e-01
5.019294098019599915e-02
4.960964620113372803e-02
4.900773242115974426e-02
4.193258285522460938e-02
3.918047249317169189e-02
1.661079078912734985e-01
2.878720462322235107e-01
2.878720462322235107e-01
1.012795194983482361e-01
8.432003855705261230e-02
3.770508244633674622e-02
6.879252940416336060e-02
6.960087269544601440e-02
7.316760718822479248e-02
2.417030930519104004e-01
2.878720462322235107e-01
2.878720462322235107e-01
1.338276416063308716e-01
1.149626299738883972e-01
6.375419348478317261e-02
8.655388653278350830e-02
3.223487362265586853e-02
9.995656460523605347e-02
2.475939691066741943e-01
2.878720462322235107e-01
2.718034684658050537e-01
1.155529692769050598e-01
5.449952930212020874e-02
3.581368178129196167e-02
4.913294315338134766e-02
3.869398683309555054e-02
3.100023977458477020e-02
1.813852190971374512e-01
2.718034684658050537e-01
2.718034684658050537e-01
1.128674969077110291e-01
9.566525369882583618e-02
4.340867325663566589e-02
4.050495848059654236e-02
5.278857424855232239e-02
6.724195182323455811e-02
2.472736835479736328e-01
2.718034684658050537e-01
2.718034684658050537e-01
1.777452528476715088e-01
9.205534309148788452e-02
3.415908664464950562e-02
2.781605906784534454e-02
7.433071732521057129e-03
6.038934364914894104e-02
2.362912595272064209e-01
2.718034684658050537e-01
2.718034684658050537e-01
2.714785039424896240e-01
7.649595290422439575e-02
2.700676582753658295e-02
1.359532959759235382e-02
1.092613488435745239e-02
3.183844313025474548e-02
2.718034684658050537e-01
2.718034684658050537e-01
2.264992296695709229e-01
1.389107704162597656e-01
5.980627611279487610e-02
4.873308911919593811e-02
1.727860979735851288e-02
4.649915918707847595e-02
1.658973544836044312e-01
1.834643334150314331e-01
2.304099649190902710e-01
2.304099649190902710e-01
1.264301389455795288e-01
6.370508670806884766e-02
6.900208443403244019e-02
8.171783387660980225e-02
6.742721050977706909e-02
2.199504822492599487e-01
1.513139605522155762e-01
2.304099649190902710e-01
2.304099649190902710e-01
2.304099649190902710e-01
4.028306156396865845e-02
3.402473405003547668e-02
5.825313925743103027e-02
4.805273190140724182e-02
1.489848643541336060e-01
2.304099649190902710e-01
2.304099649190902710e-01
2.242808640003204346e-01
1.589585691690444946e-01
9.571374207735061646e-02
8.086989074945449829e-02
2.278634458780288696e-01
2.131753265857696533e-01
2.304099649190902710e-01
2.304099649190902710e-01
2.304099649190902710e-01
2.339934110641479492e-01
8.995416015386581421e-02
5.053477361798286438e-02
5.990250781178474426e-02
7.139329612255096436e-02
8.903291076421737671e-02
1.353687793016433716e-01
1.161874979734420776e-01
2.339934110641479492e-01
2.339934110641479492e-01
9.417349100112915039e-02
6.334105879068374634e-02
4.286683350801467896e-02
6.836108118295669556e-02
1.598124057054519653e-01
1.607038378715515137e-01
1.813328415155410767e-01
2.339934110641479492e-01
1.978489458560943604e-01
9.442406147718429565e-02
1.228476241230964661e-01
1.471170037984848022e-01
1.833461672067642212e-01
1.810840517282485962e-01
1.590586900711059570e-01
1.973856687545776367e-01
2.310014367103576660e-01
2.339934110641479492e-01
1.300924867391586304e-01
1.899999082088470459e-01
2.138375937938690186e-01
1.657364815473556519e-01
1.712993234395980835e-01
1.651753187179565430e-01
2.339934110641479492e-01
2.339934110641479492e-01
2.268854379653930664e-01
1.421239376068115234e-01
1.043249815702438354e-01
4.882207885384559631e-02
7.842999696731567383e-02
9.727310389280319214e-02
8.339186012744903564e-02
1.356342732906341553e-01
2.268854379653930664e-01
2.268854379653930664e-01
1.130295172333717346e-01
1.695123910903930664e-01
1.006691530346870422e-01
1.004421785473823547e-01
9.947162121534347534e-02
1.277615278959274292e-01
1.907169222831726074e-01
2.268854379653930664e-01
2.268854379653930664e-01
1.554829925298690796e-01
1.421573609113693237e-01
1.145895272493362427e-01
1.416393965482711792e-01
1.725733727216720581e-01
1.596066802740097046e-01
2.268854379653930664e-01
2.268854379653930664e-01
2.268854379653930664e-01
1.429571360349655151e-01
2.204403728246688843e-01
6.771767884492874146e-02
1.004920452833175659e-01
1.709596067667007446e-01
1.960458457469940186e-01
2.268854379653930664e-01
2.268854379653930664e-01
1.631668806076049805e-01
8.885205537080764771e-02
1.697650849819183350e-01
1.105170994997024536e-01
1.275583803653717041e-01
9.406707435846328735e-02
1.911989897489547729e-01
1.850354671478271484e-01
2.197015434503555298e-01
2.203272581100463867e-01
2.039940953254699707e-01
1.422420889139175415e-01
1.643869727849960327e-01
1.481192857027053833e-01
1.140292286872863770e-01
1.204015687108039856e-01
1.016727089881896973e-01
2.203272581100463867e-01
1.453362554311752319e-01
1.009042635560035706e-01
1.916670948266983032e-01
7.842343300580978394e-02
8.813697844743728638e-02
1.308694183826446533e-01
2.203272581100463867e-01
2.203272581100463867e-01
1.960947811603546143e-01
2.203272581100463867e-01
2.145540863275527954e-01
1.479436904191970825e-01
1.045053973793983459e-01
1.283439099788665771e-01
1.676623970270156860e-01
1.834697872400283813e-01
2.086308151483535767e-01
2.203272581100463867e-01
2.245895862579345703e-01
2.245895862579345703e-01
1.537975072860717773e-01
1.238177120685577393e-01
1.324078887701034546e-01
9.989660233259201050e-02
8.867861330509185791e-02
9.097102284431457520e-02
2.245895862579345703e-01
2.245895862579345703e-01
2.004702091217041016e-01
1.538720279932022095e-01
1.270836293697357178e-01
2.070574313402175903e-01
1.874351948499679565e-01
1.251578330993652344e-01
1.331105977296829224e-01
1.209724098443984985e-01
2.245895862579345703e-01
2.245895862579345703e-01
1.342461854219436646e-01
7.672149688005447388e-02
1.102643087506294250e-01
1.384678035974502563e-01
1.829280704259872437e-01
1.696787476539611816e-01
1.647663265466690063e-01
2.186589688062667847e-01
2.245895862579345703e-01
1.113644018769264221e-01
1.400097012519836426e-01
1.701095849275588989e-01
1.670204550027847290e-01
2.201811373233795166e-01
1.358690559864044189e-01
8.813940733671188354e-02
2.136271148920059204e-01
1.987763345241546631e-01
1.478728204965591431e-01
1.154110431671142578e-01
1.156880930066108704e-01
1.983589529991149902e-01
1.206340193748474121e-01
1.188615038990974426e-01
1.420774757862091064e-01
2.206309288740158081e-01
2.206309288740158081e-01
1.904321163892745972e-01
1.279090344905853271e-01
1.126993969082832336e-01
1.320260465145111084e-01
1.348247677087783813e-01
2.001980990171432495e-01
2.206309288740158081e-01
2.020908892154693604e-01
2.206309288740158081e-01
1.096837967634201050e-01
1.179584488272666931e-01
1.282993853092193604e-01
1.514783203601837158e-01
1.714928448200225830e-01
9.094776213169097900e-02
1.053334325551986694e-01
1.934909373521804810e-01
2.206309288740158081e-01
2.038565427064895630e-01
1.415973305702209473e-01
1.814092397689819336e-01
1.223471686244010925e-01
1.863980740308761597e-01
1.355419605970382690e-01
1.909215003252029419e-01
1.945677697658538818e-01
1.170410811901092529e-01
7.719944417476654053e-02
8.810220658779144287e-02
1.716009229421615601e-01
1.024071574211120605e-01
8.476818352937698364e-02
2.272399216890335083e-01
2.377852201461791992e-01
2.377852201461791992e-01
7.733241468667984009e-02
8.369728177785873413e-02
6.331375241279602051e-02
1.445301175117492676e-01
1.148745641112327576e-01
1.125200539827346802e-01
2.276485562324523926e-01
2.377852201461791992e-01
1.299409419298171997e-01
1.078168451786041260e-01
1.164232194423675537e-01
1.794025897979736328e-01
2.377852201461791992e-01
1.111180260777473450e-01
1.300496459007263184e-01
1.811434626579284668e-01
1.970531046390533447e-01
2.377852201461791992e-01
9.213883429765701294e-02
1.222407743334770203e-01
1.470844298601150513e-01
2.350192219018936157e-01
8.200111985206604004e-02
2.001401782035827637e-01
2.377852201461791992e-01
2.377852201461791992e-01
2.184632122516632080e-01
1.677643805742263794e-01
1.278649121522903442e-01
9.432562440633773804e-02
1.274523735046386719e-01
1.081670224666595459e-01
1.166365891695022583e-01
1.836562454700469971e-01
2.106916010379791260e-01
1.443301737308502197e-01
1.842718422412872314e-01
1.303191930055618286e-01
1.327880918979644775e-01
1.499331742525100708e-01
1.043216511607170105e-01
1.548355519771575928e-01
1.522987186908721924e-01
1.515567898750305176e-01
2.184632122516632080e-01
1.473440378904342651e-01
9.978747367858886719e-02
9.761735796928405762e-02
1.983886063098907471e-01
1.030664816498756409e-01
1.674627512693405151e-01
2.184632122516632080e-01
2.184632122516632080e-01
2.184632122516632080e-01
1.588101089000701904e-01
1.427456885576248169e-01
1.459558457136154175e-01
2.184632122516632080e-01
2.066205888986587524e-01
2.184632122516632080e-01
1.828170716762542725e-01
1.885010749101638794e-01
1.518802791833877563e-01
1.227959245443344116e-01
1.074522584676742554e-01
9.220030158758163452e-02
8.580809831619262695e-02
5.301430448889732361e-02
1.829951852560043335e-01
1.437852680683135986e-01
1.402413100004196167e-01
2.312206029891967773e-01
1.202898547053337097e-01
6.860423088073730469e-02
1.095621511340141296e-01
7.028461247682571411e-02
6.430514156818389893e-02
1.726024746894836426e-01
1.729217767715454102e-01
1.954217106103897095e-01
2.099807560443878174e-01
1.301513016223907471e-01
1.974163502454757690e-01
1.009911671280860901e-01
1.908008158206939697e-01
1.964862346649169922e-01
2.312206029891967773e-01
2.312206029891967773e-01
1.834377050399780273e-01
2.312206029891967773e-01
1.004162505269050598e-01
1.395591497421264648e-01
1.546305119991302490e-01
2.058970034122467041e-01
1.684778183698654175e-01
2.312206029891967773e-01
2.312206029891967773e-01
2.312206029891967773e-01
2.321418076753616333e-01
1.086305081844329834e-01
4.286598414182662964e-02
6.474909186363220215e-02
6.668767333030700684e-02
6.567118316888809204e-02
1.423254460096359253e-01
1.393581330776214600e-01
1.932960599660873413e-01
2.321418076753616333e-01
2.090933322906494141e-01
1.712037026882171631e-01
1.385115087032318115e-01
1.572151035070419312e-01
1.174196600914001465e-01
1.139341667294502258e-01
1.615590751171112061e-01
2.201690822839736938e-01
2.321418076753616333e-01
1.302402019500732422e-01
9.508844465017318726e-02
1.106847226619720459e-01
1.274034231901168823e-01
1.179203465580940247e-01
2.321418076753616333e-01
1.709730625152587891e-01
2.139578163623809814e-01
2.321418076753616333e-01
2.321418076753616333e-01
1.723677366971969604e-01
1.381753981113433838e-01
1.459036618471145630e-01
1.752412617206573486e-01
2.112994343042373657e-01
1.450655758380889893e-01
2.062502205371856689e-01
