4.351523146033287048e-02
2.292045019567012787e-02
3.741003572940826416e-02
2.477054484188556671e-02
3.899013996124267578e-02
1.235856860876083374e-01
3.614539802074432373e-01
3.566902875900268555e-01
1.007259860634803772e-01
7.258605957031250000e-02
6.979776173830032349e-02
9.728668630123138428e-02
7.300457358360290527e-02
7.237095385789871216e-02
7.662609964609146118e-02
1.799792945384979248e-01
1.506721228361129761e-01
2.833058498799800873e-02
5.018408223986625671e-02
3.453357145190238953e-02
1.310315821319818497e-02
2.591867232695221901e-03
2.458596229553222656e-02
1.140678972005844116e-01
3.614539802074432373e-01
3.614539802074432373e-01
8.234752714633941650e-02
9.038320183753967285e-02
1.458303779363632202e-01
1.009031385183334351e-01
6.734796613454818726e-02
4.393298178911209106e-02
1.433479189872741699e-01
3.614539802074432373e-01
3.614539802074432373e-01
4.105297848582267761e-02
1.381327807903289795e-01
1.802833080291748047e-01
2.443246841430664062e-01
2.393052279949188232e-01
1.430739909410476685e-01
5.331578478217124939e-02
4.332889989018440247e-02
7.118937373161315918e-02
4.165027663111686707e-02
1.591239571571350098e-01
1.666786074638366699e-01
2.443246841430664062e-01
2.443246841430664062e-01
2.154746204614639282e-01
1.095011532306671143e-01
3.825780004262924194e-02
5.668616667389869690e-02
1.099835112690925598e-01
1.367598026990890503e-01
2.443246841430664062e-01
2.443246841430664062e-01
1.935009658336639404e-01
9.950092434883117676e-02
1.063235327601432800e-01
2.443246841430664062e-01
2.443246841430664062e-01
7.136235386133193970e-02
1.511858254671096802e-01
2.064858525991439819e-01
2.443246841430664062e-01
1.440752595663070679e-01
1.543143689632415771e-01
1.235816851258277893e-01
1.075002551078796387e-01
8.270899951457977295e-02
1.571196615695953369e-01
1.912360042333602905e-01
8.335346728563308716e-02
1.135410740971565247e-01
1.553303599357604980e-01
2.177948355674743652e-01
1.613366901874542236e-01
7.378636300563812256e-02
1.334460377693176270e-01
2.133564949035644531e-01
1.432306915521621704e-01
7.389479130506515503e-02
8.595330268144607544e-02
9.613263607025146484e-02
1.971418261528015137e-01
1.789448857307434082e-01
1.522513478994369507e-01
2.229392826557159424e-01
2.229392826557159424e-01
1.823507845401763916e-01
1.662675887346267700e-01
1.819458752870559692e-01
1.510754972696304321e-01
1.475460380315780640e-01
1.484577655792236328e-01
1.125520989298820496e-01
1.677307039499282837e-01
2.168131768703460693e-01
1.595727801322937012e-01
2.229392826557159424e-01
1.024075150489807129e-01
1.380838900804519653e-01
1.899955868721008301e-01
1.730952262878417969e-01
1.424539685249328613e-01
2.229392826557159424e-01
2.229392826557159424e-01
7.033784687519073486e-02
7.244053483009338379e-02
1.090496852993965149e-01
7.325351238250732422e-02
2.049248069524765015e-01
1.855610311031341553e-01
1.826389580965042114e-01
2.077943682670593262e-01
2.145395278930664062e-01
9.437664598226547241e-02
8.320489525794982910e-02
6.547363102436065674e-02
1.198691874742507935e-01
2.018654793500900269e-01
1.887432783842086792e-01
1.973828226327896118e-01
1.481408327817916870e-01
1.716877222061157227e-01
2.084806710481643677e-01
2.145395278930664062e-01
1.448264420032501221e-01
6.023653224110603333e-02
1.835312545299530029e-01
2.080290317535400391e-01
2.145395278930664062e-01
1.644476801156997681e-01
2.145395278930664062e-01
2.145395278930664062e-01
1.790888011455535889e-01
9.867922961711883545e-02
9.165470302104949951e-02
1.545749604701995850e-01
1.708914488554000854e-01
2.145395278930664062e-01
1.756943017244338989e-01
1.838166564702987671e-01
1.062651202082633972e-01
7.553679496049880981e-02
8.278710395097732544e-02
1.375076025724411011e-01
1.372345983982086182e-01
9.583241492509841919e-02
1.802418977022171021e-01
1.753250658512115479e-01
1.497929096221923828e-01
1.663455516099929810e-01
1.275065541267395020e-01
2.011520266532897949e-01
1.938401907682418823e-01
1.990994215011596680e-01
1.278641968965530396e-01
1.513064354658126831e-01
1.933385133743286133e-01
1.716501563787460327e-01
1.233734562993049622e-01
1.425695121288299561e-01
4.639632999897003174e-02
1.030218079686164856e-01
1.958586722612380981e-01
1.221466884016990662e-01
2.208534777164459229e-01
2.208534777164459229e-01
1.482258588075637817e-01
2.208534777164459229e-01
2.208534777164459229e-01
1.277392655611038208e-01
2.153343856334686279e-01
2.208534777164459229e-01
1.420141309499740601e-01
1.606452316045761108e-01
2.208534777164459229e-01
2.208534777164459229e-01
2.276089489459991455e-01
1.580689847469329834e-01
1.308771520853042603e-01
1.089743226766586304e-01
2.039098888635635376e-01
1.215627864003181458e-01
9.281396865844726562e-02
9.781812876462936401e-02
2.276089489459991455e-01
2.276089489459991455e-01
1.982278823852539062e-01
1.189715936779975891e-01
6.300949305295944214e-02
1.612043976783752441e-01
1.391992568969726562e-01
1.105970293283462524e-01
1.108719110488891602e-01
2.276089489459991455e-01
2.276089489459991455e-01
2.276089489459991455e-01
1.550794839859008789e-01
1.869370937347412109e-01
2.222080081701278687e-01
1.080610305070877075e-01
1.083774492144584656e-01
1.376560330390930176e-01
2.276089489459991455e-01
2.276089489459991455e-01
1.776350289583206177e-01
1.562092006206512451e-01
1.147100850939750671e-01
1.004612967371940613e-01
1.237931028008460999e-01
1.279706209897994995e-01
1.424499303102493286e-01
2.133060395717620850e-01
2.289997637271881104e-01
1.371876299381256104e-01
1.372091323137283325e-01
1.179478392004966736e-01
1.503394544124603271e-01
1.096689328551292419e-01
1.008334457874298096e-01
1.260379850864410400e-01
2.289997637271881104e-01
2.289997637271881104e-01
1.558266729116439819e-01
1.793837845325469971e-01
1.305602639913558960e-01
1.189842969179153442e-01
6.676955521106719971e-02
2.289997637271881104e-01
2.289997637271881104e-01
2.289997637271881104e-01
1.966914832592010498e-01
1.587724983692169189e-01
1.844416111707687378e-01
1.337027102708816528e-01
7.696145772933959961e-02
9.950179606676101685e-02
9.282292425632476807e-02
8.696565032005310059e-02
1.289453655481338501e-01
2.142484784126281738e-01
1.536157876253128052e-01
2.289997637271881104e-01
1.892448067665100098e-01
9.159819781780242920e-02
1.379417330026626587e-01
2.289997637271881104e-01
2.012391686439514160e-01
1.901878118515014648e-01
2.426872551441192627e-01
1.569693237543106079e-01
1.049187183380126953e-01
5.978222563862800598e-02
9.999134391546249390e-02
3.443946689367294312e-02
1.758644729852676392e-01
2.426872551441192627e-01
2.426872551441192627e-01
2.426872551441192627e-01
2.426872551441192627e-01
1.206111013889312744e-01
1.052368730306625366e-01
1.691010147333145142e-01
6.711044907569885254e-02
7.384867221117019653e-02
2.426872551441192627e-01
2.426872551441192627e-01
1.468412280082702637e-01
1.269106566905975342e-01
1.696885973215103149e-01
1.730991005897521973e-01
7.583657652139663696e-02
5.955370143055915833e-02
1.633470356464385986e-01
1.807591468095779419e-01
1.155958250164985657e-01
1.930852532386779785e-01
2.161689251661300659e-01
1.804951727390289307e-01
2.299912571907043457e-01
1.206543371081352234e-01
9.892900288105010986e-02
1.000667735934257507e-01
2.110725045204162598e-01
1.137949675321578979e-01
2.463876307010650635e-01
2.463876307010650635e-01
1.071505993604660034e-01
9.976629167795181274e-02
1.340090930461883545e-01
5.878391116857528687e-02
8.440012484788894653e-02
2.215255200862884521e-01
2.463876307010650635e-01
2.463876307010650635e-01
2.463876307010650635e-01
1.369468420743942261e-01
7.218044251203536987e-02
1.075599119067192078e-01
8.251590281724929810e-02
1.726936101913452148e-01
2.463876307010650635e-01
2.463876307010650635e-01
1.620428860187530518e-01
2.027091234922409058e-01
1.564796566963195801e-01
1.815632730722427368e-01
1.591315269470214844e-01
7.995601743459701538e-02
5.520640686154365540e-02
1.306261420249938965e-01
1.383087337017059326e-01
1.630172133445739746e-01
1.939440220594406128e-01
1.352518498897552490e-01
1.485051959753036499e-01
1.573495566844940186e-01
8.122295886278152466e-02
1.006710678339004517e-01
1.490115672349929810e-01
1.933688819408416748e-01
2.800689637660980225e-01
2.770824730396270752e-01
1.038363501429557800e-01
4.699805006384849548e-02
9.325861185789108276e-02
8.013284206390380859e-02
7.867980003356933594e-02
2.800689637660980225e-01
2.800689637660980225e-01
2.800689637660980225e-01
2.800689637660980225e-01
6.467876583337783813e-02
6.888502091169357300e-02
1.231582537293434143e-01
7.858151942491531372e-02
1.310221701860427856e-01
2.800689637660980225e-01
2.800689637660980225e-01
1.249882280826568604e-01
1.409539431333541870e-01
9.001168608665466309e-02
7.538843899965286255e-02
1.026239469647407532e-01
1.240200623869895935e-01
8.712285012006759644e-02
1.202959641814231873e-01
1.533569693565368652e-01
1.873021274805068970e-01
1.827741861343383789e-01
7.398898899555206299e-02
1.173650100827217102e-01
1.838025748729705811e-01
1.568976640701293945e-01
5.062669888138771057e-02
5.581844225525856018e-02
1.305129081010818481e-01
3.056732714176177979e-01
1.297766268253326416e-01
3.211392462253570557e-02
4.286452382802963257e-02
7.337834686040878296e-02
4.153800010681152344e-02
1.791362613439559937e-01
2.841875553131103516e-01
3.056732714176177979e-01
3.056732714176177979e-01
1.101519465446472168e-01
3.459158912301063538e-02
2.479075081646442413e-02
5.355931073427200317e-02
5.283826589584350586e-02
1.514604091644287109e-01
3.056732714176177979e-01
3.056732714176177979e-01
1.853223592042922974e-01
1.565318554639816284e-01
7.887773960828781128e-02
1.318551003932952881e-01
1.236010044813156128e-01
8.972138166427612305e-02
8.773119002580642700e-02
5.759388953447341919e-02
1.254623234272003174e-01
2.066152542829513550e-01
1.700005829334259033e-01
8.363106101751327515e-02
7.883095741271972656e-02
7.196303457021713257e-02
7.374624907970428467e-02
1.394055038690567017e-01
1.907972246408462524e-01
2.525029480457305908e-01
2.891350686550140381e-01
1.153612881898880005e-01
1.706926897168159485e-02
3.072845935821533203e-02
5.223517492413520813e-02
4.497595503926277161e-02
8.555465191602706909e-02
2.891350686550140381e-01
2.891350686550140381e-01
2.891350686550140381e-01
1.897972375154495239e-01
6.875469535589218140e-02
6.002733856439590454e-02
5.119512230157852173e-02
4.673405364155769348e-02
1.137184575200080872e-01
2.891350686550140381e-01
2.891350686550140381e-01
1.947920471429824829e-01
1.195300146937370300e-01
2.827431075274944305e-02
8.941788226366043091e-02
6.674157828092575073e-02
4.507952183485031128e-02
7.495283335447311401e-02
1.598876416683197021e-01
2.276062667369842529e-01
2.453325241804122925e-01
1.498592495918273926e-01
1.145566701889038086e-01
1.667339503765106201e-01
7.734545320272445679e-02
5.771414190530776978e-02
8.439761400222778320e-02
1.938796639442443848e-01
2.805650532245635986e-01
3.073559403419494629e-01
1.041526272892951965e-01
5.203212052583694458e-02
5.099257826805114746e-02
2.711141481995582581e-02
3.835505992174148560e-02
1.107289418578147888e-01
2.749743461608886719e-01
3.073559403419494629e-01
3.073559403419494629e-01
1.164078190922737122e-01
3.982840850949287415e-02
3.530554100871086121e-02
2.378221042454242706e-02
3.166278079152107239e-02
8.934468775987625122e-02
2.434457689523696899e-01
3.073559403419494629e-01
1.726395338773727417e-01
7.694461941719055176e-02
9.693308174610137939e-02
9.020126610994338989e-02
5.119590461254119873e-02
5.375795811414718628e-02
6.566949933767318726e-02
1.650460958480834961e-01
3.073559403419494629e-01
3.062816262245178223e-01
7.331327348947525024e-02
6.475275009870529175e-02
5.384016782045364380e-02
7.258838415145874023e-02
6.065526977181434631e-02
7.371809333562850952e-02
1.664669215679168701e-01
3.073559403419494629e-01
2.786820530891418457e-01
1.774808019399642944e-01
4.796415567398071289e-02
2.151935175061225891e-02
1.887400634586811066e-02
2.752337232232093811e-02
1.512195914983749390e-01
2.226376831531524658e-01
2.786820530891418457e-01
2.786820530891418457e-01
1.383076012134552002e-01
7.183356583118438721e-02
5.824296176433563232e-02
5.216760933399200439e-02
4.379625245928764343e-02
1.430366784334182739e-01
2.786820530891418457e-01
2.786820530891418457e-01
2.780442237854003906e-01
1.296611428260803223e-01
5.393408983945846558e-02
2.806303650140762329e-02
6.403124332427978516e-02
5.067020282149314880e-02
1.010109633207321167e-01
1.720628440380096436e-01
2.208764106035232544e-01
2.786820530891418457e-01
1.533681899309158325e-01
7.179989665746688843e-02
6.330377608537673950e-02
7.129528373479843140e-02
9.463373571634292603e-02
8.430781215429306030e-02
2.146317064762115479e-01
2.786820530891418457e-01
2.445980608463287354e-01
1.144596487283706665e-01
8.660396933555603027e-02
1.084126979112625122e-01
6.323999166488647461e-02
4.784504324197769165e-02
8.248539268970489502e-02
2.182367295026779175e-01
2.568356394767761230e-01
2.568356394767761230e-01
1.271525472402572632e-01
8.195371180772781372e-02
1.887852698564529419e-01
9.931475669145584106e-02
6.262475252151489258e-02
1.057134717702865601e-01
2.128954082727432251e-01
2.568356394767761230e-01
2.568356394767761230e-01
1.837067753076553345e-01
6.347215920686721802e-02
9.134436398744583130e-02
7.134635746479034424e-02
4.970074445009231567e-02
8.531041443347930908e-02
1.637523472309112549e-01
2.568356394767761230e-01
2.568356394767761230e-01
1.678465455770492554e-01
5.735930055379867554e-02
1.413908749818801880e-01
1.024832129478454590e-01
5.023548007011413574e-02
1.890804469585418701e-01
2.568356394767761230e-01
2.568356394767761230e-01
2.844810672104358673e-02
2.111192606389522552e-02
2.644511172547936440e-03
2.668797038495540619e-03
1.758259162306785583e-02
8.378651738166809082e-02
3.571219444274902344e-01
3.571219444274902344e-01
4.845356941223144531e-02
3.857384249567985535e-02
6.438207626342773438e-02
2.377056889235973358e-02
1.476651057600975037e-02
1.225195638835430145e-02
8.953704684972763062e-02
3.571219444274902344e-01
3.571219444274902344e-01
5.445028841495513916e-02
2.118931151926517487e-02
4.957885667681694031e-02
1.575704477727413177e-02
2.953096479177474976e-02
4.482243955135345459e-02
7.131985574960708618e-02
3.571219444274902344e-01
2.109252065420150757e-01
3.997600078582763672e-02
1.595696993172168732e-02
2.702607773244380951e-02
7.984853349626064301e-03
2.093929238617420197e-02
2.088351547718048096e-02
1.021779254078865051e-01
3.571219444274902344e-01
3.571219444274902344e-01
7.490722090005874634e-02
3.211467340588569641e-02
7.310063391923904419e-02
5.296626687049865723e-02
3.147242963314056396e-02
2.652288787066936493e-02
6.030216813087463379e-02
3.698236644268035889e-01
3.563483059406280518e-01
6.105170771479606628e-02
3.500404581427574158e-02
6.918154656887054443e-02
7.769525051116943359e-02
3.313018009066581726e-02
4.214444756507873535e-02
5.181871727108955383e-02
2.808506488800048828e-01
1.375131756067276001e-01
7.905192673206329346e-02
1.176072563976049423e-02
1.073084957897663116e-02
5.657723173499107361e-03
8.238612674176692963e-03
2.129303105175495148e-02
1.285024881362915039e-01
3.698236644268035889e-01
3.698236644268035889e-01
8.243152499198913574e-02
1.360634621232748032e-02
2.652996778488159180e-02
1.354406960308551788e-02
1.301208976656198502e-02
4.460962861776351929e-02
1.028875261545181274e-01
3.698236644268035889e-01
3.698236644268035889e-01
8.752226084470748901e-02
1.071334332227706909e-01
1.371839195489883423e-01
1.368080377578735352e-01
1.285132765769958496e-01
8.561030775308609009e-02
7.849642634391784668e-02
1.475245803594589233e-01
1.505511552095413208e-01
1.414799690246582031e-01
1.934731602668762207e-01
1.915641278028488159e-01
1.117432415485382080e-01
1.558593213558197021e-01
1.770471185445785522e-01
1.164094507694244385e-01
1.188782900571823120e-01
1.621035933494567871e-01
1.817140877246856689e-01
8.098158985376358032e-02
7.505276054143905640e-02
1.014897972345352173e-01
1.101127862930297852e-01
1.313261389732360840e-01
1.483011692762374878e-01
2.622597813606262207e-01
2.622597813606262207e-01
2.009182423353195190e-01
2.622597813606262207e-01
1.187013015151023865e-01
1.801673769950866699e-01
2.278714030981063843e-01
1.741125434637069702e-01
1.439069509506225586e-01
2.229917347431182861e-01
1.903851181268692017e-01
2.619988322257995605e-01
1.932350397109985352e-01
1.641457229852676392e-01
1.451463550329208374e-01
7.951904088258743286e-02
1.535370647907257080e-01
1.360013931989669800e-01
2.241657823324203491e-01
1.079594567418098450e-01
1.242230385541915894e-01
1.805972158908843994e-01
1.393281966447830200e-01
1.281811892986297607e-01
8.395957201719284058e-02
9.835404157638549805e-02
1.069416999816894531e-01
2.241657823324203491e-01
1.775556206703186035e-01
1.380234807729721069e-01
2.218819409608840942e-01
1.321460306644439697e-01
1.491648256778717041e-01
1.874531805515289307e-01
1.546040177345275879e-01
1.376396119594573975e-01
2.241657823324203491e-01
1.753208935260772705e-01
1.852294057607650757e-01
1.612945646047592163e-01
1.036514490842819214e-01
1.224486082792282104e-01
2.241657823324203491e-01
2.078286111354827881e-01
1.051630005240440369e-01
2.241657823324203491e-01
2.241657823324203491e-01
2.241657823324203491e-01
6.751997023820877075e-02
1.008663251996040344e-01
5.995930358767509460e-02
9.831671416759490967e-02
1.254749447107315063e-01
9.529049694538116455e-02
2.282292395830154419e-01
2.154911905527114868e-01
1.275014132261276245e-01
2.191177606582641602e-01
1.863592863082885742e-01
1.035132929682731628e-01
1.859009712934494019e-01
2.282292395830154419e-01
1.183817908167839050e-01
1.251726299524307251e-01
1.692121475934982300e-01
2.282292395830154419e-01
1.632887274026870728e-01
1.176017373800277710e-01
1.083249747753143311e-01
2.115288376808166504e-01
1.551087349653244019e-01
9.493050724267959595e-02
1.970098912715911865e-01
2.012668997049331665e-01
1.908646821975708008e-01
2.282292395830154419e-01
2.282292395830154419e-01
1.811595410108566284e-01
1.425726711750030518e-01
1.632043123245239258e-01
1.157579272985458374e-01
1.260721236467361450e-01
1.687465459108352661e-01
2.282292395830154419e-01
2.200640290975570679e-01
1.644902229309082031e-01
1.387894451618194580e-01
1.779482066631317139e-01
1.824049204587936401e-01
9.506306052207946777e-02
7.441677153110504150e-02
7.578508555889129639e-02
1.674677282571792603e-01
2.024565935134887695e-01
1.025431454181671143e-01
2.102804780006408691e-01
1.604397147893905640e-01
7.752661406993865967e-02
1.101980507373809814e-01
7.596288621425628662e-02
1.037633642554283142e-01
9.473193436861038208e-02
2.461631149053573608e-01
2.461631149053573608e-01
1.204551383852958679e-01
1.177113130688667297e-01
1.466343700885772705e-01
1.147273182868957520e-01
6.599152833223342896e-02
1.119614690542221069e-01
2.461631149053573608e-01
2.461631149053573608e-01
2.461631149053573608e-01
2.392496168613433838e-01
2.461631149053573608e-01
1.244005560874938965e-01
1.155174672603607178e-01
5.799939855933189392e-02
1.756297498941421509e-01
2.461631149053573608e-01
1.100174710154533386e-01
9.754391759634017944e-02
1.735374629497528076e-01
9.541716426610946655e-02
6.865594536066055298e-02
8.294893801212310791e-02
6.763005256652832031e-02
5.456639453768730164e-02
7.371269166469573975e-02
1.653069108724594116e-01
1.957198828458786011e-01
1.939516961574554443e-01
9.368004649877548218e-02
1.356797665357589722e-01
9.921180456876754761e-02
1.168965473771095276e-01
1.127761378884315491e-01
1.372172683477401733e-01
2.497208118438720703e-01
2.497208118438720703e-01
2.497208118438720703e-01
2.008948773145675659e-01
9.535226225852966309e-02
8.162369579076766968e-02
7.720611244440078735e-02
1.575719267129898071e-01
2.405179888010025024e-01
2.497208118438720703e-01
2.497208118438720703e-01
2.497208118438720703e-01
1.992984861135482788e-01
1.502406150102615356e-01
1.414493173360824585e-01
1.603196114301681519e-01
1.931828707456588745e-01
2.497208118438720703e-01
1.528118699789047241e-01
1.577529013156890869e-01
1.023936793208122253e-01
1.183144152164459229e-01
1.133907809853553772e-01
5.767791345715522766e-02
8.405292779207229614e-02
1.052722260355949402e-01
1.156607791781425476e-01
1.303908675909042358e-01
1.538793444633483887e-01
8.266947418451309204e-02
1.326693445444107056e-01
6.868322193622589111e-02
7.985065877437591553e-02
6.851167231798171997e-02
1.001905426383018494e-01
8.517365157604217529e-02
2.405221909284591675e-01
2.405221909284591675e-01
1.907857805490493774e-01
1.306518912315368652e-01
1.659483760595321655e-01
2.405221909284591675e-01
2.003979682922363281e-01
2.267099469900131226e-01
2.405221909284591675e-01
2.405221909284591675e-01
2.338353693485260010e-01
1.171818748116493225e-01
1.377945393323898315e-01
1.225362941622734070e-01
2.405221909284591675e-01
2.029431015253067017e-01
2.405221909284591675e-01
2.405221909284591675e-01
1.190293356776237488e-01
1.436228007078170776e-01
7.623065263032913208e-02
9.816067665815353394e-02
9.323002398014068604e-02
1.033590361475944519e-01
1.018915250897407532e-01
1.198230460286140442e-01
1.106588616967201233e-01
1.416301578283309937e-01
1.094363853335380554e-01
8.183317631483078003e-02
7.585398107767105103e-02
1.349015086889266968e-01
1.015636324882507324e-01
1.447974890470504761e-01
1.675244420766830444e-01
1.403985768556594849e-01
2.457430213689804077e-01
2.097567170858383179e-01
1.104845926165580750e-01
1.275315880775451660e-01
7.347150146961212158e-02
1.809697598218917847e-01
2.457430213689804077e-01
2.457430213689804077e-01
2.457430213689804077e-01
2.457430213689804077e-01
2.457430213689804077e-01
2.457430213689804077e-01
8.416152000427246094e-02
9.632290154695510864e-02
1.353717446327209473e-01
2.457430213689804077e-01
2.457430213689804077e-01
2.457430213689804077e-01
1.035638302564620972e-01
7.537262886762619019e-02
7.994003593921661377e-02
5.707009136676788330e-02
1.179750263690948486e-01
1.021276265382766724e-01
8.189086616039276123e-02
1.020145341753959656e-01
1.290748417377471924e-01
1.275500208139419556e-01
1.528702229261398315e-01
1.042783334851264954e-01
1.008179262280464172e-01
1.750705242156982422e-01
1.286250948905944824e-01
4.451198503375053406e-02
6.197430565953254700e-02
1.226518824696540833e-01
2.662526071071624756e-01
2.662526071071624756e-01
2.396877855062484741e-01
6.934411078691482544e-02
1.486957967281341553e-01
7.463263720273971558e-02
1.259877234697341919e-01
1.619533449411392212e-01
2.662526071071624756e-01
2.662526071071624756e-01
2.662526071071624756e-01
2.662526071071624756e-01
8.865290135145187378e-02
1.623239666223526001e-01
7.054053246974945068e-02
2.146589756011962891e-01
2.662526071071624756e-01
2.662526071071624756e-01
9.421515464782714844e-02
1.535995304584503174e-01
1.137689724564552307e-01
9.229198098182678223e-02
8.411040157079696655e-02
5.829899758100509644e-02
2.976208180189132690e-02
3.579434007406234741e-02
7.592847943305969238e-02
1.559482365846633911e-01
1.735701709985733032e-01
1.125494390726089478e-01
6.869630515575408936e-02
6.612019240856170654e-02
8.612360805273056030e-02
6.766499578952789307e-02
7.802699506282806396e-02
1.430883407592773438e-01
1.643566340208053589e-01
2.473965883255004883e-01
2.083408683538436890e-01
7.336948812007904053e-02
1.691157966852188110e-01
1.127633452415466309e-01
2.473965883255004883e-01
2.222237735986709595e-01
2.473965883255004883e-01
2.473965883255004883e-01
2.460139691829681396e-01
1.658010035753250122e-01
7.119356095790863037e-02
2.473965883255004883e-01
2.473965883255004883e-01
2.473965883255004883e-01
2.473965883255004883e-01
2.473965883255004883e-01
1.878700256347656250e-01
8.462854474782943726e-02
3.765955939888954163e-02
5.170883983373641968e-02
6.275432556867599487e-02
6.101028621196746826e-02
3.949068859219551086e-02
7.063207775354385376e-02
1.882733702659606934e-01
2.618604302406311035e-01
7.158642262220382690e-02
5.082289502024650574e-02
9.951860457658767700e-02
1.003341749310493469e-01
7.376211881637573242e-02
4.837381094694137573e-02
1.098308265209197998e-01
2.618604302406311035e-01
2.618604302406311035e-01
1.428269147872924805e-01
7.409904152154922485e-02
7.087682932615280151e-02
1.895003467798233032e-01
2.618604302406311035e-01
1.517546325922012329e-01
1.603794395923614502e-01
2.618604302406311035e-01
2.618604302406311035e-01
7.930172234773635864e-02
1.805846244096755981e-01
1.002722531557083130e-01
2.618604302406311035e-01
2.343124449253082275e-01
1.559900641441345215e-01
2.476381361484527588e-01
2.618604302406311035e-01
1.836822330951690674e-01
6.514132022857666016e-02
7.635709643363952637e-02
9.504343569278717041e-02
6.772918999195098877e-02
6.598162651062011719e-02
8.477263897657394409e-02
1.112220436334609985e-01
2.419741153717041016e-01
9.328275918960571289e-02
5.991367250680923462e-02
7.189688831567764282e-02
7.379012554883956909e-02
6.300681084394454956e-02
6.510529667139053345e-02
8.582148700952529907e-02
1.147491857409477234e-01
2.332610934972763062e-01
2.419741153717041016e-01
9.513835608959197998e-02
2.419741153717041016e-01
1.853523999452590942e-01
1.489958018064498901e-01
1.752538681030273438e-01
2.285060733556747437e-01
2.419741153717041016e-01
2.419741153717041016e-01
1.474534124135971069e-01
8.869930356740951538e-02
1.801088005304336548e-01
2.415186315774917603e-01
1.556025594472885132e-01
2.419741153717041016e-01
2.419741153717041016e-01
2.205461859703063965e-01
2.419741153717041016e-01
7.864591479301452637e-02
8.867093920707702637e-02
8.268599957227706909e-02
5.832754448056221008e-02
1.492847800254821777e-01
1.197427883744239807e-01
5.732028186321258545e-02
1.217291876673698425e-01
2.224189788103103638e-01
1.235911175608634949e-01
1.281193345785140991e-01
1.161750778555870056e-01
7.072970271110534668e-02
2.581395506858825684e-01
2.212858945131301880e-01
7.013641297817230225e-02
1.055880784988403320e-01
2.581395506858825684e-01
8.609852939844131470e-02
8.844394236803054810e-02
9.181251376867294312e-02
1.142849773168563843e-01
2.581395506858825684e-01
2.581395506858825684e-01
1.623079776763916016e-01
2.373675405979156494e-01
2.581395506858825684e-01
1.150752827525138855e-01
1.111687421798706055e-01
1.250355392694473267e-01
1.019376963376998901e-01
2.581395506858825684e-01
2.581395506858825684e-01
6.756146252155303955e-02
2.121778130531311035e-01
2.581395506858825684e-01
1.861004978418350220e-01
1.665743887424468994e-01
1.044726595282554626e-01
7.052586972713470459e-02
1.475712209939956665e-01
1.221678480505943298e-01
1.340114325284957886e-01
1.278031915426254272e-01
1.797967255115509033e-01
2.226194143295288086e-01
2.105976343154907227e-01
1.374543309211730957e-01
1.021811440587043762e-01
1.047038659453392029e-01
1.114417761564254761e-01
2.225335389375686646e-01
2.226194143295288086e-01
2.226194143295288086e-01
1.475444585084915161e-01
1.020056456327438354e-01
1.463815867900848389e-01
1.058011353015899658e-01
1.937507539987564087e-01
1.997589766979217529e-01
9.558749943971633911e-02
1.419322639703750610e-01
2.226194143295288086e-01
2.226194143295288086e-01
1.705505698919296265e-01
1.773627549409866333e-01
1.599128693342208862e-01
8.998046070337295532e-02
1.926244050264358521e-01
1.763337850570678711e-01
1.957200467586517334e-01
2.226194143295288086e-01
6.676689535379409790e-02
9.627716988325119019e-02
7.525522261857986450e-02
5.342653021216392517e-02
6.168086081743240356e-02
6.217556074261665344e-02
1.816195100545883179e-01
7.667042315006256104e-02
5.829365924000740051e-02
1.099262908101081848e-01
8.671476691961288452e-02
5.560032278299331665e-02
5.121355131268501282e-02
6.536693871021270752e-02
1.435580402612686157e-01
2.683865129947662354e-01
2.683865129947662354e-01
1.315411925315856934e-01
2.381942123174667358e-01
1.710629165172576904e-01
1.988174617290496826e-01
1.946340799331665039e-01
8.612619340419769287e-02
8.331050723791122437e-02
1.132932603359222412e-01
8.275821805000305176e-02
2.322793602943420410e-01
2.683865129947662354e-01
2.534033060073852539e-01
1.846713423728942871e-01
1.756664812564849854e-01
1.372053325176239014e-01
1.613797247409820557e-01
2.683865129947662354e-01
2.683865129947662354e-01
2.683865129947662354e-01
3.584953024983406067e-02
1.819208264350891113e-02
9.568274952471256256e-03
9.018896147608757019e-03
3.645830228924751282e-02
1.155848354101181030e-01
3.099558353424072266e-01
3.050017654895782471e-01
6.761298328638076782e-02
6.728902459144592285e-03
7.974834181368350983e-03
4.392531700432300568e-03
4.839081782847642899e-03
3.277130424976348877e-02
1.437457054853439331e-01
3.099558353424072266e-01
3.099558353424072266e-01
5.688504129648208618e-02
1.669218093156814575e-01
1.186345592141151428e-01
2.534864470362663269e-02
2.427463233470916748e-02
7.017072290182113647e-02
1.133545711636543274e-01
3.099558353424072266e-01
3.099558353424072266e-01
2.213058322668075562e-01
9.548083692789077759e-02
6.618954241275787354e-02
3.491944819688796997e-02
3.158871084451675415e-02
5.403802543878555298e-02
1.994807124137878418e-01
3.099558353424072266e-01
3.099558353424072266e-01
1.298029869794845581e-01
4.964034259319305420e-02
2.350945770740509033e-02
2.634593471884727478e-02
2.462729439139366150e-02
3.356494009494781494e-02
1.251838505268096924e-01
2.809995114803314209e-01
2.809995114803314209e-01
1.257288008928298950e-01
2.493176758289337158e-01
5.971282720565795898e-02
7.285504043102264404e-02
8.039461076259613037e-02
3.524206578731536865e-02
6.247168034315109253e-02
1.422002166509628296e-01
1.435225158929824829e-01
2.809995114803314209e-01
1.019956022500991821e-01
4.299094900488853455e-02
3.821228817105293274e-02
3.925045952200889587e-02
5.342482775449752808e-02
1.846732944250106812e-01
2.809995114803314209e-01
2.809995114803314209e-01
2.064186334609985352e-01
2.809995114803314209e-01
1.085085198283195496e-01
1.278432160615921021e-01
1.971303820610046387e-01
4.320630058646202087e-02
9.433118253946304321e-02
2.260346859693527222e-01
2.458240538835525513e-01
2.809995114803314209e-01
2.174135297536849976e-01
8.555117249488830566e-02
7.297766953706741333e-02
8.192405104637145996e-02
3.772950172424316406e-02
5.494262278079986572e-02
7.819490134716033936e-02
7.552777230739593506e-02
2.227542251348495483e-01
2.356198728084564209e-01
1.534733325242996216e-01
9.190624207258224487e-02
8.745634555816650391e-02
7.478603720664978027e-02
5.769044533371925354e-02
6.348192691802978516e-02
1.088429689407348633e-01
1.611676216125488281e-01
2.856867015361785889e-01
1.892824172973632812e-01
1.992187947034835815e-01
2.566599845886230469e-01
3.214107826352119446e-02
9.346449375152587891e-02
6.923605501651763916e-02
1.855607032775878906e-01
2.856867015361785889e-01
2.856867015361785889e-01
2.856867015361785889e-01
1.834673583507537842e-01
1.127798706293106079e-01
3.775426000356674194e-02
1.337204575538635254e-01
6.860656291246414185e-02
2.232441902160644531e-01
2.856867015361785889e-01
2.732782363891601562e-01
1.175384670495986938e-01
1.065505892038345337e-01
1.037452444434165955e-01
8.695511519908905029e-02
3.945494070649147034e-02
3.819404169917106628e-02
1.069929003715515137e-01
1.410457491874694824e-01
2.732782363891601562e-01
2.039420306682586670e-01
1.195661276578903198e-01
8.293458074331283569e-02
8.914198726415634155e-02
4.770855978131294250e-02
4.087774455547332764e-02
7.404994964599609375e-02
2.013503611087799072e-01
2.732782363891601562e-01
2.732782363891601562e-01
2.496359944343566895e-01
1.350998878479003906e-01
7.663646340370178223e-02
7.071307301521301270e-02
4.040925577282905579e-02
1.572057902812957764e-01
2.732782363891601562e-01
2.732782363891601562e-01
2.732782363891601562e-01
2.175044715404510498e-01
1.426074206829071045e-01
1.023896336555480957e-01
6.652949750423431396e-02
6.061335280537605286e-02
1.602247059345245361e-01
2.151193618774414062e-01
2.462073862552642822e-01
2.063774317502975464e-01
8.325056731700897217e-02
6.680732220411300659e-02
8.258794993162155151e-02
4.727932810783386230e-02
2.789028547704219818e-02
5.923511832952499390e-02
2.379491329193115234e-01
2.462073862552642822e-01
2.462073862552642822e-01
1.398748010396957397e-01
1.625255644321441650e-01
1.678203493356704712e-01
4.587227478623390198e-02
1.493165548890829086e-02
8.095882833003997803e-02
2.462073862552642822e-01
2.462073862552642822e-01
2.020660489797592163e-01
1.139857545495033264e-01
1.077751815319061279e-01
9.207530319690704346e-02
7.087370753288269043e-02
6.598716229200363159e-02
1.115239337086677551e-01
2.462073862552642822e-01
2.462073862552642822e-01
2.462073862552642822e-01
1.825341135263442993e-01
2.372180223464965820e-01
2.222421169281005859e-01
6.407124549150466919e-02
3.375561162829399109e-02
7.102711498737335205e-02
2.462073862552642822e-01
1.917995363473892212e-01
2.261932939291000366e-01
1.565327942371368408e-01
1.183150857686996460e-01
1.183659061789512634e-01
7.857146114110946655e-02
5.121142044663429260e-02
1.041748523712158203e-01
2.261932939291000366e-01
1.700769364833831787e-01
2.261932939291000366e-01
2.245155125856399536e-01
1.127425879240036011e-01
1.189636811614036560e-01
1.772991865873336792e-01
1.251484304666519165e-01
1.271223127841949463e-01
2.261932939291000366e-01
2.261932939291000366e-01
2.261932939291000366e-01
1.900133341550827026e-01
1.182216480374336243e-01
1.464002877473831177e-01
8.017791062593460083e-02
4.389595240354537964e-02
5.011463537812232971e-02
2.261932939291000366e-01
2.261932939291000366e-01
2.261932939291000366e-01
2.261932939291000366e-01
6.169562414288520813e-02
1.128087714314460754e-01
1.720621734857559204e-01
1.047272011637687683e-01
1.305923759937286377e-01
2.261932939291000366e-01
2.268173396587371826e-01
1.701816469430923462e-01
1.569452434778213501e-01
9.336395561695098877e-02
1.280934065580368042e-01
2.038786411285400391e-01
1.234799399971961975e-01
1.486947536468505859e-01
2.290220111608505249e-01
2.290220111608505249e-01
1.949584782123565674e-01
1.149958595633506775e-01
1.232040897011756897e-01
8.847767114639282227e-02
2.290220111608505249e-01
1.389817446470260620e-01
2.246733754873275757e-01
2.290220111608505249e-01
2.290220111608505249e-01
1.241130158305168152e-01
1.405177414417266846e-01
6.948120892047882080e-02
1.064378172159194946e-01
1.289504170417785645e-01
7.363890856504440308e-02
1.880999654531478882e-01
2.290220111608505249e-01
2.290220111608505249e-01
1.520394086837768555e-01
8.652296662330627441e-02
1.048301830887794495e-01
7.502509653568267822e-02
1.170600280165672302e-01
6.694934517145156860e-02
2.254675328731536865e-01
2.290220111608505249e-01
2.269633263349533081e-01
1.580558717250823975e-01
1.153513789176940918e-01
1.271144300699234009e-01
3.438003361225128174e-02
1.126858443021774292e-01
2.136924564838409424e-01
1.807406991720199585e-01
2.269633263349533081e-01
2.200755029916763306e-01
2.269633263349533081e-01
2.269633263349533081e-01
6.096149235963821411e-02
3.178587928414344788e-02
4.096307232975959778e-02
1.948242336511611938e-01
2.198300212621688843e-01
2.269633263349533081e-01
2.269633263349533081e-01
1.290396153926849365e-01
8.630893379449844360e-02
1.060869544744491577e-01
4.299103468656539917e-02
7.963665574789047241e-02
1.241479292511940002e-01
1.257905811071395874e-01
1.993445456027984619e-01
2.269633263349533081e-01
1.829114258289337158e-01
1.488366723060607910e-01
1.105685010552406311e-01
8.490549027919769287e-02
1.237909346818923950e-01
2.186250239610671997e-01
2.125374972820281982e-01
2.269633263349533081e-01
2.415114194154739380e-01
2.415114194154739380e-01
1.546946913003921509e-01
3.245803713798522949e-02
3.235739096999168396e-02
1.559951901435852051e-02
7.081925123929977417e-02
1.432690024375915527e-01
2.415114194154739380e-01
2.415114194154739380e-01
2.415114194154739380e-01
1.991102099418640137e-01
4.602887853980064392e-02
3.441201895475387573e-02
1.246397476643323898e-02
1.310296654701232910e-01
1.705186516046524048e-01
2.415114194154739380e-01
2.298296093940734863e-01
2.169965058565139771e-01
9.739967435598373413e-02
9.652008116245269775e-02
5.697993189096450806e-02
8.913945406675338745e-02
1.908583045005798340e-01
2.415114194154739380e-01
2.415114194154739380e-01
2.203263044357299805e-01
1.786542534828186035e-01
1.423929780721664429e-01
1.331461220979690552e-01
3.514162451028823853e-02
4.344645515084266663e-02
1.384783387184143066e-01
1.561325341463088989e-01
2.415114194154739380e-01
1.773175448179244995e-01
1.869082152843475342e-01
1.470664441585540771e-01
6.074946746230125427e-02
1.204854696989059448e-01
8.228544890880584717e-02
2.253113090991973877e-01
1.709920316934585571e-01
2.433110028505325317e-01
1.730469763278961182e-01
1.337747573852539062e-01
1.047237217426300049e-01
7.138336449861526489e-02
2.077049612998962402e-01
2.433110028505325317e-01
2.433110028505325317e-01
2.433110028505325317e-01
2.433110028505325317e-01
1.824019700288772583e-01
9.393110126256942749e-02
8.832059055566787720e-02
7.834539562463760376e-02
4.738623648881912231e-02
4.459208995103836060e-02
5.948537588119506836e-02
1.074704527854919434e-01
2.433110028505325317e-01
2.433110028505325317e-01
1.591388583183288574e-01
7.592231035232543945e-02
7.349333167076110840e-02
1.449715346097946167e-01
1.559958755970001221e-01
8.682405203580856323e-02
2.433110028505325317e-01
2.433110028505325317e-01
2.046962231397628784e-01
7.369888573884963989e-02
6.295751035213470459e-02
6.255070865154266357e-02
1.510381102561950684e-01
2.175070047378540039e-01
1.564063727855682373e-01
2.175070047378540039e-01
2.175070047378540039e-01
2.175070047378540039e-01
8.994048833847045898e-02
2.132932990789413452e-01
7.997556775808334351e-02
1.894840300083160400e-01
1.814399659633636475e-01
1.286385208368301392e-01
1.827841401100158691e-01
2.175070047378540039e-01
2.049700170755386353e-01
1.063566729426383972e-01
1.054396182298660278e-01
7.068078964948654175e-02
1.359001100063323975e-01
2.072432935237884521e-01
1.252202689647674561e-01
2.175070047378540039e-01
2.175070047378540039e-01
1.720317453145980835e-01
1.786589473485946655e-01
2.175070047378540039e-01
8.423569798469543457e-02
1.161139681935310364e-01
2.175070047378540039e-01
1.440225243568420410e-01
1.704204380512237549e-01
1.112767979502677917e-01
2.157090157270431519e-01
1.354631036520004272e-01
2.157090157270431519e-01
9.477857500314712524e-02
1.028368920087814331e-01
1.275620013475418091e-01
1.430932879447937012e-01
1.716675311326980591e-01
1.871171593666076660e-01
1.259876191616058350e-01
8.071538060903549194e-02
9.047706425189971924e-02
1.471455991268157959e-01
1.955014914274215698e-01
2.157090157270431519e-01
2.157090157270431519e-01
2.157090157270431519e-01
1.564340442419052124e-01
2.157090157270431519e-01
2.157090157270431519e-01
1.806039512157440186e-01
1.064469441771507263e-01
1.170105412602424622e-01
1.925143599510192871e-01
1.046477034687995911e-01
1.380381733179092407e-01
1.379364132881164551e-01
2.157090157270431519e-01
2.115026414394378662e-01
9.881617128849029541e-02
1.413010954856872559e-01
1.686966568231582642e-01
1.569062918424606323e-01
1.722220331430435181e-01
2.157090157270431519e-01
1.551662981510162354e-01
9.663458913564682007e-02
7.877604663372039795e-02
3.765567764639854431e-02
8.190542459487915039e-02
1.925284862518310547e-01
1.773012578487396240e-01
2.199389934539794922e-01
2.685609757900238037e-01
2.111488878726959229e-01
1.637983620166778564e-01
9.417902678251266479e-02
7.238543033599853516e-02
7.226107269525527954e-02
1.172434613108634949e-01
8.535215258598327637e-02
7.083202898502349854e-02
2.225321382284164429e-01
2.685609757900238037e-01
2.685609757900238037e-01
1.470512151718139648e-01
5.072178691625595093e-02
5.665913596749305725e-02
1.003905460238456726e-01
7.442198693752288818e-02
1.481295526027679443e-01
2.685609757900238037e-01
2.685609757900238037e-01
2.685609757900238037e-01
1.111836582422256470e-01
3.807803243398666382e-02
2.566934749484062195e-02
5.934032052755355835e-02
1.045000106096267700e-01
1.399209946393966675e-01
2.685609757900238037e-01
2.685609757900238037e-01
2.390789091587066650e-01
1.057369485497474670e-01
1.141818761825561523e-01
1.060487031936645508e-01
1.172834932804107666e-01
9.942322969436645508e-02
7.844525575637817383e-02
1.314325928688049316e-01
2.403163015842437744e-01
2.403163015842437744e-01
1.906137019395828247e-01
1.016102433204650879e-01
1.236427128314971924e-01
9.279262274503707886e-02
1.126805543899536133e-01
1.249214261770248413e-01
9.802123904228210449e-02
2.403163015842437744e-01
2.403163015842437744e-01
1.324526667594909668e-01
6.876409053802490234e-02
5.728075653314590454e-02
1.420331895351409912e-01
2.403163015842437744e-01
2.403163015842437744e-01
2.403163015842437744e-01
2.403163015842437744e-01
2.048631161451339722e-01
1.508508771657943726e-01
1.624657809734344482e-01
9.753078967332839966e-02
9.745488315820693970e-02
1.676874756813049316e-01
2.127112746238708496e-01
1.274817287921905518e-01
2.048208564519882202e-01
2.439146488904953003e-01
1.714774519205093384e-01
1.587081998586654663e-01
2.194416671991348267e-01
9.336061775684356689e-02
1.330082267522811890e-01
8.570827543735504150e-02
1.091862097382545471e-01
2.449888288974761963e-01
2.449888288974761963e-01
2.449888288974761963e-01
1.286812573671340942e-01
1.882257163524627686e-01
1.163433566689491272e-01
1.869874596595764160e-01
2.449888288974761963e-01
2.449888288974761963e-01
2.449888288974761963e-01
1.558340489864349365e-01
1.102095469832420349e-01
1.227317750453948975e-01
1.033711954951286316e-01
5.807620659470558167e-02
9.636335074901580811e-02
6.694859266281127930e-02
8.448801189661026001e-02
1.628123968839645386e-01
2.014466077089309692e-01
1.584295928478240967e-01
1.095085367560386658e-01
1.205839887261390686e-01
6.112590432167053223e-02
1.402947455644607544e-01
5.529050156474113464e-02
1.932740807533264160e-01
2.449888288974761963e-01
2.569317817687988281e-01
1.487109363079071045e-01
3.103531710803508759e-02
4.313573241233825684e-02
6.287980079650878906e-02
1.042555570602416992e-01
2.607440054416656494e-01
2.607440054416656494e-01
2.607440054416656494e-01
1.744431704282760620e-01
1.462823450565338135e-01
1.119221150875091553e-01
5.389774963259696960e-02
1.193938255310058594e-01
2.607440054416656494e-01
2.607440054416656494e-01
2.607440054416656494e-01
2.607440054416656494e-01
1.297539025545120239e-01
8.404863625764846802e-02
6.298399716615676880e-02
5.477688461542129517e-02
5.150242149829864502e-02
8.269767463207244873e-02
5.760347098112106323e-02
1.558579653501510620e-01
2.044188529253005981e-01
1.123220920562744141e-01
1.161970719695091248e-01
1.042267382144927979e-01
7.434017211198806763e-02
1.222627088427543640e-01
1.824949830770492554e-01
1.331613361835479736e-01
2.189874947071075439e-01
2.607440054416656494e-01
6.348906457424163818e-02
6.104361265897750854e-02
6.835756450891494751e-02
3.834017366170883179e-02
9.763248264789581299e-02
2.191005945205688477e-01
2.890196740627288818e-01
2.890196740627288818e-01
1.740037053823471069e-01
1.475049704313278198e-01
4.252209886908531189e-02
5.906648933887481689e-02
1.300081014633178711e-01
4.237374663352966309e-02
1.360335201025009155e-01
2.890196740627288818e-01
2.720151245594024658e-01
2.879423499107360840e-01
6.957719475030899048e-02
7.934467494487762451e-02
5.917274206876754761e-02
5.874899402260780334e-02
9.873490780591964722e-02
1.415087431669235229e-01
2.890196740627288818e-01
2.234803885221481323e-01
1.636653244495391846e-01
3.320958837866783142e-02
2.732475847005844116e-02
9.348518215119838715e-03
2.240664511919021606e-02
5.481394007802009583e-02
1.885802447795867920e-01
2.890196740627288818e-01
2.890196740627288818e-01
8.627952635288238525e-02
2.089947313070297241e-01
6.001059710979461670e-02
7.674866169691085815e-02
1.278948187828063965e-01
4.404991865158081055e-02
6.895524263381958008e-02
1.587768197059631348e-01
1.823410540819168091e-01
2.949241399765014648e-01
2.949241399765014648e-01
1.250104606151580811e-01
5.896824225783348083e-02
5.050561577081680298e-02
5.605637282133102417e-02
6.361359357833862305e-02
6.668937951326370239e-02
1.252822577953338623e-01
2.949241399765014648e-01
8.557772636413574219e-02
3.664601128548383713e-03
1.116104144603013992e-02
2.848038263618946075e-02
7.632021605968475342e-02
1.413687467575073242e-01
2.949241399765014648e-01
2.338798791170120239e-01
1.290843635797500610e-01
2.949241399765014648e-01
2.204312756657600403e-02
1.346475072205066681e-02
3.342038765549659729e-02
1.122162267565727234e-01
1.561406403779983521e-01
2.949241399765014648e-01
2.456026226282119751e-01
2.949241399765014648e-01
3.258209824562072754e-01
1.828585416078567505e-01
6.950106471776962280e-02
3.768981993198394775e-02
3.227657824754714966e-02
3.268317505717277527e-02
2.536369487643241882e-02
6.546735018491744995e-02
3.258209824562072754e-01
3.258209824562072754e-01
2.562032938003540039e-01
5.844637006521224976e-02
3.515089303255081177e-02
2.501452527940273285e-02
1.850884407758712769e-02
2.372237108647823334e-02
9.556484222412109375e-02
2.137136459350585938e-01
3.258209824562072754e-01
5.237047374248504639e-02
6.913687102496623993e-03
1.882438734173774719e-02
7.226201146841049194e-02
8.327042311429977417e-02
1.670007705688476562e-01
1.343961209058761597e-01
3.258209824562072754e-01
3.258209824562072754e-01
1.701586693525314331e-01
2.741270512342453003e-02
2.178433351218700409e-02
5.010158941149711609e-02
2.778396010398864746e-02
2.946889214217662811e-02
9.041327238082885742e-02
2.875324189662933350e-01
3.153286874294281006e-01
2.329822033643722534e-01
5.276694521307945251e-02
4.230688884854316711e-02
2.501717023551464081e-02
2.271786332130432129e-02
3.668037429451942444e-02
9.437080472707748413e-02
2.617016732692718506e-01
3.153286874294281006e-01
2.088379412889480591e-01
1.192881464958190918e-01
1.103870719671249390e-01
6.197181716561317444e-02
2.273994497954845428e-02
2.852439321577548981e-02
8.788063377141952515e-02
3.153286874294281006e-01
3.153286874294281006e-01
2.089691311120986938e-01
5.339515954256057739e-02
4.289977252483367920e-02
4.133026674389839172e-02
4.708837717771530151e-02
3.630011156201362610e-02
1.065855696797370911e-01
2.174051403999328613e-01
3.153286874294281006e-01
1.127710342407226562e-01
6.961683183908462524e-02
8.888050168752670288e-02
8.312407135963439941e-02
8.364302664995193481e-02
6.447090208530426025e-02
1.511407792568206787e-01
3.153286874294281006e-01
2.441328018903732300e-01
2.441328018903732300e-01
2.441328018903732300e-01
9.843281656503677368e-02
5.049467831850051880e-02
2.466819621622562408e-02
3.325521945953369141e-02
6.863305717706680298e-02
2.441328018903732300e-01
2.441328018903732300e-01
2.143339812755584717e-01
2.441328018903732300e-01
5.822375789284706116e-02
2.803494036197662354e-02
5.506483465433120728e-02
6.722927838563919067e-02
2.253928482532501221e-01
2.441328018903732300e-01
1.383516937494277954e-01
1.015399172902107239e-01
1.355660706758499146e-01
9.507517516613006592e-02
7.363135367631912231e-02
1.270815432071685791e-01
1.150706708431243896e-01
1.687156260013580322e-01
2.441328018903732300e-01
2.441328018903732300e-01
1.597247570753097534e-01
1.327118128538131714e-01
7.693020999431610107e-02
4.635329544544219971e-02
1.577831804752349854e-01
1.664592176675796509e-01
2.246714532375335693e-01
2.441328018903732300e-01
2.976830601692199707e-01
7.967896014451980591e-02
5.113495886325836182e-02
2.315768785774707794e-02
2.193033136427402496e-02
2.988690510392189026e-02
4.029969498515129089e-02
2.504353821277618408e-01
2.976830601692199707e-01
2.976830601692199707e-01
5.013282597064971924e-02
2.184271998703479767e-02
2.808018215000629425e-02
4.173848778009414673e-02
2.467091381549835205e-02
2.071045897901058197e-02
2.337681204080581665e-01
2.976830601692199707e-01
2.976830601692199707e-01
1.628349274396896362e-01
4.411505535244941711e-02
3.431152552366256714e-02
2.517619542777538300e-02
4.898464307188987732e-02
7.598038762807846069e-02
2.021089643239974976e-01
2.976830601692199707e-01
2.976830601692199707e-01
1.344591528177261353e-01
4.332906007766723633e-02
3.418847545981407166e-02
6.714003533124923706e-02
2.128914371132850647e-02
2.960805222392082214e-02
2.131326496601104736e-01
2.976830601692199707e-01
2.652927339076995850e-01
9.007471054792404175e-02
4.201228544116020203e-02
5.222291126847267151e-02
6.413713097572326660e-02
4.471313953399658203e-02
5.518338084220886230e-02
1.659312397241592407e-01
2.652927339076995850e-01
2.652927339076995850e-01
2.037672698497772217e-01
8.693559467792510986e-02
1.547687798738479614e-01
1.089886575937271118e-01
1.195694431662559509e-01
1.630147844552993774e-01
1.461385339498519897e-01
1.796268969774246216e-01
2.652927339076995850e-01
1.441463828086853027e-01
7.502287626266479492e-02
4.341815039515495300e-02
9.971590340137481689e-02
4.347686469554901123e-02
4.967887327075004578e-02
2.518832385540008545e-01
2.652927339076995850e-01
2.652927339076995850e-01
2.652927339076995850e-01
7.280276715755462646e-02
5.347219109535217285e-02
1.158911213278770447e-01
5.507759004831314087e-02
6.755682080984115601e-02
2.652927339076995850e-01
2.652927339076995850e-01
2.633633315563201904e-01
2.536164224147796631e-01
8.503671735525131226e-02
1.087443009018898010e-01
6.046603992581367493e-02
7.486475259065628052e-02
1.247686818242073059e-01
1.479713916778564453e-01
1.974382549524307251e-01
2.734358608722686768e-01
2.734358608722686768e-01
1.572160422801971436e-01
1.262666881084442139e-01
2.739288099110126495e-02
3.835813701152801514e-02
7.160817086696624756e-02
8.254312723875045776e-02
2.147907763719558716e-01
2.734358608722686768e-01
2.734358608722686768e-01
8.419354259967803955e-02
2.990646101534366608e-02
6.255778670310974121e-02
2.573400549590587616e-02
2.127525210380554199e-02
8.730541169643402100e-02
2.734358608722686768e-01
2.734358608722686768e-01
2.734358608722686768e-01
1.676585823297500610e-01
3.752235323190689087e-02
1.731438003480434418e-02
3.070246241986751556e-02
3.162949904799461365e-02
8.564320951700210571e-02
2.734358608722686768e-01
2.603915631771087646e-01
2.357874065637588501e-01
1.295958906412124634e-01
8.473304659128189087e-02
2.179542183876037598e-02
1.659596152603626251e-02
2.768703736364841461e-02
6.084877997636795044e-02
2.532728910446166992e-01
2.603915631771087646e-01
2.603915631771087646e-01
1.177199929952621460e-01
8.622850477695465088e-02
1.796296834945678711e-01
7.641129195690155029e-02
4.719445854425430298e-02
1.763882637023925781e-01
2.603915631771087646e-01
2.603915631771087646e-01
2.603915631771087646e-01
1.593439280986785889e-01
6.819774210453033447e-02
3.517469018697738647e-02
2.409623377025127411e-02
4.594868421554565430e-02
1.064394637942314148e-01
2.603915631771087646e-01
2.603915631771087646e-01
2.603915631771087646e-01
1.380339562892913818e-01
9.229039400815963745e-02
1.068537309765815735e-01
5.456488952040672302e-02
8.558504283428192139e-02
1.346280276775360107e-01
1.810309290885925293e-01
2.209427207708358765e-01
2.209427207708358765e-01
9.953283518552780151e-02
8.404934406280517578e-02
1.911500841379165649e-01
1.372606903314590454e-01
1.480143368244171143e-01
2.209427207708358765e-01
2.209427207708358765e-01
2.209427207708358765e-01
2.209427207708358765e-01
2.047750353813171387e-01
9.457785636186599731e-02
1.133038774132728577e-01
1.731530278921127319e-01
1.944748759269714355e-01
2.209427207708358765e-01
2.034529745578765869e-01
1.567932516336441040e-01
2.033312916755676270e-01
8.281664550304412842e-02
7.341963797807693481e-02
1.042380779981613159e-01
8.273518830537796021e-02
1.256086379289627075e-01
1.828012913465499878e-01
1.323046088218688965e-01
2.209427207708358765e-01
1.869215071201324463e-01
1.444762349128723145e-01
9.741313755512237549e-02
6.480973958969116211e-02
7.911540567874908447e-02
1.381312012672424316e-01
2.095603346824645996e-01
1.968590468168258667e-01
2.433912307024002075e-01
2.139323949813842773e-01
1.437514871358871460e-01
9.978443384170532227e-02
6.772049516439437866e-02
1.257859915494918823e-01
1.107072457671165466e-01
2.433912307024002075e-01
2.355214655399322510e-01
2.217166274785995483e-01
1.735939681529998779e-01
9.589201956987380981e-02
7.820857316255569458e-02
4.222709685564041138e-02
4.138803854584693909e-02
1.015821769833564758e-01
2.433912307024002075e-01
2.433912307024002075e-01
1.973269432783126831e-01
1.543347239494323730e-01
1.404549330472946167e-01
7.431787997484207153e-02
4.985736683011054993e-02
6.054094806313514709e-02
1.070552989840507507e-01
2.113353312015533447e-01
2.042529582977294922e-01
1.780113130807876587e-01
2.340949475765228271e-01
2.433912307024002075e-01
5.522335320711135864e-02
9.280131012201309204e-02
5.880124494433403015e-02
1.278287023305892944e-01
2.433912307024002075e-01
2.433912307024002075e-01
2.234398573637008667e-01
1.121967509388923645e-01
3.639965876936912537e-02
1.377319172024726868e-02
1.430919580161571503e-02
7.275767158716917038e-03
2.794505655765533447e-02
1.562047451734542847e-01
2.568508088588714600e-01
2.568508088588714600e-01
1.488587260246276855e-01
1.100340858101844788e-01
4.382146522402763367e-02
5.739193409681320190e-02
6.640819460153579712e-02
5.844691023230552673e-02
1.482688784599304199e-01
2.568508088588714600e-01
2.568508088588714600e-01
2.264552712440490723e-01
2.374925762414932251e-01
6.973900645971298218e-02
1.045997068285942078e-01
4.871534556150436401e-02
3.665248304605484009e-02
2.223422229290008545e-01
2.568508088588714600e-01
2.568508088588714600e-01
2.568508088588714600e-01
2.568508088588714600e-01
1.427581757307052612e-01
1.106867492198944092e-01
8.695268630981445312e-02
4.207098484039306641e-02
1.622374355792999268e-01
2.568508088588714600e-01
2.365091443061828613e-01
1.714321970939636230e-01
1.718928366899490356e-01
8.481901884078979492e-02
1.330197006464004517e-01
1.705370098352432251e-01
1.261499375104904175e-01
1.152662485837936401e-01
1.762467622756958008e-01
1.555840373039245605e-01
1.740164607763290405e-01
2.451704740524291992e-01
9.376721829175949097e-02
9.179640561342239380e-02
1.055568978190422058e-01
1.026683598756790161e-01
1.466948837041854858e-01
1.435603946447372437e-01
2.451704740524291992e-01
2.451704740524291992e-01
2.451704740524291992e-01
1.492099314928054810e-01
1.434378772974014282e-01
7.281076908111572266e-02
1.085114479064941406e-01
1.636534631252288818e-01
1.552926450967788696e-01
2.451704740524291992e-01
2.451704740524291992e-01
2.451704740524291992e-01
1.123956218361854553e-01
1.240500733256340027e-01
5.985230207443237305e-02
1.037173494696617126e-01
1.703996658325195312e-01
1.730736047029495239e-01
1.903393566608428955e-01
9.596372395753860474e-02
2.066392898559570312e-01
1.269901990890502930e-01
1.080646663904190063e-01
9.677496552467346191e-02
1.506114751100540161e-01
1.362430304288864136e-01
2.146694809198379517e-01
1.995445191860198975e-01
1.437829434871673584e-01
2.068235427141189575e-01
1.768772751092910767e-01
1.929456889629364014e-01
1.380658596754074097e-01
1.285558193922042847e-01
2.162357568740844727e-01
2.162357568740844727e-01
2.162357568740844727e-01
1.181245446205139160e-01
1.259201914072036743e-01
1.280888468027114868e-01
1.349166035652160645e-01
9.634139388799667358e-02
1.393890231847763062e-01
1.380154490470886230e-01
2.010024338960647583e-01
2.162357568740844727e-01
1.252675950527191162e-01
1.142772063612937927e-01
1.742984950542449951e-01
2.162357568740844727e-01
1.012770310044288635e-01
2.162357568740844727e-01
1.898115724325180054e-01
1.982123553752899170e-01
1.711910068988800049e-01
1.113683134317398071e-01
1.406652778387069702e-01
1.049530357122421265e-01
1.647433340549468994e-01
1.326406449079513550e-01
9.753704816102981567e-02
1.942850500345230103e-01
2.072602659463882446e-01
1.731132715940475464e-01
1.388254016637802124e-01
1.159252747893333435e-01
1.691971719264984131e-01
1.791276186704635620e-01
1.414211392402648926e-01
1.064739972352981567e-01
2.172219753265380859e-01
2.172219753265380859e-01
2.172219753265380859e-01
9.945460408926010132e-02
6.593755632638931274e-02
1.121541112661361694e-01
2.172219753265380859e-01
1.309441030025482178e-01
1.548156142234802246e-01
1.903464943170547485e-01
2.172219753265380859e-01
2.172219753265380859e-01
1.656037122011184692e-01
1.143720820546150208e-01
2.172219753265380859e-01
2.008039802312850952e-01
1.553694754838943481e-01
1.313354820013046265e-01
1.782510578632354736e-01
2.172219753265380859e-01
1.652522832155227661e-01
1.214476078748703003e-01
5.581572651863098145e-02
1.188990399241447449e-01
1.393696814775466919e-01
9.781481325626373291e-02
1.901363879442214966e-01
2.117031365633010864e-01
1.777363717555999756e-01
1.606720536947250366e-01
1.039657369256019592e-01
3.607982397079467773e-02
5.207620933651924133e-02
1.164677888154983521e-01
2.756397128105163574e-01
2.756397128105163574e-01
2.756397128105163574e-01
1.321357637643814087e-01
2.042300552129745483e-01
1.320545524358749390e-01
8.887186646461486816e-02
1.735524833202362061e-01
9.940476715564727783e-02
7.280322164297103882e-02
8.912894129753112793e-02
1.104830279946327209e-01
2.136315107345581055e-01
2.471802085638046265e-01
1.128855571150779724e-01
7.039780914783477783e-02
1.454925686120986938e-01
1.484420895576477051e-01
1.571541726589202881e-01
2.487203627824783325e-01
1.847015172243118286e-01
2.756397128105163574e-01
4.073064401745796204e-02
1.291456632316112518e-02
1.153745315968990326e-02
2.074308879673480988e-02
4.959743842482566833e-02
2.276111990213394165e-01
3.229160308837890625e-01
2.611751556396484375e-01
4.992576315999031067e-02
1.001631617546081543e-01
7.376945577561855316e-04
5.294740665704011917e-03
2.669857069849967957e-02
7.851547002792358398e-02
2.529661953449249268e-01
3.229160308837890625e-01
3.229160308837890625e-01
1.634379476308822632e-01
4.862266406416893005e-02
2.605193667113780975e-02
2.336212806403636932e-02
3.655697777867317200e-02
6.792584061622619629e-02
1.508609205484390259e-01
3.229160308837890625e-01
1.817570626735687256e-01
9.901204705238342285e-02
1.725392416119575500e-02
5.911650601774454117e-03
8.204046636819839478e-03
1.789356209337711334e-02
8.374597132205963135e-02
2.221194952726364136e-01
3.229160308837890625e-01
3.229160308837890625e-01
6.255909800529479980e-02
1.322146654129028320e-01
9.561938233673572540e-03
1.981687359511852264e-02
5.881636962294578552e-02
1.121601164340972900e-01
1.686100512742996216e-01
2.986644208431243896e-01
2.986644208431243896e-01
2.159663289785385132e-01
1.780535578727722168e-01
7.586179673671722412e-02
9.329458326101303101e-02
1.244881972670555115e-01
1.094305813312530518e-01
5.880415067076683044e-02
1.455883383750915527e-01
2.091863751411437988e-01
1.546097844839096069e-01
1.721578836441040039e-02
3.198843915015459061e-03
1.506646722555160522e-02
5.345713347196578979e-02
1.546636521816253662e-01
2.012291103601455688e-01
2.986644208431243896e-01
2.986644208431243896e-01
9.672752767801284790e-02
5.275830253958702087e-02
3.688653931021690369e-02
9.139244258403778076e-02
1.557371914386749268e-01
1.767788082361221313e-01
1.739768087863922119e-01
2.986644208431243896e-01
2.986644208431243896e-01
1.065641567111015320e-01
2.232968658208847046e-01
1.579229682683944702e-01
1.635696887969970703e-01
1.845879107713699341e-01
1.179777085781097412e-01
8.874019235372543335e-02
1.407023221254348755e-01
1.793008595705032349e-01
1.517512053251266479e-01
1.549757868051528931e-01
1.342317461967468262e-01
9.465436637401580811e-02
1.465073674917221069e-01
1.480509489774703979e-01
1.760809868574142456e-01
1.927799880504608154e-01
2.158535420894622803e-01
2.049619406461715698e-01
1.474383026361465454e-01
9.155629575252532959e-02
1.725111901760101318e-01
2.099072784185409546e-01
1.690529137849807739e-01
2.119944542646408081e-01
2.232968658208847046e-01
2.232968658208847046e-01
1.329751759767532349e-01
1.558553874492645264e-01
8.045709878206253052e-02
9.361851215362548828e-02
7.316596806049346924e-02
1.239919364452362061e-01
2.232968658208847046e-01
2.232968658208847046e-01
1.695512980222702026e-01
1.750080883502960205e-01
5.058950185775756836e-02
1.214972957968711853e-01
6.389023363590240479e-02
1.132149398326873779e-01
1.059043183922767639e-01
2.196091264486312866e-01
1.814640760421752930e-01
2.196091264486312866e-01
2.196091264486312866e-01
2.196091264486312866e-01
2.196091264486312866e-01
1.035315617918968201e-01
1.223247423768043518e-01
8.340799063444137573e-02
2.196091264486312866e-01
1.911838352680206299e-01
2.196091264486312866e-01
2.196091264486312866e-01
9.173342585563659668e-02
8.435486257076263428e-02
6.079887971282005310e-02
9.458837658166885376e-02
1.179542616009712219e-01
1.873731762170791626e-01
2.196091264486312866e-01
1.909675002098083496e-01
2.196091264486312866e-01
1.580299884080886841e-01
2.175846248865127563e-01
1.169933304190635681e-01
1.513766646385192871e-01
1.219731271266937256e-01
1.507942080497741699e-01
1.736052185297012329e-01
1.714671254158020020e-01
2.196091264486312866e-01
2.488165348768234253e-01
2.488165348768234253e-01
1.191579028964042664e-01
9.677411615848541260e-02
1.003369390964508057e-01
9.860371053218841553e-02
9.614449739456176758e-02
1.637168973684310913e-01
2.488165348768234253e-01
2.488165348768234253e-01
2.488165348768234253e-01
1.171662807464599609e-01
9.566273540258407593e-02
2.413618117570877075e-01
1.213063225150108337e-01
1.240209415555000305e-01
1.622510552406311035e-01
2.488165348768234253e-01
1.602947711944580078e-01
2.089446783065795898e-01
1.413354575634002686e-01
1.036850139498710632e-01
9.132363647222518921e-02
9.717792272567749023e-02
9.196896851062774658e-02
9.392314404249191284e-02
1.284520626068115234e-01
1.546437293291091919e-01
1.585764437913894653e-01
1.493301987648010254e-01
1.165659800171852112e-01
1.940239220857620239e-01
2.036335319280624390e-01
1.673085242509841919e-01
1.405913382768630981e-01
2.136292010545730591e-01
2.365552932024002075e-01
1.794871836900711060e-01
1.126307472586631775e-01
6.513042747974395752e-02
1.714151799678802490e-01
1.332853138446807861e-01
1.081775352358818054e-01
1.654723286628723145e-01
2.365552932024002075e-01
2.365552932024002075e-01
2.365552932024002075e-01
9.295163303613662720e-02
6.081023812294006348e-02
1.519898623228073120e-01
1.002854779362678528e-01
9.740697592496871948e-02
2.360587865114212036e-01
2.365552932024002075e-01
8.051607757806777954e-02
1.901609450578689575e-01
2.017213255167007446e-01
1.522171348333358765e-01
1.574647873640060425e-01
1.484158486127853394e-01
1.221963241696357727e-01
7.738025486469268799e-02
1.736658215522766113e-01
2.144105732440948486e-01
2.365552932024002075e-01
2.365552932024002075e-01
1.504745483398437500e-01
1.841847598552703857e-01
1.090833842754364014e-01
1.247876435518264771e-01
5.971589311957359314e-02
1.478555500507354736e-01
2.491324990987777710e-01
2.491324990987777710e-01
8.121231198310852051e-02
3.675166144967079163e-02
1.135239601135253906e-01
5.047921091318130493e-02
5.584225803613662720e-02
1.034323275089263916e-01
2.491324990987777710e-01
2.491324990987777710e-01
2.491324990987777710e-01
1.822105348110198975e-01
6.643959879875183105e-02
8.267562091350555420e-02
6.802274286746978760e-02
9.797193109989166260e-02
1.239190548658370972e-01
2.491324990987777710e-01
2.148324102163314819e-01
2.322571426630020142e-01
1.216591596603393555e-01
8.431239426136016846e-02
1.526908129453659058e-01
7.724813371896743774e-02
1.140998303890228271e-01
7.797420024871826172e-02
1.280739009380340576e-01
2.187578380107879639e-01
2.491324990987777710e-01
2.356877475976943970e-01
1.848346441984176636e-01
1.639426797628402710e-01
1.164968311786651611e-01
1.605393886566162109e-01
2.084036767482757568e-01
1.334185749292373657e-01
2.126231640577316284e-01
1.823180466890335083e-01
1.208041384816169739e-01
6.803785264492034912e-02
1.031541898846626282e-01
4.108712077140808105e-02
6.902854144573211670e-02
1.195709556341171265e-01
1.938323080539703369e-01
1.553026139736175537e-01
1.934468001127243042e-01
1.336256116628646851e-01
8.274687826633453369e-02
1.039284989237785339e-01
4.632974043488502502e-02
7.988445460796356201e-02
1.279654800891876221e-01
1.213167905807495117e-01
1.670142412185668945e-01
2.576113641262054443e-01
2.678848206996917725e-01
1.403088420629501343e-01
1.522542089223861694e-01
1.353428959846496582e-01
1.091932654380798340e-01
2.114025652408599854e-01
1.446588933467864990e-01
2.678848206996917725e-01
2.678848206996917725e-01
2.678848206996917725e-01
1.695126891136169434e-01
1.376894265413284302e-01
1.174490749835968018e-01
1.483253091573715210e-01
2.267684042453765869e-01
1.976868957281112671e-01
9.023353457450866699e-02
1.174900308251380920e-01
1.297077238559722900e-01
7.279882580041885376e-02
6.418962031602859497e-02
4.310416802763938904e-02
5.744301900267601013e-02
9.454628825187683105e-02
8.701352775096893311e-02
1.809798330068588257e-01
2.077174335718154907e-01
2.699248492717742920e-01
1.104989275336265564e-01
6.921346485614776611e-02
5.897438153624534607e-02
6.742186099290847778e-02
1.393234431743621826e-01
1.883068084716796875e-01
2.598485946655273438e-01
2.699248492717742920e-01
2.699248492717742920e-01
1.704191565513610840e-01
8.079877495765686035e-02
4.261465370655059814e-02
1.312870532274246216e-01
1.412130445241928101e-01
1.585406512022018433e-01
2.699248492717742920e-01
2.699248492717742920e-01
2.699248492717742920e-01
1.994228810071945190e-01
8.838850259780883789e-02
4.671588540077209473e-02
9.888631850481033325e-02
1.867339611053466797e-01
2.699248492717742920e-01
1.680562943220138550e-01
2.146604955196380615e-01
2.576048672199249268e-01
9.418118745088577271e-02
5.217600241303443909e-02
5.033862963318824768e-02
7.121021300554275513e-02
1.074972301721572876e-01
1.760486066341400146e-01
1.421646624803543091e-01
2.576048672199249268e-01
2.576048672199249268e-01
9.501931071281433105e-02
1.122538521885871887e-01
5.502644926309585571e-02
7.052905112504959106e-02
1.558623164892196655e-01
2.576048672199249268e-01
2.576048672199249268e-01
2.576048672199249268e-01
2.576048672199249268e-01
1.141913607716560364e-01
5.525055155158042908e-02
4.088900238275527954e-02
8.274417370557785034e-02
1.380977183580398560e-01
2.344220131635665894e-01
1.853843033313751221e-01
2.110912054777145386e-01
2.576048672199249268e-01
9.782366454601287842e-02
8.345382660627365112e-02
4.784896969795227051e-02
5.105394124984741211e-02
9.349531680345535278e-02
2.204678952693939209e-01
1.993088573217391968e-01
2.593769431114196777e-01
2.593769431114196777e-01
1.119144484400749207e-01
2.048325091600418091e-01
8.751087635755538940e-02
6.526343524456024170e-02
2.527360022068023682e-01
2.593769431114196777e-01
2.593769431114196777e-01
2.593769431114196777e-01
2.593769431114196777e-01
1.120644733309745789e-01
1.513061672449111938e-01
1.092999950051307678e-01
8.982900530099868774e-02
1.883453875780105591e-01
2.546605169773101807e-01
1.277861595153808594e-01
1.595420241355895996e-01
2.216435819864273071e-01
7.833486050367355347e-02
1.196758970618247986e-01
5.814681947231292725e-02
6.534860283136367798e-02
9.823079407215118408e-02
2.174295485019683838e-01
9.979426115751266479e-02
8.338886499404907227e-02
1.058950647711753845e-01
5.473314598202705383e-02
1.086087003350257874e-01
6.258255243301391602e-02
1.334965378046035767e-01
9.619756042957305908e-02
1.345511972904205322e-01
2.619096040725708008e-01
2.619096040725708008e-01
2.619096040725708008e-01
1.519455164670944214e-01
1.716934591531753540e-01
1.028065383434295654e-01
1.767383366823196411e-01
1.980458498001098633e-01
2.616901695728302002e-01
2.619096040725708008e-01
2.469737976789474487e-01
2.619096040725708008e-01
1.377095133066177368e-01
1.817554980516433716e-01
6.879580765962600708e-02
1.333541870117187500e-01
1.354341506958007812e-01
2.131762951612472534e-01
1.206590458750724792e-01
1.116915345191955566e-01
8.926542103290557861e-02
7.531775534152984619e-02
1.552466154098510742e-01
8.038165420293807983e-02
1.452087312936782837e-01
1.039985567331314087e-01
1.352913975715637207e-01
1.828286200761795044e-01
1.329248249530792236e-01
1.075895056128501892e-01
1.155577749013900757e-01
1.649368852376937866e-01
3.777788951992988586e-02
8.533119410276412964e-02
8.588996529579162598e-02
1.107667014002799988e-01
2.250342369079589844e-01
1.231071352958679199e-01
9.965907037258148193e-02
1.070405989885330200e-01
9.503971040248870850e-02
6.385116279125213623e-02
1.222492083907127380e-01
9.277611225843429565e-02
1.276837587356567383e-01
2.035994827747344971e-01
1.106000021100044250e-01
1.117198169231414795e-01
1.543186902999877930e-01
2.034087181091308594e-01
9.402551501989364624e-02
1.705659776926040649e-01
1.361866593360900879e-01
1.133606508374214172e-01
2.531047761440277100e-01
1.119746714830398560e-01
1.815536916255950928e-01
1.213129833340644836e-01
7.122180610895156860e-02
8.475326746702194214e-02
1.619868576526641846e-01
2.531047761440277100e-01
2.531047761440277100e-01
2.531047761440277100e-01
1.871933192014694214e-01
2.330750524997711182e-01
2.211134880781173706e-01
1.035391613841056824e-01
1.480918824672698975e-01
2.279015928506851196e-01
1.215063333511352539e-01
2.531047761440277100e-01
1.658561825752258301e-01
1.145467758178710938e-01
7.483921200037002563e-02
1.100733056664466858e-01
2.012859284877777100e-01
1.193099915981292725e-01
1.468590199947357178e-01
1.716101765632629395e-01
1.705460548400878906e-01
1.598816812038421631e-01
1.826089024543762207e-01
1.178905367851257324e-01
1.695495396852493286e-01
1.538715362548828125e-01
1.289048939943313599e-01
1.358635276556015015e-01
1.716901808977127075e-01
2.096752971410751343e-01
2.060715556144714355e-01
1.928598135709762573e-01
2.096752971410751343e-01
1.630673557519912720e-01
1.149492040276527405e-01
1.643899083137512207e-01
1.906540393829345703e-01
1.244963482022285461e-01
2.096752971410751343e-01
1.546310931444168091e-01
2.096752971410751343e-01
2.032143026590347290e-01
1.739971637725830078e-01
1.278687119483947754e-01
1.614930778741836548e-01
1.382730603218078613e-01
1.993329077959060669e-01
2.096752971410751343e-01
1.781255900859832764e-01
1.869819164276123047e-01
1.384306699037551880e-01
1.898385435342788696e-01
8.861841261386871338e-02
1.243582814931869507e-01
9.323540329933166504e-02
1.676161736249923706e-01
2.171877920627593994e-01
1.963982582092285156e-01
1.533188372850418091e-01
7.813984900712966919e-02
1.334274560213088989e-01
1.214576810598373413e-01
2.038098871707916260e-01
1.323324292898178101e-01
1.404528319835662842e-01
2.171877920627593994e-01
1.714061945676803589e-01
2.171877920627593994e-01
1.556525379419326782e-01
1.669399291276931763e-01
8.525533229112625122e-02
1.807286739349365234e-01
9.609445929527282715e-02
2.146781235933303833e-01
1.578936129808425903e-01
2.066979259252548218e-01
2.171877920627593994e-01
1.503887325525283813e-01
1.484381854534149170e-01
1.427854597568511963e-01
2.171877920627593994e-01
1.198231205344200134e-01
1.717874258756637573e-01
2.171877920627593994e-01
8.243317157030105591e-02
8.710321784019470215e-02
3.409010916948318481e-02
5.704627186059951782e-02
1.174335852265357971e-01
1.641434133052825928e-01
2.112874090671539307e-01
1.577479988336563110e-01
2.128335535526275635e-01
3.068643994629383087e-02
4.156180471181869507e-02
1.519131287932395935e-02
3.736200183629989624e-02
1.971405148506164551e-01
2.790635526180267334e-01
2.790635526180267334e-01
2.790635526180267334e-01
1.589625924825668335e-01
1.283318698406219482e-01
1.318289190530776978e-01
1.125999763607978821e-01
9.743028879165649414e-02
1.444523632526397705e-01
2.082577943801879883e-01
8.439060300588607788e-02
1.286863386631011963e-01
1.974716633558273315e-01
1.118845269083976746e-01
1.066090762615203857e-01
7.220366597175598145e-02
6.922433525323867798e-02
1.815274953842163086e-01
2.582294344902038574e-01
2.790635526180267334e-01
2.790635526180267334e-01
2.204191982746124268e-01
1.886488869786262512e-02
7.083131000399589539e-03
5.421215202659368515e-03
1.687965728342533112e-02
1.014170125126838684e-01
1.964289247989654541e-01
3.167346119880676270e-01
3.013120591640472412e-01
6.320618838071823120e-02
3.826908022165298462e-02
2.608369290828704834e-02
2.492200024425983429e-02
3.582724183797836304e-02
8.677858859300613403e-02
2.254173755645751953e-01
3.167346119880676270e-01
3.167346119880676270e-01
7.008074969053268433e-02
4.519037902355194092e-02
3.077480569481849670e-02
1.169231627136468887e-02
1.868749223649501801e-02
7.451511919498443604e-02
1.704371422529220581e-01
3.167346119880676270e-01
2.117686271667480469e-01
1.127477213740348816e-01
4.265945777297019958e-02
1.896286569535732269e-02
6.309626158326864243e-03
1.670430041849613190e-02
6.463728100061416626e-02
2.628883719444274902e-01
3.167346119880676270e-01
3.167346119880676270e-01
1.086781993508338928e-01
6.722140312194824219e-02
3.895387798547744751e-02
3.324143961071968079e-02
3.597051277756690979e-02
6.930693984031677246e-02
1.778361499309539795e-01
3.108014762401580811e-01
2.735833823680877686e-01
7.458975911140441895e-02
8.964640647172927856e-02
4.195135459303855896e-02
5.532095208764076233e-02
7.074054330587387085e-02
1.001939475536346436e-01
1.412182748317718506e-01
2.184537053108215332e-01
1.271630972623825073e-01
8.618980646133422852e-02
5.701655149459838867e-02
2.173650637269020081e-02
1.242443639785051346e-02
2.952865324914455414e-02
8.796747773885726929e-02
3.038827180862426758e-01
3.108014762401580811e-01
3.108014762401580811e-01
9.745376557111740112e-02
1.069062128663063049e-01
5.347327515482902527e-02
6.977967172861099243e-02
1.361939907073974609e-01
1.419769078493118286e-01
2.895430624485015869e-01
3.108014762401580811e-01
3.108014762401580811e-01
1.159251257777214050e-01
1.254884749650955200e-01
6.096393987536430359e-02
1.037799268960952759e-01
1.671406328678131104e-01
1.601634621620178223e-01
1.692070066928863525e-01
2.115603983402252197e-01
1.634401232004165649e-01
1.417269259691238403e-01
1.372395306825637817e-01
1.147776022553443909e-01
1.109177991747856140e-01
1.752543449401855469e-01
1.704881042242050171e-01
1.708037555217742920e-01
1.730465739965438843e-01
1.222033575177192688e-01
1.008881404995918274e-01
1.657898575067520142e-01
9.502916783094406128e-02
1.515093445777893066e-01
2.115603983402252197e-01
1.577448695898056030e-01
2.095572948455810547e-01
2.115603983402252197e-01
2.115603983402252197e-01
1.619904935359954834e-01
1.892563551664352417e-01
2.115603983402252197e-01
2.114993184804916382e-01
2.115603983402252197e-01
1.993979662656784058e-01
1.980079263448715210e-01
1.331225782632827759e-01
1.847710460424423218e-01
1.259928941726684570e-01
6.793957948684692383e-02
9.607060253620147705e-02
8.506604284048080444e-02
8.974354714155197144e-02
8.245681226253509521e-02
1.029668301343917847e-01
9.091519564390182495e-02
6.180300936102867126e-02
6.847656518220901489e-02
5.276529490947723389e-02
8.841021358966827393e-02
1.022512540221214294e-01
1.401455253362655640e-01
1.437276005744934082e-01
1.447203308343887329e-01
1.551995128393173218e-01
1.373842358589172363e-01
1.813031435012817383e-01
1.113013774156570435e-01
2.404776066541671753e-01
2.715525627136230469e-01
1.182461529970169067e-01
1.332100778818130493e-01
1.335174590349197388e-01
1.634572893381118774e-01
1.520361900329589844e-01
1.464747637510299683e-01
2.079480588436126709e-01
2.720930278301239014e-01
2.720930278301239014e-01
1.659726798534393311e-01
2.373210191726684570e-01
1.172838136553764343e-01
2.720930278301239014e-01
2.720930278301239014e-01
2.720930278301239014e-01
3.873137757182121277e-02
9.012848138809204102e-02
1.101435497403144836e-01
1.284582614898681641e-01
1.025535762310028076e-01
6.143851205706596375e-02
8.000264316797256470e-02
7.062271982431411743e-02
1.078238338232040405e-01
1.617343425750732422e-01
1.713991761207580566e-01
2.444208115339279175e-01
1.277667880058288574e-01
1.122380197048187256e-01
8.505520224571228027e-02
9.738478809595108032e-02
6.833279132843017578e-02
1.110969260334968567e-01
1.415288150310516357e-01
2.457813322544097900e-01
2.457813322544097900e-01
1.199244856834411621e-01
1.546480059623718262e-01
5.287935584783554077e-02
2.168539166450500488e-01
2.130105495452880859e-01
2.052394300699234009e-01
2.407229393720626831e-01
2.457813322544097900e-01
2.457813322544097900e-01
2.288266569375991821e-01
2.118658423423767090e-01
1.052447184920310974e-01
2.237568646669387817e-01
1.876036673784255981e-01
2.350244373083114624e-01
1.744667142629623413e-01
1.930356472730636597e-01
2.247230857610702515e-01
8.331239223480224609e-02
8.866993337869644165e-02
9.426702558994293213e-02
6.223111972212791443e-02
7.251788675785064697e-02
8.737136423587799072e-02
2.132187336683273315e-01
2.247230857610702515e-01
2.247230857610702515e-01
1.806449294090270996e-01
1.187036707997322083e-01
1.431630104780197144e-01
1.024149730801582336e-01
1.655156016349792480e-01
1.183292791247367859e-01
2.247230857610702515e-01
2.224359065294265747e-01
2.247230857610702515e-01
1.467387825250625610e-01
1.626855581998825073e-01
1.330189555883407593e-01
7.473774254322052002e-02
1.130501106381416321e-01
1.886324584484100342e-01
2.247230857610702515e-01
2.247230857610702515e-01
2.247230857610702515e-01
1.809507310390472412e-01
1.666237115859985352e-01
1.761605590581893921e-01
7.717853039503097534e-02
1.616224944591522217e-01
1.681977063417434692e-01
2.397684752941131592e-01
2.597621679306030273e-01
2.597621679306030273e-01
1.388311237096786499e-01
1.085450127720832825e-01
1.761231124401092529e-01
1.198966205120086670e-01
1.611525565385818481e-01
1.014903858304023743e-01
2.597621679306030273e-01
2.597621679306030273e-01
2.597621679306030273e-01
1.182612851262092590e-01
8.127390593290328979e-02
1.308150291442871094e-01
1.005802974104881287e-01
1.146672815084457397e-01
1.293373256921768188e-01
1.973955929279327393e-01
2.597621679306030273e-01
1.702705770730972290e-01
1.366362422704696655e-01
1.182161420583724976e-01
1.522658467292785645e-01
8.009714633226394653e-02
1.240570843219757080e-01
1.139980480074882507e-01
1.783730536699295044e-01
2.597621679306030273e-01
2.038068771362304688e-01
1.024436950683593750e-01
7.830245047807693481e-02
1.140949428081512451e-01
7.809687405824661255e-02
4.893790557980537415e-02
8.415954560041427612e-02
2.615383863449096680e-01
2.615383863449096680e-01
2.615383863449096680e-01
1.834290474653244019e-01
6.610648334026336670e-02
8.752752840518951416e-02
1.634422689676284790e-01
1.194665208458900452e-01
2.155130505561828613e-01
2.615383863449096680e-01
2.615383863449096680e-01
2.615383863449096680e-01
1.851036697626113892e-01
8.910836279392242432e-02
1.060876101255416870e-01
1.294100582599639893e-01
1.274906843900680542e-01
2.276312857866287231e-01
1.562126874923706055e-01
1.779328435659408569e-01
1.595426350831985474e-01
9.975524246692657471e-02
8.165341615676879883e-02
1.148550361394882202e-01
1.276302486658096313e-01
5.008788779377937317e-02
1.310240626335144043e-01
1.699834764003753662e-01
9.986677020788192749e-02
1.524015367031097412e-01
1.289780288934707642e-01
1.080873534083366394e-01
1.320169121026992798e-01
1.644735187292098999e-01
8.118558675050735474e-02
1.637468785047531128e-01
2.162275314331054688e-01
2.162275314331054688e-01
2.162275314331054688e-01
1.419659554958343506e-01
1.304424703121185303e-01
1.346107870340347290e-01
1.680107712745666504e-01
1.930292844772338867e-01
2.162275314331054688e-01
2.162275314331054688e-01
8.984646946191787720e-02
1.455388069152832031e-01
1.737404316663742065e-01
1.464548707008361816e-01
1.147466450929641724e-01
1.075107976794242859e-01
1.434059143066406250e-01
1.899879127740859985e-01
1.684617996215820312e-01
8.680509030818939209e-02
1.282450109720230103e-01
1.843276470899581909e-01
1.868275254964828491e-01
1.430925279855728149e-01
2.162275314331054688e-01
1.955206245183944702e-01
2.162275314331054688e-01
1.043634489178657532e-01
8.040969073772430420e-02
1.169338449835777283e-01
2.162275314331054688e-01
1.824630349874496460e-01
1.208378747105598450e-01
1.654835194349288940e-01
1.558464020490646362e-01
1.738019287586212158e-01
2.095264941453933716e-01
1.195031106472015381e-01
1.690950691699981689e-01
2.095264941453933716e-01
1.499098539352416992e-01
1.095978096127510071e-01
8.570456504821777344e-02
7.457566261291503906e-02
1.217492818832397461e-01
2.095264941453933716e-01
1.633414328098297119e-01
1.217440515756607056e-01
1.695042252540588379e-01
2.086344510316848755e-01
1.743109822273254395e-01
1.915366202592849731e-01
1.596439778804779053e-01
1.304778605699539185e-01
1.418139487504959106e-01
1.237718760967254639e-01
1.522463858127593994e-01
2.095264941453933716e-01
1.880744844675064087e-01
1.562125086784362793e-01
1.470343470573425293e-01
1.114585325121879578e-01
1.263244003057479858e-01
2.095264941453933716e-01
1.771072447299957275e-01
2.095264941453933716e-01
2.095264941453933716e-01
1.900330632925033569e-01
2.095264941453933716e-01
1.757269501686096191e-01
1.756564080715179443e-01
1.437515467405319214e-01
1.420441269874572754e-01
1.431934684514999390e-01
9.245467185974121094e-02
1.417178213596343994e-01
2.129269093275070190e-01
1.282082349061965942e-01
1.677593588829040527e-01
1.638967841863632202e-01
1.520113945007324219e-01
1.941422373056411743e-01
1.491699218750000000e-01
9.782276302576065063e-02
1.362566798925399780e-01
2.050992846488952637e-01
6.151296198368072510e-02
1.623653620481491089e-01
1.625606119632720947e-01
1.718844175338745117e-01
2.098395675420761108e-01
1.494914144277572632e-01
1.422414928674697876e-01
1.499215513467788696e-01
1.373723298311233521e-01
2.116918414831161499e-01
1.975860446691513062e-01
2.030119746923446655e-01
1.529609858989715576e-01
2.129269093275070190e-01
1.699857562780380249e-01
9.998653084039688110e-02
1.072685047984123230e-01
1.374674290418624878e-01
2.129269093275070190e-01
2.129269093275070190e-01
2.129269093275070190e-01
2.129269093275070190e-01
2.554001510143280029e-01
2.763365954160690308e-02
3.272605687379837036e-02
2.162571810185909271e-02
1.813221164047718048e-02
2.176130190491676331e-02
5.617437139153480530e-02
2.827473282814025879e-01
3.033904731273651123e-01
3.033904731273651123e-01
5.166563764214515686e-02
4.326403886079788208e-02
3.935708850622177124e-02
3.312651440501213074e-02
5.853798240423202515e-02
1.438273936510086060e-01
1.468001455068588257e-01
3.033904731273651123e-01
2.535217702388763428e-01
4.824552312493324280e-02
4.288380220532417297e-02
1.729793846607208252e-02
2.637717127799987793e-02
2.730388008058071136e-02
7.112293690443038940e-02
2.713384032249450684e-01
3.033904731273651123e-01
3.033904731273651123e-01
5.409095436334609985e-02
4.798652604222297668e-02
1.699047163128852844e-02
3.144991770386695862e-02
3.269157186150550842e-02
1.263829916715621948e-01
2.607612013816833496e-01
3.033904731273651123e-01
2.988973259925842285e-01
3.937520086765289307e-02
6.938143074512481689e-02
4.401868209242820740e-02
3.000854142010211945e-02
5.352941155433654785e-02
1.528644561767578125e-01
8.519395440816879272e-02
2.988973259925842285e-01
2.988973259925842285e-01
6.918636709451675415e-02
5.802997946739196777e-02
4.552268609404563904e-02
3.413693606853485107e-02
4.854619130492210388e-02
1.534714698791503906e-01
1.034587621688842773e-01
2.988973259925842285e-01
2.988973259925842285e-01
4.055619984865188599e-02
4.021133109927177429e-02
3.414143621921539307e-02
2.460007183253765106e-02
2.217660658061504364e-02
1.525218784809112549e-01
1.903526633977890015e-01
2.988973259925842285e-01
2.988973259925842285e-01
6.253662705421447754e-02
2.078768424689769745e-02
2.863721176981925964e-02
2.398248948156833649e-02
2.589263208210468292e-02
2.110547423362731934e-01
2.749963700771331787e-01
2.988973259925842285e-01
2.424147874116897583e-01
1.011011525988578796e-01
3.519045189023017883e-02
3.301518410444259644e-02
3.380311280488967896e-02
5.708310008049011230e-02
1.321775019168853760e-01
1.059426665306091309e-01
2.224588245153427124e-01
2.044638246297836304e-01
1.002001389861106873e-01
4.858849197626113892e-02
7.821924984455108643e-02
7.912611216306686401e-02
6.054338440299034119e-02
1.108121946454048157e-01
7.891682535409927368e-02
1.686504483222961426e-01
3.037476241588592529e-01
8.570885658264160156e-02
1.109774503856897354e-02
9.087862446904182434e-03
2.412860654294490814e-02
3.710379451513290405e-02
2.626657485961914062e-01
3.037476241588592529e-01
3.037476241588592529e-01
3.037476241588592529e-01
1.394555568695068359e-01
2.400810457766056061e-02
5.171005427837371826e-02
5.921041592955589294e-02
9.230863302946090698e-02
3.037476241588592529e-01
2.430239468812942505e-01
3.037476241588592529e-01
1.731906384229660034e-01
9.152787178754806519e-02
8.324877172708511353e-02
1.232625022530555725e-01
9.400685876607894897e-02
8.366758376359939575e-02
8.122322708368301392e-02
9.857884794473648071e-02
1.443082988262176514e-01
1.337107867002487183e-01
1.169677227735519409e-01
6.494646519422531128e-02
1.146339252591133118e-01
8.267626166343688965e-02
1.259976625442504883e-01
1.108931824564933777e-01
1.510593444108963013e-01
1.253649294376373291e-01
2.828253805637359619e-01
2.017232328653335571e-01
5.035140365362167358e-02
1.095934733748435974e-01
7.195284217596054077e-02
2.166269570589065552e-01
2.277718633413314819e-01
2.149769514799118042e-01
2.828253805637359619e-01
2.828253805637359619e-01
1.860003620386123657e-01
6.264705210924148560e-02
1.517449319362640381e-01
1.039431169629096985e-01
2.283131778240203857e-01
2.075968086719512939e-01
2.612738907337188721e-01
2.828253805637359619e-01
9.207139909267425537e-02
6.808237731456756592e-02
1.949957385659217834e-02
7.071701437234878540e-02
9.356537461280822754e-02
1.335062235593795776e-01
2.169898152351379395e-01
1.558326184749603271e-01
1.340231001377105713e-01
6.596898287534713745e-02
2.830473147332668304e-02
7.391542661935091019e-03
6.216514483094215393e-02
1.163012683391571045e-01
2.636627852916717529e-01
2.636627852916717529e-01
2.636627852916717529e-01
1.580482125282287598e-01
2.636627852916717529e-01
8.404915034770965576e-02
5.221951752901077271e-02
1.004159972071647644e-01
1.198757812380790710e-01
9.592462331056594849e-02
1.980110406875610352e-01
1.717992871999740601e-01
2.636627852916717529e-01
2.636627852916717529e-01
1.623141616582870483e-01
8.703066408634185791e-02
9.335446357727050781e-02
1.093908399343490601e-01
1.514967828989028931e-01
2.636627852916717529e-01
2.636627852916717529e-01
2.636627852916717529e-01
2.355908229947090149e-02
7.937929593026638031e-03
3.056116169318556786e-03
3.545681759715080261e-02
6.028178334236145020e-02
2.355979681015014648e-01
2.771711349487304688e-01
2.731084525585174561e-01
6.864092499017715454e-02
4.404295235872268677e-02
2.317624911665916443e-02
2.575353160500526428e-02
6.466226279735565186e-02
7.289443910121917725e-02
2.771711349487304688e-01
2.771711349487304688e-01
2.771711349487304688e-01
1.262377351522445679e-01
8.582951873540878296e-02
1.276737153530120850e-01
5.549572408199310303e-02
5.137806758284568787e-02
7.487563788890838623e-02
1.885087490081787109e-01
2.771711349487304688e-01
2.451898604631423950e-01
2.243815511465072632e-01
5.497853457927703857e-02
5.872880294919013977e-02
3.880444914102554321e-02
4.536845907568931580e-02
1.138373091816902161e-01
2.771711349487304688e-01
2.771711349487304688e-01
2.551276385784149170e-01
1.465915441513061523e-01
7.051593065261840820e-02
6.774132698774337769e-02
8.921380341053009033e-02
8.163596689701080322e-02
7.393927872180938721e-02
1.441844403743743896e-01
2.207087725400924683e-01
1.805893778800964355e-01
1.542615741491317749e-01
1.320018917322158813e-01
2.272124141454696655e-01
2.272124141454696655e-01
1.713116616010665894e-01
9.415473788976669312e-02
8.302387595176696777e-02
5.543683096766471863e-02
1.460278481245040894e-01
1.579252630472183228e-01
9.698812663555145264e-02
1.293849349021911621e-01
1.308164596557617188e-01
5.957609042525291443e-02
1.359027624130249023e-01
2.272124141454696655e-01
2.272124141454696655e-01
2.210505753755569458e-01
1.798849999904632568e-01
2.091455459594726562e-01
2.272124141454696655e-01
2.272124141454696655e-01
1.566368639469146729e-01
2.100098580121994019e-01
2.166271954774856567e-01
1.846691668033599854e-01
2.028038650751113892e-01
1.987562179565429688e-01
1.460596323013305664e-01
2.428021728992462158e-01
2.428021728992462158e-01
1.206568032503128052e-01
8.193024992942810059e-02
6.426660716533660889e-02
7.470834255218505859e-02
1.546283364295959473e-01
1.681808084249496460e-01
2.187892794609069824e-01
2.428021728992462158e-01
2.428021728992462158e-01
7.757133990526199341e-02
1.553613543510437012e-01
6.761267781257629395e-02
1.228009760379791260e-01
1.656455099582672119e-01
2.287799119949340820e-01
2.134349495172500610e-01
2.428021728992462158e-01
2.428021728992462158e-01
1.207209974527359009e-01
1.371865570545196533e-01
8.450843393802642822e-02
8.131163567304611206e-02
1.640157699584960938e-01
1.766560077667236328e-01
2.116236090660095215e-01
2.042685151100158691e-01
2.168746143579483032e-01
6.348697841167449951e-02
1.442205011844635010e-01
6.030790507793426514e-02
5.674839019775390625e-02
1.223203018307685852e-01
1.757493913173675537e-01
2.504190206527709961e-01
2.504190206527709961e-01
2.504190206527709961e-01
1.128857657313346863e-01
1.480513811111450195e-01
6.552468985319137573e-02
1.809694021940231323e-01
2.204026579856872559e-01
2.302375137805938721e-01
2.379119545221328735e-01
2.502715289592742920e-01
2.504190206527709961e-01
1.791649162769317627e-01
1.869798302650451660e-01
6.969971209764480591e-02
1.483475416898727417e-01
1.282342374324798584e-01
2.208542227745056152e-01
2.219706028699874878e-01
1.869148761034011841e-01
1.350459307432174683e-01
7.326521724462509155e-02
1.213538646697998047e-01
6.682660430669784546e-02
6.233581900596618652e-02
1.196461990475654602e-01
1.554827243089675903e-01
2.247149646282196045e-01
1.170696839690208435e-01
8.097597956657409668e-02
7.912593334913253784e-02
1.318814307451248169e-01
8.837583661079406738e-02
3.516544774174690247e-02
6.227189674973487854e-02
1.351366490125656128e-01
2.166356593370437622e-01
1.843378245830535889e-01
2.166356593370437622e-01
1.595190763473510742e-01
2.166356593370437622e-01
1.296338140964508057e-01
8.955498039722442627e-02
1.053495705127716064e-01
2.166356593370437622e-01
2.166356593370437622e-01
1.586663275957107544e-01
1.500639915466308594e-01
1.642849147319793701e-01
2.166356593370437622e-01
1.668730527162551880e-01
1.056117638945579529e-01
2.058969289064407349e-01
2.107748687267303467e-01
2.029505670070648193e-01
1.431177556514739990e-01
9.974176436662673950e-02
7.376078516244888306e-02
1.598897725343704224e-01
1.660512983798980713e-01
5.243767797946929932e-02
9.130340814590454102e-02
1.582594364881515503e-01
1.568729877471923828e-01
1.505425274372100830e-01
1.089772209525108337e-01
7.979643344879150391e-02
2.151781618595123291e-01
2.112154811620712280e-01
1.131618395447731018e-01
2.070176452398300171e-01
2.048728615045547485e-01
1.640768647193908691e-01
1.639797538518905640e-01
9.137614816427230835e-02
2.071307748556137085e-01
2.071307748556137085e-01
1.742072999477386475e-01
7.843256741762161255e-02
2.071307748556137085e-01
1.721915155649185181e-01
1.649806946516036987e-01
2.071307748556137085e-01
1.786710470914840698e-01
2.071307748556137085e-01
1.280883550643920898e-01
1.709691882133483887e-01
1.489302366971969604e-01
1.664875596761703491e-01
1.375176012516021729e-01
1.602729111909866333e-01
1.306592375040054321e-01
9.524998068809509277e-02
9.511749446392059326e-02
1.918324083089828491e-01
1.827104389667510986e-01
7.930429279804229736e-02
2.071307748556137085e-01
2.071307748556137085e-01
2.071307748556137085e-01
2.043184936046600342e-01
1.382377296686172485e-01
1.213106811046600342e-01
1.240214109420776367e-01
1.873840689659118652e-01
1.190441846847534180e-01
2.027400881052017212e-01
1.846990287303924561e-01
1.477689296007156372e-01
1.950208544731140137e-01
1.821760237216949463e-01
1.060514375567436218e-01
1.159799769520759583e-01
1.865541487932205200e-01
1.724694967269897461e-01
1.040542051196098328e-01
1.205061748623847961e-01
2.136042565107345581e-01
1.719267964363098145e-01
1.822877079248428345e-01
1.592146307229995728e-01
2.149186283349990845e-01
1.908297389745712280e-01
1.426083892583847046e-01
1.217349246144294739e-01
1.785996705293655396e-01
1.770422756671905518e-01
2.170478552579879761e-01
1.578360348939895630e-01
1.101732030510902405e-01
1.842622309923171997e-01
1.883944123983383179e-01
1.392686516046524048e-01
1.269616186618804932e-01
9.074217081069946289e-02
1.821239888668060303e-01
2.170478552579879761e-01
2.148891389369964600e-01
2.170478552579879761e-01
2.170478552579879761e-01
1.787788122892379761e-01
8.236203342676162720e-02
1.024794131517410278e-01
9.018174558877944946e-02
1.694652587175369263e-01
1.716946661472320557e-01
1.338777989149093628e-01
1.863380223512649536e-01
2.231115102767944336e-01
1.462704837322235107e-01
1.820726096630096436e-01
1.631644368171691895e-01
1.908915489912033081e-01
9.961757808923721313e-02
1.397252678871154785e-01
1.290470063686370850e-01
2.231115102767944336e-01
2.093483358621597290e-01
1.405145674943923950e-01
1.848916709423065186e-01
1.328883916139602661e-01
1.613685339689254761e-01
1.553144603967666626e-01
2.231115102767944336e-01
1.820298433303833008e-01
2.231115102767944336e-01
2.231115102767944336e-01
9.217941761016845703e-02
7.860855758190155029e-02
1.320303678512573242e-01
1.105562001466751099e-01
1.305428743362426758e-01
1.861170381307601929e-01
1.685722917318344116e-01
2.231115102767944336e-01
2.231115102767944336e-01
1.134780272841453552e-01
1.100169718265533447e-01
1.422287970781326294e-01
8.010847121477127075e-02
1.015489548444747925e-01
7.112243026494979858e-02
1.095123514533042908e-01
2.071751654148101807e-01
1.859720647335052490e-01
1.505526453256607056e-01
2.135015577077865601e-01
1.119211688637733459e-01
1.062344834208488464e-01
1.937998533248901367e-01
1.015604287385940552e-01
1.642704606056213379e-01
1.363712251186370850e-01
2.135015577077865601e-01
1.871069967746734619e-01
1.868513077497482300e-01
1.690477877855300903e-01
2.036074548959732056e-01
1.701654642820358276e-01
1.220711916685104370e-01
1.424502432346343994e-01
2.135015577077865601e-01
2.135015577077865601e-01
1.404850482940673828e-01
1.511787772178649902e-01
1.148668006062507629e-01
6.438558548688888550e-02
2.135015577077865601e-01
1.292941868305206299e-01
1.450844556093215942e-01
2.012081891298294067e-01
2.135015577077865601e-01
1.876001060009002686e-01
1.858787983655929565e-01
1.481547504663467407e-01
2.135015577077865601e-01
1.498108059167861938e-01
1.055758818984031677e-01
1.351543813943862915e-01
9.173555672168731689e-02
1.213374733924865723e-01
1.648284643888473511e-01
1.180264875292778015e-01
1.836087703704833984e-01
1.897750347852706909e-01
2.154617458581924438e-01
1.027158200740814209e-01
1.811214089393615723e-01
9.673763811588287354e-02
9.464169293642044067e-02
1.871479898691177368e-01
1.750322878360748291e-01
2.138668298721313477e-01
2.187077403068542480e-01
1.499006003141403198e-01
7.976551353931427002e-02
1.627609580755233765e-01
1.847958117723464966e-01
2.187629491090774536e-01
1.376822739839553833e-01
1.251824051141738892e-01
1.485037952661514282e-01
2.187629491090774536e-01
1.810687035322189331e-01
4.991509765386581421e-02
2.187629491090774536e-01
2.187629491090774536e-01
1.814084649085998535e-01
1.129514649510383606e-01
2.187629491090774536e-01
1.744271814823150635e-01
2.187629491090774536e-01
