1.322512924671173096e-01
1.246660128235816956e-01
1.104909107089042664e-01
1.141474246978759766e-01
2.007411271333694458e-01
2.179825603961944580e-01
1.625095456838607788e-01
2.078584283590316772e-01
1.642059981822967529e-01
1.113959327340126038e-01
2.107056975364685059e-01
1.926719546318054199e-01
1.933498233556747437e-01
2.371827363967895508e-01
1.638512015342712402e-01
1.375979632139205933e-01
1.454503536224365234e-01
9.208644181489944458e-02
1.659764945507049561e-01
1.440638750791549683e-01
1.544309854507446289e-01
1.372793614864349365e-01
8.196528255939483643e-02
1.694924831390380859e-01
1.006115078926086426e-01
1.852266788482666016e-01
2.064159214496612549e-01
1.286339312791824341e-01
2.551703751087188721e-01
2.520528435707092285e-01
1.555205881595611572e-01
1.056951805949211121e-01
2.010544687509536743e-01
1.150911226868629456e-01
1.586152315139770508e-01
1.368908435106277466e-01
1.216760203242301941e-01
1.408735811710357666e-01
1.521599888801574707e-01
1.818342059850692749e-01
2.189446389675140381e-01
1.283073276281356812e-01
1.074340417981147766e-01
1.541670262813568115e-01
9.353657811880111694e-02
2.247069478034973145e-01
7.284151017665863037e-02
1.105749756097793579e-01
2.202957272529602051e-01
2.828453481197357178e-01
2.195562124252319336e-01
1.734772026538848877e-01
1.632620543241500854e-01
1.529473960399627686e-01
1.130720078945159912e-01
1.768636852502822876e-01
1.425826847553253174e-01
1.252363175153732300e-01
1.376207470893859863e-01
1.602069288492202759e-01
1.311675012111663818e-01
1.857726573944091797e-01
8.801054954528808594e-02
1.433623582124710083e-01
1.643749922513961792e-01
1.506838649511337280e-01
1.096080839633941650e-01
2.358744293451309204e-01
2.721911668777465820e-01
1.776058524847030640e-01
1.727980673313140869e-01
1.240042448043823242e-01
1.862232983112335205e-01
1.160209700465202332e-01
1.172618344426155090e-01
2.178935706615447998e-01
2.321316003799438477e-01
1.400804370641708374e-01
1.459268480539321899e-01
1.560289561748504639e-01
1.656873226165771484e-01
1.777282208204269409e-01
2.535867094993591309e-01
1.516831666231155396e-01
1.347590833902359009e-01
1.422313600778579712e-01
1.515745073556900024e-01
1.121052578091621399e-01
1.427651643753051758e-01
1.216033399105072021e-01
1.607643216848373413e-01
1.781733930110931396e-01
1.963469833135604858e-01
1.510105133056640625e-01
2.253283709287643433e-01
2.284917533397674561e-01
1.158580705523490906e-01
1.076972112059593201e-01
1.326384544372558594e-01
1.588562130928039551e-01
1.996929198503494263e-01
1.604916900396347046e-01
1.860505044460296631e-01
2.009643614292144775e-01
1.583953350782394409e-01
1.017730459570884705e-01
1.140029728412628174e-01
1.852962970733642578e-01
1.412652432918548584e-01
2.071739137172698975e-01
1.881548464298248291e-01
1.269379109144210815e-01
1.502373218536376953e-01
1.824091821908950806e-01
1.073282361030578613e-01
1.203140243887901306e-01
6.424318999052047729e-02
1.428353935480117798e-01
1.247424483299255371e-01
1.542736738920211792e-01
1.107839941978454590e-01
1.500073373317718506e-01
1.470996290445327759e-01
1.861092597246170044e-01
2.021040916442871094e-01
7.982110232114791870e-02
1.301483660936355591e-01
1.602729707956314087e-01
1.445300728082656860e-01
2.107532918453216553e-01
2.519518733024597168e-01
1.459704637527465820e-01
1.024678349494934082e-01
1.814858019351959229e-01
1.944244503974914551e-01
1.528239250183105469e-01
1.016566604375839233e-01
1.400202214717864990e-01
1.365759521722793579e-01
1.902354508638381958e-01
1.862636804580688477e-01
2.167620956897735596e-01
3.190573155879974365e-01
1.812487095594406128e-01
6.448345631361007690e-02
5.302848666906356812e-02
6.238291412591934204e-02
6.173104047775268555e-02
1.024495363235473633e-01
7.730778306722640991e-02
8.221320062875747681e-02
6.528279185295104980e-02
4.641903191804885864e-02
9.224465489387512207e-02
2.119137793779373169e-01
2.479820400476455688e-01
2.899328172206878662e-01
2.899328172206878662e-01
2.767525911331176758e-01
9.644100815057754517e-02
5.711203068494796753e-02
8.394157886505126953e-02
7.835831493139266968e-02
6.195894628763198853e-02
7.728048413991928101e-02
7.811614871025085449e-02
1.275529861450195312e-01
1.080783382058143616e-01
1.317219734191894531e-01
1.364609301090240479e-01
8.139359205961227417e-02
2.681728601455688477e-01
1.897138953208923340e-01
2.573035657405853271e-01
2.899328172206878662e-01
2.899328172206878662e-01
2.899328172206878662e-01
1.038843616843223572e-01
9.431590139865875244e-02
1.869835108518600464e-01
5.386793240904808044e-02
1.825734823942184448e-01
1.451556384563446045e-01
1.978968828916549683e-01
2.561900317668914795e-01
1.421254724264144897e-01
5.813188105821609497e-02
6.480793654918670654e-02
5.090921744704246521e-02
1.319905668497085571e-01
2.115459740161895752e-01
1.614480167627334595e-01
1.022688448429107666e-01
2.561900317668914795e-01
1.725484579801559448e-01
9.020161628723144531e-02
1.141974702477455139e-01
1.730359345674514771e-01
1.619088202714920044e-01
1.452744603157043457e-01
1.417949944734573364e-01
1.735335290431976318e-01
2.106203436851501465e-01
1.554713547229766846e-01
4.203834384679794312e-02
6.017144769430160522e-02
1.231843158602714539e-01
2.561900317668914795e-01
2.561900317668914795e-01
2.483506649732589722e-01
1.136327311396598816e-01
2.561900317668914795e-01
1.454944461584091187e-01
9.500923752784729004e-02
7.610650360584259033e-02
2.561900317668914795e-01
1.002496704459190369e-01
1.020535677671432495e-01
1.227692216634750366e-01
8.262940496206283569e-02
2.348418086767196655e-01
1.971537619829177856e-01
1.259693205356597900e-01
9.194602072238922119e-02
1.681079119443893433e-01
6.754239648580551147e-02
4.815357923507690430e-02
9.227761626243591309e-02
8.080083131790161133e-02
1.758164763450622559e-01
2.041673660278320312e-01
2.348418086767196655e-01
1.318169385194778442e-01
1.315251141786575317e-01
1.920110285282135010e-01
2.348418086767196655e-01
2.141994833946228027e-01
1.328449547290802002e-01
2.348418086767196655e-01
1.549078673124313354e-01
1.170848533511161804e-01
8.527024835348129272e-02
1.995653957128524780e-01
1.100537776947021484e-01
1.552861779928207397e-01
1.639368683099746704e-01
1.854188293218612671e-01
2.348418086767196655e-01
2.185461521148681641e-01
1.672086417675018311e-01
2.129193991422653198e-01
2.348418086767196655e-01
1.119107753038406372e-01
7.817127555608749390e-02
1.233775764703750610e-01
5.521777644753456116e-02
1.715945899486541748e-01
1.376548260450363159e-01
1.761603057384490967e-01
1.424384862184524536e-01
1.493030637502670288e-01
1.075514107942581177e-01
8.682718127965927124e-02
1.239709407091140747e-01
7.122267782688140869e-02
2.395636290311813354e-01
2.395636290311813354e-01
1.035253778100013733e-01
1.874122768640518188e-01
1.879098117351531982e-01
1.871222853660583496e-01
1.219809427857398987e-01
1.270696520805358887e-01
1.148522123694419861e-01
2.395636290311813354e-01
2.055026888847351074e-01
1.607686281204223633e-01
2.273335456848144531e-01
2.395636290311813354e-01
1.995512247085571289e-01
1.098211929202079773e-01
1.618634909391403198e-01
1.322951912879943848e-01
2.395636290311813354e-01
2.395636290311813354e-01
1.617443561553955078e-01
1.702807545661926270e-01
1.546628475189208984e-01
5.994044616818428040e-02
5.052948743104934692e-02
1.629826724529266357e-01
1.538142412900924683e-01
2.918950617313385010e-01
2.911770343780517578e-01
1.417095065116882324e-01
1.474262923002243042e-01
1.171761304140090942e-01
1.076087653636932373e-01
9.872572124004364014e-02
9.802675992250442505e-02
1.253920942544937134e-01
2.076159268617630005e-01
1.481392979621887207e-01
1.478058546781539917e-01
1.130398213863372803e-01
1.414044052362442017e-01
9.268992394208908081e-02
7.462498545646667480e-02
1.704489290714263916e-01
2.059897780418395996e-01
2.918950617313385010e-01
2.640165686607360840e-01
1.686900705099105835e-01
1.177917644381523132e-01
6.344553828239440918e-02
2.002855688333511353e-01
1.259900331497192383e-01
1.467324495315551758e-01
1.375564336776733398e-01
2.918950617313385010e-01
2.024929523468017578e-01
8.093927055597305298e-02
7.112772017717361450e-02
1.663972586393356323e-01
9.435998648405075073e-02
9.976895153522491455e-02
4.588187485933303833e-02
7.162494957447052002e-02
1.045420542359352112e-01
1.282804310321807861e-01
1.369047313928604126e-01
6.665722280740737915e-02
1.184470579028129578e-01
1.754495650529861450e-01
2.519918084144592285e-01
2.519918084144592285e-01
1.802820116281509399e-01
1.648081243038177490e-01
1.314195841550827026e-01
1.258757263422012329e-01
3.899191319942474365e-02
1.566363871097564697e-01
2.519918084144592285e-01
1.434030681848526001e-01
1.337936371564865112e-01
1.842931956052780151e-01
1.301223486661911011e-01
1.428473293781280518e-01
9.391813725233078003e-02
7.361280173063278198e-02
1.969812065362930298e-01
2.519918084144592285e-01
2.519918084144592285e-01
1.757502406835556030e-01
2.519918084144592285e-01
2.519918084144592285e-01
1.850292086601257324e-01
1.086980029940605164e-01
9.708409011363983154e-02
2.519918084144592285e-01
1.458262801170349121e-01
2.320295870304107666e-01
2.120495140552520752e-01
1.924228668212890625e-01
1.298076957464218140e-01
1.064329072833061218e-01
6.370181590318679810e-02
3.975222259759902954e-02
1.390910595655441284e-01
1.785955131053924561e-01
1.029708087444305420e-01
9.016559273004531860e-02
1.545804291963577271e-01
2.157841771841049194e-01
2.139014303684234619e-01
1.685703843832015991e-01
1.016752347350120544e-01
1.412141174077987671e-01
2.320295870304107666e-01
2.132080048322677612e-01
1.492155194282531738e-01
1.649223715066909790e-01
2.138969004154205322e-01
1.345435976982116699e-01
1.103431284427642822e-01
5.241046100854873657e-02
1.959973722696304321e-01
2.320295870304107666e-01
1.560995131731033325e-01
1.015125066041946411e-01
1.460913568735122681e-01
2.320295870304107666e-01
1.339317411184310913e-01
2.209295779466629028e-01
1.418526321649551392e-01
2.130182236433029175e-01
1.940024793148040771e-01
7.169535011053085327e-02
7.767008990049362183e-02
1.779534220695495605e-01
2.119867652654647827e-01
1.588154733180999756e-01
1.711531132459640503e-01
7.840000092983245850e-02
1.128582283854484558e-01
1.731911599636077881e-01
1.407721936702728271e-01
1.957054138183593750e-01
2.545309960842132568e-01
2.063812166452407837e-01
7.221426814794540405e-02
9.903644025325775146e-02
7.431162893772125244e-02
1.774500459432601929e-01
2.545309960842132568e-01
1.960327476263046265e-01
1.355884224176406860e-01
1.437259912490844727e-01
2.048045545816421509e-01
9.183682501316070557e-02
1.186959818005561829e-01
1.224952712655067444e-01
2.041092962026596069e-01
2.545309960842132568e-01
2.545309960842132568e-01
2.545309960842132568e-01
1.312995254993438721e-01
1.552201658487319946e-01
7.186672836542129517e-02
7.328012585639953613e-02
5.553554370999336243e-02
1.960007846355438232e-01
1.313212364912033081e-01
1.686294078826904297e-01
2.113664001226425171e-01
1.498789638280868530e-01
1.393511891365051270e-01
8.351383358240127563e-02
4.929664731025695801e-02
5.303765460848808289e-02
9.292023628950119019e-02
1.365506052970886230e-01
2.577840983867645264e-01
2.577840983867645264e-01
1.374710649251937866e-01
1.657080054283142090e-01
1.337969452142715454e-01
5.640322342514991760e-02
1.040831878781318665e-01
1.352511942386627197e-01
2.140295505523681641e-01
2.577840983867645264e-01
2.577840983867645264e-01
1.001517400145530701e-01
8.632861822843551636e-02
1.006857305765151978e-01
8.676374703645706177e-02
5.511646717786788940e-02
1.106656268239021301e-01
2.059177607297897339e-01
2.577840983867645264e-01
2.577840983867645264e-01
1.557852774858474731e-01
1.231876313686370850e-01
2.368357330560684204e-01
1.672458499670028687e-01
1.540571153163909912e-01
2.109972238540649414e-01
1.050571128726005554e-01
2.225612699985504150e-01
2.415726035833358765e-01
1.094822585582733154e-01
1.499156802892684937e-01
1.097328439354896545e-01
1.125662922859191895e-01
1.528779268264770508e-01
1.607802659273147583e-01
1.458926498889923096e-01
1.289298534393310547e-01
1.557361632585525513e-01
1.144804507493972778e-01
1.866256594657897949e-01
1.456240117549896240e-01
1.519525945186614990e-01
1.991980224847793579e-01
1.633112132549285889e-01
1.643790006637573242e-01
2.374378293752670288e-01
2.415726035833358765e-01
9.951145201921463013e-02
1.723027825355529785e-01
1.960765421390533447e-01
1.859487593173980713e-01
1.265268921852111816e-01
2.062912583351135254e-01
1.183544024825096130e-01
1.019735708832740784e-01
1.568766236305236816e-01
1.003877893090248108e-01
1.857707053422927856e-01
2.281847149133682251e-01
2.260979712009429932e-01
9.668875485658645630e-02
1.744826436042785645e-01
1.555490493774414062e-01
1.062856465578079224e-01
1.076272130012512207e-01
1.118040010333061218e-01
2.381397485733032227e-01
2.032200992107391357e-01
1.299082338809967041e-01
1.760411858558654785e-01
1.688580811023712158e-01
1.949399709701538086e-01
1.716116666793823242e-01
1.262317597866058350e-01
1.054505780339241028e-01
2.381397485733032227e-01
2.381397485733032227e-01
1.610966324806213379e-01
1.828827857971191406e-01
1.570579558610916138e-01
1.211751550436019897e-01
5.736706405878067017e-02
9.165082871913909912e-02
1.417649537324905396e-01
1.564455926418304443e-01
2.301575392484664917e-01
1.939021795988082886e-01
9.910221397876739502e-02
1.744046062231063843e-01
1.235200911760330200e-01
9.446346014738082886e-02
1.810020506381988525e-01
1.336601227521896362e-01
1.913798302412033081e-01
1.914806365966796875e-01
2.092932462692260742e-01
2.062445133924484253e-01
1.883300691843032837e-01
1.414104849100112915e-01
1.249898076057434082e-01
1.034664511680603027e-01
1.285156458616256714e-01
5.993419140577316284e-02
1.047456264495849609e-01
6.353292614221572876e-02
9.036904573440551758e-02
1.344273686408996582e-01
1.510809957981109619e-01
1.841219514608383179e-01
1.920627504587173462e-01
1.730976998805999756e-01
8.226504176855087280e-02
1.938348263502120972e-01
6.567543745040893555e-02
1.085037067532539368e-01
1.165230348706245422e-01
2.311878949403762817e-01
1.736297160387039185e-01
1.104299947619438171e-01
2.696189880371093750e-01
1.420686691999435425e-01
1.395959556102752686e-01
1.181888803839683533e-01
1.555259078741073608e-01
1.577841043472290039e-01
2.704377174377441406e-01
2.269331365823745728e-01
2.644729018211364746e-01
2.790727317333221436e-01
1.905940175056457520e-01
2.686773836612701416e-01
1.294002085924148560e-01
1.018564626574516296e-01
1.124681681394577026e-01
1.167783215641975403e-01
1.009204313158988953e-01
1.386478543281555176e-01
8.856567740440368652e-02
1.124813631176948547e-01
1.649438887834548950e-01
9.088575094938278198e-02
1.425298303365707397e-01
9.156771749258041382e-02
1.301538050174713135e-01
1.004844605922698975e-01
1.116988211870193481e-01
8.764263987541198730e-02
1.577521264553070068e-01
1.704193353652954102e-01
1.427769809961318970e-01
1.770882010459899902e-01
1.598886102437973022e-01
1.492533981800079346e-01
1.356359720230102539e-01
2.570353746414184570e-01
2.665143311023712158e-01
2.206235080957412720e-01
2.659089863300323486e-01
1.260034292936325073e-01
1.031161695718765259e-01
8.922237157821655273e-02
1.523514389991760254e-01
7.553657889366149902e-02
1.506943404674530029e-01
2.073880136013031006e-01
2.087411582469940186e-01
2.175459861755371094e-01
2.445544451475143433e-01
2.665143311023712158e-01
2.078489065170288086e-01
1.385147720575332642e-01
9.707193076610565186e-02
1.264496445655822754e-01
1.257200241088867188e-01
2.526374161243438721e-01
1.617951691150665283e-01
1.201372817158699036e-01
1.302701532840728760e-01
1.897329688072204590e-01
1.357442140579223633e-01
1.140743121504783630e-01
1.233290061354637146e-01
1.508239954710006714e-01
2.509988844394683838e-01
1.170558035373687744e-01
1.002795770764350891e-01
1.137441098690032959e-01
2.084351778030395508e-01
1.401770859956741333e-01
8.806233853101730347e-02
1.184554845094680786e-01
1.810000836849212646e-01
2.135234922170639038e-01
1.639750450849533081e-01
2.564103603363037109e-01
2.698984742164611816e-01
2.325233668088912964e-01
1.161255016922950745e-01
1.314744055271148682e-01
1.870117038488388062e-01
1.530248522758483887e-01
1.881913840770721436e-01
9.407339245080947876e-02
1.094492301344871521e-01
1.961837261915206909e-01
2.087167203426361084e-01
1.100080981850624084e-01
1.288003325462341309e-01
9.032923728227615356e-02
1.291540116071701050e-01
2.183232158422470093e-01
7.801803201436996460e-02
6.823623180389404297e-02
1.573360413312911987e-01
2.245234698057174683e-01
1.580211967229843140e-01
9.785027801990509033e-02
1.484183967113494873e-01
9.784369170665740967e-02
2.347137033939361572e-01
1.596298813819885254e-01
1.091169789433479309e-01
2.367266863584518433e-01
2.290091961622238159e-01
1.529233455657958984e-01
1.162769794464111328e-01
1.569311767816543579e-01
1.276447772979736328e-01
1.621340960264205933e-01
8.156434446573257446e-02
9.394392371177673340e-02
1.819247901439666748e-01
1.960556209087371826e-01
2.045871019363403320e-01
7.776774466037750244e-02
1.571268737316131592e-01
1.413634866476058960e-01
2.745515406131744385e-01
1.881716698408126831e-01
1.298540383577346802e-01
2.301699519157409668e-01
2.801177203655242920e-01
7.513935118913650513e-02
6.216234341263771057e-02
1.488582044839859009e-01
1.034967303276062012e-01
1.641151309013366699e-01
1.204032376408576965e-01
8.362026512622833252e-02
1.021580174565315247e-01
7.973575592041015625e-02
1.941797584295272827e-01
1.764320582151412964e-01
2.786040008068084717e-01
2.786040008068084717e-01
2.378700077533721924e-01
1.703663766384124756e-01
5.883187428116798401e-02
9.310919046401977539e-02
1.280971616506576538e-01
7.885702699422836304e-02
5.087361857295036316e-02
1.971150338649749756e-01
1.604726165533065796e-01
1.690183728933334351e-01
1.520487517118453979e-01
8.939009904861450195e-02
1.040472909808158875e-01
1.036428511142730713e-01
1.530416011810302734e-01
1.885400414466857910e-01
2.786040008068084717e-01
2.786040008068084717e-01
2.786040008068084717e-01
2.638819813728332520e-01
1.050033867359161377e-01
9.915359318256378174e-02
1.200856193900108337e-01
1.325572580099105835e-01
1.180942207574844360e-01
1.422670483589172363e-01
1.150610819458961487e-01
1.161138415336608887e-01
1.004087552428245544e-01
3.252306953072547913e-02
6.407823413610458374e-02
1.064574718475341797e-01
2.467742413282394409e-01
2.467742413282394409e-01
2.467742413282394409e-01
1.376856863498687744e-01
2.123343348503112793e-01
1.455770730972290039e-01
6.680575013160705566e-02
8.325602859258651733e-02
1.806429773569107056e-01
1.800576895475387573e-01
1.504743993282318115e-01
1.645018607378005981e-01
1.233425289392471313e-01
2.126287221908569336e-01
1.411820948123931885e-01
1.130624264478683472e-01
1.377860903739929199e-01
1.402689367532730103e-01
2.467742413282394409e-01
2.398838698863983154e-01
2.467742413282394409e-01
1.846311837434768677e-01
1.779341697692871094e-01
1.340095400810241699e-01
1.504931002855300903e-01
2.134818285703659058e-01
1.879541277885437012e-01
1.543644964694976807e-01
2.306164950132369995e-01
2.054275125265121460e-01
1.354064047336578369e-01
1.676658987998962402e-01
9.361267089843750000e-02
6.919521093368530273e-02
8.313193917274475098e-02
1.120366901159286499e-01
1.617739796638488770e-01
1.778251975774765015e-01
1.829493641853332520e-01
1.683732867240905762e-01
2.176913022994995117e-01
1.258400976657867432e-01
1.459233164787292480e-01
1.844605654478073120e-01
2.134823948144912720e-01
1.902136653661727905e-01
1.628055870532989502e-01
2.173924446105957031e-01
1.679710298776626587e-01
1.127647906541824341e-01
9.059198200702667236e-02
1.060247346758842468e-01
1.299966126680374146e-01
1.413545906543731689e-01
2.256005704402923584e-01
2.306164950132369995e-01
2.306164950132369995e-01
1.692270040512084961e-01
1.432199478149414062e-01
1.146466657519340515e-01
1.675312817096710205e-01
1.253778040409088135e-01
2.115202844142913818e-01
1.555177271366119385e-01
1.226274669170379639e-01
9.975663572549819946e-02
9.237304329872131348e-02
1.378520429134368896e-01
1.729513853788375854e-01
1.844836026430130005e-01
1.413658559322357178e-01
1.952808350324630737e-01
1.331669539213180542e-01
1.364300549030303955e-01
1.561553180217742920e-01
8.324164152145385742e-02
2.101078778505325317e-01
1.758437901735305786e-01
1.761523783206939697e-01
8.957482129335403442e-02
1.027637720108032227e-01
2.053644955158233643e-01
2.423214912414550781e-01
2.423214912414550781e-01
1.363755464553833008e-01
1.700829714536666870e-01
1.851536184549331665e-01
1.822949200868606567e-01
7.398357987403869629e-02
1.654620021581649780e-01
2.423214912414550781e-01
2.423214912414550781e-01
2.423214912414550781e-01
6.966038793325424194e-02
1.626787632703781128e-01
1.934202164411544800e-01
1.443853974342346191e-01
9.474308788776397705e-02
1.557119786739349365e-01
1.162247881293296814e-01
1.771095395088195801e-01
1.114409342408180237e-01
6.343732774257659912e-02
2.194323837757110596e-01
9.971125423908233643e-02
7.732024788856506348e-02
4.193055629730224609e-02
5.521355941891670227e-02
2.761116325855255127e-01
2.958440482616424561e-01
1.791672408580780029e-01
5.199096724390983582e-02
8.678978681564331055e-02
5.902353674173355103e-02
3.426124155521392822e-02
4.772696271538734436e-02
8.792449533939361572e-02
2.958440482616424561e-01
2.958440482616424561e-01
2.958440482616424561e-01
4.050520807504653931e-02
9.060364961624145508e-02
8.932633697986602783e-02
4.831336438655853271e-02
6.581643968820571899e-02
1.703476756811141968e-01
2.958440482616424561e-01
2.958440482616424561e-01
2.958440482616424561e-01
1.074539497494697571e-01
6.536346673965454102e-02
8.674662560224533081e-02
4.461373388767242432e-02
1.148409694433212280e-01
1.700133234262466431e-01
2.544218301773071289e-01
2.544218301773071289e-01
2.462329566478729248e-01
1.229915544390678406e-01
8.201057463884353638e-02
1.198381632566452026e-01
1.135939732193946838e-01
9.144577383995056152e-02
1.312362849712371826e-01
2.311029434204101562e-01
2.086663991212844849e-01
1.369581073522567749e-01
1.429357528686523438e-01
1.538750976324081421e-01
1.345612555742263794e-01
1.275971680879592896e-01
8.307677507400512695e-02
1.392631530761718750e-01
2.544218301773071289e-01
2.544218301773071289e-01
2.544218301773071289e-01
1.729169785976409912e-01
1.045732349157333374e-01
1.410263627767562866e-01
1.163724884390830994e-01
1.310892403125762939e-01
9.348186105489730835e-02
1.932692229747772217e-01
2.544218301773071289e-01
2.057151198387145996e-01
1.077755540609359741e-01
1.012162417173385620e-01
1.431659609079360962e-01
1.258966624736785889e-01
7.381092756986618042e-02
9.861584007740020752e-02
2.589136958122253418e-01
2.589136958122253418e-01
1.357136517763137817e-01
1.176116093993186951e-01
1.918271780014038086e-01
8.420822769403457642e-02
8.913053572177886963e-02
6.171839311718940735e-02
2.300384789705276489e-01
2.589136958122253418e-01
2.589136958122253418e-01
1.313207745552062988e-01
9.226361662149429321e-02
1.291178017854690552e-01
5.635930225253105164e-02
1.241961792111396790e-01
1.067510396242141724e-01
2.589136958122253418e-01
2.508369684219360352e-01
2.589136958122253418e-01
1.413526833057403564e-01
7.368517667055130005e-02
6.984409689903259277e-02
8.569209277629852295e-02
4.948856681585311890e-02
5.508467927575111389e-02
1.892350167036056519e-01
2.589136958122253418e-01
2.589136958122253418e-01
2.355521619319915771e-01
8.989731967449188232e-02
8.391688764095306396e-02
4.933714866638183594e-02
3.945490717887878418e-02
3.359842300415039062e-02
1.741078346967697144e-01
2.588643133640289307e-01
2.348401844501495361e-01
1.368506103754043579e-01
6.548971682786941528e-02
5.771255865693092346e-02
3.434778749942779541e-02
5.287973955273628235e-02
7.855266332626342773e-02
1.963788866996765137e-01
2.479192167520523071e-01
2.588643133640289307e-01
2.588643133640289307e-01
1.013806089758872986e-01
5.198543518781661987e-02
6.039149686694145203e-02
6.910587847232818604e-02
6.831704825162887573e-02
1.656557470560073853e-01
2.588643133640289307e-01
2.588643133640289307e-01
2.506016790866851807e-01
4.789770767092704773e-02
5.374732241034507751e-02
3.708066046237945557e-02
5.701150000095367432e-02
3.691860660910606384e-02
1.752104759216308594e-01
2.588643133640289307e-01
2.588643133640289307e-01
2.588643133640289307e-01
9.615071862936019897e-02
8.087436109781265259e-02
6.146297603845596313e-02
1.456020474433898926e-01
1.454662829637527466e-01
2.225919067859649658e-01
1.798499226570129395e-01
2.365129739046096802e-01
2.365129739046096802e-01
1.267295330762863159e-01
7.148144394159317017e-02
9.997843205928802490e-02
1.010610312223434448e-01
9.286757558584213257e-02
1.134648919105529785e-01
2.365129739046096802e-01
2.242239415645599365e-01
1.817511022090911865e-01
1.252518296241760254e-01
1.285972744226455688e-01
2.162508368492126465e-01
1.940035670995712280e-01
1.712435632944107056e-01
1.728720515966415405e-01
2.175279855728149414e-01
2.365129739046096802e-01
2.365129739046096802e-01
1.656676232814788818e-01
7.669303566217422485e-02
6.123222783207893372e-02
1.140730753540992737e-01
1.519249379634857178e-01
1.006560698151588440e-01
2.239936739206314087e-01
2.173441201448440552e-01
1.788606345653533936e-01
2.115868330001831055e-01
1.336513310670852661e-01
8.316732943058013916e-02
8.228036761283874512e-02
1.258409321308135986e-01
1.067551821470260620e-01
2.435750216245651245e-01
1.965619772672653198e-01
1.253351867198944092e-01
9.928182512521743774e-02
1.827250421047210693e-01
2.259181290864944458e-01
1.996633857488632202e-01
1.363136619329452515e-01
2.049949765205383301e-01
1.790620535612106323e-01
1.015164926648139954e-01
1.064277887344360352e-01
9.650984406471252441e-02
1.927857995033264160e-01
1.959753632545471191e-01
1.888771951198577881e-01
9.729310870170593262e-02
1.830305606126785278e-01
2.240939885377883911e-01
1.929742991924285889e-01
1.166200339794158936e-01
1.652789711952209473e-01
1.868550479412078857e-01
1.019909307360649109e-01
8.349629491567611694e-02
1.318566799163818359e-01
1.571332365274429321e-01
1.977888494729995728e-01
1.691980510950088501e-01
1.051928848028182983e-01
2.082339525222778320e-01
2.410240322351455688e-01
1.525035649538040161e-01
1.135401204228401184e-01
1.356281936168670654e-01
1.198423728346824646e-01
1.499232798814773560e-01
5.380509048700332642e-02
9.615762531757354736e-02
8.021438866853713989e-02
1.246411427855491638e-01
1.486398130655288696e-01
1.745245456695556641e-01
8.752237260341644287e-02
1.476633995771408081e-01
1.688821911811828613e-01
1.288035362958908081e-01
2.181553840637207031e-01
1.181027740240097046e-01
1.106930524110794067e-01
1.448645144701004028e-01
2.348410934209823608e-01
1.570369601249694824e-01
1.997566670179367065e-01
1.490709483623504639e-01
1.316064596176147461e-01
1.633103787899017334e-01
1.929173320531845093e-01
1.946363449096679688e-01
1.764315962791442871e-01
1.366251558065414429e-01
1.094434857368469238e-01
1.388979852199554443e-01
1.688110232353210449e-01
1.903616040945053101e-01
2.430292367935180664e-01
2.430292367935180664e-01
1.368943899869918823e-01
2.088407427072525024e-01
2.048365324735641479e-01
1.759487539529800415e-01
2.425948530435562134e-01
1.233207359910011292e-01
8.564546704292297363e-02
7.948170602321624756e-02
2.148497849702835083e-01
1.484998613595962524e-01
2.026786506175994873e-01
1.542237699031829834e-01
1.889100670814514160e-01
1.524754613637924194e-01
1.476373672485351562e-01
1.733261346817016602e-01
1.868593394756317139e-01
2.600345611572265625e-01
2.085496783256530762e-01
1.965160667896270752e-01
1.204330697655677795e-01
1.127232611179351807e-01
1.098976656794548035e-01
7.717092335224151611e-02
1.142184138298034668e-01
1.149855181574821472e-01
2.121024727821350098e-01
1.560056358575820923e-01
2.500175833702087402e-01
2.468826025724411011e-01
1.301847249269485474e-01
1.232405751943588257e-01
7.981244474649429321e-02
1.258525848388671875e-01
1.442572325468063354e-01
1.838735342025756836e-01
2.441063672304153442e-01
1.866711974143981934e-01
1.978981047868728638e-01
1.215156242251396179e-01
1.357190012931823730e-01
1.554824411869049072e-01
1.920889914035797119e-01
2.592159509658813477e-01
2.543613016605377197e-01
2.374553829431533813e-01
2.005099654197692871e-01
1.187712848186492920e-01
4.354346543550491333e-02
9.756118804216384888e-02
1.877642124891281128e-01
1.048613786697387695e-01
1.951205134391784668e-01
1.767240911722183228e-01
2.202897965908050537e-01
1.591696590185165405e-01
1.985964179039001465e-01
1.556959301233291626e-01
1.720035970211029053e-01
1.353904604911804199e-01
1.563950031995773315e-01
1.910690367221832275e-01
1.133814081549644470e-01
2.114100605249404907e-01
1.426569819450378418e-01
1.086764112114906311e-01
4.796541109681129456e-02
1.449631601572036743e-01
1.389873474836349487e-01
1.435227096080780029e-01
2.437347173690795898e-01
1.181610971689224243e-01
2.291343212127685547e-01
7.739003747701644897e-02
1.142570972442626953e-01
5.493138357996940613e-02
1.392597854137420654e-01
1.198705658316612244e-01
1.159357503056526184e-01
1.401926130056381226e-01
1.409846544265747070e-01
1.658473312854766846e-01
1.581131517887115479e-01
2.201702743768692017e-01
2.264964878559112549e-01
1.280007660388946533e-01
7.279903441667556763e-02
1.328089535236358643e-01
1.942095756530761719e-01
1.438551992177963257e-01
8.383525162935256958e-02
7.515506446361541748e-02
9.601832181215286255e-02
1.887819021940231323e-01
1.275929659605026245e-01
6.661280244588851929e-02
1.493788808584213257e-01
2.259234488010406494e-01
1.223852857947349548e-01
2.326244413852691650e-01
1.006424799561500549e-01
1.124852746725082397e-01
1.344813555479049683e-01
7.935763895511627197e-02
2.389610558748245239e-01
1.602287292480468750e-01
2.946512401103973389e-01
2.755551636219024658e-01
1.382555663585662842e-01
1.041934490203857422e-01
1.532501131296157837e-01
1.613527983427047729e-01
2.946512401103973389e-01
8.709070831537246704e-02
6.974310427904129028e-02
1.226983368396759033e-01
1.037293821573257446e-01
7.441193610429763794e-02
3.920582309365272522e-02
5.450233817100524902e-02
9.218079596757888794e-02
9.233465045690536499e-02
1.004007384181022644e-01
6.312736123800277710e-02
1.131613850593566895e-01
1.389057338237762451e-01
1.301169544458389282e-01
9.246805310249328613e-02
7.638635486364364624e-02
1.005605682730674744e-01
1.097681447863578796e-01
2.993403971195220947e-01
1.068161725997924805e-01
2.360704243183135986e-01
2.147272676229476929e-01
9.182739257812500000e-02
6.097763776779174805e-02
1.930359303951263428e-01
2.178597748279571533e-01
2.993403971195220947e-01
2.993403971195220947e-01
2.118420451879501343e-01
1.784461140632629395e-01
1.452839821577072144e-01
1.277014315128326416e-01
7.889359444379806519e-02
2.313637584447860718e-01
2.993403971195220947e-01
2.993403971195220947e-01
4.963672161102294922e-02
5.281671509146690369e-02
1.024390310049057007e-01
1.079647690057754517e-01
8.785935491323471069e-02
9.379521012306213379e-02
5.626663193106651306e-02
4.940186813473701477e-02
5.761680006980895996e-02
1.322469711303710938e-01
1.164095327258110046e-01
1.910946369171142578e-01
2.279065996408462524e-01
2.125135511159896851e-01
2.447661459445953369e-01
1.901525855064392090e-01
9.472720324993133545e-02
2.207244634628295898e-01
1.692655831575393677e-01
2.438838630914688110e-01
1.657202392816543579e-01
7.833135128021240234e-02
1.006340533494949341e-01
8.419082313776016235e-02
7.566346973180770874e-02
8.401100337505340576e-02
1.453009396791458130e-01
2.838528156280517578e-01
2.838528156280517578e-01
2.732296586036682129e-01
1.374251395463943481e-01
1.877672225236892700e-01
1.924742609262466431e-01
1.928937882184982300e-01
9.103313833475112915e-02
2.838528156280517578e-01
1.332005411386489868e-01
7.814665883779525757e-02
7.579736411571502686e-02
1.015951260924339294e-01
1.553850471973419189e-01
1.198602616786956787e-01
1.868352293968200684e-01
1.511128544807434082e-01
1.953127235174179077e-01
2.258644551038742065e-01
1.395674496889114380e-01
1.194327026605606079e-01
9.195060282945632935e-02
1.387119740247726440e-01
6.527413427829742432e-02
2.126674950122833252e-01
2.018516510725021362e-01
2.264930456876754761e-01
2.460926622152328491e-01
2.460926622152328491e-01
1.180438995361328125e-01
7.523074001073837280e-02
8.568601310253143311e-02
7.445383816957473755e-02
1.733763962984085083e-01
1.468481272459030151e-01
2.460926622152328491e-01
2.460926622152328491e-01
2.460926622152328491e-01
9.526304900646209717e-02
7.339123636484146118e-02
7.192163169384002686e-02
4.558404907584190369e-02
2.220759242773056030e-01
2.252468913793563843e-01
2.460926622152328491e-01
1.691748946905136108e-01
1.718831956386566162e-01
1.779310107231140137e-01
1.343106180429458618e-01
8.743120729923248291e-02
7.174002379179000854e-02
1.446532905101776123e-01
1.368102580308914185e-01
1.380949616432189941e-01
2.336753904819488525e-01
2.807883322238922119e-01
2.807883322238922119e-01
1.460792869329452515e-01
1.118949651718139648e-01
9.586524218320846558e-02
1.041179597377777100e-01
9.290477633476257324e-02
1.059132814407348633e-01
2.036489546298980713e-01
2.807883322238922119e-01
2.807883322238922119e-01
1.214497834444046021e-01
5.408011376857757568e-02
4.763711988925933838e-02
1.054377704858779907e-01
1.065926775336265564e-01
1.350176632404327393e-01
2.602381110191345215e-01
2.807883322238922119e-01
2.807883322238922119e-01
1.139960885047912598e-01
7.592236250638961792e-02
9.620758891105651855e-02
5.192553624510765076e-02
1.127178221940994263e-01
5.627014115452766418e-02
1.798099130392074585e-01
3.042148351669311523e-01
2.806989252567291260e-01
8.930020034313201904e-02
1.152640730142593384e-01
5.842970311641693115e-02
3.659651800990104675e-02
3.652958571910858154e-02
5.983412265777587891e-02
1.901268661022186279e-01
3.042148351669311523e-01
3.042148351669311523e-01
8.884681761264801025e-02
8.600006997585296631e-02
4.157920181751251221e-02
1.739167794585227966e-02
3.277030587196350098e-02
8.129628747701644897e-02
2.130183875560760498e-01
2.639022171497344971e-01
2.926519513130187988e-01
8.543625473976135254e-02
4.390994459390640259e-02
4.804864153265953064e-02
5.207500234246253967e-02
1.032448112964630127e-01
5.903789028525352478e-02
1.601611077785491943e-01
3.042148351669311523e-01
3.042148351669311523e-01
2.623211145401000977e-01
3.562801703810691833e-02
1.076752319931983948e-02
2.190186455845832825e-02
4.237520694732666016e-02
6.195979937911033630e-02
1.640424579381942749e-01
3.180319964885711670e-01
3.180319964885711670e-01
6.412516534328460693e-02
2.252559922635555267e-02
6.424780935049057007e-02
1.097833272069692612e-02
2.040467038750648499e-02
1.173251047730445862e-01
1.693201214075088501e-01
3.180319964885711670e-01
3.180319964885711670e-01
9.304168820381164551e-02
5.379588901996612549e-02
1.222128197550773621e-01
3.818610683083534241e-02
6.359823048114776611e-02
1.116786226630210876e-01
8.517705649137496948e-02
3.180319964885711670e-01
3.180319964885711670e-01
1.487295329570770264e-01
1.342425681650638580e-02
2.843158319592475891e-02
5.946852266788482666e-03
1.752572134137153625e-02
5.395309254527091980e-02
1.249134391546249390e-01
3.180319964885711670e-01
3.180319964885711670e-01
7.275283336639404297e-02
3.692038357257843018e-02
6.002881005406379700e-02
2.399265021085739136e-02
3.385441750288009644e-02
5.809338390827178955e-02
2.090542018413543701e-01
2.606309652328491211e-01
2.606309652328491211e-01
1.790799051523208618e-01
1.389989256858825684e-01
1.334994435310363770e-01
9.011945128440856934e-02
1.406486183404922485e-01
8.335898071527481079e-02
2.191033512353897095e-01
2.606309652328491211e-01
1.663946062326431274e-01
1.246540248394012451e-01
1.068033948540687561e-01
9.540413320064544678e-02
8.056569099426269531e-02
9.286734461784362793e-02
1.296408921480178833e-01
1.950079649686813354e-01
2.606309652328491211e-01
2.483061105012893677e-01
2.143859714269638062e-01
1.140744760632514954e-01
5.915446951985359192e-02
5.815787240862846375e-02
7.110749185085296631e-02
7.313692569732666016e-02
1.592293381690979004e-01
2.606309652328491211e-01
1.994018703699111938e-01
2.606309652328491211e-01
1.930987387895584106e-01
4.860825464129447937e-02
5.601400136947631836e-02
6.582381576299667358e-02
1.010581552982330322e-01
2.165068835020065308e-01
2.288291156291961670e-01
1.673737913370132446e-01
8.799148350954055786e-02
5.891298502683639526e-02
6.746751070022583008e-02
3.656876459717750549e-02
4.287687689065933228e-02
1.109676137566566467e-01
2.230509221553802490e-01
2.837989330291748047e-01
2.837989330291748047e-01
1.593414247035980225e-01
7.931411266326904297e-02
3.963720425963401794e-02
3.264544531702995300e-02
5.362046137452125549e-02
7.195863872766494751e-02
1.864595413208007812e-01
2.837989330291748047e-01
2.837989330291748047e-01
2.523501515388488770e-01
1.346700638532638550e-01
5.917640775442123413e-02
4.706159979104995728e-02
4.379785433411598206e-02
7.358356565237045288e-02
1.772941350936889648e-01
2.837989330291748047e-01
2.837989330291748047e-01
2.469371855258941650e-01
1.066202372312545776e-01
7.667027413845062256e-02
9.450268000364303589e-02
9.658091515302658081e-02
7.573059946298599243e-02
1.988653689622879028e-01
2.545595467090606689e-01
2.545595467090606689e-01
9.781628847122192383e-02
6.230956688523292542e-02
5.284295603632926941e-02
9.570063650608062744e-02
6.273958832025527954e-02
1.148220747709274292e-01
1.984424144029617310e-01
2.545595467090606689e-01
2.545595467090606689e-01
8.425863087177276611e-02
1.355651021003723145e-01
8.472587168216705322e-02
1.874640136957168579e-01
1.282756626605987549e-01
1.947794854640960693e-01
1.269547194242477417e-01
2.545595467090606689e-01
1.974620372056961060e-01
2.315569072961807251e-01
1.250711679458618164e-01
1.028661206364631653e-01
1.229656711220741272e-01
1.312322616577148438e-01
7.790201157331466675e-02
1.492949426174163818e-01
1.448262035846710205e-01
1.552198082208633423e-01
2.448057532310485840e-01
1.787566244602203369e-01
1.462896764278411865e-01
1.531780958175659180e-01
1.448953300714492798e-01
1.770592331886291504e-01
1.774230301380157471e-01
1.983409523963928223e-01
1.643241494894027710e-01
1.019283980131149292e-01
1.357232630252838135e-01
9.942686557769775391e-02
1.525450646877288818e-01
2.050542831420898438e-01
1.343654096126556396e-01
2.210581004619598389e-01
1.348674148321151733e-01
1.097012311220169067e-01
1.395216137170791626e-01
1.629388928413391113e-01
1.538035422563552856e-01
1.085435599088668823e-01
2.161557823419570923e-01
1.391225904226303101e-01
1.860252320766448975e-01
1.308010518550872803e-01
1.269950270652770996e-01
1.168162301182746887e-01
1.575972586870193481e-01
1.272023767232894897e-01
1.527297496795654297e-01
1.845585107803344727e-01
1.952824890613555908e-01
2.490367442369461060e-01
2.490367442369461060e-01
2.490367442369461060e-01
9.201702475547790527e-02
1.383316367864608765e-01
1.290721893310546875e-01
1.641064435243606567e-01
2.259452491998672485e-01
1.570695340633392334e-01
1.826803982257843018e-01
8.724161237478256226e-02
1.393388956785202026e-01
1.079433560371398926e-01
1.204558387398719788e-01
1.150880381464958191e-01
6.104436516761779785e-02
1.039062663912773132e-01
1.193038448691368103e-01
2.503779232501983643e-01
1.349824965000152588e-01
1.741536259651184082e-01
2.200121879577636719e-01
1.371976733207702637e-01
2.430225014686584473e-01
9.136844426393508911e-02
1.191177070140838623e-01
1.085970476269721985e-01
2.503779232501983643e-01
2.503779232501983643e-01
2.503779232501983643e-01
1.202987357974052429e-01
8.560770750045776367e-02
9.096644073724746704e-02
7.250101119279861450e-02
1.073712632060050964e-01
1.481115669012069702e-01
2.503779232501983643e-01
2.268846035003662109e-01
2.382087111473083496e-01
1.970149278640747070e-01
8.745269477367401123e-02
2.503779232501983643e-01
1.207254379987716675e-01
1.480788141489028931e-01
1.537874490022659302e-01
1.647499054670333862e-01
1.713468283414840698e-01
1.760285645723342896e-01
1.942494958639144897e-01
1.086175665259361267e-01
1.839382350444793701e-01
8.993219584226608276e-02
9.304632246494293213e-02
1.040578857064247131e-01
1.201648861169815063e-01
1.632466614246368408e-01
2.163450270891189575e-01
2.305868864059448242e-01
1.204393282532691956e-01
1.252414435148239136e-01
9.537864476442337036e-02
1.783123612403869629e-01
1.641607582569122314e-01
1.836071312427520752e-01
1.914167404174804688e-01
2.037883847951889038e-01
1.502552181482315063e-01
7.967706024646759033e-02
2.305868864059448242e-01
1.481196880340576172e-01
1.200718730688095093e-01
1.094770655035972595e-01
1.456693857908248901e-01
1.689048707485198975e-01
2.190076112747192383e-01
1.885598152875900269e-01
1.405174881219863892e-01
1.969141960144042969e-01
2.305868864059448242e-01
2.264715433120727539e-01
1.469914615154266357e-01
1.062522232532501221e-01
1.820342242717742920e-01
1.219988539814949036e-01
1.649996042251586914e-01
1.261406838893890381e-01
1.511669903993606567e-01
1.758241802453994751e-01
1.001148298382759094e-01
8.107022941112518311e-02
9.779430925846099854e-02
1.053080037236213684e-01
9.470474720001220703e-02
1.310274451971054077e-01
1.845935881137847900e-01
1.675746291875839233e-01
1.890792995691299438e-01
1.142363697290420532e-01
1.082162708044052124e-01
1.928889453411102295e-01
2.642404735088348389e-01
1.282136887311935425e-01
1.928591579198837280e-01
2.011518180370330811e-01
1.598509699106216431e-01
1.880554854869842529e-01
2.124784737825393677e-01
1.180305331945419312e-01
2.225074172019958496e-01
1.981904208660125732e-01
1.212578266859054565e-01
2.029336839914321899e-01
1.890792548656463623e-01
1.472031176090240479e-01
2.410330772399902344e-01
2.337344437837600708e-01
1.383864581584930420e-01
6.987567245960235596e-02
4.445192962884902954e-02
5.139667913317680359e-02
6.539884209632873535e-02
1.131849735975265503e-01
9.121797233819961548e-02
8.467555791139602661e-02
4.756708443164825439e-02
8.398816734552383423e-02
1.261441111564636230e-01
1.167467013001441956e-01
2.023229449987411499e-01
1.146907731890678406e-01
1.494682431221008301e-01
5.191588401794433594e-02
5.717913806438446045e-02
4.704185202717781067e-02
1.536488980054855347e-01
1.230787858366966248e-01
1.176270544528961182e-01
2.701062858104705811e-01
2.009883522987365723e-01
1.395804286003112793e-01
9.335804730653762817e-02
8.546946942806243896e-02
9.258250147104263306e-02
8.384746313095092773e-02
1.928258538246154785e-01
2.806359827518463135e-01
3.876272439956665039e-01
3.876272439956665039e-01
2.755215764045715332e-01
1.420731693506240845e-01
7.161240279674530029e-02
6.637465953826904297e-02
3.024114072322845459e-01
9.755123406648635864e-02
1.170631200075149536e-01
1.088451519608497620e-01
3.702503070235252380e-02
5.054817721247673035e-02
1.679785922169685364e-02
1.968673244118690491e-02
3.190262988209724426e-02
1.237036287784576416e-01
1.716287136077880859e-01
2.087812870740890503e-01
2.435853481292724609e-01
1.462749242782592773e-01
5.549817532300949097e-02
2.695833891630172729e-02
7.204128056764602661e-02
4.704158753156661987e-02
1.980215758085250854e-01
2.040175199508666992e-01
2.674667537212371826e-01
2.674667537212371826e-01
2.674667537212371826e-01
1.533968150615692139e-01
7.025399804115295410e-02
7.440432161092758179e-02
7.070980966091156006e-02
2.674667537212371826e-01
2.674667537212371826e-01
2.674667537212371826e-01
2.674667537212371826e-01
1.839797794818878174e-01
1.214248612523078918e-01
5.927617102861404419e-02
1.321375966072082520e-01
1.210203021764755249e-01
2.674667537212371826e-01
2.155011147260665894e-01
9.485913813114166260e-02
2.080949842929840088e-01
1.599040925502777100e-01
4.814159125089645386e-02
2.688838541507720947e-02
1.672619730234146118e-01
1.530612856149673462e-01
2.458072155714035034e-01
2.458072155714035034e-01
1.209132298827171326e-01
9.534497559070587158e-02
5.560796707868576050e-02
5.828735977411270142e-02
3.095961734652519226e-02
2.458072155714035034e-01
2.458072155714035034e-01
2.458072155714035034e-01
1.721154004335403442e-01
2.144821137189865112e-01
2.458072155714035034e-01
1.854359209537506104e-01
6.011192500591278076e-02
4.346722364425659180e-02
1.468503326177597046e-01
1.292948275804519653e-01
1.464768499135971069e-01
2.133668363094329834e-01
1.136489212512969971e-01
1.084395200014114380e-01
1.050221696496009827e-01
1.413493454456329346e-01
9.086295217275619507e-02
2.458072155714035034e-01
2.458072155714035034e-01
1.397822946310043335e-01
2.443194240331649780e-01
2.587542235851287842e-01
1.749169826507568359e-01
2.693252079188823700e-02
5.106697604060173035e-02
3.269731625914573669e-02
2.229152768850326538e-01
1.865153759717941284e-01
1.454281061887741089e-01
2.587542235851287842e-01
2.587542235851287842e-01
2.222808301448822021e-01
4.275776445865631104e-02
5.558155849575996399e-02
3.246745467185974121e-02
3.841532021760940552e-02
5.362477526068687439e-02
1.883998215198516846e-01
2.587542235851287842e-01
2.535242140293121338e-01
1.168051660060882568e-01
5.938190594315528870e-02
1.207342892885208130e-01
1.127649843692779541e-01
2.587542235851287842e-01
2.231310606002807617e-01
1.467968672513961792e-01
2.212492525577545166e-01
2.587542235851287842e-01
1.608285307884216309e-01
8.977323770523071289e-02
5.555786564946174622e-02
5.432147532701492310e-02
3.538214415311813354e-02
6.972176581621170044e-02
1.582599282264709473e-01
2.900697290897369385e-01
2.900697290897369385e-01
2.240235209465026855e-01
4.633776471018791199e-02
1.014238744974136353e-01
5.827784538269042969e-02
8.539512008428573608e-02
1.317561715841293335e-01
2.538940906524658203e-01
2.900697290897369385e-01
2.900697290897369385e-01
1.625434905290603638e-01
6.960830092430114746e-02
9.315051138401031494e-02
1.046558693051338196e-01
1.744395792484283447e-01
2.063960283994674683e-01
2.640338540077209473e-01
1.252302974462509155e-01
2.036063969135284424e-01
1.597245186567306519e-01
1.063377484679222107e-01
1.371520012617111206e-01
9.284841269254684448e-02
7.994762063026428223e-02
1.018146947026252747e-01
1.085171401500701904e-01
1.206294894218444824e-01
1.765484660863876343e-01
1.362304687500000000e-01
1.098444238305091858e-01
1.823007762432098389e-01
1.514798998832702637e-01
1.330412775278091431e-01
7.443400472402572632e-02
7.798715680837631226e-02
2.602174878120422363e-01
2.996172606945037842e-01
2.996172606945037842e-01
1.327803283929824829e-01
4.414434731006622314e-02
6.414438039064407349e-02
8.996135741472244263e-02
9.663913398981094360e-02
1.003122925758361816e-01
2.252114564180374146e-01
2.996172606945037842e-01
2.996172606945037842e-01
2.187513858079910278e-01
6.325785070657730103e-02
8.798488229513168335e-02
7.479743659496307373e-02
1.358198374509811401e-01
7.777062803506851196e-02
1.477450430393218994e-01
2.527682781219482422e-01
1.574305742979049683e-01
1.220746412873268127e-01
1.300534009933471680e-01
9.857194125652313232e-02
7.337281852960586548e-02
4.547589272260665894e-02
6.032823398709297180e-02
1.367646902799606323e-01
2.996172606945037842e-01
1.754748821258544922e-01
1.956472545862197876e-01
1.290319114923477173e-01
7.499369233846664429e-02
7.181575149297714233e-02
5.274320393800735474e-02
8.792965859174728394e-02
2.075623422861099243e-01
2.779096961021423340e-01
2.835176587104797363e-01
1.632838100194931030e-01
4.534445703029632568e-02
9.665746241807937622e-02
1.155270338058471680e-01
2.281277924776077271e-01
1.505054980516433716e-01
2.451827675104141235e-01
2.835176587104797363e-01
2.835176587104797363e-01
2.835176587104797363e-01
3.720989450812339783e-02
4.659567028284072876e-02
8.035512268543243408e-02
1.658662706613540649e-01
1.836051791906356812e-01
6.743152439594268799e-02
1.692732870578765869e-01
9.052554517984390259e-02
1.326512992382049561e-01
1.280646473169326782e-01
1.074999719858169556e-01
9.013351052999496460e-02
9.363027662038803101e-02
1.388540714979171753e-01
1.220359951257705688e-01
1.141595318913459778e-01
6.414236873388290405e-02
8.977000415325164795e-02
1.192519962787628174e-01
1.838777214288711548e-01
1.402901262044906616e-01
1.542346030473709106e-01
2.077297270298004150e-01
2.355002313852310181e-01
2.935646176338195801e-01
2.935646176338195801e-01
2.158355414867401123e-01
1.698939502239227295e-02
1.475604623556137085e-02
3.926043584942817688e-02
1.045106276869773865e-01
1.359899044036865234e-01
2.935646176338195801e-01
2.935646176338195801e-01
2.480255365371704102e-01
1.123171448707580566e-01
3.168895840644836426e-02
9.906562976539134979e-03
2.776899561285972595e-02
9.365095943212509155e-02
1.874805241823196411e-01
1.961053013801574707e-01
1.614318192005157471e-01
1.002283617854118347e-01
8.812436461448669434e-02
6.754419952630996704e-02
9.328705072402954102e-02
9.621035307645797729e-02
1.413897871971130371e-01
1.510492861270904541e-01
2.935646176338195801e-01
2.406491488218307495e-01
1.889140307903289795e-01
1.021173521876335144e-01
7.441598922014236450e-02
4.882597178220748901e-02
6.300310045480728149e-02
1.242027431726455688e-01
1.836543679237365723e-01
2.562040388584136963e-01
2.313976734876632690e-01
1.957825273275375366e-01
2.038028836250305176e-01
7.105137407779693604e-02
1.401604246348142624e-02
1.485229935497045517e-02
4.386734589934349060e-02
1.155222877860069275e-01
1.521749049425125122e-01
1.850078254938125610e-01
2.521807253360748291e-01
2.715995013713836670e-01
1.725355833768844604e-01
5.768084898591041565e-02
3.478464111685752869e-02
4.023006930947303772e-02
6.112124770879745483e-02
2.297365069389343262e-01
1.249091923236846924e-01
2.715995013713836670e-01
2.120355516672134399e-01
1.286278516054153442e-01
6.842149794101715088e-02
5.102230980992317200e-02
7.857680320739746094e-02
1.416082531213760376e-01
2.576556503772735596e-01
2.264615893363952637e-01
2.715995013713836670e-01
2.715995013713836670e-01
1.457614600658416748e-01
5.764621123671531677e-02
4.954691603779792786e-02
5.078808963298797607e-02
1.054580658674240112e-01
1.598172783851623535e-01
2.364904880523681641e-01
1.991794109344482422e-01
2.496445477008819580e-01
1.431337743997573853e-01
1.063684374094009399e-01
7.953946292400360107e-02
5.537344515323638916e-02
6.283257156610488892e-02
2.059884667396545410e-01
2.608431279659271240e-01
1.555653363466262817e-01
1.827013194561004639e-01
1.206086352467536926e-01
1.686899513006210327e-01
1.590762734413146973e-01
1.099326163530349731e-01
1.187546774744987488e-01
2.608431279659271240e-01
2.608431279659271240e-01
2.033626735210418701e-01
1.546483933925628662e-01
6.292469054460525513e-02
5.501502752304077148e-02
8.757162839174270630e-02
6.396986544132232666e-02
1.382730752229690552e-01
2.608431279659271240e-01
2.608431279659271240e-01
6.992479413747787476e-02
6.209824979305267334e-02
6.122007593512535095e-02
1.217336058616638184e-01
1.866992264986038208e-01
1.683374792337417603e-01
2.010923027992248535e-01
2.028514295816421509e-01
1.869267523288726807e-01
8.581346273422241211e-02
2.043806016445159912e-01
1.179467737674713135e-01
1.268793493509292603e-01
1.125543713569641113e-01
1.322688907384872437e-01
1.011591702699661255e-01
2.696333527565002441e-01
2.389417588710784912e-01
1.757852137088775635e-01
2.060187458992004395e-01
1.028316542506217957e-01
9.752110391855239868e-02
8.180803060531616211e-02
1.260114163160324097e-01
1.471429765224456787e-01
2.946643829345703125e-01
2.946643829345703125e-01
1.136061847209930420e-01
4.659294709563255310e-02
4.618234187364578247e-02
8.544390648603439331e-02
9.919460862874984741e-02
1.212609037756919861e-01
1.412440091371536255e-01
2.946643829345703125e-01
2.946643829345703125e-01
2.946643829345703125e-01
8.284489810466766357e-02
4.128902032971382141e-02
3.070612624287605286e-02
2.948880009353160858e-02
6.681396067142486572e-02
1.264603585004806519e-01
2.427312433719635010e-01
2.423219680786132812e-01
1.551036685705184937e-01
6.012778729200363159e-02
5.511219426989555359e-02
4.928065091371536255e-02
4.987929761409759521e-02
6.555536389350891113e-02
1.094115525484085083e-01
2.787575423717498779e-01
2.787575423717498779e-01
2.787575423717498779e-01
1.501612514257431030e-01
2.816238254308700562e-02
2.638804912567138672e-02
5.520454421639442444e-02
5.910186469554901123e-02
8.239124715328216553e-02
2.787575423717498779e-01
2.787575423717498779e-01
2.787575423717498779e-01
7.168615609407424927e-02
4.030350968241691589e-02
2.836999297142028809e-02
3.437189012765884399e-02
3.059388324618339539e-02
9.578548371791839600e-02
2.787575423717498779e-01
2.787575423717498779e-01
2.787575423717498779e-01
2.144237011671066284e-01
5.967805907130241394e-02
3.345336019992828369e-02
3.535865619778633118e-02
4.288122802972793579e-02
1.354804188013076782e-01
2.627458572387695312e-01
2.627458572387695312e-01
2.627458572387695312e-01
1.766214966773986816e-01
3.590652719140052795e-02
2.786608785390853882e-02
7.174361497163772583e-02
7.641130685806274414e-02
7.858606427907943726e-02
2.583919167518615723e-01
1.789078265428543091e-01
1.704659312963485718e-01
1.254506707191467285e-01
6.551156938076019287e-02
1.227131634950637817e-01
1.042289882898330688e-01
1.355026513338088989e-01
1.246892586350440979e-01
2.627458572387695312e-01
2.627458572387695312e-01
2.627458572387695312e-01
2.022565007209777832e-01
6.789457798004150391e-02
4.147768765687942505e-02
3.637425228953361511e-02
7.397390902042388916e-02
9.102170169353485107e-02
2.627458572387695312e-01
2.627458572387695312e-01
1.864801943302154541e-01
1.819541156291961670e-01
8.012422174215316772e-02
7.072005420923233032e-02
6.829150766134262085e-02
1.504883319139480591e-01
1.343267112970352173e-01
1.875818371772766113e-01
1.083109453320503235e-01
1.262429207563400269e-01
1.569308191537857056e-01
8.292813599109649658e-02
2.018442302942276001e-01
1.148273348808288574e-01
1.388954222202301025e-01
1.343130916357040405e-01
1.808798313140869141e-01
1.312034279108047485e-01
1.572932153940200806e-01
1.912327557802200317e-01
1.720003187656402588e-01
2.055800259113311768e-01
2.213259041309356689e-01
1.702139824628829956e-01
1.081729605793952942e-01
2.211432009935379028e-01
1.582670360803604126e-01
1.271099150180816650e-01
2.336965650320053101e-01
1.077049300074577332e-01
1.365865916013717651e-01
9.837730973958969116e-02
1.908437311649322510e-01
1.811557412147521973e-01
1.898537278175354004e-01
1.961814612150192261e-01
1.614441871643066406e-01
1.736548691987991333e-01
1.785979419946670532e-01
1.930817812681198120e-01
2.173449695110321045e-01
1.445931792259216309e-01
1.313270330429077148e-01
1.409368664026260376e-01
1.855778545141220093e-01
1.010549739003181458e-01
1.615574657917022705e-01
1.842179596424102783e-01
1.051262989640235901e-01
1.616312265396118164e-01
1.878446787595748901e-01
1.262203454971313477e-01
1.623553633689880371e-01
1.424584090709686279e-01
1.060523688793182373e-01
1.779565811157226562e-01
1.640731543302536011e-01
1.370271146297454834e-01
1.937887817621231079e-01
1.694200336933135986e-01
1.308308243751525879e-01
1.473589539527893066e-01
2.012970000505447388e-01
1.216631606221199036e-01
1.931407600641250610e-01
1.571141779422760010e-01
1.633486002683639526e-01
1.507891118526458740e-01
2.004810720682144165e-01
1.752644777297973633e-01
1.621542572975158691e-01
1.790674179792404175e-01
2.016973644495010376e-01
2.487533092498779297e-01
2.104659527540206909e-01
1.830736845731735229e-01
1.659010648727416992e-01
1.103588566184043884e-01
1.677511334419250488e-01
6.493045389652252197e-02
1.134577617049217224e-01
2.708194255828857422e-01
1.830026060342788696e-01
1.264498084783554077e-01
7.793744653463363647e-02
3.227823972702026367e-02
3.759110346436500549e-02
4.006081819534301758e-02
6.260130554437637329e-02
2.081031799316406250e-01
2.764180898666381836e-01
2.764180898666381836e-01
1.811575144529342651e-01
1.377357840538024902e-01
4.747620224952697754e-02
2.609078958630561829e-02
5.310644581913948059e-02
6.844517588615417480e-02
8.938544988632202148e-02
2.139114737510681152e-01
2.636514902114868164e-01
1.595178246498107910e-01
2.238480299711227417e-01
1.701438128948211670e-01
3.074605576694011688e-02
4.869138076901435852e-02
4.730284586548805237e-02
2.041665911674499512e-01
2.764180898666381836e-01
2.754213809967041016e-01
1.564422547817230225e-01
2.764180898666381836e-01
2.315882742404937744e-01
5.376003310084342957e-02
1.595999859273433685e-02
1.596225351095199585e-01
2.484557628631591797e-01
2.484557628631591797e-01
2.484557628631591797e-01
2.344747930765151978e-01
1.622797548770904541e-01
1.105544641613960266e-01
4.135137796401977539e-02
1.667490899562835693e-01
2.383460849523544312e-01
2.484557628631591797e-01
1.550849825143814087e-01
1.771913319826126099e-01
1.896970421075820923e-01
1.110127568244934082e-01
1.638567596673965454e-01
1.114439219236373901e-01
2.168882936239242554e-01
1.004705205559730530e-01
2.484557628631591797e-01
1.661574095487594604e-01
1.913909763097763062e-01
1.512319743633270264e-01
1.363088339567184448e-01
1.013435646891593933e-01
3.911266848444938660e-02
3.762888535857200623e-02
1.534906923770904541e-01
1.838443428277969360e-01
7.586707174777984619e-02
1.691410094499588013e-01
1.574127376079559326e-01
8.389561623334884644e-02
1.242309808731079102e-01
8.249808847904205322e-02
1.366781145334243774e-01
2.403491437435150146e-01
2.416429519653320312e-01
1.660666912794113159e-01
1.378861218690872192e-01
9.863949567079544067e-02
6.693581491708755493e-02
1.467355936765670776e-01
1.821689754724502563e-01
1.922808587551116943e-01
2.374331802129745483e-01
1.022344008088111877e-01
8.213558793067932129e-02
1.159830167889595032e-01
1.557944118976593018e-01
1.605687886476516724e-01
2.391976267099380493e-01
2.174734920263290405e-01
1.373783946037292480e-01
2.170675396919250488e-01
1.192784234881401062e-01
6.114623323082923889e-02
8.892901986837387085e-02
1.288261413574218750e-01
8.876146376132965088e-02
1.471572071313858032e-01
1.732458025217056274e-01
2.337080389261245728e-01
2.435174286365509033e-01
1.201658919453620911e-01
6.986747682094573975e-02
8.886159956455230713e-02
1.498986482620239258e-01
1.995727866888046265e-01
2.245481312274932861e-01
1.785380989313125610e-01
1.832598000764846802e-01
2.618280649185180664e-01
9.731091558933258057e-02
6.145905703306198120e-02
1.202662810683250427e-01
1.558920443058013916e-01
2.264452576637268066e-01
2.110271155834197998e-01
1.546269506216049194e-01
1.323356032371520996e-01
1.789477169513702393e-01
1.557201594114303589e-01
1.426330208778381348e-01
1.637898832559585571e-01
1.092204600572586060e-01
1.302942484617233276e-01
1.329023391008377075e-01
1.016736924648284912e-01
1.292964965105056763e-01
2.372208088636398315e-01
8.693240582942962646e-02
1.680823713541030884e-01
1.576962321996688843e-01
1.574212014675140381e-01
2.074677497148513794e-01
2.258971035480499268e-01
1.410447359085083008e-01
1.563080698251724243e-01
1.761631965637207031e-01
1.240819096565246582e-01
2.632548809051513672e-01
2.632548809051513672e-01
1.268899291753768921e-01
1.162934750318527222e-01
2.114809751510620117e-01
8.424942940473556519e-02
1.260562837123870850e-01
1.042736917734146118e-01
1.681666970252990723e-01
1.745536327362060547e-01
1.720177978277206421e-01
1.181569099426269531e-01
9.225134551525115967e-02
1.564844995737075806e-01
1.028032451868057251e-01
7.124605029821395874e-02
8.229898661375045776e-02
1.155256628990173340e-01
1.577192395925521851e-01
1.514098793268203735e-01
2.054807841777801514e-01
1.234459653496742249e-01
1.728495210409164429e-01
1.367200762033462524e-01
9.132649749517440796e-02
1.719392985105514526e-01
2.139603495597839355e-01
2.703435719013214111e-01
2.460092902183532715e-01
1.087568253278732300e-01
1.176181361079216003e-01
1.975700110197067261e-01
9.567018598318099976e-02
1.199202090501785278e-01
1.640670448541641235e-01
1.863572001457214355e-01
1.644373983144760132e-01
1.783414334058761597e-01
2.101837545633316040e-01
1.551205515861511230e-01
2.422995716333389282e-01
2.703435719013214111e-01
1.883820146322250366e-01
1.041365340352058411e-01
1.475175768136978149e-01
1.229746043682098389e-01
1.180136948823928833e-01
1.876861006021499634e-01
1.009919494390487671e-01
9.609242528676986694e-02
9.951174259185791016e-02
9.688826650381088257e-02
1.840682029724121094e-01
2.152411341667175293e-01
1.042454689741134644e-01
1.244553625583648682e-01
1.632621735334396362e-01
9.286198019981384277e-02
8.137120306491851807e-02
8.115108311176300049e-02
1.428983062505722046e-01
1.672818362712860107e-01
1.537443548440933228e-01
2.615304291248321533e-01
2.391515821218490601e-01
2.035812586545944214e-01
9.048933535814285278e-02
1.612517833709716797e-01
2.260761111974716187e-01
1.741406470537185669e-01
2.238540798425674438e-01
1.540912836790084839e-01
2.615304291248321533e-01
1.856664419174194336e-01
1.555767059326171875e-01
1.353216767311096191e-01
1.489302366971969604e-01
2.054460495710372925e-01
2.615304291248321533e-01
1.529256701469421387e-01
1.739482879638671875e-01
1.268151551485061646e-01
1.081720665097236633e-01
1.478984355926513672e-01
1.171842515468597412e-01
8.396293967962265015e-02
7.179103791713714600e-02
1.915994733572006226e-01
1.384943872690200806e-01
1.675381958484649658e-01
1.154432594776153564e-01
1.305446475744247437e-01
1.393399536609649658e-01
2.044478058815002441e-01
1.356229782104492188e-01
1.219954490661621094e-01
2.022688984870910645e-01
2.281100898981094360e-01
1.878163516521453857e-01
2.342102974653244019e-01
6.462794542312622070e-02
1.007609963417053223e-01
1.161228865385055542e-01
1.652633398771286011e-01
2.053138762712478638e-01
2.674344182014465332e-01
2.615433931350708008e-01
2.674344182014465332e-01
2.415911406278610229e-01
1.361483186483383179e-01
9.550708532333374023e-02
9.248725324869155884e-02
1.375824809074401855e-01
1.508539617061614990e-01
1.766422390937805176e-01
1.391811966896057129e-01
1.564212143421173096e-01
1.029174029827117920e-01
1.126615777611732483e-01
8.628193289041519165e-02
9.030644595623016357e-02
1.040484085679054260e-01
1.234841421246528625e-01
1.126397922635078430e-01
1.269306242465972900e-01
2.119031101465225220e-01
2.800021171569824219e-01
1.655424237251281738e-01
1.538626253604888916e-01
9.850558638572692871e-02
1.066041216254234314e-01
1.086410731077194214e-01
7.559881359338760376e-02
1.617090702056884766e-01
2.721369266510009766e-01
2.217431366443634033e-01
2.333083599805831909e-01
7.876237481832504272e-02
7.015781849622726440e-02
9.169981628656387329e-02
1.087652370333671570e-01
6.674826145172119141e-02
1.121743172407150269e-01
2.800021171569824219e-01
2.800021171569824219e-01
2.606309056282043457e-01
1.819471567869186401e-01
1.235329955816268921e-01
2.095339596271514893e-01
2.705051898956298828e-01
6.518860161304473877e-02
8.310985565185546875e-02
1.550904512405395508e-01
2.654351890087127686e-01
2.178186029195785522e-01
1.521282345056533813e-01
7.909024506807327271e-02
6.270347535610198975e-02
5.836435034871101379e-02
5.525349080562591553e-02
2.506283521652221680e-01
1.789914369583129883e-01
2.654351890087127686e-01
2.654351890087127686e-01
1.192352995276451111e-01
4.205067455768585205e-02
7.158070057630538940e-02
9.824322164058685303e-02
1.539903134107589722e-01
6.666909903287887573e-02
2.654351890087127686e-01
2.654351890087127686e-01
1.784614473581314087e-01
1.729631125926971436e-01
8.526263386011123657e-02
1.596543788909912109e-01
1.820152103900909424e-01
7.970941066741943359e-02
1.567214578390121460e-01
1.774377971887588501e-01
2.133303284645080566e-01
1.776749789714813232e-01
1.404587626457214355e-01
6.232376769185066223e-02
1.697517484426498413e-01
1.941473186016082764e-01
1.258955448865890503e-01
2.743324935436248779e-01
1.915959864854812622e-01
1.225592941045761108e-01
1.360013037919998169e-01
4.105928167700767517e-02
2.633373439311981201e-02
1.001483500003814697e-01
1.036978289484977722e-01
2.092935889959335327e-01
2.743324935436248779e-01
2.743324935436248779e-01
8.862593024969100952e-02
7.468495517969131470e-02
3.171525150537490845e-02
3.810977563261985779e-02
1.394661813974380493e-01
1.466575860977172852e-01
2.148057967424392700e-01
1.951169073581695557e-01
1.267523467540740967e-01
1.100222766399383545e-01
1.068345978856086731e-01
9.567612409591674805e-02
6.990611553192138672e-02
1.222561448812484741e-01
1.547302603721618652e-01
1.332428753376007080e-01
2.743324935436248779e-01
2.743324935436248779e-01
2.743324935436248779e-01
2.526915073394775391e-01
1.323110461235046387e-01
8.344053477048873901e-02
8.429510146379470825e-02
1.188027188181877136e-01
2.182796001434326172e-01
2.697114646434783936e-01
2.697114646434783936e-01
1.202128604054450989e-01
3.809807822108268738e-02
1.884151436388492584e-02
1.535602845251560211e-02
4.424421861767768860e-02
6.515081226825714111e-02
9.091994911432266235e-02
2.697114646434783936e-01
2.697114646434783936e-01
2.697114646434783936e-01
8.311708271503448486e-02
3.443771228194236755e-02
3.349710628390312195e-02
2.876886911690235138e-02
5.384780094027519226e-02
6.727936863899230957e-02
2.389830201864242554e-01
2.697114646434783936e-01
2.697114646434783936e-01
2.100669592618942261e-01
7.819263637065887451e-02
2.244048006832599640e-02
2.665160223841667175e-02
8.023668825626373291e-02
1.693952381610870361e-01
2.697114646434783936e-01
2.697114646434783936e-01
2.642939388751983643e-01
1.696244776248931885e-01
9.422834217548370361e-02
6.608871370553970337e-02
5.020927265286445618e-02
1.139554157853126526e-01
1.519705653190612793e-01
2.196810841560363770e-01
2.389573603868484497e-01
2.389573603868484497e-01
1.081804931163787842e-01
6.837195158004760742e-02
6.364253908395767212e-02
6.889577209949493408e-02
5.009468644857406616e-02
1.018837690353393555e-01
2.389573603868484497e-01
2.389573603868484497e-01
2.389573603868484497e-01
1.966041177511215210e-01
1.360238790512084961e-01
6.571622937917709351e-02
6.918800622224807739e-02
6.785399466753005981e-02
1.735829412937164307e-01
2.215152233839035034e-01
2.389573603868484497e-01
1.799516230821609497e-01
1.110010966658592224e-01
1.472698897123336792e-01
1.405708789825439453e-01
9.223841875791549683e-02
9.281943738460540771e-02
1.320374161005020142e-01
2.130920737981796265e-01
2.283624261617660522e-01
2.389573603868484497e-01
1.605109870433807373e-01
2.065131366252899170e-01
1.302039921283721924e-01
9.471955150365829468e-02
9.951291978359222412e-02
1.975125521421432495e-01
2.249746918678283691e-01
2.461263388395309448e-01
2.461263388395309448e-01
1.666556745767593384e-01
1.314892768859863281e-01
7.517126202583312988e-02
5.552451685070991516e-02
1.266928315162658691e-01
1.340994834899902344e-01
2.461263388395309448e-01
2.017231583595275879e-01
1.291144788265228271e-01
1.380929797887802124e-01
1.120835021138191223e-01
1.104200258851051331e-01
8.686689287424087524e-02
1.618465036153793335e-01
1.646703332662582397e-01
1.638221144676208496e-01
1.336234211921691895e-01
1.544056385755538940e-01
1.154455319046974182e-01
1.461112201213836670e-01
1.307040601968765259e-01
1.430648565292358398e-01
2.019250541925430298e-01
1.777591556310653687e-01
2.113110423088073730e-01
1.021847501397132874e-01
7.941834628582000732e-02
7.439470291137695312e-02
1.765618324279785156e-01
2.181024402379989624e-01
1.880120635032653809e-01
2.461263388395309448e-01
2.461263388395309448e-01
1.964171826839447021e-01
1.017208546400070190e-01
8.707205206155776978e-02
1.526787430047988892e-01
1.198211237788200378e-01
1.312206387519836426e-01
9.287909418344497681e-02
1.151390001177787781e-01
1.641831248998641968e-01
1.701610237360000610e-01
1.430771648883819580e-01
1.505546867847442627e-01
1.378695815801620483e-01
1.478475928306579590e-01
1.309351921081542969e-01
1.722336411476135254e-01
1.353726536035537720e-01
1.358826905488967896e-01
2.347428798675537109e-01
1.408812850713729858e-01
8.681329339742660522e-02
1.488098651170730591e-01
1.748806387186050415e-01
1.931913048028945923e-01
1.348072737455368042e-01
2.115887552499771118e-01
2.189389616250991821e-01
2.290893346071243286e-01
2.257739901542663574e-01
1.576378494501113892e-01
1.875991821289062500e-01
1.805652976036071777e-01
2.228015214204788208e-01
2.204418480396270752e-01
2.293194234371185303e-01
1.025682687759399414e-01
1.262473464012145996e-01
1.193266957998275757e-01
1.194671541452407837e-01
1.545336246490478516e-01
1.394067704677581787e-01
2.179488986730575562e-01
1.346459984779357910e-01
1.878778636455535889e-01
1.593185514211654663e-01
1.964077204465866089e-01
1.747208684682846069e-01
1.584337055683135986e-01
1.962085962295532227e-01
2.125942707061767578e-01
1.679439693689346313e-01
1.745691150426864624e-01
1.324333101511001587e-01
2.067796289920806885e-01
1.529826372861862183e-01
1.083458811044692993e-01
1.201032027602195740e-01
8.768929541110992432e-02
1.500524729490280151e-01
1.619277894496917725e-01
1.197356954216957092e-01
1.392509788274765015e-01
2.154247611761093140e-01
1.994523108005523682e-01
1.691098213195800781e-01
1.025601625442504883e-01
1.528716534376144409e-01
2.592209279537200928e-01
1.447472423315048218e-01
1.638100147247314453e-01
1.260395944118499756e-01
2.592209279537200928e-01
8.806255459785461426e-02
6.483522802591323853e-02
8.816657215356826782e-02
1.662305891513824463e-01
1.431206017732620239e-01
2.293258011341094971e-01
3.309067785739898682e-01
6.868183612823486328e-02
9.892424941062927246e-02
2.955969981849193573e-02
9.084874391555786133e-02
1.064231991767883301e-01
1.723584532737731934e-01
1.474244743585586548e-01
3.309067785739898682e-01
3.309067785739898682e-01
1.129567995667457581e-01
3.422516956925392151e-02
9.393578022718429565e-02
7.552607357501983643e-02
9.446194767951965332e-02
1.095051988959312439e-01
2.054399847984313965e-01
1.033641099929809570e-01
1.854842305183410645e-01
7.228858768939971924e-02
1.323732286691665649e-01
4.220150783658027649e-02
2.796082012355327606e-02
6.355845928192138672e-02
9.201540052890777588e-02
2.014778703451156616e-01
3.309067785739898682e-01
3.309067785739898682e-01
1.591640263795852661e-01
4.415534809231758118e-02
5.287694931030273438e-02
1.330099999904632568e-01
1.181455403566360474e-01
1.835836470127105713e-01
1.199748367071151733e-01
2.533996403217315674e-01
2.920679748058319092e-01
1.324170231819152832e-01
8.673329651355743408e-02
8.603655546903610229e-02
1.082406118512153625e-01
9.736251831054687500e-02
1.867962330579757690e-01
1.156220659613609314e-01
9.370473027229309082e-02
1.339605599641799927e-01
1.868784129619598389e-01
1.462083309888839722e-01
3.074226342141628265e-02
2.053042687475681305e-02
3.088039904832839966e-02
5.342294275760650635e-02
8.187167346477508545e-02
2.920679748058319092e-01
2.920679748058319092e-01
2.920679748058319092e-01
1.570824980735778809e-01
4.769070446491241455e-02
3.680310025811195374e-02
5.876584723591804504e-02
9.203152358531951904e-02
6.709993630647659302e-02
1.129508018493652344e-01
2.920679748058319092e-01
2.920679748058319092e-01
2.901689708232879639e-01
1.075524985790252686e-01
9.671403467655181885e-02
7.654155790805816650e-02
1.368641257286071777e-01
1.297321766614913940e-01
1.664035767316818237e-01
1.350062936544418335e-01
2.072139829397201538e-01
1.477092504501342773e-01
1.637713164091110229e-01
1.253207474946975708e-01
9.208891540765762329e-02
1.302800178527832031e-01
1.841179877519607544e-01
2.454113364219665527e-01
2.091228812932968140e-01
1.817049682140350342e-01
1.523198783397674561e-01
6.469989567995071411e-02
7.523665577173233032e-02
7.346110790967941284e-02
1.233001351356506348e-01
1.546408683061599731e-01
1.942658275365829468e-01
2.126252949237823486e-01
2.550780475139617920e-01
1.888722032308578491e-01
1.307135671377182007e-01
1.245104148983955383e-01
1.356287747621536255e-01
1.154119372367858887e-01
2.297271043062210083e-01
2.248039990663528442e-01
2.550780475139617920e-01
2.412415742874145508e-01
1.829107850790023804e-01
1.642679274082183838e-01
1.247394606471061707e-01
2.132045626640319824e-01
1.347487270832061768e-01
1.378416866064071655e-01
1.454272568225860596e-01
1.429371535778045654e-01
7.773987203836441040e-02
1.407282501459121704e-01
1.786279976367950439e-01
2.043166756629943848e-01
2.606210112571716309e-01
2.199184149503707886e-01
1.245900616049766541e-01
9.520062804222106934e-02
1.066388636827468872e-01
2.836649119853973389e-02
1.038891002535820007e-01
1.673959940671920776e-01
1.452090889215469360e-01
2.422635108232498169e-01
1.294693201780319214e-01
1.788392812013626099e-01
1.270234435796737671e-01
1.543115675449371338e-01
1.272595375776290894e-01
1.618598997592926025e-01
2.308552414178848267e-01
2.467031627893447876e-01
2.606210112571716309e-01
1.867977827787399292e-01
1.635304242372512817e-01
1.070580556988716125e-01
1.762846857309341431e-01
1.405734717845916748e-01
1.497151106595993042e-01
1.578305214643478394e-01
1.866828948259353638e-01
2.263891845941543579e-01
1.263649761676788330e-01
9.884112328290939331e-02
1.337467581033706665e-01
1.497188359498977661e-01
5.964596569538116455e-02
8.649450540542602539e-02
1.764800697565078735e-01
1.688802540302276611e-01
1.286173909902572632e-01
1.273730397224426270e-01
1.446793228387832642e-01
1.602333337068557739e-01
1.967787444591522217e-01
1.926426887512207031e-01
1.656756252050399780e-01
1.438993513584136963e-01
2.002179920673370361e-01
2.250362783670425415e-01
1.361058652400970459e-01
1.146742850542068481e-01
1.635718345642089844e-01
2.484700530767440796e-01
1.288903951644897461e-01
1.473493278026580811e-01
1.885491907596588135e-01
1.531750857830047607e-01
1.630082875490188599e-01
1.115306541323661804e-01
1.368486583232879639e-01
2.048895657062530518e-01
2.484700530767440796e-01
1.861159652471542358e-01
2.051016092300415039e-01
1.539839804172515869e-01
1.377538889646530151e-01
2.497158348560333252e-01
2.465212494134902954e-01
1.400421708822250366e-01
7.504061609506607056e-02
1.382157206535339355e-01
1.685413420200347900e-01
1.405718475580215454e-01
1.699104011058807373e-01
1.376864910125732422e-01
2.497158348560333252e-01
1.648615598678588867e-01
1.299301087856292725e-01
1.844720840454101562e-01
1.215541511774063110e-01
1.724323630332946777e-01
2.125537246465682983e-01
1.779656410217285156e-01
1.030817702412605286e-01
1.230299472808837891e-01
1.683403551578521729e-01
1.290565431118011475e-01
1.180225163698196411e-01
1.803620457649230957e-01
1.440251320600509644e-01
2.020818293094635010e-01
1.935593634843826294e-01
1.536681950092315674e-01
1.418727934360504150e-01
1.809009313583374023e-01
1.472170501947402954e-01
1.713748574256896973e-01
1.331010162830352783e-01
1.287734955549240112e-01
2.268670499324798584e-01
1.666796654462814331e-01
1.449240148067474365e-01
1.544710695743560791e-01
4.319022595882415771e-02
9.188894927501678467e-02
1.774998158216476440e-01
1.252128928899765015e-01
1.685702800750732422e-01
1.731504797935485840e-01
2.585493624210357666e-01
2.006615251302719116e-01
1.889776289463043213e-01
1.187993809580802917e-01
1.110764294862747192e-01
8.690671622753143311e-02
9.618280827999114990e-02
1.450813263654708862e-01
1.878741234540939331e-01
2.019957154989242554e-01
1.966221332550048828e-01
1.096963286399841309e-01
9.392445534467697144e-02
1.003904491662979126e-01
1.684089004993438721e-01
1.096758022904396057e-01
1.580147296190261841e-01
2.093542665243148804e-01
2.599089145660400391e-01
2.195518910884857178e-01
1.233725845813751221e-01
1.534020900726318359e-01
1.614215672016143799e-01
1.175031363964080811e-01
1.594277471303939819e-01
2.439536899328231812e-01
2.599089145660400391e-01
1.640449166297912598e-01
2.118871808052062988e-01
1.694239675998687744e-01
1.532049477100372314e-01
6.346002966165542603e-02
4.356721043586730957e-02
2.612775936722755432e-02
8.045294880867004395e-02
1.414118707180023193e-01
2.747867703437805176e-01
2.691062390804290771e-01
1.550229191780090332e-01
1.316926032304763794e-01
5.099251866340637207e-02
8.233844488859176636e-02
1.525005996227264404e-01
1.911496520042419434e-01
1.676641255617141724e-01
2.927434742450714111e-01
1.443468034267425537e-01
1.011390760540962219e-01
1.234928295016288757e-01
8.678704500198364258e-02
5.900678411126136780e-02
8.268626779317855835e-02
1.818615943193435669e-01
2.927434742450714111e-01
2.927434742450714111e-01
1.829236894845962524e-01
1.073198691010475159e-01
7.689614593982696533e-02
2.688817679882049561e-02
8.448792248964309692e-02
1.550961881875991821e-01
1.748835891485214233e-01
2.927434742450714111e-01
2.163591682910919189e-01
1.637074202299118042e-01
8.861393481492996216e-02
7.311597466468811035e-02
7.387289404869079590e-02
1.311279982328414917e-01
2.685275673866271973e-01
2.067397981882095337e-01
1.318348944187164307e-01
1.513620615005493164e-01
1.132664233446121216e-01
9.807526320219039917e-02
8.437240123748779297e-02
9.570447355508804321e-02
1.012157946825027466e-01
2.030646055936813354e-01
1.883769333362579346e-01
1.382930427789688110e-01
2.818966209888458252e-01
2.081902027130126953e-01
1.084360331296920776e-01
3.433492034673690796e-02
2.375474385917186737e-02
1.335560232400894165e-01
2.216830700635910034e-01
1.169789135456085205e-01
2.235546708106994629e-01
2.818966209888458252e-01
2.720175385475158691e-01
1.585012972354888916e-01
9.770148247480392456e-02
9.512639790773391724e-02
1.321423947811126709e-01
1.680497676134109497e-01
1.128427684307098389e-01
2.553454935550689697e-01
1.320831775665283203e-01
1.524125784635543823e-01
1.437729448080062866e-01
1.030801236629486084e-01
6.594779342412948608e-02
4.539567232131958008e-02
5.093350633978843689e-02
7.594767212867736816e-02
8.031530678272247314e-02
2.140136659145355225e-01
2.686972618103027344e-01
2.686972618103027344e-01
2.542586922645568848e-01
9.412836283445358276e-02
1.032644063234329224e-01
5.465302243828773499e-02
6.829047203063964844e-02
1.779292523860931396e-01
2.686972618103027344e-01
2.292555123567581177e-01
1.880474686622619629e-01
1.324577331542968750e-01
8.762230724096298218e-02
5.414390191435813904e-02
5.295919626951217651e-02
5.561754480004310608e-02
1.805007159709930420e-01
2.686972618103027344e-01
2.686972618103027344e-01
2.686972618103027344e-01
2.158814668655395508e-01
8.635298162698745728e-02
1.078075245022773743e-01
1.013957038521766663e-01
1.155307367444038391e-01
2.403821498155593872e-01
1.523128747940063477e-01
2.422541826963424683e-01
1.869387030601501465e-01
1.667601019144058228e-01
7.971999794244766235e-02
8.197559416294097900e-02
5.520371720194816589e-02
1.177075281739234924e-01
1.863581389188766479e-01
1.190360262989997864e-01
1.887017637491226196e-01
9.876494854688644409e-02
9.574576467275619507e-02
7.321763783693313599e-02
6.264376640319824219e-02
6.845612078905105591e-02
1.502024084329605103e-01
1.332430988550186157e-01
2.422541826963424683e-01
2.422541826963424683e-01
1.730484962463378906e-01
1.743452250957489014e-01
9.294497966766357422e-02
1.094205155968666077e-01
1.252686679363250732e-01
2.422541826963424683e-01
2.422541826963424683e-01
1.444536298513412476e-01
2.004835754632949829e-01
1.299020946025848389e-01
2.422541826963424683e-01
1.648025065660476685e-01
1.742917448282241821e-01
1.493882834911346436e-01
2.422541826963424683e-01
2.422541826963424683e-01
1.226244866847991943e-01
1.565215289592742920e-01
9.813229739665985107e-02
9.263885021209716797e-02
1.288584023714065552e-01
1.399208605289459229e-01
8.785728365182876587e-02
9.661444276571273804e-02
1.333255916833877563e-01
1.594391167163848877e-01
1.270592808723449707e-01
1.501302570104598999e-01
1.463021785020828247e-01
2.397738993167877197e-01
1.571542620658874512e-01
8.566132187843322754e-02
7.120154798030853271e-02
2.397738993167877197e-01
1.381721198558807373e-01
1.782800555229187012e-01
1.281052231788635254e-01
2.397738993167877197e-01
1.765367388725280762e-01
1.934443265199661255e-01
1.230496540665626526e-01
1.687916964292526245e-01
1.828088909387588501e-01
2.265289425849914551e-01
2.020516246557235718e-01
1.978233307600021362e-01
2.397738993167877197e-01
2.397738993167877197e-01
1.642522066831588745e-01
1.121958345174789429e-01
1.323559880256652832e-01
2.397738993167877197e-01
1.718822419643402100e-01
1.082000136375427246e-01
1.104473471641540527e-01
1.399161070585250854e-01
2.118460983037948608e-01
1.254864633083343506e-01
1.073790267109870911e-01
9.759484231472015381e-02
1.622191518545150757e-01
1.743643879890441895e-01
1.022095233201980591e-01
6.509096920490264893e-02
1.322739869356155396e-01
1.762046962976455688e-01
1.601126343011856079e-01
1.326380670070648193e-01
2.301266044378280640e-01
1.491446048021316528e-01
2.451537698507308960e-01
1.824930310249328613e-01
2.131481319665908813e-01
2.451537698507308960e-01
2.451537698507308960e-01
1.049869060516357422e-01
9.800793230533599854e-02
1.014335528016090393e-01
2.028477489948272705e-01
2.451537698507308960e-01
1.819952130317687988e-01
1.579409539699554443e-01
2.198764383792877197e-01
2.451537698507308960e-01
1.087831407785415649e-01
8.693304657936096191e-02
1.448889821767807007e-01
7.979667931795120239e-02
1.415193527936935425e-01
1.129061654210090637e-01
8.475225418806076050e-02
1.470537185668945312e-01
1.864065974950790405e-01
1.603146940469741821e-01
1.291699260473251343e-01
1.805003881454467773e-01
1.523209363222122192e-01
1.476565003395080566e-01
1.743288189172744751e-01
1.485360562801361084e-01
1.565411835908889771e-01
2.021145969629287720e-01
2.374665290117263794e-01
2.282605618238449097e-01
1.726052910089492798e-01
1.306962072849273682e-01
1.980914771556854248e-01
1.422393023967742920e-01
1.257246285676956177e-01
1.566442400217056274e-01
2.131811380386352539e-01
1.081273108720779419e-01
8.168053627014160156e-02
1.080448776483535767e-01
1.077748015522956848e-01
2.018783986568450928e-01
1.641889065504074097e-01
2.088188230991363525e-01
1.825437247753143311e-01
2.175157815217971802e-01
2.323868572711944580e-01
1.156088784337043762e-01
7.697024196386337280e-02
2.366170883178710938e-01
1.154002249240875244e-01
1.070600971579551697e-01
6.689579039812088013e-02
9.088593721389770508e-02
1.367951631546020508e-01
9.579618275165557861e-02
1.106369346380233765e-01
1.584002375602722168e-01
1.861352473497390747e-01
1.275522559881210327e-01
1.252825260162353516e-01
9.670837968587875366e-02
1.427882909774780273e-01
2.311702370643615723e-01
1.716259419918060303e-01
1.283338665962219238e-01
1.433057487010955811e-01
2.077488154172897339e-01
1.514044255018234253e-01
1.414723843336105347e-01
4.401515424251556396e-02
1.369299888610839844e-01
2.443823814392089844e-01
1.713365316390991211e-01
1.323151588439941406e-01
2.604138553142547607e-01
1.382153332233428955e-01
1.743716299533843994e-01
1.855749040842056274e-01
6.794519722461700439e-02
1.557366102933883667e-01
2.604138553142547607e-01
2.604138553142547607e-01
2.216939032077789307e-01
2.585905790328979492e-01
1.809886842966079712e-01
1.152965500950813293e-01
1.486991643905639648e-01
1.693974584341049194e-01
1.391402930021286011e-01
2.292622774839401245e-01
1.932815760374069214e-01
1.407005339860916138e-01
9.016306698322296143e-02
1.135155856609344482e-01
1.030564531683921814e-01
1.306293010711669922e-01
9.760746359825134277e-02
1.028517112135887146e-01
2.096442282199859619e-01
2.354231029748916626e-01
2.854392230510711670e-01
2.438424974679946899e-01
6.948847323656082153e-02
1.064189597964286804e-01
2.004157304763793945e-01
1.146742701530456543e-01
1.562817990779876709e-01
2.285059839487075806e-01
2.854392230510711670e-01
2.192421853542327881e-01
1.071041002869606018e-01
8.685289323329925537e-02
1.391461491584777832e-01
2.391162961721420288e-01
1.017781198024749756e-01
1.882096678018569946e-01
1.793899238109588623e-01
1.125230640172958374e-01
1.371814608573913574e-01
1.077933609485626221e-01
5.089038982987403870e-02
3.841141238808631897e-02
3.103039786219596863e-02
1.516103744506835938e-02
3.497307375073432922e-02
6.217981874942779541e-02
1.547833830118179321e-01
3.299931883811950684e-01
3.299931883811950684e-01
1.925262212753295898e-01
7.445434480905532837e-02
3.590602800250053406e-02
2.904877625405788422e-02
2.613636478781700134e-02
4.253029450774192810e-02
8.978493511676788330e-02
3.299931883811950684e-01
3.299931883811950684e-01
3.299931883811950684e-01
9.751291573047637939e-02
8.522306382656097412e-02
4.850981011986732483e-02
9.758625924587249756e-02
9.106027334928512573e-02
7.431105524301528931e-02
1.025069802999496460e-01
2.056104689836502075e-01
8.253829926252365112e-02
1.110984906554222107e-01
7.110744714736938477e-02
3.306513652205467224e-02
6.207163631916046143e-02
1.170488148927688599e-01
9.401549398899078369e-02
1.899826675653457642e-01
3.299931883811950684e-01
2.707068324089050293e-01
7.346941530704498291e-02
4.529386758804321289e-02
2.320766262710094452e-02
1.582610607147216797e-02
7.240218669176101685e-02
8.271411061286926270e-02
1.676072776317596436e-01
2.591030001640319824e-01
2.110911458730697632e-01
1.074257865548133850e-01
1.192765310406684875e-01
7.366461306810379028e-02
2.525579184293746948e-02
1.232422739267349243e-01
1.017519757151603699e-01
1.529550254344940186e-01
2.232315689325332642e-01
1.723781079053878784e-01
1.248844861984252930e-01
7.768449932336807251e-02
3.562599793076515198e-02
1.378711909055709839e-01
2.181861102581024170e-01
1.152799800038337708e-01
1.687025129795074463e-01
2.591030001640319824e-01
2.145900577306747437e-01
1.500758975744247437e-01
2.591030001640319824e-01
2.591030001640319824e-01
2.591030001640319824e-01
2.591030001640319824e-01
1.761900782585144043e-01
1.965739876031875610e-01
2.158163636922836304e-01
1.588044762611389160e-01
1.157881319522857666e-01
1.263350546360015869e-01
1.328412890434265137e-01
5.153009295463562012e-02
9.773453325033187866e-02
5.530533939599990845e-02
8.983881771564483643e-02
1.300873607397079468e-01
1.637857705354690552e-01
1.317566484212875366e-01
8.160284906625747681e-02
1.761179566383361816e-01
1.077714785933494568e-01
7.016732543706893921e-02
6.709994375705718994e-02
1.430153399705886841e-01
1.382866352796554565e-01
2.110881656408309937e-01
1.602236330509185791e-01
2.702693343162536621e-01
2.702693343162536621e-01
2.702693343162536621e-01
2.702693343162536621e-01
1.165229231119155884e-01
8.750475943088531494e-02
1.328022629022598267e-01
2.702693343162536621e-01
2.172379344701766968e-01
1.285469979047775269e-01
1.887952536344528198e-01
1.343689709901809692e-01
8.509460836648941040e-02
6.477238982915878296e-02
1.351824849843978882e-01
2.702693343162536621e-01
2.702693343162536621e-01
7.662752270698547363e-02
6.610792130231857300e-02
1.456533670425415039e-01
1.311799734830856323e-01
7.167715579271316528e-02
1.427484899759292603e-01
1.957889795303344727e-01
1.490522474050521851e-01
2.044904530048370361e-01
8.755168318748474121e-02
7.024037837982177734e-02
7.800317555665969849e-02
7.418702542781829834e-02
1.026098951697349548e-01
1.571518629789352417e-01
1.874469965696334839e-01
2.418363839387893677e-01
2.106191515922546387e-01
1.958165168762207031e-01
5.694836378097534180e-02
6.664274632930755615e-02
1.064307317137718201e-01
8.596618473529815674e-02
7.460572570562362671e-02
2.360153645277023315e-01
2.873593270778656006e-01
2.873593270778656006e-01
2.873593270778656006e-01
1.231127753853797913e-01
3.927271440625190735e-02
8.823365718126296997e-02
1.358222365379333496e-01
1.285623610019683838e-01
1.575923711061477661e-01
2.873593270778656006e-01
2.873593270778656006e-01
1.137071624398231506e-01
7.225847244262695312e-02
5.349558219313621521e-02
7.926631718873977661e-02
1.178011894226074219e-01
9.805011004209518433e-02
1.370589733123779297e-01
1.911262869834899902e-01
1.932407319545745850e-01
1.261263638734817505e-01
1.094823330640792847e-01
7.626599818468093872e-02
1.005003750324249268e-01
1.385558247566223145e-01
1.081935539841651917e-01
1.616943031549453735e-01
1.657157838344573975e-01
1.977559924125671387e-01
2.829527854919433594e-01
1.926500201225280762e-01
2.959974855184555054e-02
7.212224602699279785e-02
1.397442072629928589e-01
9.410061687231063843e-02
1.143196001648902893e-01
2.709559500217437744e-01
2.829527854919433594e-01
2.829527854919433594e-01
1.716172546148300171e-01
3.495236113667488098e-02
4.225615039467811584e-02
1.180215179920196533e-01
9.945324063301086426e-02
2.676719129085540771e-01
2.829527854919433594e-01
2.829527854919433594e-01
1.063849255442619324e-01
1.187882199883460999e-01
7.322695851325988770e-02
6.939138472080230713e-02
8.403868228197097778e-02
8.190196752548217773e-02
1.109441816806793213e-01
1.380901634693145752e-01
1.442930847406387329e-01
1.988613754510879517e-01
1.389792859554290771e-01
7.394944131374359131e-02
8.597281575202941895e-02
1.022856608033180237e-01
8.515651524066925049e-02
1.360953897237777710e-01
2.437613606452941895e-01
1.885512769222259521e-01
2.309603542089462280e-01
1.287079751491546631e-01
1.375558972358703613e-01
9.393759071826934814e-02
1.637804061174392700e-01
8.758877962827682495e-02
2.141733616590499878e-01
2.513161599636077881e-01
2.513161599636077881e-01
2.513161599636077881e-01
1.906636655330657959e-01
2.413894385099411011e-01
1.334151476621627808e-01
2.513161599636077881e-01
1.031857505440711975e-01
1.595882326364517212e-01
2.416437715291976929e-01
2.353678494691848755e-01
2.111998945474624634e-01
9.394212812185287476e-02
4.063746705651283264e-02
5.506655201315879822e-02
5.965242162346839905e-02
5.152826756238937378e-02
1.089032292366027832e-01
1.949384212493896484e-01
2.211278825998306274e-01
2.653032243251800537e-01
2.106257081031799316e-01
9.295608103275299072e-02
5.880732461810112000e-02
2.657156623899936676e-02
3.565464168787002563e-02
1.157174557447433472e-01
1.248534843325614929e-01
2.653032243251800537e-01
2.254074513912200928e-01
1.578936427831649780e-01
9.886391460895538330e-02
7.098076492547988892e-02
1.806917339563369751e-01
9.730292111635208130e-02
1.029550880193710327e-01
2.465141415596008301e-01
1.935491412878036499e-01
2.653032243251800537e-01
2.653032243251800537e-01
1.686739027500152588e-01
1.058154031634330750e-01
1.920478641986846924e-01
1.158861070871353149e-01
7.453771680593490601e-02
2.653032243251800537e-01
2.406254559755325317e-01
2.940226495265960693e-01
2.186795026063919067e-01
1.344949752092361450e-01
5.412371084094047546e-02
1.296544540673494339e-02
5.249819532036781311e-02
6.457743793725967407e-02
7.646486163139343262e-02
2.214757204055786133e-01
2.940226495265960693e-01
2.410426586866378784e-01
1.187449544668197632e-01
5.376564338803291321e-02
3.697125241160392761e-02
8.562429249286651611e-02
6.377811729907989502e-02
7.139214873313903809e-02
2.940226495265960693e-01
2.940226495265960693e-01
2.195146977901458740e-01
1.520718336105346680e-01
8.587162196636199951e-02
1.726199239492416382e-01
1.028378009796142578e-01
6.467948853969573975e-02
1.676802486181259155e-01
1.889298111200332642e-01
2.940226495265960693e-01
1.755014210939407349e-01
9.494715929031372070e-02
5.791487172245979309e-02
1.175009012222290039e-01
1.167815327644348145e-01
8.193760365247726440e-02
1.065091788768768311e-01
2.555418312549591064e-01
2.691887319087982178e-01
2.184508144855499268e-01
8.219400793313980103e-02
5.362465605139732361e-02
5.485482886433601379e-02
4.168932512402534485e-02
5.042488127946853638e-02
5.802245810627937317e-02
2.691887319087982178e-01
2.691887319087982178e-01
2.248916625976562500e-01
1.320601105690002441e-01
1.427855044603347778e-01
9.741580486297607422e-02
3.923673182725906372e-02
1.002085357904434204e-01
1.838536858558654785e-01
2.691887319087982178e-01
2.691887319087982178e-01
1.567065715789794922e-01
6.861799955368041992e-02
5.713193863630294800e-02
5.859082192182540894e-02
6.491088867187500000e-02
1.002112030982971191e-01
1.077864840626716614e-01
2.412566244602203369e-01
2.691887319087982178e-01
1.611973792314529419e-01
1.350013464689254761e-01
1.993826478719711304e-01
1.457711309194564819e-01
6.768732517957687378e-02
1.369251757860183716e-01
1.737897843122482300e-01
2.691887319087982178e-01
2.261312007904052734e-01
2.245534956455230713e-01
1.511620432138442993e-01
1.742391437292098999e-01
8.165638893842697144e-02
3.615490347146987915e-02
9.798745810985565186e-02
2.286732196807861328e-01
2.180944681167602539e-01
1.504223942756652832e-01
2.286732196807861328e-01
2.011811435222625732e-01
2.286732196807861328e-01
1.607596725225448608e-01
1.372075676918029785e-01
1.327712237834930420e-01
2.058865576982498169e-01
1.848818510770797729e-01
1.571135520935058594e-01
1.978420466184616089e-01
2.088518887758255005e-01
1.654869019985198975e-01
1.116554811596870422e-01
6.272504478693008423e-02
7.247168570756912231e-02
1.258219927549362183e-01
1.305273622274398804e-01
1.289079487323760986e-01
2.286732196807861328e-01
2.286732196807861328e-01
2.265870571136474609e-01
1.341225355863571167e-01
1.111754029989242554e-01
1.040444374084472656e-01
7.825211435556411743e-02
9.883356094360351562e-02
1.100535392761230469e-01
1.687674224376678467e-01
1.577108502388000488e-01
2.001517713069915771e-01
1.384475529193878174e-01
1.842429190874099731e-01
1.554120033979415894e-01
1.288902908563613892e-01
9.025987237691879272e-02
1.771122962236404419e-01
1.855767369270324707e-01
1.894177347421646118e-01
1.442085951566696167e-01
1.498820930719375610e-01
1.347562968730926514e-01
1.413261294364929199e-01
2.074953764677047729e-01
1.715624481439590454e-01
6.396348029375076294e-02
2.301802188158035278e-01
2.301802188158035278e-01
1.405466198921203613e-01
1.559638679027557373e-01
1.884813606739044189e-01
1.653528511524200439e-01
1.004245504736900330e-01
6.876829266548156738e-02
7.884807139635086060e-02
1.974462121725082397e-01
2.301802188158035278e-01
1.603674441576004028e-01
2.025493085384368896e-01
2.094885855913162231e-01
1.898419708013534546e-01
2.212881594896316528e-01
9.454856067895889282e-02
2.331449240446090698e-01
1.387097686529159546e-01
1.808474957942962646e-01
1.354833692312240601e-01
1.544992476701736450e-01
9.921301156282424927e-02
1.029719188809394836e-01
1.794929504394531250e-01
1.836972683668136597e-01
2.364085018634796143e-01
1.522833257913589478e-01
1.905794143676757812e-01
1.028047800064086914e-01
1.316038370132446289e-01
1.438366323709487915e-01
1.149910315871238708e-01
1.187818869948387146e-01
8.922297507524490356e-02
1.129787191748619080e-01
1.434390395879745483e-01
2.364085018634796143e-01
2.364085018634796143e-01
2.026911377906799316e-01
1.268214434385299683e-01
9.722545742988586426e-02
1.858013123273849487e-01
1.654947549104690552e-01
1.926565617322921753e-01
1.505030244588851929e-01
2.364085018634796143e-01
2.329136282205581665e-01
1.458454728126525879e-01
1.748349815607070923e-01
8.192247897386550903e-02
1.101909801363945007e-01
2.217776030302047729e-01
1.315496712923049927e-01
1.438162624835968018e-01
1.543002277612686157e-01
7.905620336532592773e-02
8.808595687150955200e-02
7.637685537338256836e-02
1.415752619504928589e-01
1.082112565636634827e-01
8.568906038999557495e-02
2.070410549640655518e-01
1.730521470308303833e-01
1.888331919908523560e-01
1.510664522647857666e-01
9.960777312517166138e-02
8.043454587459564209e-02
1.263980567455291748e-01
8.614495396614074707e-02
2.400607317686080933e-01
1.386373341083526611e-01
1.394830644130706787e-01
2.195100933313369751e-01
1.821394264698028564e-01
1.274514198303222656e-01
1.246447935700416565e-01
1.564592123031616211e-01
1.740188598632812500e-01
2.347665131092071533e-01
2.394532412290573120e-01
2.326015084981918335e-01
2.400607317686080933e-01
2.161663025617599487e-01
1.860279142856597900e-01
1.469945609569549561e-01
1.652616709470748901e-01
1.717845499515533447e-01
2.400607317686080933e-01
