-3.066740512847900391e+00
-3.131087303161621094e+00
-1.101410508155822754e+00
-1.445310473442077637e+00
8.039066195487976074e-01
-3.296928882598876953e+00
-3.383715629577636719e+00
-3.730339705944061279e-01
-2.340349912643432617e+00
-5.343460083007812500e+00
-2.290177106857299805e+00
-1.511086463928222656e+00
-3.707796096801757812e+00
-1.385231375694274902e+00
-6.120481967926025391e+00
-2.849643945693969727e+00
1.484065502882003784e-01
-1.054566740989685059e+00
1.464129924774169922e+00
-1.269574165344238281e+00
-1.877037882804870605e+00
-3.413836717605590820e+00
-5.008695602416992188e+00
-8.800528049468994141e-01
-2.997468471527099609e+00
-2.594829320907592773e+00
-3.685762643814086914e+00
-3.729043245315551758e+00
-1.562993407249450684e+00
3.181928992271423340e-01
-1.503655195236206055e+00
-1.160254359245300293e+00
-1.427047133445739746e+00
-3.031353950500488281e+00
-2.303281307220458984e+00
-3.482564449310302734e+00
-1.913045287132263184e+00
-2.441910505294799805e+00
-2.062772274017333984e+00
-2.024092197418212891e+00
-1.465614080429077148e+00
-2.910805702209472656e+00
-3.772132873535156250e+00
-3.628373384475708008e+00
-2.023143768310546875e+00
-2.306622505187988281e+00
-3.010138750076293945e+00
-2.386517286300659180e+00
-2.495029687881469727e+00
-2.884942770004272461e+00
-3.153069972991943359e+00
-9.388549923896789551e-01
-2.437731266021728516e+00
-2.536108255386352539e+00
-2.131532430648803711e+00
-3.824072360992431641e+00
8.265058696269989014e-02
-4.110880851745605469e+00
-3.421867847442626953e+00
-2.277575731277465820e+00
-4.928661584854125977e-01
4.659552574157714844e-01
-2.165930509567260742e+00
-2.248195409774780273e+00
-3.085076332092285156e+00
-3.461112737655639648e+00
-2.672267436981201172e+00
-1.920890450477600098e+00
-2.744333505630493164e+00
-3.721393346786499023e+00
-4.957005500793457031e+00
-1.129718661308288574e+00
-3.079450368881225586e+00
-4.262525081634521484e+00
-4.124145030975341797e+00
-2.239810466766357422e+00
-2.218346118927001953e+00
-2.916073799133300781e+00
-2.467118978500366211e+00
-1.839352488517761230e+00
-1.716966986656188965e+00
-1.949791073799133301e+00
-2.464054346084594727e+00
-2.338330745697021484e+00
-2.256090164184570312e+00
-6.719891428947448730e-01
-1.612642526626586914e+00
4.723986148834228516e+00
-1.229770779609680176e-01
4.762509465217590332e-01
-3.959587574005126953e+00
-5.439692974090576172e+00
-6.080594539642333984e+00
-1.761801481246948242e+00
1.266260623931884766e+00
-4.094857215881347656e+00
3.503806591033935547e-01
4.126951098442077637e-01
-1.506534099578857422e+00
6.161665916442871094e-01
-1.304103851318359375e+00
-3.364085912704467773e+00
-2.740893840789794922e+00
-2.080506384372711182e-01
-8.072040975093841553e-03
8.041643500328063965e-01
1.178480148315429688e+00
-5.600125312805175781e+00
-3.516196966171264648e+00
-4.282266139984130859e+00
-4.981007099151611328e+00
-5.500125408172607422e+00
-1.859112024307250977e+00
-2.376536130905151367e+00
-6.934601068496704102e-01
-4.339393138885498047e+00
-5.354808330535888672e+00
-4.180083274841308594e+00
-1.366440773010253906e+00
-3.005403280258178711e+00
-1.786143183708190918e+00
-1.499753355979919434e+00
3.164705336093902588e-01
-1.436113238334655762e+00
3.109571039676666260e-01
-2.223223447799682617e+00
-3.144096851348876953e+00
-1.999106407165527344e+00
-2.737053036689758301e-01
-1.991034746170043945e+00
-3.192601680755615234e+00
-4.308691978454589844e+00
-4.020866870880126953e+00
-3.251887798309326172e+00
-7.806424498558044434e-01
-5.734420776367187500e+00
-1.914824962615966797e+00
-1.312681555747985840e+00
-1.648864746093750000e+00
3.576608002185821533e-01
-6.494757533073425293e-01
-2.809146642684936523e+00
-2.991843938827514648e+00
-7.102681398391723633e-01
-8.830338120460510254e-01
2.718508958816528320e+00
1.172109603881835938e+00
-4.224968910217285156e+00
-2.354019403457641602e+00
-2.966027021408081055e+00
-4.122980237007141113e-01
7.889626502990722656e+00
-6.601475477218627930e-01
1.725178718566894531e+00
-9.344303607940673828e-01
2.992947816848754883e+00
-7.887941002845764160e-01
2.843467950820922852e+00
1.078391075134277344e+01
5.520211696624755859e+00
1.027943253517150879e+00
5.470203876495361328e+00
6.612199783325195312e+00
4.308743476867675781e+00
5.811496257781982422e+00
5.048209190368652344e+00
8.641921997070312500e+00
6.517188072204589844e+00
5.235469341278076172e+00
4.435227870941162109e+00
2.537399291992187500e+00
1.368980216979980469e+01
1.271694564819335938e+01
8.571179389953613281e+00
3.954514741897583008e+00
-2.005926609039306641e+00
5.285652160644531250e+00
3.735506057739257812e+00
7.135800361633300781e+00
1.160611629486083984e+01
1.205572319030761719e+01
4.416532993316650391e+00
3.391270875930786133e+00
2.000923871994018555e+00
2.772444486618041992e+00
2.356470584869384766e+00
5.618913173675537109e-01
3.508448302745819092e-01
4.326368331909179688e+00
4.288306713104248047e+00
1.290358662605285645e+00
1.803242444992065430e+00
1.042832612991333008e+00
3.112523317337036133e+00
-4.526336491107940674e-01
1.204568958282470703e+01
4.522072792053222656e+00
3.356999397277832031e+00
2.377677679061889648e+00
2.391212463378906250e+00
6.327135562896728516e-01
8.735514283180236816e-01
1.668555378913879395e+00
3.381362199783325195e+00
2.821114063262939453e+00
1.087048411369323730e+00
2.124366044998168945e+00
-7.438864707946777344e-01
6.158460140228271484e+00
4.863757133483886719e+00
8.179015159606933594e+00
5.472545623779296875e+00
2.352187156677246094e+00
-1.485202193260192871e+00
1.163921475410461426e+00
4.421117305755615234e+00
-1.294162034988403320e+00
4.594603061676025391e+00
-2.845292687416076660e-01
1.160104870796203613e+00
5.280858278274536133e-01
2.307535707950592041e-01
2.410521745681762695e+00
2.805130958557128906e+00
3.283875435590744019e-02
5.479855537414550781e+00
6.586416363716125488e-01
6.121789455413818359e+00
3.438947498798370361e-01
4.019361972808837891e+00
3.442012548446655273e+00
2.163730621337890625e+00
3.564490556716918945e+00
3.215880990028381348e-01
3.378106355667114258e+00
3.139868021011352539e+00
7.111417770385742188e+00
6.497117042541503906e+00
5.637748718261718750e+00
2.813061475753784180e+00
3.239586830139160156e+00
2.462013721466064453e+00
1.166665363311767578e+01
8.584784507751464844e+00
-1.284110426902770996e+00
1.013489532470703125e+01
1.141422176361083984e+01
4.510031223297119141e+00
4.706715583801269531e+00
1.530381798744201660e+00
4.692552566528320312e+00
7.870781898498535156e+00
-3.526527881622314453e-01
1.054085922241210938e+01
7.779155254364013672e+00
-1.882234588265419006e-03
8.954974412918090820e-01
3.506448984146118164e+00
1.707866907119750977e+00
3.949921727180480957e-01
-2.641037464141845703e+00
-1.460440516471862793e+00
1.973972320556640625e+00
2.764565467834472656e+00
5.504510402679443359e+00
3.208889484405517578e+00
2.064735412597656250e+00
3.344409227371215820e+00
6.163844585418701172e+00
-1.855720996856689453e+00
-1.775458604097366333e-01
-1.968815207481384277e+00
-1.413383483886718750e+00
4.625374794006347656e+00
-2.626475811004638672e+00
-2.100879669189453125e+00
-1.511917352676391602e+00
-4.122775554656982422e+00
-2.854629993438720703e+00
-2.695149183273315430e+00
-4.502049446105957031e+00
1.950511574745178223e+00
1.452474594116210938e+00
-3.190858602523803711e+00
6.119137763977050781e+00
5.228226184844970703e+00
-1.094971776008605957e+00
3.454736769199371338e-01
-2.373385429382324219e+00
-2.547359704971313477e+00
-6.783628463745117188e-01
-3.762616872787475586e+00
-2.807212591171264648e+00
-2.919406652450561523e+00
-4.391461849212646484e+00
-2.785099267959594727e+00
-2.440964937210083008e+00
-3.976943969726562500e+00
-2.872442960739135742e+00
-1.069492578506469727e+00
-2.416895627975463867e+00
-1.547000050544738770e+00
1.692079752683639526e-02
-6.128208711743354797e-03
-3.041969060897827148e+00
-1.901930451393127441e+00
1.147836804389953613e+00
8.202439546585083008e-01
-2.508849859237670898e+00
-2.513655662536621094e+00
-1.742921710014343262e+00
-1.675161719322204590e+00
9.427247047424316406e-01
-2.658002376556396484e+00
-1.166273593902587891e+00
-2.789259910583496094e+00
-3.312574386596679688e+00
-4.317327976226806641e+00
-5.078711986541748047e+00
-4.637998104095458984e+00
-4.938211441040039062e+00
-3.745778083801269531e+00
-4.003573417663574219e+00
-4.087585926055908203e+00
-2.975440979003906250e+00
-4.359020709991455078e+00
-4.302941799163818359e+00
-2.821335554122924805e+00
-4.616013050079345703e+00
-4.225930213928222656e+00
1.981968283653259277e+00
-3.613307774066925049e-01
-3.792444169521331787e-01
6.556198596954345703e-01
-4.085546493530273438e+00
-3.159741878509521484e+00
-4.837315559387207031e+00
-2.165403366088867188e+00
2.161531925201416016e+00
-1.366727650165557861e-01
-6.934378147125244141e-01
7.309738397598266602e-01
-2.860509634017944336e+00
-3.369608640670776367e+00
-2.295329809188842773e+00
1.311799049377441406e+00
-3.491786241531372070e+00
-4.308290958404541016e+00
1.517420530319213867e+00
-7.202546000480651855e-01
-1.340392231941223145e+00
-3.419105529785156250e+00
-1.264359354972839355e+00
1.065008878707885742e+00
-1.524346232414245605e+00
2.320374250411987305e+00
-3.623217344284057617e-02
8.553953468799591064e-02
2.681341171264648438e-01
1.872065186500549316e+00
-2.789538621902465820e+00
1.451435804367065430e+00
4.565506279468536377e-01
-5.725512504577636719e-01
-2.071848154067993164e+00
-5.174642086029052734e+00
-3.935839653015136719e+00
-2.604075670242309570e+00
-4.386235237121582031e+00
-2.351366043090820312e+00
-8.165386319160461426e-01
-3.145781755447387695e+00
-4.791140556335449219e+00
-4.246460437774658203e+00
-4.509966373443603516e+00
-2.990047693252563477e+00
-2.467587471008300781e+00
-1.985000610351562500e+00
-2.113040208816528320e+00
-4.384330749511718750e+00
-1.259970784187316895e+00
-4.252669334411621094e+00
-2.648330926895141602e+00
-1.325763821601867676e+00
-2.617273330688476562e+00
-2.979739427566528320e+00
-4.435139656066894531e+00
-4.263104915618896484e+00
-7.797999382019042969e-01
8.353562355041503906e-01
-1.851516842842102051e+00
1.843570590019226074e+00
-3.932357072830200195e+00
-1.685176372528076172e+00
3.629699945449829102e-01
-2.534332275390625000e+00
-3.623670816421508789e+00
-2.340736150741577148e+00
1.320148348808288574e+00
8.298577666282653809e-01
5.449439287185668945e-01
7.333906292915344238e-01
-6.458871960639953613e-01
-3.438854217529296875e+00
-2.807177305221557617e+00
-6.292160511016845703e+00
-1.192780017852783203e+00
-6.338893771171569824e-01
-5.105473518371582031e+00
-5.866910517215728760e-02
-3.804746389389038086e+00
2.910049200057983398e+00
1.236710190773010254e+00
2.814427316188812256e-01
4.257790565490722656e+00
1.000073552131652832e+00
-2.435509711503982544e-01
2.821280062198638916e-01
-2.443280816078186035e-01
8.817281126976013184e-01
2.375185966491699219e+00
4.558902680873870850e-01
3.356194019317626953e+00
4.287048816680908203e+00
3.455647230148315430e+00
-3.890625953674316406e+00
2.521760761737823486e-04
1.245899319648742676e+00
5.407554507255554199e-01
3.469076454639434814e-01
3.743793368339538574e-01
5.413600921630859375e+00
9.024575352668762207e-01
1.537110328674316406e+00
5.929587841033935547e+00
3.502683162689208984e+00
-1.107445597648620605e+00
-2.708963394165039062e+00
2.249437123537063599e-01
-1.716811507940292358e-01
2.345897436141967773e+00
-4.319829642772674561e-01
-3.572974681854248047e+00
2.919167280197143555e+00
8.044676855206489563e-03
1.780717611312866211e+00
6.463348865509033203e-01
1.884232997894287109e+00
-1.913498759269714355e+00
-4.285246849060058594e+00
1.106892943382263184e+00
6.158791184425354004e-01
3.432892322540283203e+00
2.115319728851318359e+00
1.117925643920898438e+00
6.564121246337890625e-01
2.273659467697143555e+00
7.030511856079101562e+00
-3.078684806823730469e+00
6.060248851776123047e+00
-2.876270771026611328e+00
1.462527513504028320e+00
-2.402798235416412354e-01
2.739243984222412109e+00
1.133192420005798340e+00
1.283934898674488068e-02
1.208856940269470215e+00
8.060775399208068848e-01
-1.157589316368103027e+00
-5.775266885757446289e-01
-1.105912685394287109e+00
-2.105796098709106445e+00
-3.189705133438110352e+00
1.894365668296813965e+00
2.243402957916259766e+00
1.389161825180053711e+00
4.064336776733398438e+00
1.235792040824890137e+00
1.997383832931518555e+00
-1.561394691467285156e+00
2.534419894218444824e-01
-1.537328839302062988e+00
9.882020764052867889e-03
-3.292402029037475586e+00
-3.971992731094360352e+00
4.415151178836822510e-01
-6.829420328140258789e-01
1.940307140350341797e+00
5.539848208427429199e-01
-1.026920199394226074e+00
7.032399624586105347e-02
-1.149902224540710449e+00
-1.550416231155395508e+00
-1.306063681840896606e-01
-5.227605700492858887e-01
3.018454909324645996e-01
5.481761932373046875e+00
-2.071449279785156250e+00
-3.008545935153961182e-01
9.271289110183715820e-01
-5.640279293060302734e+00
3.872160911560058594e+00
6.800745129585266113e-01
2.915214300155639648e+00
3.290987491607666016e+00
1.863989949226379395e+00
-2.160135984420776367e+00
2.811567783355712891e-01
2.219079017639160156e+00
9.320531487464904785e-01
-2.712693929672241211e+00
-8.946336507797241211e-01
2.166525125503540039e+00
3.831740319728851318e-01
1.017676115036010742e+00
3.498075962066650391e+00
4.923881530761718750e+00
-2.908615350723266602e+00
1.330092072486877441e+00
-1.000517532229423523e-01
5.588464260101318359e+00
2.869960069656372070e+00
1.897016465663909912e-01
5.505955696105957031e+00
4.411304369568824768e-02
-4.269758701324462891e+00
4.450146853923797607e-02
-4.475679099559783936e-01
1.232627987861633301e+00
3.435281991958618164e+00
3.434990048408508301e-01
1.429869055747985840e+00
-6.677791476249694824e-01
7.657660841941833496e-01
6.264828681945800781e+00
3.818832039833068848e-01
-2.137765645980834961e+00
1.213211655616760254e+00
-3.671360015869140625e+00
3.847339391708374023e+00
-3.631254434585571289e+00
9.545007348060607910e-01
1.365632057189941406e+00
5.178689002990722656e+00
-1.180308699607849121e+00
2.223532915115356445e+00
-1.534470021724700928e-01
-3.436357736587524414e+00
-1.527264475822448730e+00
-1.974511981010437012e+00
1.291744947433471680e+00
-5.727618336677551270e-01
1.418908596038818359e+00
-5.272974371910095215e-01
-3.149951934814453125e+00
-2.079882144927978516e+00
-5.802783370018005371e-01
6.751947104930877686e-02
1.339070558547973633e+00
4.017588198184967041e-01
2.446672916412353516e+00
-1.279727458953857422e+00
-2.349329948425292969e+00
-2.258566141128540039e+00
2.715768814086914062e+00
-2.934602737426757812e+00
-1.695792675018310547e+00
2.503031015396118164e+00
2.617953062057495117e+00
-3.690373182296752930e+00
5.682655334472656250e+00
2.584337472915649414e+00
1.733097076416015625e+00
-1.206272125244140625e+00
-5.219932794570922852e-01
-1.554680168628692627e-01
-4.712766170501708984e+00
5.122087001800537109e-01
2.575164556503295898e+00
-6.133176088333129883e-01
-2.670939683914184570e+00
-1.684873223304748535e+00
-7.775408029556274414e-01
-1.334172248840332031e+00
-1.901865720748901367e+00
1.935427784919738770e+00
-3.788253068923950195e+00
5.446598052978515625e+00
3.430522203445434570e+00
4.839373588562011719e+00
-1.491398215293884277e+00
2.010297775268554688e+00
-1.564270496368408203e+00
6.464821100234985352e-01
-1.743138581514358521e-01
-3.707954406738281250e+00
1.119488358497619629e+00
1.571030378341674805e+00
-1.145110607147216797e+00
-3.946418046951293945e+00
2.044887065887451172e+00
2.411402940750122070e+00
1.745271444320678711e+00
-5.863662362098693848e-01
1.766965031623840332e+00
1.504150748252868652e+00
5.786967277526855469e+00
-1.343746900558471680e+00
2.263213157653808594e+00
-3.407592773437500000e+00
1.480324745178222656e+00
-2.241610765457153320e+00
-1.118587255477905273e+00
1.689311027526855469e+00
1.008713126182556152e+00
2.621555566787719727e+00
-4.034053087234497070e-01
4.488987922668457031e+00
2.834421396255493164e+00
5.511242151260375977e-01
2.990566253662109375e+00
8.899251222610473633e-01
1.776932835578918457e+00
3.840188682079315186e-01
1.327228546142578125e-01
-2.963034629821777344e+00
1.177310824394226074e+00
-1.677747219800949097e-01
-2.032407760620117188e+00
6.426528692245483398e-01
2.323658943176269531e+00
2.028450012207031250e+00
2.904574573040008545e-01
2.197596788406372070e+00
-2.776803731918334961e+00
-2.928698778152465820e+00
3.087408781051635742e+00
-8.246605992317199707e-01
2.179323196411132812e+00
2.380273818969726562e+00
-4.478014945983886719e+00
2.271620750427246094e+00
-7.713279128074645996e-01
3.504464149475097656e+00
9.652999043464660645e-01
-2.057435989379882812e+00
-2.593004941940307617e+00
2.102120637893676758e+00
2.854933977127075195e+00
-5.428307056427001953e+00
2.702571868896484375e+00
3.431411385536193848e-01
1.670627355575561523e+00
-4.045211374759674072e-01
8.093206286430358887e-01
3.383490800857543945e+00
-1.023022979497909546e-01
-2.215902090072631836e+00
1.181679368019104004e+00
1.156599879264831543e+00
-2.164039373397827148e+00
-2.677085161209106445e+00
-9.199018031358718872e-02
-2.458481073379516602e+00
-3.560526967048645020e-01
2.360345840454101562e+00
1.619784533977508545e-01
2.116483688354492188e+00
-1.894357442855834961e+00
-6.214266419410705566e-01
1.978867292404174805e+00
-1.327573537826538086e+00
-1.459382891654968262e+00
1.626991510391235352e+00
2.827763557434082031e-01
-9.952552914619445801e-01
8.711375236511230469e+00
-1.979253292083740234e+00
7.231110572814941406e+00
-1.929747104644775391e+00
3.828450679779052734e+00
2.058542966842651367e+00
-5.768122196197509766e+00
-3.417927920818328857e-01
-5.230860114097595215e-01
-1.603707909584045410e+00
1.015388011932373047e+00
-5.319045782089233398e-01
-2.529101967811584473e-01
1.865888118743896484e+00
-6.939610838890075684e-01
7.040399551391601562e+00
1.069423705339431763e-01
-1.950514197349548340e+00
-3.508388280868530273e+00
-3.689093589782714844e-01
1.452988505363464355e+00
1.740416765213012695e+00
-1.381352424621582031e+00
1.317325949668884277e+00
3.707291126251220703e+00
-1.228283762931823730e+00
1.367402791976928711e+00
-4.554440975189208984e-01
4.997224211692810059e-01
-1.384040355682373047e+00
-2.317867279052734375e+00
1.722142577171325684e+00
1.021042346954345703e+00
1.924854040145874023e+00
5.839785933494567871e-01
-3.090163767337799072e-01
-1.171229481697082520e+00
4.748060703277587891e-01
9.246502518653869629e-01
-2.531187772750854492e+00
8.719245791435241699e-01
-1.767233371734619141e+00
-3.635704278945922852e+00
2.464049100875854492e+00
1.611023187637329102e+00
3.743284702301025391e+00
1.676867961883544922e+00
-1.078741312026977539e+00
-3.791989088058471680e+00
2.190150737762451172e+00
-9.451976418495178223e-01
-3.776844263076782227e+00
2.525395870208740234e+00
1.101412534713745117e+00
-2.426995754241943359e+00
5.959218978881835938e+00
3.036236286163330078e+00
1.427606582641601562e+00
-1.933555126190185547e+00
5.797801017761230469e-01
2.096089839935302734e+00
1.970847100019454956e-01
-1.532972216606140137e+00
2.225517481565475464e-02
3.607073068618774414e+00
1.406546354293823242e+00
8.262709379196166992e-01
2.498339176177978516e+00
-1.130571842193603516e+00
-3.347913622856140137e-01
4.037323892116546631e-01
4.005702018737792969e+00
1.986731410026550293e+00
4.734049737453460693e-02
5.646561145782470703e+00
-1.220515131950378418e+00
1.628332138061523438e+00
6.973792076110839844e+00
1.572528481483459473e+00
-4.711308479309082031e+00
3.352355360984802246e-01
-8.613712191581726074e-01
5.033618807792663574e-01
1.765056133270263672e+00
3.325499296188354492e+00
2.302209615707397461e+00
-9.862462878227233887e-01
1.778417706489562988e+00
8.324443697929382324e-01
2.796979188919067383e+00
-2.714124202728271484e+00
5.553736686706542969e-01
2.159836292266845703e+00
1.820680260658264160e+00
3.068983078002929688e+00
1.856745600700378418e+00
-2.993147373199462891e-01
3.073981285095214844e+00
2.507450103759765625e+00
-1.814801245927810669e-03
-2.879593074321746826e-01
1.292841732501983643e-01
2.045833110809326172e+00
-1.583852887153625488e+00
-2.432439327239990234e+00
-3.342044591903686523e+00
3.933931589126586914e-01
3.079429566860198975e-01
5.019237518310546875e+00
8.859823226928710938e+00
2.238247632980346680e+00
-3.616921305656433105e-01
3.425616979598999023e+00
2.918985843658447266e+00
4.385646343231201172e+00
4.090087413787841797e+00
2.389202594757080078e+00
5.176610946655273438e+00
3.373844146728515625e+00
7.373614907264709473e-01
4.215031623840332031e+00
5.863205432891845703e+00
-2.637058794498443604e-01
2.955198764801025391e+00
5.232907831668853760e-02
1.020142793655395508e+00
-2.772183895111083984e+00
-2.726296901702880859e+00
1.573946118354797363e+00
3.844536066055297852e+00
4.736277580261230469e+00
-2.745956897735595703e+00
2.416447639465332031e+00
-8.444572687149047852e-01
-1.704215526580810547e+00
7.540764808654785156e+00
-2.677203655242919922e+00
5.066432476043701172e+00
-4.191243171691894531e+00
-4.464626312255859375e+00
-8.460549116134643555e-01
-3.219552516937255859e+00
-5.916412472724914551e-01
-7.833253145217895508e-01
-5.090919017791748047e+00
-6.075593471527099609e+00
-1.189205050468444824e-01
4.176165103912353516e+00
3.269811391830444336e+00
-4.066896438598632812e+00
-5.303118228912353516e-01
-2.485999315977096558e-01
1.714094161987304688e+00
-2.022933006286621094e+00
3.026315450668334961e+00
4.245286941528320312e+00
-3.838983535766601562e+00
-4.719596385955810547e+00
3.053060531616210938e+00
-4.695962905883789062e+00
3.729940414428710938e+00
3.589769601821899414e+00
3.094506740570068359e+00
-3.506846427917480469e+00
2.562297582626342773e+00
5.181855201721191406e+00
5.331867337226867676e-01
-1.004146933555603027e+00
-1.231462359428405762e-01
3.972497701644897461e+00
5.794082283973693848e-01
-3.876930952072143555e+00
8.013530373573303223e-01
1.381178379058837891e+00
4.076981067657470703e+00
1.334628105163574219e+00
8.344621658325195312e+00
-4.923152923583984375e+00
-1.217013821005821228e-01
-2.071218788623809814e-01
-4.733515739440917969e+00
-1.722132265567779541e-01
-2.976902008056640625e+00
2.256136178970336914e+00
1.492475867271423340e+00
2.841485738754272461e+00
-1.657553076744079590e+00
-2.175374507904052734e+00
-3.085412263870239258e+00
1.741046905517578125e+00
-3.446618795394897461e+00
-2.430064439773559570e+00
-5.320959091186523438e-01
4.079446792602539062e+00
2.627084493637084961e+00
-4.869280815124511719e+00
4.165291786193847656e+00
-3.681613445281982422e+00
-4.080314159393310547e+00
-1.739807426929473877e-01
2.950163125991821289e+00
4.871132075786590576e-01
-3.136077880859375000e+00
1.057340383529663086e+00
1.193436980247497559e+00
7.781694829463958740e-02
5.236299991607666016e+00
-7.044318914413452148e-01
-2.508366346359252930e+00
1.561951756477355957e+00
-1.945312380790710449e+00
1.499092936515808105e+00
-4.384731292724609375e+00
8.768545389175415039e-01
-6.755893826484680176e-01
1.782760620117187500e+00
-4.130460321903228760e-01
-1.345657229423522949e+00
3.251495122909545898e+00
-3.399880409240722656e+00
3.185568809509277344e+00
5.365425586700439453e+00
5.138435840606689453e+00
2.581026554107666016e+00
-2.731709003448486328e+00
-8.164989948272705078e-01
3.789059445261955261e-02
1.339561462402343750e+00
5.766338706016540527e-01
3.068758249282836914e+00
4.764683723449707031e+00
2.333744049072265625e+00
-4.880820274353027344e+00
5.402269363403320312e-01
3.439830541610717773e+00
8.224176168441772461e-01
1.497511267662048340e+00
-6.125833034515380859e+00
-5.578394889831542969e+00
-2.739528179168701172e+00
-6.115998625755310059e-01
1.368548035621643066e+00
4.083190917968750000e+00
-1.493035793304443359e+00
-2.994775772094726562e+00
2.571983814239501953e+00
-1.105244398117065430e+00
-2.743113040924072266e-01
-1.779512047767639160e+00
-3.007086753845214844e+00
-2.494765043258666992e+00
1.496007919311523438e+00
1.159688234329223633e+00
4.676461219787597656e+00
-1.475742578506469727e+00
-1.890688776969909668e+00
-3.689238786697387695e+00
-8.528936505317687988e-01
-6.225911378860473633e-01
-1.088355898857116699e+00
-1.253229618072509766e+00
-1.745826125144958496e+00
-1.931988477706909180e+00
1.717799901962280273e-01
-1.505692362785339355e+00
-5.804558992385864258e-01
-1.392829418182373047e-01
-9.814257025718688965e-01
-2.906670331954956055e+00
-1.845510363578796387e+00
-5.868991851806640625e+00
-3.567081928253173828e+00
5.615518689155578613e-01
-1.423134505748748779e-01
-1.256385087966918945e+00
-2.937580049037933350e-01
-1.799555659294128418e+00
-9.094952046871185303e-02
1.805775880813598633e+00
-2.611125469207763672e+00
-3.360629677772521973e-01
-1.440051674842834473e+00
-2.129652976989746094e+00
-9.140493273735046387e-01
2.329986333847045898e+00
4.727624356746673584e-02
-2.924638271331787109e+00
-8.091481924057006836e-01
-3.837137222290039062e+00
1.515172362327575684e+00
2.576156377792358398e+00
-3.087782561779022217e-01
6.737478971481323242e-01
1.172405481338500977e+00
-1.831751227378845215e+00
-2.523453533649444580e-01
-2.714554309844970703e+00
-4.853666305541992188e+00
-4.798742294311523438e+00
-3.335061550140380859e+00
-4.214619159698486328e+00
-1.619993329048156738e+00
-2.809987306594848633e+00
-5.182995796203613281e+00
-7.135286808013916016e+00
1.509505659341812134e-01
1.051911592483520508e+00
-1.715796709060668945e+00
-2.607902526855468750e+00
-2.864556074142456055e+00
-2.996212482452392578e+00
1.519276201725006104e-02
-4.331186771392822266e+00
-1.930481314659118652e+00
-2.740613222122192383e+00
-3.458809375762939453e+00
-3.498447418212890625e+00
-3.793393135070800781e+00
-2.816543817520141602e+00
-2.572075605392456055e+00
-2.087000608444213867e+00
-4.504080295562744141e+00
-5.664951205253601074e-01
3.594010591506958008e+00
