-8.806868195533752441e-01
-3.144306182861328125e+00
-5.028424739837646484e+00
-4.892071247100830078e+00
-4.026731967926025391e+00
-1.559464693069458008e+00
-2.760268688201904297e+00
1.316298723220825195e+00
6.128993034362792969e-01
-2.733607530593872070e+00
3.707682490348815918e-01
-2.361046552658081055e+00
-2.715187788009643555e+00
-2.850843906402587891e+00
-2.602823734283447266e+00
1.322618126869201660e+00
-2.158716171979904175e-01
-2.879737615585327148e-01
8.843686580657958984e-01
-2.019426107406616211e+00
-2.164940834045410156e+00
-9.031380414962768555e-01
-3.814704179763793945e+00
-1.436676740646362305e+00
8.916950821876525879e-01
1.027352571487426758e+00
-2.070973634719848633e+00
-3.691516637802124023e+00
-3.501844406127929688e-01
-3.150222301483154297e+00
2.749703407287597656e+00
-2.949065864086151123e-01
1.998462915420532227e+00
2.806267738342285156e-01
-6.924821734428405762e-01
3.536572933197021484e+00
2.239511966705322266e+00
3.669913053512573242e+00
-1.716760754585266113e+00
-6.783821582794189453e-01
-1.550147891044616699e+00
-1.985841035842895508e+00
-3.328087329864501953e+00
-3.231869637966156006e-01
-1.976072311401367188e+00
1.709710001945495605e+00
-1.660482168197631836e+00
-1.703716278076171875e+00
2.425258457660675049e-01
-1.470731496810913086e+00
-1.640216708183288574e+00
3.653983175754547119e-01
1.967941820621490479e-01
-2.610055208206176758e-01
-8.181726932525634766e-01
-6.822385191917419434e-01
-1.116204738616943359e+00
-1.754782080650329590e+00
-1.866345047950744629e+00
-1.407463431358337402e+00
-5.191088914871215820e-01
4.393861442804336548e-02
-5.075129270553588867e-01
1.041656017303466797e+00
-1.708055853843688965e+00
-1.679461956024169922e+00
-1.082963466644287109e+00
-2.542597651481628418e-01
-1.953990340232849121e+00
1.568212151527404785e+00
-1.264838933944702148e+00
-8.161185383796691895e-01
-5.600829720497131348e-01
-1.214776873588562012e+00
-9.712789058685302734e-01
4.249263107776641846e-01
-1.936096549034118652e+00
3.601641654968261719e-01
-7.351427078247070312e-01
2.435323446989059448e-01
-1.332772016525268555e+00
-1.348286390304565430e+00
-4.960602819919586182e-01
-1.595987558364868164e+00
3.845899552106857300e-02
5.935326218605041504e-01
7.572904229164123535e-02
-7.893627882003784180e-01
1.523659586906433105e+00
1.046296834945678711e+00
-1.141936182975769043e+00
-1.781673789024353027e+00
-1.067308425903320312e+00
-7.171474695205688477e-01
-1.507964611053466797e+00
6.930459290742874146e-02
-1.502605438232421875e+00
1.949512124061584473e+00
-3.329228401184082031e+00
-2.062305510044097900e-01
-1.767998218536376953e+00
9.504721164703369141e-01
-2.245131731033325195e+00
-8.062537312507629395e-01
-2.322104215621948242e+00
-8.934600353240966797e-01
-7.486464977264404297e-01
-3.239541292190551758e+00
-3.527214765548706055e+00
-6.973035335540771484e-01
-1.088076233863830566e+00
-2.106705665588378906e+00
-1.093265295028686523e+00
2.361344575881958008e+00
1.572813630104064941e+00
-1.924161791801452637e+00
2.047339975833892822e-01
-1.039203763008117676e+00
-2.612311124801635742e+00
-2.141254663467407227e+00
-2.141254663467407227e+00
-3.314538955688476562e+00
-7.231340408325195312e-01
-8.092122673988342285e-01
9.144881963729858398e-01
-1.232456922531127930e+00
2.042956590652465820e+00
-2.191556692123413086e+00
3.603859841823577881e-01
-2.828004360198974609e+00
-1.759949326515197754e+00
-3.466333627700805664e+00
-3.896177291870117188e+00
-4.932585656642913818e-01
-1.888278603553771973e+00
-1.974796414375305176e+00
-2.428245067596435547e+00
-2.135587930679321289e+00
1.532934755086898804e-01
1.543384790420532227e-01
-2.175655364990234375e+00
-3.153078794479370117e+00
-1.494831442832946777e+00
-2.836977005004882812e+00
-2.812897682189941406e+00
-1.110295951366424561e-01
-1.946246385574340820e+00
-3.837377309799194336e+00
-3.056609153747558594e+00
-8.170227408409118652e-01
1.543055772781372070e+00
2.646435499191284180e+00
-6.060331463813781738e-01
-6.681460142135620117e-01
2.613637208938598633e+00
3.611503362655639648e+00
4.671722948551177979e-01
9.224220514297485352e-01
2.694641590118408203e+00
1.043583011627197266e+01
2.997995853424072266e+00
4.655828475952148438e+00
3.825218439102172852e+00
7.956243991851806641e+00
5.489836215972900391e+00
5.025513172149658203e+00
5.035262584686279297e+00
5.533366203308105469e+00
7.557798385620117188e+00
9.653152525424957275e-02
1.673861145973205566e+00
3.655194282531738281e+00
3.911205768585205078e+00
3.296986818313598633e+00
-2.394148558378219604e-01
7.975449562072753906e-01
1.238875150680541992e+00
2.673917412757873535e-01
2.697678804397583008e+00
8.505530357360839844e+00
8.471664428710937500e+00
-6.608210206031799316e-01
6.828237056732177734e+00
4.326487541198730469e+00
6.022147178649902344e+00
3.610352993011474609e+00
2.217555046081542969e+00
1.564932703971862793e+00
2.662580013275146484e+00
3.618916749954223633e+00
1.238667368888854980e+00
4.091042041778564453e+00
2.278297662734985352e+00
3.561814069747924805e+00
2.621734857559204102e+00
4.942307472229003906e+00
2.856342315673828125e+00
3.882069826126098633e+00
2.784551382064819336e+00
3.333721756935119629e-01
3.945171833038330078e+00
2.361235141754150391e+00
6.939239501953125000e+00
-1.182124614715576172e+00
2.531961679458618164e+00
-3.960939347743988037e-01
1.920291304588317871e+00
7.126542925834655762e-01
3.239787817001342773e+00
3.378468036651611328e+00
5.041061401367187500e+00
6.983614444732666016e+00
-3.555555269122123718e-02
1.345715761184692383e+00
3.240353822708129883e+00
2.154390215873718262e-01
-3.920760750770568848e-01
1.435807228088378906e+00
7.623559236526489258e-01
3.035523176193237305e+00
2.702254533767700195e+00
6.659485101699829102e-01
-1.597637653350830078e+00
-8.768383860588073730e-01
-1.820563554763793945e+00
6.576808452606201172e+00
2.538630247116088867e+00
1.700101375579833984e+00
-1.596659898757934570e+00
-6.774996221065521240e-02
-2.394744902849197388e-01
-1.483946561813354492e+00
-9.637019634246826172e-01
2.753329992294311523e+00
6.096124649047851562e+00
4.025536537170410156e+00
5.181307792663574219e+00
3.455114603042602539e+00
3.965161800384521484e+00
1.238046646118164062e+00
3.377985954284667969e+00
1.174244165420532227e+00
1.644410705566406250e+01
1.425877189636230469e+01
9.701656103134155273e-01
7.765557289123535156e+00
9.102865219116210938e+00
5.960943698883056641e+00
-1.816583514213562012e+00
-2.841221809387207031e+00
-2.274748802185058594e+00
3.149577379226684570e+00
2.266598701477050781e+00
3.600783824920654297e+00
7.047247886657714844e+00
4.354154109954833984e+00
1.302950024604797363e+00
-1.479994654655456543e+00
-3.462655544281005859e+00
6.432002782821655273e-02
1.883981108665466309e+00
-2.879866123199462891e+00
8.550038337707519531e+00
-9.874909520149230957e-01
1.114856481552124023e+00
2.624300956726074219e+00
1.721494674682617188e+00
2.752849340438842773e+00
2.947200536727905273e+00
-2.710859298706054688e+00
-3.599085330963134766e+00
-2.589735984802246094e-01
-1.000527977943420410e+00
3.313613414764404297e+00
3.206773400306701660e-01
1.044912338256835938e+00
1.195243477821350098e+00
-1.907325983047485352e+00
-1.974350452423095703e+00
-4.989576816558837891e+00
-2.599937677383422852e+00
-1.209635958075523376e-01
1.510789036750793457e+00
-4.599630832672119141e+00
-5.087091326713562012e-01
-3.981740176677703857e-01
1.764515399932861328e+00
1.826732158660888672e-01
1.081061124801635742e+00
-2.120690345764160156e+00
4.162539482116699219e+00
1.306734085083007812e+00
3.265596151351928711e+00
9.425460696220397949e-01
3.744806349277496338e-01
-2.010400056838989258e+00
-2.387409925460815430e+00
-2.857711791992187500e+00
-1.232154846191406250e+00
-6.690535545349121094e-01
1.800695776939392090e+00
3.117190599441528320e-01
3.479254722595214844e+00
3.962520122528076172e+00
4.663970947265625000e+00
3.111396312713623047e+00
3.717187166213989258e+00
4.052707195281982422e+00
1.254352807998657227e+00
2.974947452545166016e+00
6.798235177993774414e-01
1.404206275939941406e+00
3.020962953567504883e+00
-1.759253501892089844e+00
1.069614529609680176e+00
-2.976677179336547852e+00
2.109375238418579102e+00
-6.401885151863098145e-01
-1.443305730819702148e+00
-1.966962218284606934e+00
-3.333713769912719727e+00
-1.607379198074340820e+00
-8.431428074836730957e-01
-2.603671252727508545e-01
-4.407247543334960938e+00
-2.725482225418090820e+00
-1.907319068908691406e+00
-2.954630851745605469e+00
-2.030925035476684570e+00
-1.734069108963012695e+00
-8.436746001243591309e-01
-5.032185316085815430e-01
-2.550820350646972656e+00
-5.011913776397705078e+00
-4.092564105987548828e+00
-1.899772644042968750e+00
-3.361304998397827148e-01
-1.249282598495483398e+00
7.563006877899169922e-01
3.052109718322753906e+00
7.617325782775878906e-01
-1.666684001684188843e-01
-1.499976038932800293e+00
-4.728481173515319824e-03
1.234299659729003906e+00
1.958684444427490234e+00
5.521464943885803223e-01
2.229413509368896484e+00
1.983149886131286621e+00
-2.825040221214294434e-01
-7.777588367462158203e-01
1.165943145751953125e+00
1.928310275077819824e+00
2.394051313400268555e+00
2.377395629882812500e+00
4.608628749847412109e+00
-1.437256813049316406e+00
-2.250735521316528320e+00
-1.654035449028015137e+00
-1.348626613616943359e+00
-1.675974130630493164e+00
-2.987706899642944336e+00
-1.138523221015930176e+00
-9.946582317352294922e-01
6.207352876663208008e-01
2.100673675537109375e+00
1.458711385726928711e+00
-6.940129995346069336e-01
-1.002972126007080078e+00
-7.921883463859558105e-01
1.081468462944030762e+00
6.056188344955444336e-01
-1.444850325584411621e+00
-1.474045872688293457e+00
-2.450826406478881836e+00
-2.425086259841918945e+00
2.685394287109375000e-01
2.167483270168304443e-01
-1.713908195495605469e+00
1.992734909057617188e+00
8.847536444664001465e-01
5.525096654891967773e-01
-2.044313102960586548e-01
-1.635576605796813965e+00
1.119918674230575562e-01
1.723153591156005859e+00
8.502201437950134277e-01
-5.408203601837158203e-01
-1.074415445327758789e+00
-1.033984899520874023e+00
-2.275422096252441406e+00
-3.053936481475830078e+00
-2.860938787460327148e+00
-2.655560970306396484e+00
-2.924154281616210938e+00
-2.782593011856079102e+00
-2.379840373992919922e+00
-1.360229849815368652e+00
7.771578431129455566e-01
-2.452618122100830078e+00
-1.347351312637329102e+00
-8.341129422187805176e-01
1.566542237997055054e-01
-5.708150386810302734e+00
-3.011845827102661133e+00
-4.840463161468505859e+00
-3.029379367828369141e+00
-3.040291070938110352e+00
-2.152330636978149414e+00
-1.705456018447875977e+00
3.540391445159912109e+00
5.189371705055236816e-01
7.430802583694458008e-01
1.530270457267761230e+00
2.677331447601318359e+00
2.007319927215576172e+00
6.294129490852355957e-01
-7.353362441062927246e-01
-1.375784516334533691e+00
-2.578032910823822021e-01
-7.060275673866271973e-01
1.099797010421752930e+00
1.080072164535522461e+00
-3.547268807888031006e-01
-7.972455620765686035e-01
-2.497881889343261719e+00
-1.817606389522552490e-01
3.547503709793090820e+00
7.110576629638671875e-01
1.148085236549377441e+00
-5.600968003273010254e-01
-2.012982845306396484e+00
-1.519279599189758301e+00
8.328183293342590332e-01
4.979966640472412109e+00
1.265618443489074707e+00
-6.483551263809204102e-01
-1.550149798393249512e+00
-1.660677552223205566e+00
-2.735064983367919922e+00
2.438673257827758789e+00
6.000522971153259277e-01
-3.406834363937377930e+00
-1.493993282318115234e+00
-2.385230064392089844e+00
1.955577850341796875e+00
-1.689366221427917480e+00
5.099589347839355469e+00
5.805501937866210938e-01
-2.421107292175292969e+00
-1.721997618675231934e+00
-2.403704077005386353e-01
5.757670998573303223e-01
6.322687268257141113e-01
-1.756633639335632324e+00
-1.658784747123718262e+00
-1.392068415880203247e-01
2.888509035110473633e+00
9.120295643806457520e-01
1.859014391899108887e+00
-1.594620585441589355e+00
1.609077453613281250e+00
-2.940481662750244141e+00
3.584927082061767578e+00
2.105108737945556641e+00
-2.606540620326995850e-01
-2.854387760162353516e+00
-1.244424700736999512e+00
-8.308349847793579102e-01
7.475584149360656738e-01
-1.158008456230163574e+00
1.753684282302856445e+00
-8.988759517669677734e-01
-8.852686285972595215e-01
2.085822343826293945e+00
8.041436076164245605e-01
-1.785670280456542969e+00
-1.979225754737854004e+00
-1.760824471712112427e-01
-1.737228274345397949e+00
-5.710753202438354492e-01
-1.134402751922607422e+00
1.527465701103210449e+00
-1.981299400329589844e+00
-3.998400211334228516e+00
-6.155010461807250977e-01
-1.354465246200561523e+00
1.327232003211975098e+00
9.714198708534240723e-01
1.417046487331390381e-01
9.512349367141723633e-01
5.253666043281555176e-01
5.646952390670776367e-01
1.081770420074462891e+00
3.093840479850769043e-01
-4.259583353996276855e-01
-6.712414026260375977e-01
-1.547898888587951660e+00
-2.099114179611206055e+00
-1.528813481330871582e+00
-4.023233413696289062e+00
8.685627579689025879e-01
1.791210889816284180e+00
1.285056710243225098e+00
2.068671464920043945e+00
1.132023692131042480e+00
1.156930446624755859e+00
1.114200949668884277e+00
-1.656415104866027832e+00
6.808844804763793945e-01
-2.112938165664672852e+00
-4.156248271465301514e-01
1.249939441680908203e+00
4.981576800346374512e-01
2.510063886642456055e+00
2.006605386734008789e+00
-1.379925131797790527e+00
-1.660130381584167480e+00
-1.166040077805519104e-02
1.034687519073486328e+00
-1.564405560493469238e+00
-3.861205875873565674e-01
3.664082050323486328e+00
2.532666325569152832e-01
2.439668178558349609e+00
-2.962548971176147461e+00
-1.946979165077209473e+00
-2.580774545669555664e+00
1.779102206230163574e+00
1.818842738866806030e-01
7.609814405441284180e-02
1.697067618370056152e+00
-2.566168308258056641e+00
-8.834412097930908203e-01
-8.180135488510131836e-02
-1.925159811973571777e+00
-1.436599493026733398e+00
-3.106181383132934570e+00
-1.099432349205017090e+00
2.433789968490600586e+00
-4.285714149475097656e+00
6.003882288932800293e-01
-1.382289409637451172e+00
3.469258785247802734e+00
2.378104031085968018e-01
3.703819811344146729e-01
-1.733778953552246094e+00
-2.619490623474121094e+00
-4.420950412750244141e-01
-2.305584430694580078e+00
1.130007505416870117e-01
-1.736024379730224609e+00
6.620219349861145020e-01
-1.334318757057189941e+00
-4.409395217895507812e+00
-3.645988225936889648e+00
-9.115304946899414062e-01
-8.271810412406921387e-01
6.425648927688598633e-01
-1.137315988540649414e+00
1.119696736335754395e+00
-7.917962670326232910e-01
1.863382697105407715e+00
-3.057670831680297852e+00
-1.133456945419311523e+00
-2.484830617904663086e+00
-2.251233905553817749e-01
-1.075690150260925293e+00
2.240878820419311523e+00
-2.487951517105102539e+00
4.474952697753906250e+00
2.295365571975708008e+00
2.348633527755737305e+00
-3.676664352416992188e+00
2.395436763763427734e+00
-3.626908361911773682e-01
-4.529929161071777344e+00
-2.034072279930114746e-01
9.011216759681701660e-01
-1.935716629028320312e+00
-3.622461855411529541e-01
-1.700140357017517090e+00
-1.214709877967834473e+00
-1.666024565696716309e+00
-1.874535918235778809e+00
-4.949723184108734131e-01
-1.245222210884094238e+00
1.952755451202392578e+00
9.558082222938537598e-01
9.925950169563293457e-01
-3.032082617282867432e-01
5.573463439941406250e-01
-3.314627170562744141e+00
-5.226670950651168823e-02
-2.130928277969360352e+00
-2.370923280715942383e+00
8.169547915458679199e-01
3.352786600589752197e-01
-1.225640177726745605e+00
3.292677640914916992e+00
5.205297470092773438e-01
-6.138911843299865723e-01
-1.208695024251937866e-02
7.565482854843139648e-01
-4.706419706344604492e-01
1.561014950275421143e-01
1.262886404991149902e+00
1.282743930816650391e+00
-3.052124753594398499e-02
5.092960223555564880e-02
1.181498765945434570e+00
-5.381352305412292480e-01
-3.433576822280883789e+00
-3.265812397003173828e-01
-2.843788564205169678e-01
4.825491309165954590e-01
3.232163563370704651e-02
1.566366434097290039e+00
-4.971638321876525879e-02
2.651056051254272461e+00
1.103013977408409119e-01
9.310444593429565430e-01
2.249500036239624023e+00
-1.667820811271667480e+00
-3.254120945930480957e-01
-4.327340126037597656e+00
-6.001488566398620605e-01
-3.661694765090942383e+00
-3.103267669677734375e+00
-2.105840682983398438e+00
6.814247965812683105e-01
1.571850657463073730e+00
7.023071050643920898e-01
2.304633617401123047e+00
-5.254250764846801758e-01
-5.687558054924011230e-01
2.999702215194702148e+00
1.088699460029602051e+00
2.249861240386962891e+00
1.773360967636108398e+00
-1.985805511474609375e+00
1.562169551849365234e+00
2.565196156501770020e-01
2.869352579116821289e+00
-4.428036510944366455e-01
-2.220228672027587891e+00
-6.979200839996337891e-01
-2.688875198364257812e-01
3.520296514034271240e-02
-1.230672836303710938e+00
1.574782252311706543e+00
-2.588306665420532227e-01
-1.810581088066101074e-01
6.595407128334045410e-01
-1.426209330558776855e+00
1.125853657722473145e+00
-2.081099987030029297e+00
-3.613178253173828125e+00
-6.213962286710739136e-02
3.029627725481987000e-02
-1.405899524688720703e+00
-9.362032413482666016e-01
-2.707292318344116211e+00
-3.103636741638183594e+00
-8.803700804710388184e-01
9.508422017097473145e-02
2.115269899368286133e+00
-1.043654680252075195e+00
-2.672257184982299805e+00
-1.965645074844360352e+00
-8.013674020767211914e-01
-1.274070858955383301e+00
-1.820300221443176270e+00
3.786715120077133179e-02
-1.165661215782165527e+00
-3.329392433166503906e+00
8.300225257873535156e+00
-1.250263452529907227e+00
1.876536965370178223e+00
2.595363259315490723e-01
-9.285607337951660156e-01
4.387384355068206787e-01
-1.372699379920959473e+00
-3.723062276840209961e-01
-1.811171025037765503e-01
-2.404718399047851562e+00
-5.827218294143676758e-01
-1.871412634849548340e+00
-8.344314098358154297e-01
-1.590416207909584045e-02
-1.035546898841857910e+00
2.444458961486816406e+00
-1.007524609565734863e+00
-8.531076908111572266e-01
-2.193489789962768555e+00
1.025732755661010742e+00
-1.224728584289550781e+00
-1.098341107368469238e+00
-1.319130301475524902e+00
1.626628279685974121e+00
1.079814314842224121e+00
-1.014689445495605469e+00
-1.214473545551300049e-01
1.835377812385559082e+00
5.306736230850219727e-01
-3.250829458236694336e+00
-3.859646320343017578e-01
2.482277631759643555e+00
2.013533592224121094e+00
-1.408837318420410156e+00
2.053032398223876953e+00
1.306981444358825684e+00
-1.782911539077758789e+00
-2.425714492797851562e+00
-3.913602828979492188e-01
-2.166766881942749023e+00
-4.844011664390563965e-01
3.460279107093811035e-01
-2.090220689773559570e+00
2.606243133544921875e+00
4.848654270172119141e-01
1.254265069961547852e+00
1.170766115188598633e+00
-2.145827531814575195e+00
-2.304426431655883789e+00
2.337481737136840820e+00
-8.437913060188293457e-01
-2.150259256362915039e+00
-3.047289326786994934e-02
-5.204558968544006348e-01
-2.717149853706359863e-01
1.487125039100646973e+00
3.647554159164428711e+00
1.568799734115600586e+00
-3.570319414138793945e+00
1.748992204666137695e+00
-9.659394621849060059e-02
8.450595140457153320e-01
1.295081615447998047e+00
6.148130446672439575e-02
1.428457260131835938e+00
-9.041057825088500977e-01
-1.841640233993530273e+00
-1.197649478912353516e+00
-1.565984129905700684e+00
1.379886388778686523e+00
-1.306478500366210938e+00
-2.898432016372680664e-01
1.616451501846313477e+00
-1.082036972045898438e+00
1.437747716903686523e+00
-3.091099023818969727e+00
7.769697904586791992e-02
-1.905653178691864014e-01
7.958877086639404297e-01
-3.659720182418823242e+00
2.580433845520019531e+00
-1.728299736976623535e+00
2.699272871017456055e+00
3.354362726211547852e+00
-1.135438442230224609e+00
7.840727567672729492e-01
-1.859549045562744141e+00
3.687358856201171875e+00
2.505974054336547852e+00
3.414658308029174805e-01
9.247791767120361328e-01
-1.335509181022644043e+00
-3.109534978866577148e-01
1.013532280921936035e+00
9.310545921325683594e-01
1.680737376213073730e+00
-2.534958124160766602e+00
2.584380388259887695e+00
1.966852903366088867e+00
2.803884029388427734e+00
-2.612743526697158813e-03
-4.126312434673309326e-01
-1.183706641197204590e+00
-7.605641484260559082e-01
-2.117685556411743164e+00
-3.030176401138305664e+00
-5.940778255462646484e-01
1.474575698375701904e-01
-1.646379232406616211e-01
3.199465990066528320e+00
7.564987540245056152e-01
1.218680381774902344e+00
-9.014111757278442383e-01
2.970213413238525391e+00
3.009822368621826172e-01
8.749278783798217773e-01
8.457638025283813477e-01
3.061529874801635742e+00
1.164085030555725098e+00
-3.719944715499877930e+00
1.065068125724792480e+00
5.898772478103637695e-01
-1.158956885337829590e+00
2.145390510559082031e+00
-7.744373679161071777e-01
8.388032317161560059e-01
-3.683483839035034180e+00
-2.588912010192871094e+00
2.107429027557373047e+00
7.177765369415283203e+00
1.013656973838806152e+00
-2.203424692153930664e+00
1.069655776023864746e+00
-6.769308447837829590e-01
-2.493944883346557617e+00
2.280422925949096680e+00
-3.068143367767333984e+00
5.866854786872863770e-01
-4.326883316040039062e+00
-1.743237614631652832e+00
6.705665588378906250e-01
-2.142276763916015625e+00
-1.730505749583244324e-02
-1.486074566841125488e+00
-3.034027814865112305e+00
-4.740380764007568359e+00
1.413305401802062988e+00
6.855843663215637207e-01
2.236502170562744141e+00
-1.627481102943420410e+00
8.873578906059265137e-01
-3.424316048622131348e-01
-2.508875131607055664e-01
-2.461676359176635742e+00
-1.097557067871093750e+00
1.512143015861511230e+00
-1.587276101112365723e+00
-4.314785003662109375e+00
7.866961956024169922e-01
-5.652958154678344727e-01
3.281051158905029297e+00
4.177872180938720703e+00
1.888812422752380371e+00
-2.767899990081787109e+00
-1.015304565429687500e+00
3.308140993118286133e+00
1.071363449096679688e+00
-1.155059814453125000e+00
-1.333500742912292480e-01
-1.123424172401428223e-01
2.330142974853515625e+00
-1.943905591964721680e+00
1.644348740577697754e+00
2.275818109512329102e+00
3.782799720764160156e+00
1.261263728141784668e+00
6.929528236389160156e+00
-3.377545595169067383e+00
-3.185400962829589844e+00
8.601506948471069336e-01
-1.460744619369506836e+00
2.351728528738021851e-01
-2.241080522537231445e+00
2.151584386825561523e+00
2.354970932006835938e+00
-5.277263522148132324e-01
-6.862223744392395020e-01
5.521689057350158691e-01
-2.878615379333496094e+00
-6.392233371734619141e-01
-1.531115770339965820e+00
-3.235862255096435547e+00
-3.989116251468658447e-01
1.423067927360534668e+00
-1.346095919609069824e+00
-4.238451480865478516e+00
3.260225772857666016e+00
-2.466752290725708008e+00
-3.903729200363159180e+00
-8.968082666397094727e-01
2.891644477844238281e+00
-2.345991373062133789e+00
-2.696763515472412109e+00
-7.217299938201904297e-01
-2.108944892883300781e+00
-1.898898482322692871e+00
8.569550514221191406e-01
2.503800153732299805e+00
-2.437385797500610352e+00
2.519692182540893555e+00
-1.160617470741271973e+00
-1.285210609436035156e+00
-3.857314109802246094e+00
-6.152923107147216797e-01
1.803911030292510986e-01
9.703682065010070801e-01
-1.657662510871887207e+00
-1.316470265388488770e+00
-1.001110911369323730e+00
-3.720655918121337891e+00
2.004601061344146729e-01
2.692610740661621094e+00
2.530529499053955078e+00
2.119927644729614258e+00
-2.346020221710205078e+00
2.019304990768432617e+00
1.833567261695861816e+00
2.961022853851318359e-01
7.479819655418395996e-01
3.378538787364959717e-01
9.519284963607788086e-01
2.122508525848388672e+00
-3.996493577957153320e+00
-2.339563131332397461e+00
6.558327674865722656e-01
8.787857890129089355e-01
1.934026718139648438e+00
-2.890910863876342773e+00
-4.984693527221679688e+00
-1.493704557418823242e+00
1.050969481468200684e+00
-1.272444605827331543e+00
7.237113118171691895e-01
-1.556455373764038086e+00
-7.962103188037872314e-02
1.104673385620117188e+00
-1.890972852706909180e+00
-8.911125063896179199e-01
5.926640629768371582e-01
-1.772973895072937012e+00
-2.402371168136596680e+00
-1.420908570289611816e+00
7.605707049369812012e-01
2.812278509140014648e+00
2.737593889236450195e+00
1.221026420593261719e+00
2.407699823379516602e-01
1.091487526893615723e+00
1.263939380645751953e+00
-8.398560881614685059e-01
-5.820497870445251465e-01
9.409964084625244141e-02
-9.059205651283264160e-01
-2.020341902971267700e-01
4.218868911266326904e-01
2.345147848129272461e+00
6.405355334281921387e-01
-6.518854498863220215e-01
-2.029836893081665039e+00
7.920500040054321289e-01
-2.097236394882202148e+00
4.595279991626739502e-01
7.134096026420593262e-01
-2.941599786281585693e-01
7.914538979530334473e-01
1.735660314559936523e+00
-1.363960146903991699e+00
-3.626372218132019043e-01
5.329982638359069824e-01
1.533920615911483765e-01
1.697052597999572754e+00
-4.797796607017517090e-01
3.830121085047721863e-02
-3.281500339508056641e+00
2.261544466018676758e+00
6.776150465011596680e-01
-1.898534774780273438e+00
-8.496775627136230469e-01
-1.998136639595031738e+00
-4.097172915935516357e-01
7.612053155899047852e-01
7.814679741859436035e-01
1.682351350784301758e+00
-1.170763969421386719e+00
-1.729816317558288574e+00
-6.632916927337646484e-01
-1.861224055290222168e+00
-1.954466581344604492e+00
-3.795490264892578125e+00
6.917509436607360840e-01
-2.294792413711547852e+00
-3.500343859195709229e-01
-4.615441858768463135e-01
-2.739588499069213867e+00
-3.678021669387817383e+00
1.045959234237670898e+00
-3.999976217746734619e-01
-1.315939784049987793e+00
2.426508426666259766e+00
-1.179944396018981934e+00
-6.776902675628662109e-01
-7.366828322410583496e-01
-5.727985128760337830e-02
-2.198215007781982422e+00
5.108010768890380859e-01
-1.555171966552734375e+00
-2.826979160308837891e+00
1.615196466445922852e+00
3.165137052536010742e+00
8.726693391799926758e-01
-4.281195104122161865e-01
-6.710218191146850586e-01
-6.582326889038085938e-01
2.715890884399414062e+00
