-2.449594020843505859e+00
-1.332401990890502930e+00
-2.063095808029174805e+00
-2.810183525085449219e+00
-2.761356592178344727e+00
-1.753685951232910156e+00
-2.430130481719970703e+00
-4.462716579437255859e-01
-1.124107003211975098e+00
-5.956923961639404297e+00
-1.591899871826171875e+00
-3.542169809341430664e+00
-4.663986682891845703e+00
-3.351443290710449219e+00
-5.125721931457519531e+00
-1.102490782737731934e+00
-1.917363882064819336e+00
-2.330952882766723633e+00
-5.825898051261901855e-01
-2.613069772720336914e+00
-1.847729802131652832e+00
-3.807557582855224609e+00
-4.829770565032958984e+00
-3.281690359115600586e+00
-2.624701499938964844e+00
-3.141266107559204102e-01
-3.474639177322387695e+00
-3.498768568038940430e+00
-2.696557641029357910e-01
-2.313019752502441406e+00
7.413983941078186035e-01
-1.802260279655456543e+00
-6.774016022682189941e-01
1.646199375391006470e-01
-9.378673434257507324e-01
6.799793839454650879e-01
6.380942463874816895e-01
2.681729078292846680e+00
-1.676688551902770996e+00
-1.642757296562194824e+00
-3.092096805572509766e+00
-3.447206497192382812e+00
-4.844921588897705078e+00
-2.835526704788208008e+00
-2.573694229125976562e+00
4.975519478321075439e-01
-2.843263387680053711e+00
-3.168353319168090820e+00
-1.237046122550964355e+00
-2.354504823684692383e+00
-2.755994796752929688e+00
6.094709038734436035e-01
-1.954237341880798340e+00
-1.811600089073181152e+00
-1.799209713935852051e+00
-1.860289335250854492e+00
-3.935965299606323242e-01
-3.809574365615844727e+00
-3.673959970474243164e+00
-3.207273721694946289e+00
-9.389002323150634766e-01
-3.018716573715209961e-01
-2.774801015853881836e+00
-2.968535900115966797e+00
-3.575248718261718750e+00
-3.146198272705078125e+00
-2.066028118133544922e+00
-1.452756404876708984e+00
-4.163670539855957031e+00
7.243052124977111816e-02
-2.419799804687500000e+00
-1.829392671585083008e+00
-2.703093051910400391e+00
-3.469011545181274414e+00
-2.681648015975952148e+00
-1.221732139587402344e+00
-1.256786108016967773e+00
-9.679172039031982422e-01
-2.029218435287475586e+00
-6.604253053665161133e-01
-2.922549962997436523e+00
-1.297714352607727051e+00
-2.202191591262817383e+00
-3.378348827362060547e+00
-2.294883966445922852e+00
-7.220548391342163086e-01
-1.898637056350708008e+00
-7.790731191635131836e-01
2.387295663356781006e-01
1.051863789558410645e+00
-3.171100378036499023e+00
-3.601232767105102539e+00
-4.607754230499267578e+00
-2.773663282394409180e+00
-2.233148336410522461e+00
-3.579647541046142578e+00
-1.811322569847106934e+00
-8.782781958580017090e-01
-3.872646570205688477e+00
-2.781214237213134766e+00
-4.265899658203125000e+00
-9.155251383781433105e-01
-2.385687828063964844e+00
-8.188250064849853516e-01
-2.955254316329956055e+00
-1.338814735412597656e+00
-5.649284124374389648e-01
-2.518563985824584961e+00
-4.417762756347656250e+00
-2.336428642272949219e+00
-4.332828521728515625e+00
-3.675123453140258789e+00
-2.468190789222717285e-01
7.223985195159912109e-01
-1.467431783676147461e-01
-2.213619947433471680e+00
-2.616464376449584961e+00
-1.151588559150695801e+00
-2.671900033950805664e+00
-2.407956123352050781e+00
-2.280310153961181641e+00
-2.413479089736938477e+00
1.185782328248023987e-01
9.629825502634048462e-02
1.493433117866516113e+00
-1.359782695770263672e+00
3.357111513614654541e-01
-4.693178176879882812e+00
-3.108858585357666016e+00
-4.125960826873779297e+00
-3.275778055191040039e+00
-6.086009979248046875e+00
-4.341373443603515625e+00
-3.402773618698120117e+00
-4.464119911193847656e+00
-5.039765357971191406e+00
-4.450988292694091797e+00
-2.383979320526123047e+00
-1.699709892272949219e+00
-8.467065095901489258e-01
-3.317077159881591797e+00
-5.098200321197509766e+00
-4.542425155639648438e+00
-3.710022449493408203e+00
-4.159464359283447266e+00
-1.587661653757095337e-01
-2.127621889114379883e+00
-5.747022151947021484e+00
-2.742900848388671875e+00
-2.087729692459106445e+00
-1.541561722755432129e+00
5.013837337493896484e+00
1.621271610260009766e+00
1.468227744102478027e+00
3.183471441268920898e+00
5.056051731109619141e+00
2.921380996704101562e+00
3.686913490295410156e+00
7.753045082092285156e+00
6.985618114471435547e+00
4.305842220783233643e-01
5.249540805816650391e+00
4.966482162475585938e+00
5.401479244232177734e+00
3.463440895080566406e+00
3.266796112060546875e+00
4.878482818603515625e+00
4.456134319305419922e+00
5.990854740142822266e+00
4.269323647022247314e-01
3.560117483139038086e-01
6.146119117736816406e+00
4.754708290100097656e+00
4.247749328613281250e+00
-5.549026727676391602e-01
-1.429228425025939941e+00
1.953584551811218262e-01
-1.166500687599182129e+00
1.495176076889038086e+00
1.121311092376708984e+01
1.128538322448730469e+01
-9.171864390373229980e-01
5.317471504211425781e+00
2.564596414566040039e+00
6.340211868286132812e+00
4.315811634063720703e+00
2.822334527969360352e+00
1.157324910163879395e+00
2.891369581222534180e+00
3.766988039016723633e+00
2.866205453872680664e+00
1.537142515182495117e+00
2.705976963043212891e+00
5.330062866210937500e+00
2.017072677612304688e+00
9.490673065185546875e+00
3.089261054992675781e+00
3.356215476989746094e+00
1.509301781654357910e+00
7.796227335929870605e-01
3.437671899795532227e+00
1.978513360023498535e+00
4.574459075927734375e+00
3.190861940383911133e+00
3.879658460617065430e+00
-1.912423491477966309e+00
-3.619664311408996582e-01
-5.877807140350341797e-01
1.424762248992919922e+00
2.614725112915039062e+00
4.457069396972656250e+00
4.980578422546386719e+00
3.854592144489288330e-01
4.115015864372253418e-01
1.651345849037170410e+00
2.283620595932006836e+00
1.631835252046585083e-01
3.330767869949340820e+00
1.938065886497497559e+00
2.202540874481201172e+00
2.794337034225463867e+00
-2.689737379550933838e-01
-7.150018811225891113e-01
9.383117556571960449e-01
-1.482216596603393555e+00
4.278606891632080078e+00
6.832680702209472656e-01
2.549429655075073242e+00
-9.048742055892944336e-01
4.705537259578704834e-01
1.446805357933044434e+00
9.873784780502319336e-01
8.492631316184997559e-01
2.107608079910278320e+00
4.891704082489013672e+00
5.783809423446655273e-01
5.230885982513427734e+00
5.335587024688720703e+00
8.039912223815917969e+00
3.625583410263061523e+00
4.136755466461181641e+00
2.982621908187866211e+00
1.745573997497558594e+01
1.232823371887207031e+01
4.467881917953491211e-01
1.144238090515136719e+01
7.215397834777832031e+00
8.442771911621093750e+00
-4.182291626930236816e-01
-2.053015470504760742e+00
-4.269868135452270508e-01
3.420671463012695312e+00
2.432507753372192383e+00
7.973951816558837891e+00
7.001642704010009766e+00
2.213400363922119141e+00
1.156981110572814941e+00
1.548111557960510254e+00
-2.888290882110595703e-01
8.558573722839355469e-01
1.808172583580017090e+00
-2.772875308990478516e+00
8.103512763977050781e+00
2.709646701812744141e+00
4.542187690734863281e+00
3.179544210433959961e+00
1.317830562591552734e+00
8.491334319114685059e-01
3.442972183227539062e+00
-2.872843742370605469e+00
-2.424651384353637695e+00
-1.498975038528442383e+00
-1.937573552131652832e+00
3.929085254669189453e+00
-1.079096317291259766e+00
-1.920618772506713867e+00
-5.531443953514099121e-01
-2.963680028915405273e+00
-2.784202814102172852e+00
-4.349802970886230469e+00
-3.863018035888671875e+00
-9.173726290464401245e-02
1.157984852790832520e+00
-2.579330921173095703e+00
2.209132432937622070e+00
-2.917730808258056641e-01
4.760526120662689209e-01
-1.951363086700439453e-01
-1.168116807937622070e+00
-4.367170333862304688e+00
2.121268033981323242e+00
-1.283991098403930664e+00
8.518328070640563965e-01
-2.601780652999877930e+00
-7.069473266601562500e-01
-1.439521074295043945e+00
-2.850734710693359375e+00
-3.299607753753662109e+00
-2.891696691513061523e+00
-2.868816375732421875e+00
4.370228648185729980e-01
1.021582245826721191e+00
2.025761604309082031e+00
2.035357713699340820e+00
2.706688642501831055e+00
1.362248063087463379e+00
2.522123813629150391e+00
2.257455110549926758e+00
-1.035952687263488770e+00
6.712645292282104492e-01
-1.330144286155700684e+00
5.351965427398681641e-01
3.956835746765136719e+00
-4.430705010890960693e-01
3.089109659194946289e+00
-3.207170486450195312e+00
6.977123767137527466e-02
-3.136880874633789062e+00
-2.019528150558471680e+00
-2.744890928268432617e+00
-4.143824100494384766e+00
-1.400565981864929199e+00
-1.968371629714965820e+00
-2.239042520523071289e+00
-3.740186452865600586e+00
-3.642966985702514648e+00
-2.863258600234985352e+00
-3.612972259521484375e+00
-1.076132774353027344e+00
-2.885520696640014648e+00
6.232274174690246582e-01
-2.020678520202636719e+00
6.840835809707641602e-01
-2.300176620483398438e+00
-5.860250949859619141e+00
-3.339214801788330078e+00
-3.227304458618164062e+00
-2.893718481063842773e+00
3.676559448242187500e+00
2.882455587387084961e+00
-1.568194270133972168e+00
1.749047398567199707e+00
-4.649403691291809082e-01
8.050797581672668457e-01
6.609950065612792969e-01
2.767745018005371094e+00
-1.345346689224243164e+00
6.459749937057495117e-01
2.818537712097167969e+00
4.210710227489471436e-01
-1.211849570274353027e+00
-1.322090387344360352e+00
-2.813476920127868652e-01
1.094114780426025391e+00
-1.650531053543090820e+00
3.066775560379028320e+00
-3.464706838130950928e-01
-1.320832729339599609e+00
-1.472386360168457031e+00
-1.066390991210937500e+00
-3.213579893112182617e+00
-2.240474969148635864e-01
-7.172879576683044434e-01
6.272042989730834961e-01
-2.032616853713989258e+00
-1.345532238483428955e-01
-8.603567481040954590e-01
-1.285446882247924805e+00
-3.851681947708129883e+00
-2.946195840835571289e+00
-9.615805745124816895e-01
-8.679450154304504395e-01
-5.545101642608642578e+00
-4.305227756500244141e+00
-5.647673130035400391e+00
-3.373903036117553711e+00
-2.597209930419921875e+00
-1.609013080596923828e+00
-3.423308610916137695e+00
-1.062822937965393066e+00
1.941297948360443115e-02
-2.773011684417724609e+00
-2.171327352523803711e+00
-2.420648097991943359e+00
-1.966351389884948730e+00
-5.688484311103820801e-01
-6.051325798034667969e-01
2.828219532966613770e-02
2.034473717212677002e-01
-2.019797801971435547e+00
-4.124855041503906250e+00
-1.489625096321105957e+00
-2.464667320251464844e+00
-1.730207800865173340e+00
-2.601591348648071289e+00
-2.679730892181396484e+00
-1.767109990119934082e+00
-1.401824831962585449e+00
1.873526453971862793e+00
-1.540324091911315918e+00
-2.004127264022827148e+00
8.063119649887084961e-02
1.475847005844116211e+00
-3.915150403976440430e+00
-8.159835934638977051e-01
-4.486552238464355469e+00
-1.513417720794677734e+00
-9.970918893814086914e-01
-2.460509061813354492e+00
-6.645172834396362305e-01
6.036884188652038574e-01
9.654110670089721680e-01
1.098503947257995605e+00
9.674529433250427246e-01
2.633230686187744141e+00
2.117663145065307617e+00
-1.000545620918273926e+00
-6.010363623499870300e-02
-1.677213072776794434e+00
1.918209642171859741e-01
1.408142447471618652e+00
-1.441173911094665527e+00
3.051033735275268555e+00
1.716070294380187988e+00
1.275559306144714355e+00
-1.068618297576904297e+00
6.478772759437561035e-01
4.075285911560058594e+00
9.863092303276062012e-01
2.330200195312500000e+00
-3.483410179615020752e-01
1.309289216995239258e+00
-1.070137262344360352e+00
6.027600169181823730e-01
5.256083965301513672e+00
2.302187681198120117e+00
-8.151988685131072998e-02
-3.266984462738037109e+00
-9.423102438449859619e-02
-2.902852058410644531e+00
3.695626258850097656e+00
1.601673841476440430e+00
-2.921499490737915039e+00
1.663223206996917725e-01
-3.899345874786376953e+00
7.191465497016906738e-01
-4.694823622703552246e-01
2.910466432571411133e+00
-1.002776741981506348e+00
-3.636528968811035156e+00
1.492799073457717896e-01
8.402052521705627441e-01
8.211737275123596191e-01
5.240702033042907715e-01
-4.315952062606811523e-01
6.482840776443481445e-01
-1.130651682615280151e-01
4.776049137115478516e+00
-1.747264385223388672e+00
2.624442815780639648e+00
-2.412264823913574219e+00
1.264668703079223633e+00
-1.723274350166320801e+00
5.326478958129882812e+00
1.830029487609863281e+00
-2.350848168134689331e-01
-1.537006348371505737e-01
-8.822778463363647461e-01
8.844309300184249878e-02
9.301643967628479004e-01
4.034902155399322510e-01
2.504319548606872559e-01
-2.790918350219726562e+00
1.042220473289489746e+00
1.822521448135375977e+00
1.690382659435272217e-01
-3.254428803920745850e-01
-1.685552716255187988e+00
5.881106853485107422e-01
-8.932327628135681152e-01
-1.171090245246887207e+00
3.404229879379272461e-03
2.821437358856201172e+00
-2.462545871734619141e+00
-4.603480339050292969e+00
2.198379039764404297e+00
3.677850961685180664e-02
2.625600814819335938e+00
-1.962779521942138672e+00
-1.233664453029632568e-01
-2.430467456579208374e-01
-7.486264109611511230e-01
1.722200393676757812e+00
2.038173198699951172e+00
2.858849465847015381e-01
1.816383242607116699e+00
2.077321290969848633e+00
-1.300796389579772949e+00
-1.258841276168823242e+00
-2.990052700042724609e-01
-4.313924789428710938e+00
1.276992261409759521e-01
9.816004335880279541e-02
3.449444770812988281e+00
2.893835544586181641e+00
2.526376485824584961e+00
-8.733392357826232910e-01
1.428872108459472656e+00
1.608694717288017273e-02
1.194846391677856445e+00
-1.572711348533630371e+00
-1.740643680095672607e-01
5.224580764770507812e-01
9.381245374679565430e-01
1.631656289100646973e+00
3.655953884124755859e+00
2.244173049926757812e+00
-2.180058717727661133e+00
-1.589355468750000000e-01
9.495431184768676758e-01
2.151428699493408203e+00
1.161519527435302734e+00
2.680576324462890625e+00
1.748024106025695801e+00
1.251776576042175293e+00
-2.600285291671752930e+00
-4.044192433357238770e-01
-9.299087524414062500e-01
2.608500719070434570e+00
2.033530712127685547e+00
1.121727228164672852e+00
7.002455592155456543e-01
-4.757362604141235352e-01
-2.614060342311859131e-01
3.372898101806640625e+00
2.919177711009979248e-01
-1.490303635597229004e+00
-2.950409889221191406e+00
-1.632601141929626465e+00
1.982613444328308105e+00
-2.606345415115356445e+00
2.211946964263916016e+00
1.156878173351287842e-01
5.494333744049072266e+00
-6.948126852512359619e-02
1.944690227508544922e+00
3.970912694931030273e-01
-1.671402215957641602e+00
-6.951054930686950684e-01
-1.289839982986450195e+00
1.507932066917419434e+00
-1.835497021675109863e+00
2.388928413391113281e+00
-1.538898944854736328e-01
-3.987657070159912109e+00
-6.239531040191650391e-01
1.366101980209350586e+00
-1.669801950454711914e+00
2.393185496330261230e-01
-9.191076755523681641e-01
1.383459687232971191e+00
9.097932279109954834e-02
4.819094836711883545e-01
-3.247993707656860352e+00
6.664705276489257812e-01
-1.366618633270263672e+00
-5.618056058883666992e-01
3.830991387367248535e-01
-9.478943943977355957e-01
-4.034881293773651123e-01
4.517570018768310547e+00
1.656808376312255859e+00
2.011487722396850586e+00
-3.313382387161254883e+00
6.956824064254760742e-01
-1.184995248913764954e-01
-4.775006294250488281e+00
1.008340120315551758e+00
1.845728754997253418e-01
-2.145570516586303711e-02
-1.979334950447082520e-01
-1.229871749877929688e+00
-1.094195246696472168e+00
-4.507997632026672363e-02
-7.045111656188964844e-01
-5.033125877380371094e-01
-1.486389517784118652e+00
1.220730900764465332e+00
2.362010002136230469e+00
2.127395629882812500e+00
-1.070527791976928711e+00
1.328043580055236816e+00
-1.083922386169433594e+00
-3.415519595146179199e-01
-2.113741636276245117e+00
-2.018414974212646484e+00
4.727078378200531006e-01
1.092239618301391602e+00
3.045609295368194580e-01
1.114470362663269043e+00
-7.150936722755432129e-01
5.735385417938232422e-01
-1.925262808799743652e-01
9.177379012107849121e-01
4.266282916069030762e-01
2.700521230697631836e+00
1.850550651550292969e+00
3.069734334945678711e+00
4.220058023929595947e-01
-1.617348045110702515e-01
2.185212373733520508e+00
-4.266544282436370850e-01
-3.143017292022705078e+00
-3.062170147895812988e-01
-1.301621943712234497e-01
9.614478349685668945e-01
-2.590082883834838867e+00
3.380503892898559570e+00
1.713768482208251953e+00
2.576242685317993164e+00
3.162934064865112305e+00
5.153562426567077637e-01
3.065634727478027344e+00
-1.073078513145446777e+00
-7.783783078193664551e-01
-2.357523679733276367e+00
1.023544669151306152e+00
-5.324254631996154785e-01
-2.127795219421386719e+00
-1.377609372138977051e+00
1.774115264415740967e-01
1.978195071220397949e+00
2.500322818756103516e+00
1.740882396697998047e+00
-1.240744471549987793e+00
-1.131072878837585449e+00
3.296213865280151367e+00
9.289406538009643555e-01
9.973697662353515625e-01
5.016695261001586914e-01
-2.638331413269042969e+00
2.497830629348754883e+00
5.616725087165832520e-01
2.527150869369506836e+00
-3.645502626895904541e-01
-3.023059844970703125e+00
-2.557437896728515625e+00
1.415420889854431152e+00
1.396229505538940430e+00
-3.384551763534545898e+00
1.096495032310485840e+00
1.295200467109680176e+00
-1.236350893974304199e+00
2.488218784332275391e+00
5.671742558479309082e-01
2.403088092803955078e+00
-4.104957580566406250e-01
-1.487364649772644043e+00
4.914025068283081055e-01
1.637783408164978027e+00
-1.863268375396728516e+00
8.217895030975341797e-02
-1.117332339286804199e+00
-2.865596294403076172e+00
-1.823638677597045898e-01
-4.143295586109161377e-01
4.985500574111938477e-01
5.501741766929626465e-01
-1.679061412811279297e+00
-1.195086359977722168e+00
3.892189264297485352e-02
-4.205571651458740234e+00
-5.457741022109985352e-01
1.880197405815124512e+00
6.749115586280822754e-01
-2.032516002655029297e+00
7.848640918731689453e+00
-1.854827165603637695e+00
3.299353599548339844e+00
-7.737600058317184448e-02
3.250210523605346680e+00
1.633005857467651367e+00
-3.610002040863037109e+00
7.705587893724441528e-03
-3.208653330802917480e-01
-2.006048679351806641e+00
1.214516833424568176e-01
-1.532446026802062988e+00
7.617022991180419922e-01
-9.055418372154235840e-01
8.514727354049682617e-01
4.248494625091552734e+00
-5.185024142265319824e-01
-2.754312038421630859e+00
-2.034812688827514648e+00
-9.362832903861999512e-01
5.857419967651367188e-01
1.172592397779226303e-03
-2.105146408081054688e+00
3.469993919134140015e-02
4.036712169647216797e+00
-1.498214006423950195e+00
-6.709663271903991699e-01
-6.577456593513488770e-01
-6.795826554298400879e-01
-1.937067627906799316e+00
-1.361795306205749512e+00
2.457884311676025391e+00
-8.783267736434936523e-01
1.089134931564331055e+00
3.424888372421264648e+00
1.474181890487670898e+00
-1.420623898506164551e+00
-1.301035523414611816e+00
4.980928897857666016e-01
-3.743546247482299805e+00
1.640406847000122070e-01
1.393201231956481934e+00
-1.722975015640258789e+00
5.870251178741455078e+00
1.436823725700378418e+00
4.018183708190917969e+00
2.510701894760131836e+00
-2.823582172393798828e+00
-2.843212366104125977e+00
3.719808816909790039e+00
-1.721102714538574219e+00
-1.935575366020202637e+00
4.107538163661956787e-01
2.729446291923522949e-01
8.719590306282043457e-02
4.204267024993896484e+00
5.333807945251464844e+00
-1.802686452865600586e-01
-2.271831989288330078e+00
1.548504233360290527e+00
2.460220575332641602e+00
2.733531236648559570e+00
-4.000028371810913086e-01
-4.821022748947143555e-01
2.420069456100463867e+00
6.374793127179145813e-03
1.017050504684448242e+00
-8.335366249084472656e-01
-4.932316839694976807e-01
2.938182592391967773e+00
3.538708686828613281e-01
1.115142703056335449e+00
8.383775949478149414e-01
-7.041972875595092773e-01
3.357188463211059570e+00
-1.344261646270751953e+00
-1.632374376058578491e-01
2.510063409805297852e+00
2.673802375793457031e+00
-3.561040639877319336e+00
3.085046768188476562e+00
-5.749286413192749023e-01
3.190186738967895508e+00
3.943956136703491211e+00
1.898373603820800781e+00
2.219805717468261719e+00
-1.261082649230957031e+00
3.472237586975097656e+00
1.473469376564025879e+00
5.377344489097595215e-01
1.992485165596008301e+00
-1.145962178707122803e-01
-3.616254925727844238e-01
9.455418586730957031e-01
-4.283809661865234375e-01
3.074508905410766602e+00
-1.126140952110290527e+00
3.526116609573364258e+00
9.651014953851699829e-02
1.050833702087402344e+00
-5.700454488396644592e-02
-7.000833153724670410e-01
9.603590965270996094e-01
-2.693215906620025635e-01
-2.315851926803588867e+00
-2.183310031890869141e+00
7.180243134498596191e-01
4.799847304821014404e-01
2.565046787261962891e+00
5.612490653991699219e+00
2.998452425003051758e+00
9.196907281875610352e-01
3.936688005924224854e-01
3.594577312469482422e+00
2.090373992919921875e+00
2.858064413070678711e+00
-1.338055729866027832e-01
4.360176086425781250e+00
1.828225731849670410e+00
-2.730975151062011719e+00
9.831546545028686523e-01
3.354856491088867188e+00
-1.034489750862121582e+00
3.949267864227294922e+00
8.459159135818481445e-01
-8.695864677429199219e-01
-3.775356054306030273e+00
-1.711819022893905640e-01
1.721144795417785645e+00
7.354399204254150391e+00
1.142932772636413574e+00
-2.240126609802246094e+00
3.380958080291748047e+00
2.048756927251815796e-02
-1.703627824783325195e+00
6.227079868316650391e+00
2.802800238132476807e-01
2.683857440948486328e+00
-3.921759366989135742e+00
-1.915301203727722168e+00
1.060293674468994141e+00
-2.458371639251708984e+00
7.398961186408996582e-01
7.970086932182312012e-01
-2.525729417800903320e+00
-5.892882347106933594e+00
1.411674380302429199e+00
1.128081202507019043e+00
1.303079485893249512e+00
-3.508916378021240234e+00
-7.517023086547851562e-01
7.953865528106689453e-01
1.552875757217407227e+00
-1.919324040412902832e+00
5.461044907569885254e-01
4.708117008209228516e+00
-1.728811979293823242e+00
-3.138772726058959961e+00
8.484616279602050781e-01
-4.261772632598876953e+00
3.566880702972412109e+00
3.564938068389892578e+00
1.586152613162994385e-01
-1.840710997581481934e+00
-3.322008848190307617e-01
4.171645164489746094e+00
-8.762855529785156250e-01
-2.236084699630737305e+00
1.167856097221374512e+00
1.999934911727905273e+00
2.196063995361328125e+00
-1.489372611045837402e+00
3.372414588928222656e+00
3.115353345870971680e+00
4.582388401031494141e+00
2.137601613998413086e+00
7.967109203338623047e+00
-4.164347648620605469e+00
-1.988827824592590332e+00
-3.144430220127105713e-01
-2.461042404174804688e+00
1.183070421218872070e+00
-3.671509027481079102e+00
4.124426841735839844e+00
2.019917249679565430e+00
1.545286417007446289e+00
8.366042375564575195e-01
-1.755140662193298340e+00
-1.502967476844787598e+00
1.613633036613464355e+00
-1.670776486396789551e+00
-2.770868539810180664e-01
2.230743885040283203e+00
1.819486737251281738e+00
-1.200086951255798340e+00
-4.275271892547607422e+00
2.276684761047363281e+00
-3.134555816650390625e+00
-2.734522819519042969e+00
4.733652248978614807e-02
3.288285970687866211e+00
-1.571246266365051270e+00
-2.232282876968383789e+00
8.384209871292114258e-01
-2.786923885345458984e+00
-1.660289764404296875e-01
3.001984357833862305e+00
2.072176218032836914e+00
-1.255465984344482422e+00
1.588318109512329102e+00
-1.820120066404342651e-01
-1.229047179222106934e+00
-2.341777801513671875e+00
1.367634654045104980e+00
-9.958689212799072266e-01
1.138009548187255859e+00
-1.520406603813171387e+00
-6.500406861305236816e-01
1.303107380867004395e+00
-2.030271768569946289e+00
9.048430323600769043e-01
3.693702936172485352e+00
4.542963504791259766e+00
3.508311748504638672e+00
-2.908758163452148438e+00
2.324651002883911133e+00
6.550471186637878418e-01
1.323889732360839844e+00
3.455908894538879395e-01
-1.403096675872802734e+00
3.685795515775680542e-02
3.033016443252563477e+00
-2.048756361007690430e+00
-8.867966383695602417e-02
2.691882133483886719e+00
9.640419483184814453e-02
2.128313064575195312e+00
-2.189221382141113281e+00
-4.584345817565917969e+00
-3.588024079799652100e-01
-2.455327063798904419e-01
-1.388710141181945801e-01
1.251194596290588379e+00
-1.863274574279785156e+00
2.112586945295333862e-01
1.582545757293701172e+00
-9.133067727088928223e-01
2.029554359614849091e-02
-1.051932215690612793e+00
-1.160386800765991211e+00
-2.655629396438598633e+00
1.963378787040710449e+00
1.914786338806152344e+00
2.516252756118774414e+00
8.665314316749572754e-01
6.353479623794555664e-01
-1.923178195953369141e+00
1.266334295272827148e+00
8.900313377380371094e-01
1.254821419715881348e-01
-1.192449569702148438e+00
-2.241451740264892578e+00
-1.309040307998657227e+00
-1.314108967781066895e+00
-2.626728713512420654e-01
1.092994809150695801e+00
-1.950139999389648438e-01
-1.688657164573669434e+00
-3.694322586059570312e+00
-1.516772061586380005e-01
-2.999601364135742188e+00
-1.365302205085754395e+00
6.974880695343017578e-01
3.635633289813995361e-01
1.346510410308837891e+00
1.269342184066772461e+00
-2.134970188140869141e+00
-1.009644865989685059e+00
-2.347629964351654053e-01
-1.862932085990905762e+00
-5.621176362037658691e-01
7.579399347305297852e-01
9.351831674575805664e-01
-2.766519784927368164e+00
2.707134485244750977e+00
9.672942161560058594e-01
-1.029831886291503906e+00
2.300812005996704102e-01
-1.762211680412292480e+00
-7.871059179306030273e-01
2.629888057708740234e+00
1.586566805839538574e+00
2.801219701766967773e+00
1.550111770629882812e-01
-2.124961137771606445e+00
1.249666571617126465e+00
-3.153523206710815430e+00
-2.732548952102661133e+00
-3.188045978546142578e+00
-1.269576668739318848e+00
-2.816822052001953125e+00
-6.933447718620300293e-01
-1.230457067489624023e+00
-3.351297616958618164e+00
-3.387122869491577148e+00
2.317006587982177734e-01
9.192039966583251953e-01
-1.162279844284057617e+00
7.665242254734039307e-02
-2.601696252822875977e+00
-3.310206174850463867e+00
-8.811008334159851074e-01
-1.820119857788085938e+00
-2.958258867263793945e+00
1.100111961364746094e+00
-2.376958370208740234e+00
-2.317634344100952148e+00
-6.588591933250427246e-01
-6.210058331489562988e-01
1.149592638015747070e+00
-2.148690223693847656e+00
-2.055344104766845703e+00
-1.498741507530212402e+00
6.062195777893066406e+00
