-1.157524228096008301e+00
-2.312244176864624023e+00
-4.946276187896728516e+00
-6.509475708007812500e+00
-3.538230657577514648e+00
-4.823894977569580078e+00
-3.658963680267333984e+00
7.061911374330520630e-02
1.025885224342346191e+00
3.232190012931823730e-01
-4.102755069732666016e+00
-1.580831766128540039e+00
-4.811048507690429688e+00
-4.537109375000000000e+00
-9.680163860321044922e-01
-3.590056180953979492e+00
-2.867526531219482422e+00
1.993463039398193359e-01
-9.671530723571777344e-01
-1.661094874143600464e-01
-4.599334716796875000e+00
-1.115702986717224121e+00
-2.314094543457031250e+00
1.157250285148620605e+00
3.512070775032043457e-01
-1.779423713684082031e+00
-4.020417690277099609e+00
-2.833987236022949219e+00
-1.554834246635437012e+00
-1.855873227119445801e+00
-2.248081207275390625e+00
-2.488164186477661133e+00
-1.374087214469909668e+00
-1.995383858680725098e+00
-1.719909906387329102e+00
-3.872147083282470703e+00
-7.377309203147888184e-01
-2.471816778182983398e+00
-2.418795108795166016e+00
-1.824123263359069824e+00
-4.492563247680664062e+00
-2.627479314804077148e+00
-4.112636566162109375e+00
-3.191940784454345703e+00
-2.743664741516113281e+00
-2.095210552215576172e+00
-2.547085523605346680e+00
-4.943484306335449219e+00
-2.110131978988647461e+00
-4.180504798889160156e+00
-1.839524149894714355e+00
-1.589597940444946289e+00
-1.314116358757019043e+00
-2.099262952804565430e+00
-2.711688280105590820e+00
-6.275206804275512695e-01
-1.688997745513916016e-01
-2.334995746612548828e+00
-4.283252716064453125e+00
-2.236208200454711914e+00
-4.718816578388214111e-01
-1.302257895469665527e+00
-3.793011188507080078e+00
5.855903029441833496e-02
-3.172161579132080078e+00
-1.572063565254211426e+00
-3.384073019027709961e+00
-1.501028776168823242e+00
-2.889539003372192383e+00
-4.382622241973876953e+00
-4.255614757537841797e+00
-1.808635950088500977e+00
-2.309621572494506836e+00
-2.430337429046630859e+00
-2.692547321319580078e+00
-3.151427984237670898e+00
8.075407743453979492e-01
-3.074542045593261719e+00
-1.371941089630126953e+00
-2.429789781570434570e+00
-2.693547010421752930e+00
-4.434025764465332031e+00
-2.002874374389648438e+00
-2.147037982940673828e+00
1.713304400444030762e+00
-2.280742406845092773e+00
-4.286240935325622559e-01
3.970111370086669922e+00
1.378289937973022461e+00
2.193155765533447266e+00
1.316870570182800293e+00
-4.949561119079589844e+00
-5.336220741271972656e+00
-1.376496076583862305e+00
-1.168812513351440430e+00
-4.514684677124023438e+00
-1.501120567321777344e+00
-5.283136963844299316e-01
-2.063105821609497070e+00
1.471796989440917969e+00
-6.468648314476013184e-01
-4.529203891754150391e+00
-5.627023577690124512e-01
-1.744776129722595215e+00
1.081237435340881348e+00
3.576812744140625000e+00
-1.057639837265014648e+00
-1.098869800567626953e+00
5.241219997406005859e-01
-4.671959578990936279e-01
-2.220242738723754883e+00
-4.699867248535156250e+00
8.083171248435974121e-01
-1.612324237823486328e+00
-2.337342739105224609e+00
-1.357697844505310059e+00
-4.792655467987060547e+00
-3.525723695755004883e+00
-1.812246561050415039e+00
-3.173320055007934570e+00
-3.413008213043212891e+00
-2.430928707122802734e+00
-2.511430978775024414e+00
-3.011546850204467773e+00
-2.572911024093627930e+00
-5.017631053924560547e-01
-2.838454246520996094e+00
-2.154216051101684570e+00
-4.697501659393310547e+00
-2.550484418869018555e+00
-1.356070399284362793e+00
-4.523357868194580078e+00
-2.261418342590332031e+00
-4.090047359466552734e+00
-1.549586802721023560e-01
-3.139818429946899414e+00
-4.154227733612060547e+00
-3.492656946182250977e+00
-2.295027256011962891e+00
-3.794276714324951172e+00
-1.706335783004760742e+00
-5.715149402618408203e+00
-5.375275135040283203e+00
-4.971826076507568359e+00
-2.014886140823364258e+00
-1.553795933723449707e+00
5.338824540376663208e-02
-5.580178737640380859e+00
-4.428785324096679688e+00
-3.382247447967529297e+00
-3.789704561233520508e+00
5.777862071990966797e+00
5.895176887512207031e+00
9.026604652404785156e+00
6.406520366668701172e+00
9.235314369201660156e+00
7.896470069885253906e+00
6.440814971923828125e+00
4.726977825164794922e+00
6.314742565155029297e-01
9.056802749633789062e+00
1.938256144523620605e+00
2.855100870132446289e+00
-3.342006802558898926e-01
2.525567770004272461e+00
-1.794986605644226074e+00
5.850062966346740723e-01
-2.473589628934860229e-01
1.315605163574218750e+00
4.471117019653320312e+00
4.159958362579345703e+00
5.136497020721435547e+00
3.225117683410644531e+00
1.053882956504821777e+00
3.070505142211914062e+00
5.903314590454101562e+00
4.885111331939697266e+00
4.099193572998046875e+00
1.485414028167724609e+00
3.191728591918945312e-01
1.321229338645935059e+00
7.641630172729492188e+00
3.633622646331787109e+00
5.520854949951171875e+00
5.577211380004882812e+00
4.283588886260986328e+00
3.710881948471069336e+00
4.764403820037841797e+00
6.599276065826416016e+00
4.883841514587402344e+00
4.474259376525878906e+00
4.924132823944091797e+00
4.493541717529296875e+00
4.936694622039794922e+00
4.831834793090820312e+00
3.626196384429931641e+00
5.736427307128906250e+00
1.850964188575744629e+00
3.921811103820800781e+00
2.241992950439453125e+00
9.042967796325683594e+00
5.218650341033935547e+00
8.950580596923828125e+00
5.557392120361328125e+00
8.641468048095703125e+00
8.497565239667892456e-02
1.021965146064758301e+00
4.924287796020507812e+00
2.120593070983886719e+00
-6.037546992301940918e-01
-5.110682249069213867e-01
1.496059775352478027e+00
6.145760059356689453e+00
9.514018297195434570e-01
1.119075179100036621e+00
4.231733322143554688e+00
3.343888998031616211e+00
4.149284839630126953e+00
3.614640235900878906e+00
8.128647804260253906e+00
3.041206598281860352e+00
2.672161340713500977e+00
6.438401699066162109e+00
-7.765841484069824219e-01
-8.197696805000305176e-01
7.364751696586608887e-01
5.435650348663330078e+00
1.884246319532394409e-01
7.716775417327880859e+00
8.569026947021484375e+00
5.407204627990722656e+00
4.204369544982910156e+00
3.546630620956420898e+00
3.080872297286987305e+00
9.285835623741149902e-01
1.874803662300109863e+00
-5.787781476974487305e-01
5.937097966670989990e-02
4.211006641387939453e+00
4.117271900177001953e+00
3.734537124633789062e+00
3.307730913162231445e+00
2.528151750564575195e+00
5.092360377311706543e-01
2.241464138031005859e+00
1.815825462341308594e+00
1.689926147460937500e+00
4.875233650207519531e+00
3.416535139083862305e+00
5.668488502502441406e+00
4.098415374755859375e+00
5.056741237640380859e+00
2.973948717117309570e+00
1.903803825378417969e+00
3.856059789657592773e+00
2.236145019531250000e+00
3.163544416427612305e+00
5.906099319458007812e+00
4.651003837585449219e+00
6.409439086914062500e+00
2.194302082061767578e+00
2.092866659164428711e+00
2.725267648696899414e+00
4.354880332946777344e+00
1.382032632827758789e+00
1.166354751586914062e+01
1.173471641540527344e+01
1.130325698852539062e+01
1.209695577621459961e+00
-6.397019028663635254e-01
-5.039944127202033997e-02
-1.749004483222961426e+00
-1.813024163246154785e+00
-3.552155792713165283e-01
-4.679998874664306641e+00
-4.245250225067138672e+00
-1.588350057601928711e+00
-2.033071994781494141e+00
-9.847052693367004395e-01
-1.069133803248405457e-01
-1.449683547019958496e+00
1.786054372787475586e+00
1.151529669761657715e+00
2.471153974533081055e+00
2.038742542266845703e+00
1.302802920341491699e+00
-5.051953792572021484e-01
1.721495866775512695e+00
-5.961138010025024414e-01
-7.370467782020568848e-01
-9.862159490585327148e-01
-9.835526943206787109e-01
3.780877888202667236e-01
4.245377063751220703e+00
-3.306102752685546875e+00
-4.370610237121582031e+00
-8.299378752708435059e-01
-3.270212888717651367e+00
-1.138532161712646484e+00
7.795054316520690918e-01
-3.026689291000366211e+00
-9.843705296516418457e-01
-2.691349029541015625e+00
-1.542947649955749512e+00
-2.123229265213012695e+00
-1.755445718765258789e+00
2.294820174574851990e-02
-2.358899831771850586e+00
-2.963249683380126953e+00
-2.457689940929412842e-01
-2.863013505935668945e+00
-3.628704547882080078e+00
-3.506081581115722656e+00
-2.900863170623779297e+00
-3.375092983245849609e+00
-2.610393285751342773e+00
-3.738484859466552734e+00
-2.885955810546875000e+00
-3.808756351470947266e+00
-4.189076423645019531e+00
-4.104943275451660156e+00
-4.500806808471679688e+00
-3.102259159088134766e+00
-1.252750873565673828e+00
-2.010983467102050781e+00
-3.332805156707763672e+00
-4.130667686462402344e+00
1.037364721298217773e+00
-8.811157941818237305e-01
-1.417062997817993164e+00
7.335526943206787109e-01
-5.169964432716369629e-01
4.767196178436279297e+00
-3.625044971704483032e-02
1.389733433723449707e+00
-3.671419620513916016e-01
-5.700056552886962891e-01
-1.669762611389160156e+00
1.263270258903503418e+00
-9.940834045410156250e-01
1.009056210517883301e+00
-2.538625717163085938e+00
-4.210979938507080078e+00
-4.418268680572509766e+00
-4.234210014343261719e+00
-1.669055938720703125e+00
-4.183754920959472656e+00
-3.839115142822265625e+00
2.810568332672119141e+00
-3.366087675094604492e+00
-5.203675270080566406e+00
-5.906511783599853516e+00
-4.258060932159423828e+00
-1.748136878013610840e+00
3.727271556854248047e-01
6.563171386718750000e+00
2.503356933593750000e+00
-2.541577816009521484e+00
3.824266910552978516e+00
3.526975393295288086e+00
-5.035261511802673340e-01
5.489800930023193359e+00
2.345857381820678711e+00
-5.571933984756469727e-01
1.677612304687500000e+00
-1.562049031257629395e+00
-5.426768958568572998e-02
-2.322161436080932617e+00
3.633257389068603516e+00
-9.955694675445556641e-01
5.041102766990661621e-01
1.329750180244445801e+00
7.076090574264526367e-02
-1.861259043216705322e-01
7.415024936199188232e-02
1.907307863235473633e+00
-2.300390958786010742e+00
7.850390672683715820e-01
1.786360383033752441e+00
-1.289408087730407715e+00
2.314229965209960938e+00
9.136993885040283203e-01
3.538246393203735352e+00
3.932815313339233398e+00
2.141001701354980469e+00
-4.147520542144775391e+00
-4.146221160888671875e+00
1.323569059371948242e+00
2.472716331481933594e+00
-1.613970398902893066e+00
-9.575092196464538574e-01
-1.158032298088073730e+00
-3.772549867630004883e+00
-8.015928864479064941e-01
-2.050968408584594727e+00
-4.028694629669189453e+00
-2.256883382797241211e+00
5.816332623362541199e-02
1.799225449562072754e+00
-1.781232595443725586e+00
1.646013706922531128e-01
3.392270088195800781e+00
7.447391748428344727e-02
-4.541049480438232422e+00
-3.930051326751708984e+00
-3.592565298080444336e+00
-1.466197609901428223e+00
-8.973949551582336426e-01
-3.052462816238403320e+00
-1.036563396453857422e+00
-1.445531487464904785e+00
1.613954186439514160e+00
2.378932237625122070e+00
4.285088479518890381e-01
2.259684324264526367e+00
3.651739656925201416e-01
1.019587516784667969e+00
2.875719070434570312e+00
1.623937964439392090e+00
5.206439018249511719e+00
1.411013126373291016e+00
-1.061021685600280762e+00
5.028193071484565735e-02
-1.753979444503784180e+00
4.745000004768371582e-01
-3.158263683319091797e+00
-1.550416588783264160e+00
4.152953028678894043e-01
1.197890520095825195e+00
8.391035199165344238e-01
-1.548833131790161133e+00
-1.157020106911659241e-01
2.590968012809753418e-01
1.651876211166381836e+00
7.191227912902832031e+00
-3.835458755493164062e-01
-9.982590675354003906e-01
-1.712223291397094727e+00
-2.009707689285278320e+00
2.365930527448654175e-01
7.897398471832275391e-01
-7.168309092521667480e-01
-8.789861798286437988e-01
2.361459732055664062e+00
2.478521108627319336e+00
1.653218269348144531e+00
-3.911217927932739258e+00
7.612072944641113281e+00
-1.903874874114990234e+00
-2.957943916320800781e+00
-3.323299884796142578e+00
1.183741807937622070e+00
4.448289394378662109e+00
5.639726519584655762e-01
1.031007409095764160e+00
-5.695344209671020508e-01
1.056495904922485352e+00
5.492827415466308594e+00
-6.554187536239624023e-01
1.501519083976745605e+00
-1.420304656028747559e+00
2.409847974777221680e+00
-9.933544993400573730e-01
3.132115125656127930e+00
1.077327609062194824e+00
-2.678322792053222656e+00
-2.780136346817016602e+00
-5.399184703826904297e+00
-5.295518636703491211e-01
-1.038126349449157715e+00
4.758038520812988281e-01
-6.820273995399475098e-01
-1.932121515274047852e+00
-6.165153384208679199e-01
5.606252670288085938e+00
2.630949258804321289e+00
2.949241876602172852e+00
-5.612498521804809570e-01
6.397473216056823730e-01
-1.421971201896667480e+00
1.146877169609069824e+00
-2.549499750137329102e+00
-6.908345222473144531e-01
-2.998038008809089661e-02
-4.601847648620605469e+00
-9.176781177520751953e-01
-6.972417831420898438e-01
5.027976036071777344e+00
6.790211796760559082e-01
2.775368928909301758e+00
2.107506752014160156e+00
7.808248698711395264e-02
-2.894448518753051758e+00
-3.443342685699462891e+00
-7.522354125976562500e-01
-1.057278513908386230e+00
2.502249479293823242e+00
-1.008285999298095703e+00
-6.981506347656250000e-01
-1.663993954658508301e+00
-4.991685390472412109e+00
3.799357891082763672e+00
2.585879087448120117e+00
1.294803977012634277e+00
3.030552387237548828e+00
-9.283874034881591797e-01
-1.607832908630371094e-01
-1.317870140075683594e+00
5.679348111152648926e-01
2.193553209304809570e+00
-3.328223943710327148e+00
-9.613059759140014648e-01
-5.190238356590270996e-01
2.898807227611541748e-01
9.177804589271545410e-01
3.886856079101562500e+00
-1.015905737876892090e+00
-4.617929935455322266e+00
1.936577796936035156e+00
2.621606886386871338e-01
5.665245652198791504e-01
9.805021286010742188e-01
3.462491273880004883e+00
2.938533306121826172e+00
4.325589910149574280e-02
-2.761313676834106445e+00
-5.647174715995788574e-01
-1.561453700065612793e+00
7.297232747077941895e-01
3.836625337600708008e+00
2.734034657478332520e-01
1.472352743148803711e+00
-2.222937583923339844e+00
2.319092512130737305e+00
4.438085556030273438e-01
-2.552524805068969727e+00
-2.619944810867309570e+00
-2.031802654266357422e+00
-2.054472684860229492e+00
2.659321069717407227e+00
-3.582099676132202148e+00
1.843614876270294189e-01
8.358465433120727539e-01
2.124109268188476562e+00
-1.549051880836486816e+00
-2.156360864639282227e+00
-2.093491315841674805e+00
-4.256390571594238281e+00
-2.922988235950469971e-01
-4.116004943847656250e+00
-1.572990655899047852e+00
2.906139194965362549e-01
7.179297447204589844e+00
-2.779816389083862305e+00
-3.303837537765502930e+00
5.093535780906677246e-02
-2.915834426879882812e+00
-7.815613746643066406e-01
2.516510486602783203e+00
5.698547959327697754e-01
4.725270748138427734e+00
-1.897474050521850586e+00
8.389655351638793945e-01
-3.130467414855957031e+00
-3.585653305053710938e+00
-3.991308450698852539e+00
7.504478693008422852e-01
-2.074018001556396484e+00
7.397001743316650391e+00
-1.092287182807922363e+00
2.946943998336791992e+00
-1.780869007110595703e+00
-1.727108836174011230e+00
2.983760833740234375e-01
1.337185025215148926e+00
1.983360290527343750e+00
-2.220427751541137695e+00
-1.771691799163818359e+00
1.548140287399291992e+00
-2.137805700302124023e+00
1.403124332427978516e+00
-2.072355985641479492e+00
-6.163622140884399414e-01
-4.368522465229034424e-01
3.889193296432495117e+00
6.706543922424316406e+00
-1.821171164512634277e+00
1.607162356376647949e+00
1.536042213439941406e+00
4.660280227661132812e+00
-1.073723316192626953e+00
1.079136133193969727e+00
-4.386960029602050781e+00
3.975332975387573242e+00
1.149833798408508301e+00
-2.225115537643432617e+00
1.213599920272827148e+00
-6.649984121322631836e-01
-4.004465341567993164e-01
-1.621996164321899414e+00
-3.921677172183990479e-01
1.281206846237182617e+00
2.200690746307373047e+00
-1.219079494476318359e+00
-2.480555295944213867e+00
-8.012323379516601562e-01
-4.463831186294555664e-01
-6.247746944427490234e-01
2.932489156723022461e+00
-1.597168207168579102e+00
1.729919433593750000e+00
1.471128821372985840e+00
-1.317367315292358398e+00
8.955965638160705566e-01
3.334826707839965820e+00
4.105063915252685547e+00
2.163986444473266602e+00
1.547493457794189453e+00
-3.094160556793212891e-01
-2.436617136001586914e+00
1.056935310363769531e+00
1.821105599403381348e+00
3.867626905441284180e+00
-2.243335723876953125e+00
3.326091527938842773e+00
-4.215472221374511719e+00
2.464727878570556641e+00
1.228429079055786133e+00
-3.231619834899902344e+00
9.356626272201538086e-01
8.239821791648864746e-01
4.464221477508544922e+00
1.213551685214042664e-01
1.387027978897094727e+00
-3.466740131378173828e+00
-1.860412597656250000e+00
1.603797912597656250e+00
1.256273269653320312e+00
1.464024424552917480e+00
4.323412179946899414e-01
-1.359221577644348145e+00
4.337531089782714844e+00
1.781024098396301270e+00
3.166901111602783203e+00
-1.064732432365417480e+00
1.786649227142333984e+00
1.933795571327209473e+00
-1.729167997837066650e-01
-3.644716143608093262e-01
-1.071998834609985352e+00
1.978492259979248047e+00
-1.098635911941528320e+00
-1.512630105018615723e+00
2.002717733383178711e+00
-5.357465147972106934e-01
4.010122299194335938e+00
-2.216935306787490845e-01
-2.666237592697143555e+00
4.955877780914306641e+00
-2.232303142547607422e+00
5.775665044784545898e-01
-1.723395109176635742e+00
-3.606817960739135742e+00
-2.231127977371215820e+00
3.513548672199249268e-01
1.705399990081787109e+00
-3.238223314285278320e+00
1.290058493614196777e+00
-1.300448060035705566e+00
-2.477874279022216797e+00
2.518537998199462891e+00
2.264435961842536926e-02
-1.766714572906494141e+00
9.912782311439514160e-01
-2.183762311935424805e+00
-2.092876434326171875e+00
5.894075393676757812e+00
-3.246463298797607422e+00
3.658012390136718750e+00
3.040662109851837158e-01
5.926688194274902344e+00
2.686594426631927490e-01
-1.203745722770690918e+00
5.947400927543640137e-01
1.214470267295837402e+00
-1.930188894271850586e+00
-1.188908696174621582e+00
-2.201537132263183594e+00
-4.252901077270507812e-01
1.802220582962036133e+00
-3.300286054611206055e+00
1.876544594764709473e+00
-2.006262779235839844e+00
-1.395351886749267578e+00
-3.344612121582031250e+00
-2.341740578413009644e-01
1.059307456016540527e+00
5.301242828369140625e+00
5.888494253158569336e-01
2.605366230010986328e+00
2.977671623229980469e+00
2.140510082244873047e-01
1.308849453926086426e+00
4.292660713195800781e+00
1.274547696113586426e+00
-2.073781490325927734e+00
-6.126856207847595215e-01
1.586537003517150879e+00
-1.832353830337524414e+00
-4.303347468376159668e-01
-9.050919413566589355e-01
1.371823102235794067e-01
-1.598032832145690918e+00
-7.935659885406494141e-01
-7.755032777786254883e-01
-3.262984514236450195e+00
4.972883701324462891e+00
-4.263111650943756104e-01
-2.222191572189331055e+00
1.479737401008605957e+00
2.026791095733642578e+00
6.493862867355346680e-01
1.861844420433044434e+00
5.149984836578369141e+00
-4.044466495513916016e+00
-2.895175814628601074e-01
-3.955129623413085938e+00
-6.162278652191162109e-01
8.426377177238464355e-01
-5.156834602355957031e+00
-3.825638532638549805e+00
2.695855140686035156e+00
5.789369344711303711e-02
1.638858079910278320e+00
-5.687451362609863281e-01
4.442370891571044922e+00
2.473067305982112885e-02
1.163511633872985840e+00
-9.742306470870971680e-01
-1.696638107299804688e+00
2.499661207199096680e+00
1.165596842765808105e+00
-1.975735187530517578e+00
-1.976019740104675293e+00
-1.956165075302124023e+00
-1.508209347724914551e+00
-3.559974670410156250e+00
2.598931789398193359e+00
4.714293777942657471e-01
-2.569791674613952637e-01
-9.498831629753112793e-01
-2.222034931182861328e+00
4.992357492446899414e-01
-5.136164426803588867e-01
-1.999475479125976562e+00
-1.273575663566589355e+00
2.350285053253173828e+00
-5.691174268722534180e-01
1.081384658813476562e+00
2.051692724227905273e+00
5.438203215599060059e-01
3.389718532562255859e+00
-1.230793118476867676e+00
2.964380502700805664e+00
2.348679065704345703e+00
1.686981916427612305e+00
-3.635757207870483398e+00
9.449185132980346680e-01
1.058881506323814392e-01
-1.457259505987167358e-01
1.222107291221618652e+00
-2.541511774063110352e+00
2.124423503875732422e+00
2.575329542160034180e+00
1.620507240295410156e+00
5.636250972747802734e-01
-5.053239464759826660e-01
-1.345573902130126953e+00
-1.145247578620910645e+00
6.516025662422180176e-01
-3.939630031585693359e+00
-1.644211888313293457e+00
5.859756469726562500e-01
-1.885576009750366211e+00
1.064437150955200195e+00
4.964278697967529297e+00
-3.517229855060577393e-01
2.431660890579223633e-01
2.115733385086059570e+00
-1.526665925979614258e+00
-1.119541600346565247e-01
2.022002696990966797e+00
-4.467665553092956543e-01
3.329144477844238281e+00
-3.427298739552497864e-02
-1.024509906768798828e+00
2.265462160110473633e+00
2.945075511932373047e+00
-2.990569114685058594e+00
1.515438079833984375e+00
1.585192322731018066e+00
3.076788485050201416e-01
-3.553736448287963867e+00
-4.040849208831787109e+00
4.368261992931365967e-01
5.336700439453125000e+00
3.723436832427978516e+00
-3.114909410476684570e+00
2.261438846588134766e+00
-1.330941081047058105e+00
-1.340923190116882324e+00
2.542389929294586182e-01
-1.896185994148254395e+00
2.503640174865722656e+00
-2.953183889389038086e+00
-2.953582525253295898e+00
1.093353748321533203e+00
-1.292606830596923828e+00
-1.250893115997314453e+00
3.285869956016540527e-01
-2.288171768188476562e+00
-2.898326158523559570e+00
-5.239657163619995117e-01
2.797029256820678711e+00
5.753624439239501953e+00
1.851468086242675781e-01
7.910163998603820801e-01
-2.048807144165039062e+00
1.632951140403747559e+00
-6.562370061874389648e-01
-1.815734386444091797e+00
-1.389543861150741577e-01
-3.255270481109619141e+00
-4.493552684783935547e+00
1.254409551620483398e+00
-2.885603904724121094e+00
5.011638164520263672e+00
7.090118408203125000e+00
4.941409587860107422e+00
-1.570949316024780273e+00
2.048432111740112305e+00
2.811773061752319336e+00
2.127531051635742188e+00
3.138438463211059570e+00
-3.247638463973999023e+00
1.186876535415649414e+00
-2.844966173171997070e+00
-3.158482313156127930e+00
6.635762751102447510e-02
-2.981156706809997559e-01
7.186722278594970703e+00
3.100666522979736328e+00
4.543954372406005859e+00
-1.723506331443786621e+00
2.696987092494964600e-01
3.126272439956665039e+00
-2.796098232269287109e+00
-2.024832010269165039e+00
-2.886565208435058594e+00
1.151635408401489258e+00
-8.925678730010986328e-01
-2.227920055389404297e+00
-6.733870506286621094e-01
2.982412874698638916e-01
-1.533777594566345215e+00
5.003185272216796875e+00
1.393530219793319702e-01
-1.539266467094421387e+00
-5.802824497222900391e-01
2.061294794082641602e+00
4.644484996795654297e+00
-5.343442440032958984e+00
2.980697393417358398e+00
-2.015547901391983032e-01
-2.959146261215209961e+00
-3.551083430647850037e-02
8.076423406600952148e-01
1.395782947540283203e+00
-2.453379869461059570e+00
1.852551579475402832e+00
3.028795719146728516e+00
-8.351926207542419434e-01
2.389853954315185547e+00
-6.383663415908813477e-01
-2.415898561477661133e+00
1.228592634201049805e+00
2.675473988056182861e-01
-1.520190358161926270e+00
-2.882951259613037109e+00
1.844421863555908203e+00
-1.745598673820495605e+00
-1.086911201477050781e+00
-1.831123709678649902e+00
-2.101082324981689453e+00
-5.596457719802856445e-01
-4.338265895843505859e+00
-1.762478470802307129e+00
8.984259963035583496e-01
5.337123394012451172e+00
2.753477811813354492e+00
-3.874410152435302734e+00
-2.391251802444458008e+00
3.435490131378173828e+00
6.942664146423339844e+00
4.682581126689910889e-01
1.021905541419982910e+00
5.850288867950439453e-01
7.533943057060241699e-01
-4.096282482147216797e+00
-3.246172904968261719e+00
2.434050559997558594e+00
5.044339179992675781e+00
2.419806480407714844e+00
-5.793741703033447266e+00
-7.498466968536376953e+00
-1.096649765968322754e+00
-7.274864315986633301e-01
-1.147646188735961914e+00
2.178783416748046875e+00
6.209162250161170959e-02
-1.497049331665039062e+00
-9.820507764816284180e-01
-4.385435581207275391e+00
-2.149603366851806641e+00
-1.942917108535766602e+00
-5.134985446929931641e+00
-4.060112476348876953e+00
-1.233419299125671387e+00
6.958363056182861328e-01
7.397569656372070312e+00
-2.101527452468872070e+00
-2.498435497283935547e+00
7.495122551918029785e-01
-4.429443836212158203e+00
1.791399717330932617e-01
-9.138115644454956055e-01
3.024441301822662354e-01
4.058575630187988281e+00
3.491580247879028320e+00
2.929830551147460938e+00
-1.719377875328063965e+00
-3.140395402908325195e+00
7.724131345748901367e-01
6.765707135200500488e-01
-1.400619268417358398e+00
-3.508762359619140625e+00
-7.584042549133300781e-01
4.966591298580169678e-01
2.298254966735839844e+00
-9.891628026962280273e-01
-1.872740745544433594e+00
-1.904718399047851562e+00
-3.746733427047729492e+00
-1.079307317733764648e+00
2.681149244308471680e-01
-3.172605633735656738e-01
5.719456821680068970e-02
-4.090963363647460938e+00
1.800627827644348145e+00
-2.599347352981567383e+00
-1.113867640495300293e+00
-5.682197809219360352e-01
-3.828773736953735352e+00
-2.063826560974121094e+00
-5.325141906738281250e+00
-3.228449821472167969e-01
-1.516448616981506348e+00
-1.838081002235412598e+00
9.707796573638916016e-01
6.395398974418640137e-01
-1.214995861053466797e+00
4.494225502014160156e+00
-2.504543304443359375e+00
7.683978676795959473e-01
-1.608893275260925293e+00
8.917977213859558105e-01
-2.501237154006958008e+00
8.508153557777404785e-01
-1.121317386627197266e+00
-1.516790628433227539e+00
-3.332224130630493164e+00
5.788495540618896484e-01
1.703218460083007812e+00
-8.471425771713256836e-01
1.870493412017822266e+00
6.474939584732055664e-01
-4.059010505676269531e+00
3.172755002975463867e+00
-2.732740640640258789e+00
-1.865079879760742188e+00
-2.213771820068359375e+00
-1.331139802932739258e+00
-1.319576978683471680e+00
-3.805296421051025391e+00
-1.486476063728332520e+00
-6.437337994575500488e-01
-4.359797537326812744e-01
-2.091893672943115234e+00
4.215597629547119141e+00
2.491447448730468750e+00
