7.264604419469833374e-02
2.063984051346778870e-02
-6.518467515707015991e-02
-9.818542748689651489e-03
2.728347107768058777e-02
-5.549753829836845398e-02
5.545277148485183716e-02
-8.445329964160919189e-03
-1.934631913900375366e-02
2.671797387301921844e-02
2.051330916583538055e-02
5.191221088171005249e-02
-6.131390854716300964e-02
2.543540857732295990e-02
2.643857151269912720e-03
7.777279615402221680e-02
-6.766496598720550537e-02
2.423892356455326080e-02
-7.053855806589126587e-03
-6.149053201079368591e-02
-4.848418384790420532e-02
-3.359091281890869141e-02
-4.630092158913612366e-02
8.352179080247879028e-03
7.595708221197128296e-02
-6.269263103604316711e-03
-7.960271090269088745e-02
-3.934763371944427490e-04
5.814639106392860413e-02
-1.005192324519157410e-01
-3.241419792175292969e-02
-4.261324554681777954e-02
-5.359542369842529297e-02
1.944495551288127899e-02
-3.730691969394683838e-02
9.973585605621337891e-03
-4.389203712344169617e-02
5.978180468082427979e-02
1.879759505391120911e-02
1.351149380207061768e-01
5.944404006004333496e-02
2.672743052244186401e-02
-2.747691795229911804e-02
2.155049517750740051e-02
6.785805523395538330e-02
-4.322431981563568115e-02
7.624910213053226471e-03
4.691231623291969299e-02
-9.132804721593856812e-02
4.939314723014831543e-02
-3.855095803737640381e-02
-5.507313460111618042e-02
5.408106371760368347e-02
-6.680743396282196045e-02
8.139783143997192383e-02
4.177523404359817505e-02
1.186341047286987305e-02
3.848571330308914185e-03
1.058779209852218628e-01
4.163291677832603455e-02
1.764802262187004089e-03
7.561559975147247314e-02
-3.733425214886665344e-02
-2.286883443593978882e-02
-1.901003159582614899e-02
1.984773017466068268e-02
-2.882035449147224426e-02
8.841885626316070557e-02
-1.093351393938064575e-01
4.897435382008552551e-02
6.696651875972747803e-02
-1.041883528232574463e-01
-4.444468021392822266e-02
-3.501392528414726257e-02
8.305960893630981445e-02
-1.062718108296394348e-01
-2.650367096066474915e-03
-2.009307965636253357e-02
-2.179182879626750946e-02
5.464460700750350952e-02
-6.569825112819671631e-02
1.079439930617809296e-02
-2.165785059332847595e-02
-3.204672783613204956e-02
8.218288421630859375e-03
-8.984133601188659668e-03
-1.517808251082897186e-02
-4.658947698771953583e-03
3.102336265146732330e-02
-3.688215464353561401e-02
1.600840315222740173e-02
-6.831917911767959595e-02
-6.977615877985954285e-03
7.280455529689788818e-02
2.887175604701042175e-02
-4.089035093784332275e-02
-4.897126927971839905e-02
-8.275365829467773438e-02
1.330058425664901733e-01
2.494319900870323181e-02
-5.178173631429672241e-02
1.524783223867416382e-01
-8.013831079006195068e-02
2.994086593389511108e-02
-4.997858405113220215e-02
3.658346459269523621e-02
-9.011490270495414734e-03
-4.278745502233505249e-02
-3.404803574085235596e-02
-9.940601885318756104e-04
-5.623664334416389465e-02
2.536772936582565308e-02
-4.156636446714401245e-02
4.007377475500106812e-02
-5.653386563062667847e-02
-5.128028243780136108e-02
2.803614735603332520e-02
-8.543861657381057739e-02
5.715103819966316223e-02
2.492593228816986084e-02
-3.783985599875450134e-02
5.888689309358596802e-03
6.060779467225074768e-02
1.012567505240440369e-01
1.037358026951551437e-02
2.770185843110084534e-02
9.724596887826919556e-02
-7.939413934946060181e-02
2.666984125971794128e-02
-8.851255476474761963e-02
-7.037056982517242432e-02
-2.171177044510841370e-02
2.928781323134899139e-02
5.150736868381500244e-02
-1.518964022397994995e-02
-4.822408407926559448e-02
-2.773534506559371948e-02
3.080585971474647522e-02
-7.301932573318481445e-02
-5.004785954952239990e-02
-9.108354151248931885e-02
7.427453994750976562e-02
-2.651723474264144897e-02
-1.197351887822151184e-02
-6.480893492698669434e-02
3.742154315114021301e-02
-2.313782088458538055e-02
-3.558847308158874512e-02
5.412299931049346924e-02
4.257383942604064941e-02
7.758023589849472046e-02
4.038348048925399780e-02
-1.120085865259170532e-01
-8.026885241270065308e-02
1.477452367544174194e-02
2.559722214937210083e-02
-2.339878864586353302e-02
1.640757471323013306e-01
5.851781368255615234e-02
8.233281970024108887e-02
6.048111617565155029e-02
5.740209948271512985e-03
-9.042844176292419434e-02
2.112637646496295929e-02
1.132612004876136780e-01
5.421849340200424194e-02
3.741519898176193237e-02
-1.786120980978012085e-02
-9.817064553499221802e-02
-2.150167897343635559e-02
-4.922818019986152649e-02
-4.550272598862648010e-03
4.572006314992904663e-02
2.843586355447769165e-02
1.046424657106399536e-01
-8.782745152711868286e-02
-6.141168251633644104e-02
2.306776680052280426e-02
-3.970351815223693848e-02
-2.038957551121711731e-02
5.824912339448928833e-02
-1.554639823734760284e-02
6.069163233041763306e-02
1.054573804140090942e-04
-1.014153566211462021e-02
6.563128903508186340e-03
-3.213711827993392944e-02
2.149266749620437622e-02
1.043323501944541931e-01
2.479607239365577698e-02
5.482272058725357056e-02
-1.263258047401905060e-02
-3.079341351985931396e-02
1.644310355186462402e-02
6.067607551813125610e-03
1.058971136808395386e-02
5.991119891405105591e-03
-5.606071650981903076e-02
-5.498950183391571045e-02
1.522342860698699951e-02
-2.014621347188949585e-02
-6.457435898482799530e-03
2.187855541706085205e-02
5.451004952192306519e-02
-9.308883920311927795e-03
6.412135809659957886e-02
2.558024972677230835e-02
6.383619457483291626e-02
3.096664324402809143e-03
-1.587206497788429260e-02
-4.126036167144775391e-02
8.483693003654479980e-03
-5.270306766033172607e-02
-4.210034757852554321e-02
-2.090629935264587402e-02
9.108971804380416870e-03
3.464157879352569580e-02
3.070784360170364380e-02
6.934013962745666504e-02
4.541930556297302246e-02
-1.003350410610437393e-02
3.524044901132583618e-02
-3.242092579603195190e-02
8.625567704439163208e-02
-5.125439167022705078e-02
-1.884291879832744598e-02
-2.322398871183395386e-02
-6.686061620712280273e-02
-7.631266117095947266e-02
1.718042418360710144e-02
1.765706390142440796e-02
1.346582919359207153e-01
-6.865030154585838318e-03
3.172034397721290588e-02
1.203907281160354614e-02
2.448496408760547638e-02
1.383894979953765869e-01
-5.621010810136795044e-02
-2.084721252322196960e-02
2.132423967123031616e-02
-2.237362787127494812e-02
-5.330610275268554688e-02
5.692115426063537598e-02
7.128418982028961182e-02
4.078848287463188171e-02
5.845143273472785950e-02
3.356983885169029236e-02
-2.289922535419464111e-02
-6.414328515529632568e-02
1.175681687891483307e-02
-3.348878026008605957e-02
-5.059139430522918701e-02
5.468366295099258423e-02
5.861703678965568542e-02
4.221813380718231201e-02
-3.583420440554618835e-02
-1.493660360574722290e-02
-3.903219103813171387e-02
-1.162322238087654114e-02
1.838844269514083862e-02
3.033041767776012421e-02
1.496532931923866272e-02
-5.101245269179344177e-02
2.203764393925666809e-02
1.581534743309020996e-04
-2.921115793287754059e-02
-8.125012367963790894e-02
7.230509817600250244e-02
-1.474724523723125458e-02
3.546256572008132935e-02
-1.233994029462337494e-03
-3.561268746852874756e-02
6.883197277784347534e-02
-7.710167020559310913e-02
-5.638958141207695007e-02
-6.715761125087738037e-02
6.627666950225830078e-02
7.004060596227645874e-02
-3.984660655260086060e-02
-2.394029870629310608e-03
2.303288877010345459e-02
5.975114554166793823e-02
-2.540168538689613342e-02
-4.679745063185691833e-02
5.140695720911026001e-04
-5.272184684872627258e-02
-8.814143016934394836e-03
-7.530881464481353760e-02
-3.261401131749153137e-02
-4.419778287410736084e-02
3.482064232230186462e-03
-2.615095302462577820e-02
1.064998842775821686e-02
4.148621112108230591e-02
1.590274274349212646e-03
7.851868867874145508e-04
5.073189362883567810e-02
1.284881234169006348e-01
5.862918496131896973e-02
-5.960142984986305237e-02
-4.447396844625473022e-03
3.611444681882858276e-02
2.010884135961532593e-02
-3.368954733014106750e-02
4.076779633760452271e-02
-2.942130714654922485e-02
-7.180585525929927826e-03
3.891704231500625610e-02
3.480053693056106567e-02
5.578113719820976257e-03
2.695596590638160706e-02
4.273314028978347778e-03
-7.179785985499620438e-03
-4.881696775555610657e-02
-9.175891429185867310e-02
1.883134245872497559e-03
9.742189943790435791e-02
-7.328406721353530884e-02
2.824106253683567047e-02
-3.976209089159965515e-02
-2.041710913181304932e-02
8.567941375076770782e-03
-5.815596505999565125e-02
-3.226572275161743164e-02
6.638124585151672363e-02
3.266777470707893372e-02
-2.664648555219173431e-02
6.119776517152786255e-02
-1.264690328389406204e-02
-2.241263352334499359e-02
6.574134528636932373e-02
1.663543283939361572e-03
-7.233139872550964355e-02
9.831826388835906982e-02
-1.046150922775268555e-01
6.634376943111419678e-03
-4.584793001413345337e-02
-2.595328167080879211e-02
-3.615876287221908569e-02
5.781286954879760742e-02
4.963002353906631470e-02
1.337523162364959717e-01
-8.692175894975662231e-02
-6.584987044334411621e-03
1.066638156771659851e-03
-2.463208138942718506e-02
-1.298996657133102417e-01
-6.258463859558105469e-02
3.262078389525413513e-02
5.500440299510955811e-02
-3.011062182486057281e-02
2.901937440037727356e-02
1.138500869274139404e-02
-5.770567804574966431e-03
-5.640864372253417969e-02
-3.000981360673904419e-02
-1.088110078126192093e-02
2.423148974776268005e-02
4.001618549227714539e-02
7.656987756490707397e-03
-1.832281611859798431e-02
8.734136819839477539e-02
-5.406840145587921143e-02
2.885441854596138000e-02
-6.818017363548278809e-02
1.116994768381118774e-02
-4.399551451206207275e-02
-4.002086818218231201e-02
-4.716276377439498901e-02
-4.146715626120567322e-02
3.392079472541809082e-02
-1.990046538412570953e-02
2.249173447489738464e-02
-7.119078189134597778e-03
6.195396557450294495e-02
-4.007773846387863159e-02
-1.414212882518768311e-01
-7.683539763092994690e-03
9.819950163364410400e-02
-2.168739214539527893e-03
6.353007256984710693e-02
5.528917536139488220e-04
6.560660153627395630e-02
-7.798708975315093994e-04
3.046857379376888275e-02
-1.906894147396087646e-02
-7.029071450233459473e-02
-2.966686710715293884e-02
-9.332060813903808594e-03
-6.651750206947326660e-02
1.317874994128942490e-03
2.979894541203975677e-02
-1.174414902925491333e-01
6.560048460960388184e-02
-1.901377923786640167e-02
-9.050405025482177734e-02
-6.033600866794586182e-02
-3.408159688115119934e-02
-3.814202174544334412e-02
1.901756972074508667e-03
3.976143151521682739e-02
-3.502442687749862671e-02
5.623108148574829102e-02
1.592884212732315063e-02
2.830652520060539246e-02
-4.015151783823966980e-02
-4.537312686443328857e-02
-4.764977470040321350e-02
1.328244060277938843e-02
-4.110648483037948608e-02
3.604397550225257874e-02
4.112045466899871826e-02
7.849021255970001221e-02
4.700858891010284424e-02
-8.229126781225204468e-02
3.330989927053451538e-02
-9.566515684127807617e-03
-3.325000777840614319e-02
1.328479126095771790e-02
-7.728061825037002563e-02
3.206751868128776550e-02
-1.686450466513633728e-02
-4.241071641445159912e-03
-1.227900981903076172e-01
6.973775476217269897e-02
-1.555011235177516937e-02
-1.823441237211227417e-01
-7.949315011501312256e-02
1.186194866895675659e-01
6.817856431007385254e-02
-2.008811384439468384e-02
-3.803261741995811462e-02
2.810820378363132477e-02
-2.657253667712211609e-02
-1.037164404988288879e-01
5.346918478608131409e-03
-2.398511767387390137e-02
3.461311571300029755e-03
-4.876926541328430176e-04
1.959699392318725586e-02
-5.320733040571212769e-02
6.155230104923248291e-03
9.498862922191619873e-02
-1.712691597640514374e-02
3.593970835208892822e-02
2.812729217112064362e-02
6.884118169546127319e-02
1.103498935699462891e-01
2.717979624867439270e-02
6.389866024255752563e-02
7.938761264085769653e-02
-4.242179915308952332e-03
-7.363514602184295654e-02
1.857845298945903778e-02
-6.717772781848907471e-02
-1.356702446937561035e-01
-5.715468153357505798e-02
-4.586632177233695984e-02
4.539162665605545044e-02
-3.573228046298027039e-02
7.830343395471572876e-02
7.043758034706115723e-02
1.062371432781219482e-01
-6.116816401481628418e-02
7.683207839727401733e-02
7.817430049180984497e-02
-5.886100232601165771e-03
1.912707090377807617e-02
2.610491774976253510e-02
6.679927557706832886e-02
1.202935278415679932e-01
9.218184277415275574e-03
-4.650948196649551392e-02
4.630997031927108765e-02
3.495374321937561035e-02
-3.055868111550807953e-02
4.334586858749389648e-02
-1.169348359107971191e-01
3.572724014520645142e-02
2.189447730779647827e-02
-2.756249532103538513e-02
2.300584223121404648e-03
7.459378242492675781e-02
-8.474691212177276611e-02
-1.137714274227619171e-02
6.238168105483055115e-02
-5.020007118582725525e-02
-3.010821714997291565e-02
2.874536439776420593e-02
-4.295441508293151855e-02
-4.368618875741958618e-02
-5.990744754672050476e-02
-1.244164332747459412e-01
-1.093454100191593170e-02
4.489179700613021851e-02
1.923180930316448212e-02
3.192911297082901001e-02
-1.455547288060188293e-03
7.601592689752578735e-02
-5.120917782187461853e-02
9.197217226028442383e-02
-3.686276823282241821e-02
7.541794329881668091e-04
-8.200040459632873535e-02
-1.138924062252044678e-02
1.140351742506027222e-01
3.045811131596565247e-02
1.876874268054962158e-02
5.485991761088371277e-02
3.676059097051620483e-02
-4.615386947989463806e-02
4.308640956878662109e-03
3.201023861765861511e-02
-3.445686772465705872e-03
1.752530410885810852e-02
-8.988691866397857666e-02
1.881422474980354309e-03
-4.492208361625671387e-03
9.321279823780059814e-02
-3.866653889417648315e-02
1.384383998811244965e-03
7.147596776485443115e-02
-4.740298911929130554e-02
-5.381318926811218262e-02
-6.351947784423828125e-02
2.903000824153423309e-02
-3.482295200228691101e-02
2.686794474720954895e-02
5.337004363536834717e-02
1.503724791109561920e-02
1.100256741046905518e-01
3.460142761468887329e-04
-1.147744432091712952e-02
-9.580633044242858887e-02
-3.216931596398353577e-03
-3.526842594146728516e-02
1.647364906966686249e-02
-7.102575898170471191e-02
7.211616262793540955e-03
-7.673639059066772461e-02
-4.030041024088859558e-02
-7.459896057844161987e-02
5.908591207116842270e-03
5.150770395994186401e-02
-8.380822837352752686e-04
2.578192204236984253e-02
-3.711833059787750244e-02
5.529554933309555054e-02
-5.765044316649436951e-02
-6.844422221183776855e-02
3.397706896066665649e-02
5.250399932265281677e-02
-2.315536886453628540e-02
-3.712739050388336182e-02
-1.064369827508926392e-02
-6.968118250370025635e-02
-1.132939085364341736e-01
8.893065154552459717e-03
-1.510709896683692932e-02
-3.527991101145744324e-02
-1.140585020184516907e-01
1.995245926082134247e-02
-4.501629620790481567e-02
-4.259702749550342560e-03
-4.379167780280113220e-02
3.220614418387413025e-02
3.658187016844749451e-02
8.517573587596416473e-03
9.993370622396469116e-04
-6.354963406920433044e-03
2.712338790297508240e-02
6.234380602836608887e-02
-7.035601139068603516e-02
-6.645621359348297119e-02
1.611802540719509125e-02
-5.915530771017074585e-02
4.224037379026412964e-02
-6.006668135523796082e-02
2.744026482105255127e-02
-2.053352817893028259e-02
-4.560601338744163513e-02
2.317676693201065063e-02
-6.933579593896865845e-02
1.323672831058502197e-01
-1.795037835836410522e-02
1.031857579946517944e-01
5.080042034387588501e-02
2.798662334680557251e-02
6.494428962469100952e-02
4.845652729272842407e-02
5.790016800165176392e-02
2.368272095918655396e-02
4.019689559936523438e-02
1.139857918024063110e-01
5.358089134097099304e-02
1.045386120676994324e-02
6.322305649518966675e-03
-4.134547710418701172e-02
-6.581161916255950928e-02
7.982565462589263916e-02
-6.363606452941894531e-02
6.645587831735610962e-02
1.092420443892478943e-01
2.955983951687812805e-02
-1.425178069621324539e-02
-2.134602516889572144e-03
8.605019748210906982e-02
4.987606406211853027e-02
3.327699378132820129e-04
-5.325357615947723389e-02
7.331428676843643188e-02
-2.595060691237449646e-02
3.834807872772216797e-02
-5.228053033351898193e-02
3.459668159484863281e-02
3.537377715110778809e-02
4.467261582612991333e-02
9.178493916988372803e-02
1.540016569197177887e-02
-1.690718531608581543e-02
7.839953899383544922e-02
5.369151011109352112e-03
1.291710138320922852e-02
-1.100350823253393173e-02
-2.847456932067871094e-02
-6.096056476235389709e-02
-4.788086563348770142e-02
-8.157184347510337830e-03
-3.949292376637458801e-02
2.092397212982177734e-02
-4.738108813762664795e-02
-1.276383399963378906e-01
-2.402609214186668396e-02
-1.622478291392326355e-02
1.742872223258018494e-02
-8.431945741176605225e-02
1.157577708363533020e-02
1.360697671771049500e-02
1.490277796983718872e-02
-2.738219685852527618e-02
6.073610112071037292e-02
-1.808195933699607849e-02
4.331053048372268677e-02
8.084829896688461304e-04
6.635673344135284424e-02
2.772801183164119720e-02
-5.170723795890808105e-02
-3.935915976762771606e-02
1.223841905593872070e-01
-9.724931418895721436e-02
-1.195081770420074463e-01
-3.319008648395538330e-02
1.031943857669830322e-01
-1.025687754154205322e-01
4.313043132424354553e-02
2.892462722957134247e-02
-6.417315453290939331e-02
3.854454308748245239e-02
1.213238090276718140e-01
-5.967401340603828430e-02
3.712362796068191528e-02
7.779300957918167114e-02
-2.115704119205474854e-04
2.226587384939193726e-03
3.843233734369277954e-02
2.656571567058563232e-03
-7.330989465117454529e-04
2.612319588661193848e-02
1.576551422476768494e-02
-3.716372698545455933e-02
-5.387576296925544739e-02
-1.090878695249557495e-01
8.436204865574836731e-03
-9.788034856319427490e-02
5.359852313995361328e-02
-1.182319596409797668e-02
8.953102678060531616e-02
5.035612732172012329e-03
1.221009045839309692e-01
-4.231568425893783569e-03
1.454829871654510498e-01
-8.773384243249893188e-02
-1.137558817863464355e-01
-7.138749212026596069e-02
8.827131241559982300e-02
-3.069986961781978607e-02
6.141908466815948486e-02
-7.670611143112182617e-03
-6.676293909549713135e-02
-9.490920603275299072e-02
-5.050539970397949219e-03
9.901721775531768799e-02
1.053058877587318420e-01
-3.891054540872573853e-03
-1.074797809123992920e-01
8.955830708146095276e-03
9.069651365280151367e-02
5.047775804996490479e-02
-1.140683889389038086e-02
-2.926080115139484406e-02
-2.463138289749622345e-02
-3.619863465428352356e-02
-3.176478203386068344e-03
-4.815037548542022705e-02
6.648115813732147217e-03
-9.694075584411621094e-02
-5.579252541065216064e-02
1.086014956235885620e-01
-8.983483538031578064e-03
2.266883850097656250e-03
7.007680088281631470e-02
8.626241236925125122e-03
-3.298114612698554993e-02
-2.869659103453159332e-02
3.269606083631515503e-02
4.554998874664306641e-02
6.823319196701049805e-02
-1.252460330724716187e-01
3.258760645985603333e-02
2.201950177550315857e-03
-7.133432477712631226e-02
9.265433251857757568e-02
-1.560860723257064819e-01
-2.906868234276771545e-02
4.543092101812362671e-03
7.058218121528625488e-02
1.332047302275896072e-02
4.681011289358139038e-02
-4.377898201346397400e-02
6.556392461061477661e-02
-2.451469004154205322e-02
-3.756501898169517517e-02
5.031641572713851929e-03
8.574558421969413757e-03
4.270734265446662903e-03
4.613076150417327881e-02
-5.859433859586715698e-02
8.725471794605255127e-02
7.706664502620697021e-03
-4.725939780473709106e-02
3.120978549122810364e-02
3.111662156879901886e-02
-4.119974374771118164e-02
7.776574045419692993e-02
2.399236708879470825e-02
6.862258166074752808e-02
5.053139477968215942e-02
3.121335431933403015e-02
-7.007595896720886230e-02
-3.055819682776927948e-02
-3.007186343893408775e-03
-1.084112673997879028e-01
-4.742512851953506470e-02
-6.852675229310989380e-03
-5.088716372847557068e-02
-2.932229824364185333e-02
1.357720345258712769e-01
-4.123027995228767395e-02
-8.814893662929534912e-04
-5.506110936403274536e-02
3.061182424426078796e-02
-9.107720106840133667e-03
3.338896855711936951e-02
-6.936639547348022461e-02
-5.181899294257164001e-03
2.142522111535072327e-02
9.355697780847549438e-03
3.567490726709365845e-02
7.561661303043365479e-03
-1.043485105037689209e-02
5.875489488244056702e-02
6.067976355552673340e-04
-4.489880427718162537e-02
-2.922675199806690216e-02
2.598943561315536499e-02
5.058709532022476196e-03
9.025283157825469971e-02
-3.743246942758560181e-02
2.043314278125762939e-02
1.259315758943557739e-03
1.230519823729991913e-02
1.381708085536956787e-01
9.232375770807266235e-03
1.629864275455474854e-01
4.622538108378648758e-03
5.216772854328155518e-02
-1.205119304358959198e-03
-5.572685599327087402e-02
8.408170193433761597e-02
1.439919695258140564e-02
3.002357669174671173e-02
8.443972095847129822e-03
-2.801307663321495056e-02
8.259583264589309692e-03
3.737907111644744873e-02
7.408542186021804810e-02
-1.223908364772796631e-02
-9.160364419221878052e-02
-7.490257732570171356e-03
9.450747072696685791e-02
-7.444275543093681335e-03
1.593296416103839874e-02
-2.692617848515510559e-02
1.199612393975257874e-03
-1.428384054452180862e-02
2.687147632241249084e-02
-4.191131144762039185e-02
-1.287086866796016693e-02
2.628105878829956055e-02
1.206573843955993652e-02
3.434571623802185059e-02
1.091632544994354248e-01
-4.276549443602561951e-02
1.528666540980339050e-02
8.126659318804740906e-03
-1.039606519043445587e-02
2.737889066338539124e-02
1.278543099761009216e-02
2.088031917810440063e-02
3.721973299980163574e-02
6.160062178969383240e-02
-8.835579454898834229e-02
-5.787639692425727844e-02
-2.488406561315059662e-02
-8.290349692106246948e-02
-1.413873583078384399e-02
6.371556967496871948e-02
9.265071153640747070e-02
-1.040428429841995239e-01
-2.514507621526718140e-02
-6.943330168724060059e-02
3.607582300901412964e-03
-4.062300920486450195e-02
9.976232051849365234e-02
2.634085528552532196e-02
4.199032485485076904e-02
-7.782017439603805542e-02
-8.785669505596160889e-02
4.929037019610404968e-02
3.721719235181808472e-02
-1.600587181746959686e-02
-4.957133159041404724e-02
7.532319426536560059e-02
2.833635732531547546e-02
-1.866044104099273682e-02
2.203399874269962311e-02
2.487696334719657898e-02
2.164325676858425140e-03
-3.549502789974212646e-02
-1.153197884559631348e-02
6.314971297979354858e-02
7.812594622373580933e-02
-8.367594331502914429e-02
1.226371750235557556e-01
3.174001723527908325e-02
-9.727383404970169067e-02
5.706042423844337463e-02
-2.250355482101440430e-02
2.062708511948585510e-02
-4.004231840372085571e-02
5.685276538133621216e-02
-1.416064612567424774e-02
2.695039287209510803e-02
7.933396100997924805e-02
-2.563661150634288788e-02
2.186915650963783264e-02
1.648120582103729248e-03
8.109938353300094604e-02
4.537415876984596252e-02
-5.101839452981948853e-02
2.070912346243858337e-02
1.883031427860260010e-02
3.289863467216491699e-03
3.205432370305061340e-02
-4.096310585737228394e-02
-5.613685399293899536e-02
-7.146652787923812866e-02
-7.210250943899154663e-02
5.348429083824157715e-03
-3.554665669798851013e-02
9.205859154462814331e-02
-2.067561820149421692e-02
-1.064748410135507584e-02
-7.733401656150817871e-02
-3.282799944281578064e-02
2.970717661082744598e-02
1.742444932460784912e-03
3.330133855342864990e-02
-6.515192240476608276e-02
4.815347492694854736e-04
-6.310407817363739014e-02
-4.432431608438491821e-02
5.146014690399169922e-02
1.216576900333166122e-02
-2.083197794854640961e-02
5.990316718816757202e-02
-1.446664612740278244e-02
-1.437157206237316132e-02
-3.953506052494049072e-02
-2.952499128878116608e-02
-3.957232460379600525e-03
1.861951686441898346e-02
-5.014734715223312378e-02
-2.432342618703842163e-03
3.371027112007141113e-02
-6.112940609455108643e-02
-2.152893692255020142e-02
-1.368614193052053452e-02
-5.159538984298706055e-02
-2.467308193445205688e-03
-2.315980009734630585e-02
-2.532399259507656097e-02
9.619629010558128357e-03
-6.358899176120758057e-03
-3.505769371986389160e-02
3.162147477269172668e-02
1.673116162419319153e-02
-3.031032532453536987e-02
9.766047820448875427e-03
6.781439483165740967e-02
3.518403694033622742e-02
1.288444548845291138e-02
-1.923220604658126831e-02
6.725287437438964844e-02
1.619854196906089783e-02
-2.830981276929378510e-02
-1.063199713826179504e-02
5.658579617738723755e-02
3.606211394071578979e-04
1.372979208827018738e-02
4.295473545789718628e-02
8.076057583093643188e-02
5.741124600172042847e-02
1.559181511402130127e-02
-3.391188383102416992e-02
-8.398950099945068359e-02
1.049880757927894592e-01
1.160599477589130402e-02
2.622534707188606262e-02
-1.101384684443473816e-02
5.521471425890922546e-02
-1.603339612483978271e-02
-1.560268402099609375e-01
-1.200662739574909210e-02
-6.716877222061157227e-02
1.273929141461849213e-02
-3.881803154945373535e-02
-7.924807816743850708e-02
6.051916256546974182e-02
-7.024799287319183350e-02
8.292570710182189941e-03
-6.130269542336463928e-02
5.260053277015686035e-02
6.462827324867248535e-02
-1.111836880445480347e-01
6.989315152168273926e-02
1.345507502555847168e-01
1.239107735455036163e-02
6.487125903367996216e-02
1.181310787796974182e-02
-7.225894182920455933e-02
-9.297028183937072754e-03
2.878939546644687653e-02
3.984061628580093384e-02
-9.455740451812744141e-02
-1.072421595454216003e-01
2.337626367807388306e-02
-2.133497968316078186e-02
-7.619410753250122070e-02
-3.918484598398208618e-02
1.433662138879299164e-02
8.466887474060058594e-02
4.261530935764312744e-03
-2.149258181452751160e-02
7.921103388071060181e-04
-9.928145259618759155e-02
-2.745353803038597107e-02
-8.358247578144073486e-02
2.606266736984252930e-02
1.473131030797958374e-02
-1.158909425139427185e-01
-4.967912659049034119e-02
5.846879258751869202e-02
3.340849280357360840e-02
8.716443181037902832e-02
5.488656461238861084e-04
2.469645440578460693e-02
-2.471342869102954865e-02
2.595795691013336182e-02
-2.427327260375022888e-02
8.964245021343231201e-02
-4.164049029350280762e-02
-3.667274862527847290e-02
-5.510334298014640808e-02
3.915176540613174438e-02
2.827505394816398621e-02
-5.500978976488113403e-02
8.601681888103485107e-02
4.479318484663963318e-02
-1.505283638834953308e-03
