6.474845111370086670e-02
-7.383963093161582947e-04
-3.721275925636291504e-02
-8.128948509693145752e-03
2.955023199319839478e-03
-3.845211863517761230e-02
3.389589488506317139e-02
-6.201865151524543762e-03
-1.516695693135261536e-02
1.980513334274291992e-03
1.299306750297546387e-04
2.642651647329330444e-02
-3.948106616735458374e-02
2.647023648023605347e-04
4.420994780957698822e-03
4.141324386000633240e-02
-4.704593122005462646e-02
9.559419006109237671e-03
-2.059295773506164551e-02
-4.686342552304267883e-02
5.581192672252655029e-03
-3.353270888328552246e-02
-3.534445166587829590e-02
1.099895313382148743e-02
3.519054129719734192e-02
-1.674076728522777557e-02
-4.570513963699340820e-02
-9.197808802127838135e-03
4.168229922652244568e-02
-5.413226038217544556e-02
-2.834966033697128296e-02
-4.262569919228553772e-02
-1.917031221091747284e-02
3.671226277947425842e-02
-1.520902849733829498e-02
1.946495659649372101e-02
-4.218420013785362244e-02
5.434889346361160278e-02
9.163584560155868530e-03
1.023135185241699219e-01
3.996623307466506958e-02
2.529483474791049957e-02
-1.703359745442867279e-02
1.667154952883720398e-02
1.996692456305027008e-02
-4.340593889355659485e-02
-5.779897328466176987e-03
4.501652717590332031e-02
-2.983390726149082184e-02
2.578362822532653809e-03
-7.897244766354560852e-03
-5.392618477344512939e-02
2.168189734220504761e-02
-2.079718001186847687e-02
4.468141868710517883e-02
2.015686407685279846e-02
-4.555294290184974670e-03
-1.314357481896877289e-02
6.072525680065155029e-02
1.009579561650753021e-02
-1.116976235061883926e-02
5.111381784081459045e-02
-1.310085225850343704e-02
-3.264957666397094727e-02
-1.113938819617033005e-02
2.804350852966308594e-02
-2.324346825480461121e-02
5.152168497443199158e-02
-6.571111828088760376e-02
2.909700758755207062e-02
3.707863390445709229e-02
-9.408429265022277832e-02
-5.089112371206283569e-02
-3.225163370370864868e-02
5.105145275592803955e-02
-8.837874978780746460e-02
-6.449756212532520294e-03
-3.633856028318405151e-02
-9.520800784230232239e-03
2.844773232936859131e-02
-1.738213747739791870e-02
2.211458981037139893e-03
-4.391133785247802734e-02
-1.410363800823688507e-02
8.728429675102233887e-03
-3.757677972316741943e-03
-2.636784687638282776e-02
-1.960095018148422241e-02
2.221959456801414490e-02
-1.540448516607284546e-02
-1.919320598244667053e-02
-3.832328692078590393e-02
-7.931787520647048950e-03
6.022025272250175476e-02
1.841925270855426788e-02
-3.107438050210475922e-02
-3.653360903263092041e-02
-5.000744760036468506e-02
1.100249290466308594e-01
1.773764938116073608e-02
-4.665126651525497437e-02
1.067805141210556030e-01
-5.702611058950424194e-02
2.663889527320861816e-02
-2.476136013865470886e-02
3.620435670018196106e-02
1.192925497889518738e-03
-2.172395959496498108e-02
-3.523491322994232178e-04
-3.439262509346008301e-03
-4.216060414910316467e-02
-1.751786097884178162e-03
-3.343946859240531921e-02
4.957262426614761353e-03
-5.304530262947082520e-02
-3.218065947294235229e-02
3.581733629107475281e-02
-3.607386723160743713e-02
3.408718854188919067e-02
1.768745481967926025e-03
-3.924324363470077515e-02
-6.719483062624931335e-04
6.185290217399597168e-02
8.358564972877502441e-02
1.240878924727439880e-02
-4.006569273769855499e-03
6.451132893562316895e-02
-5.459485575556755066e-02
2.892837300896644592e-02
-4.712894186377525330e-02
-4.715073108673095703e-02
-1.010976359248161316e-02
8.176203817129135132e-03
4.698123782873153687e-02
-2.804216369986534119e-02
-3.055930137634277344e-02
2.417394891381263733e-03
3.393510729074478149e-02
-6.311529129743576050e-02
-2.013531699776649475e-02
-4.936853051185607910e-02
3.873496875166893005e-02
-1.023353636264801025e-02
1.355297863483428955e-04
-1.980051770806312561e-02
4.567646235227584839e-02
-3.129145875573158264e-02
-2.572418376803398132e-02
2.797486819326877594e-02
3.235675022006034851e-02
2.697419002652168274e-02
3.219106048345565796e-02
-7.546670734882354736e-02
-6.975738704204559326e-02
1.452952437102794647e-02
1.578640937805175781e-02
-4.016598686575889587e-02
1.216541901230812073e-01
5.121563002467155457e-02
3.090905398130416870e-02
4.232903942465782166e-02
-1.295796781778335571e-02
-7.044312357902526855e-02
1.431141607463359833e-02
9.740822762250900269e-02
3.943441063165664673e-02
1.139034237712621689e-02
-1.359870284795761108e-02
-7.338769733905792236e-02
2.493783831596374512e-04
-3.158777952194213867e-02
7.518938276916742325e-03
3.879254311323165894e-02
-9.955362416803836823e-03
6.631688773632049561e-02
-4.267306625843048096e-02
-3.705510124564170837e-02
3.077994845807552338e-02
-2.449423819780349731e-02
-1.261005364358425140e-02
4.150342941284179688e-02
-2.821413241326808929e-02
6.176288798451423645e-02
-4.891354590654373169e-03
-7.339399773627519608e-03
-4.919866565614938736e-03
-2.615299448370933533e-02
6.125550717115402222e-03
8.298699557781219482e-02
1.243107859045267105e-02
3.322576731443405151e-02
-4.344958811998367310e-03
-3.091777488589286804e-02
-3.814284689724445343e-03
-2.419222146272659302e-04
1.346952468156814575e-02
9.378096088767051697e-03
-3.879676386713981628e-02
-4.610118269920349121e-02
1.689609140157699585e-03
-1.162544731050729752e-02
1.983768306672573090e-02
1.862207800149917603e-02
3.715990483760833740e-02
-9.849648922681808472e-03
3.188916668295860291e-02
1.242831628769636154e-02
5.239462479948997498e-02
-9.922225959599018097e-03
-6.081163883209228516e-03
-2.562821656465530396e-02
-2.028353512287139893e-02
-4.247796908020973206e-02
-3.058111295104026794e-02
-3.394940495491027832e-02
2.090713568031787872e-02
4.058190435171127319e-02
3.128357231616973877e-02
4.794776067137718201e-02
5.113844573497772217e-02
-1.726340316236019135e-02
2.945364080369472504e-02
-2.265365049242973328e-02
5.394916981458663940e-02
-1.466447208076715469e-02
-8.533809334039688110e-03
4.247984848916530609e-03
-4.203565418720245361e-02
-5.523499101400375366e-02
5.271058529615402222e-03
1.800301671028137207e-02
9.581054747104644775e-02
1.292219385504722595e-04
3.513355553150177002e-02
1.613052375614643097e-02
1.504511199891567230e-02
1.040394902229309082e-01
-3.255286067724227905e-02
-1.884980499744415283e-02
-8.429669775068759918e-03
-1.402907073497772217e-02
-5.465592816472053528e-02
5.605204775929450989e-02
6.279173493385314941e-02
3.279348090291023254e-02
4.445547983050346375e-02
3.183623403310775757e-02
-2.698580920696258545e-02
-4.273738712072372437e-02
2.165594696998596191e-02
-3.878745436668395996e-02
-3.905187919735908508e-02
2.132013812661170959e-02
3.144146502017974854e-02
2.507733739912509918e-02
-3.371483460068702698e-02
-3.327349200844764709e-03
-3.214468061923980713e-02
-4.189688712358474731e-02
1.442767679691314697e-02
2.152895182371139526e-02
2.282087877392768860e-02
-4.001316055655479431e-02
-1.163065433502197266e-02
1.797983050346374512e-02
-2.624899148941040039e-02
-6.600199639797210693e-02
7.004535198211669922e-02
-1.950504630804061890e-02
1.486808713525533676e-02
2.785366494208574295e-03
-3.329572826623916626e-02
5.659902840852737427e-02
-2.839602157473564148e-02
-3.226093947887420654e-02
-5.727957561612129211e-02
4.505059123039245605e-02
4.181735962629318237e-02
-4.636347293853759766e-02
1.125086750835180283e-02
2.489298395812511444e-02
2.969804964959621429e-02
-2.967432141304016113e-02
-2.229520119726657867e-02
7.573101669549942017e-03
-2.280101180076599121e-02
-1.841807551681995392e-02
-3.796344995498657227e-02
-3.446907922625541687e-02
-4.647806659340858459e-02
1.930602081120014191e-02
-1.119248755276203156e-02
1.158680953085422516e-02
2.617973834276199341e-02
-8.627511560916900635e-03
-1.078716665506362915e-02
3.873507678508758545e-02
6.148879230022430420e-02
3.211215883493423462e-02
-4.268082231283187866e-02
7.100918330252170563e-03
2.509571053087711334e-02
1.431074552237987518e-02
-1.475568674504756927e-02
1.748796552419662476e-02
6.160140037536621094e-03
1.293825171887874603e-02
3.018041327595710754e-02
2.250659838318824768e-02
-3.246983513236045837e-03
7.530932314693927765e-03
-1.173011958599090576e-02
-1.781232096254825592e-02
-3.886748105287551880e-02
-4.106318205595016479e-02
7.489775307476520538e-03
5.112316086888313293e-02
-5.019405484199523926e-02
-1.699942164123058319e-02
-2.333973161876201630e-02
-2.169979736208915710e-02
-3.066807985305786133e-04
-3.095542639493942261e-02
-5.406053364276885986e-02
4.037011414766311646e-02
3.105525113642215729e-02
-2.848638966679573059e-02
3.088460117578506470e-02
2.520996145904064178e-03
-2.731416746973991394e-02
4.074793308973312378e-02
1.991263404488563538e-02
-4.317254573106765747e-02
9.022741019725799561e-02
-7.923997938632965088e-02
4.344217479228973389e-03
-2.690200693905353546e-02
-1.239383313804864883e-02
-3.657708317041397095e-02
5.541573092341423035e-02
3.115821443498134613e-02
7.336036115884780884e-02
-4.870413243770599365e-02
-1.764733344316482544e-03
-7.132870145142078400e-03
-8.544834330677986145e-03
-8.051104843616485596e-02
-3.003869578242301941e-02
4.527506418526172638e-03
2.778716012835502625e-02
-5.009178072214126587e-03
2.654302865266799927e-02
3.905175626277923584e-02
-1.144129596650600433e-02
-4.736251384019851685e-02
-2.251828089356422424e-02
-2.822762355208396912e-02
3.154708817601203918e-02
2.760261297225952148e-02
1.485151052474975586e-02
-2.194317430257797241e-02
5.121590942144393921e-02
-2.537696622312068939e-02
2.939560264348983765e-02
-5.527998507022857666e-02
7.031213492155075073e-03
-2.579018101096153259e-02
-3.207518532872200012e-02
-2.376674674451351166e-02
-4.028785973787307739e-02
2.207154408097267151e-02
-1.601626724004745483e-02
1.781415194272994995e-03
1.056416053324937820e-02
4.557350650429725647e-02
-3.879887610673904419e-02
-8.676867187023162842e-02
-7.459491956979036331e-03
6.473360210657119751e-02
2.355994656682014465e-04
5.657452344894409180e-02
6.975433789193630219e-03
2.570871263742446899e-02
-8.546240627765655518e-03
1.784292981028556824e-02
-2.855956554412841797e-03
-6.788939237594604492e-02
1.515531167387962341e-02
-2.063600532710552216e-02
-8.114653080701828003e-02
-6.310879252851009369e-03
1.542294956743717194e-02
-6.802561134099960327e-02
6.656101346015930176e-02
-1.467599719762802124e-02
-5.734574422240257263e-02
-5.100005865097045898e-02
-3.516437113285064697e-02
-3.408910334110260010e-02
-4.658320918679237366e-03
2.923511713743209839e-02
-1.467754691839218140e-02
4.128639772534370422e-02
2.152764797210693359e-02
9.173482656478881836e-03
-2.109497413039207458e-02
-3.672302141785621643e-02
-3.911505639553070068e-02
2.288522012531757355e-02
-3.628052771091461182e-02
3.386587277054786682e-02
2.615442872047424316e-02
5.307206511497497559e-02
3.958988934755325317e-02
-5.168703570961952209e-02
3.754957020282745361e-02
-1.020453684031963348e-02
-3.302507847547531128e-02
1.621645502746105194e-02
-4.231696575880050659e-02
2.401666902005672455e-02
-3.672682121396064758e-02
8.415075019001960754e-03
-1.152251809835433960e-01
3.842563554644584656e-02
-1.371708046644926071e-02
-1.253321915864944458e-01
-5.903612822294235229e-02
5.893634259700775146e-02
5.905752629041671753e-02
6.180062890052795410e-03
-3.757457807660102844e-02
2.152253687381744385e-02
-3.249498084187507629e-02
-7.178048789501190186e-02
1.870505325496196747e-02
-2.598001621663570404e-02
-1.555063389241695404e-02
9.830833412706851959e-03
2.162546291947364807e-02
-4.108009487390518188e-02
5.168296396732330322e-03
5.564991384744644165e-02
-8.573794737458229065e-03
8.927562274038791656e-03
9.590348228812217712e-03
4.418001323938369751e-02
8.465372025966644287e-02
3.782276809215545654e-02
3.533535078167915344e-02
4.884650558233261108e-02
1.315702870488166809e-02
-5.245496705174446106e-02
2.111602202057838440e-02
-4.697953164577484131e-02
-1.234737187623977661e-01
-3.518733009696006775e-02
-4.564008489251136780e-02
4.615628719329833984e-02
-3.170758485794067383e-02
4.681620746850967407e-02
4.428914934396743774e-02
6.424060463905334473e-02
-3.096162527799606323e-02
3.626624494791030884e-02
7.484189420938491821e-02
5.852393805980682373e-04
2.685295976698398590e-02
3.754505515098571777e-02
5.353957042098045349e-02
8.438625186681747437e-02
3.340804949402809143e-03
-1.493502780795097351e-02
3.254928067326545715e-02
2.239605039358139038e-02
2.764041535556316376e-03
3.891545534133911133e-02
-9.592456370592117310e-02
1.505071204155683517e-02
1.719492673873901367e-02
-1.181484851986169815e-02
-1.522676460444927216e-02
6.955312192440032959e-02
-4.565610736608505249e-02
-1.004097796976566315e-02
2.329338714480400085e-02
-3.409178927540779114e-02
-4.431932792067527771e-02
1.918636262416839600e-02
-3.230345249176025391e-02
-4.061833769083023071e-02
-4.690259322524070740e-02
-8.867745101451873779e-02
-9.142461232841014862e-03
2.382477372884750366e-02
-6.596955005079507828e-03
2.688997052609920502e-02
-9.970996528863906860e-03
5.261729657649993896e-02
-2.940981276333332062e-02
5.838209390640258789e-02
-1.937854848802089691e-02
-1.076955068856477737e-02
-5.206866189837455750e-02
-2.785082906484603882e-02
8.263841271400451660e-02
1.871762238442897797e-02
3.322758525609970093e-02
5.080822855234146118e-02
3.487710654735565186e-02
-1.553735788911581039e-02
5.756443366408348083e-03
2.173520438373088837e-02
-6.545248441398143768e-03
5.232480913400650024e-02
-5.916134640574455261e-02
-1.232879888266324997e-02
4.765259101986885071e-03
4.439898580312728882e-02
-1.887574419379234314e-02
9.992724284529685974e-03
3.938116878271102905e-02
-3.780862689018249512e-02
-5.442943423986434937e-02
-1.365128997713327408e-02
4.604099318385124207e-03
-1.861734874546527863e-02
2.054713666439056396e-02
3.455320745706558228e-02
-8.793001994490623474e-03
9.398069977760314941e-02
-6.998181343078613281e-03
-2.714765444397926331e-02
-5.851812288165092468e-02
-5.262439139187335968e-03
-3.146890550851821899e-03
1.118632219731807709e-02
-6.029417365789413452e-02
-8.016265928745269775e-04
-3.299764543771743774e-02
-8.861185051500797272e-03
-3.259838372468948364e-02
-2.973303198814392090e-04
3.526331111788749695e-02
7.673613727092742920e-04
2.846649289131164551e-02
-3.424461185932159424e-02
1.522469520568847656e-02
-2.486410737037658691e-02
-5.427647382020950317e-02
5.940150935202836990e-03
4.560828208923339844e-02
-1.895334199070930481e-02
-1.360859721899032593e-02
-2.830950543284416199e-03
-2.468432113528251648e-02
-8.032371103763580322e-02
-3.557652235031127930e-03
-2.783156931400299072e-03
-4.381196945905685425e-02
-8.562438189983367920e-02
1.048430241644382477e-02
-3.612773120403289795e-02
3.589391708374023438e-04
-2.437195554375648499e-02
6.652303040027618408e-03
3.374374285340309143e-02
2.984399907290935516e-04
-3.154572099447250366e-03
-1.100677531212568283e-02
1.898885890841484070e-02
5.459336191415786743e-02
-3.808083385229110718e-02
-4.975236579775810242e-02
3.673765808343887329e-02
-4.113638773560523987e-02
3.309096768498420715e-02
-5.451390147209167480e-02
2.635107934474945068e-02
-1.818861998617649078e-02
-2.917563915252685547e-02
2.147896401584148407e-02
-5.197625607252120972e-02
9.078811854124069214e-02
-1.553947292268276215e-02
5.495238304138183594e-02
3.324777260422706604e-02
6.266493350267410278e-03
3.813949227333068848e-02
3.782831504940986633e-02
2.172725833952426910e-02
2.760782465338706970e-02
5.141995847225189209e-03
7.478906214237213135e-02
4.153671860694885254e-02
4.337033256888389587e-03
-4.104156047105789185e-03
-4.825385287404060364e-02
-4.487293958663940430e-02
3.508672863245010376e-02
-1.640322059392929077e-02
4.073020070791244507e-02
7.388525456190109253e-02
2.433265931904315948e-02
-6.639660336077213287e-03
-1.907304860651493073e-02
5.352646112442016602e-02
4.638792201876640320e-02
-2.198574878275394440e-02
-3.677333891391754150e-02
4.713046178221702576e-02
-1.854702830314636230e-03
3.312531113624572754e-02
-3.260232508182525635e-02
1.633007824420928955e-02
1.551062613725662231e-02
2.243181318044662476e-02
5.488553270697593689e-02
3.539029881358146667e-02
-3.924066945910453796e-02
5.101992934942245483e-02
-1.568875461816787720e-02
1.745162717998027802e-02
-6.312405690550804138e-03
-2.264827676117420197e-02
-5.163643509149551392e-02
-1.427062600851058960e-02
-7.971300743520259857e-03
-2.581134811043739319e-02
9.325135499238967896e-03
-8.534293621778488159e-03
-7.411672174930572510e-02
-4.408360272645950317e-02
4.261095076799392700e-03
1.774135231971740723e-02
-5.808701366186141968e-02
2.652045339345932007e-02
1.264545880258083344e-02
-2.084222435951232910e-02
-4.498404264450073242e-02
3.147095441818237305e-02
1.113225799053907394e-02
2.608417347073554993e-02
2.815055195242166519e-03
3.557591885328292847e-02
1.327723078429698944e-02
-4.330555349588394165e-02
-4.984527081251144409e-02
7.277497649192810059e-02
-9.234227240085601807e-02
-7.224267721176147461e-02
-2.117691189050674438e-02
7.614728808403015137e-02
-4.587588086724281311e-02
4.299256950616836548e-02
1.074014231562614441e-02
-6.385095417499542236e-02
8.458049967885017395e-03
9.063137322664260864e-02
-1.905937120318412781e-02
2.128608152270317078e-02
5.420010536909103394e-02
7.670763880014419556e-04
2.384115010499954224e-03
3.495161235332489014e-02
2.007719501852989197e-02
-4.652012139558792114e-03
2.373654022812843323e-02
1.195742748677730560e-02
1.878328621387481689e-04
-2.745234966278076172e-02
-7.497541606426239014e-02
1.210173778235912323e-02
-6.446273624897003174e-02
1.557964552193880081e-02
-6.912965327501296997e-03
6.194409728050231934e-02
-1.442581042647361755e-02
7.732763141393661499e-02
1.338249444961547852e-02
8.408533036708831787e-02
-4.351775720715522766e-02
-9.192965924739837646e-02
-2.739421650767326355e-02
5.480063706636428833e-02
-2.204704843461513519e-02
3.416681289672851562e-02
-1.411468908190727234e-02
-4.976584762334823608e-02
-7.066462934017181396e-02
2.232564240694046021e-02
3.963236510753631592e-02
5.659058690071105957e-02
4.885118454694747925e-03
-6.780635565519332886e-02
2.684993855655193329e-02
4.064619541168212891e-02
4.519991204142570496e-02
1.527924556285142899e-02
-4.071143269538879395e-02
-3.968425467610359192e-02
-1.868934556841850281e-02
1.657079905271530151e-02
-5.367421358823776245e-02
1.611794531345367432e-02
-6.305424124002456665e-02
-4.837061092257499695e-02
5.370492860674858093e-02
-9.649801999330520630e-03
4.196597263216972351e-03
5.137816444039344788e-02
-2.421834040433168411e-03
-2.294081822037696838e-02
-7.141344249248504639e-03
2.861744165420532227e-02
1.690969057381153107e-02
5.439104884862899780e-02
-7.876491546630859375e-02
2.049177885055541992e-02
4.833734594285488129e-03
-6.297380477190017700e-02
4.060694575309753418e-02
-9.155221283435821533e-02
-2.325547486543655396e-02
-2.219650894403457642e-03
4.224961623549461365e-02
7.319350726902484894e-03
-2.159321913495659828e-03
-4.412253387272357941e-03
6.246955692768096924e-02
-1.608669571578502655e-02
-2.991317398846149445e-02
-1.060528121888637543e-02
-5.569624714553356171e-03
-8.882090449333190918e-03
2.685423009097576141e-02
-3.270152211189270020e-02
4.518719390034675598e-02
-1.714862883090972900e-03
-4.231148958206176758e-02
3.445177525281906128e-02
3.406272828578948975e-02
-3.093723580241203308e-02
3.091476298868656158e-02
2.214989066123962402e-02
2.997727133333683014e-02
1.835128851234912872e-02
3.141988813877105713e-02
-5.776916444301605225e-02
-2.757810428738594055e-02
4.840646404772996902e-03
-5.783512070775032043e-02
-2.597553655505180359e-02
1.108796522021293640e-02
-2.007250860333442688e-02
-2.960717305541038513e-02
9.842400997877120972e-02
-4.724071919918060303e-02
-5.338720045983791351e-03
-4.822905734181404114e-02
2.653308212757110596e-03
7.218632847070693970e-03
3.255284950137138367e-02
-3.582384437322616577e-02
4.090208560228347778e-03
-1.424066256731748581e-03
-1.888301223516464233e-03
3.094693459570407867e-02
6.026688963174819946e-03
-4.120680969208478928e-03
3.815696015954017639e-02
-2.227956429123878479e-02
-4.421751946210861206e-02
2.361509017646312714e-03
2.304641529917716980e-04
1.209551468491554260e-03
5.220913887023925781e-02
-3.432444483041763306e-02
2.624214440584182739e-02
5.394147709012031555e-03
8.794574998319149017e-03
9.006094932556152344e-02
2.127714641392230988e-02
1.197834014892578125e-01
-3.510969690978527069e-04
4.499832168221473694e-02
1.004071906208992004e-03
-3.631629049777984619e-02
3.951729461550712585e-02
1.430064253509044647e-02
3.936126828193664551e-02
-7.138280197978019714e-03
5.820747464895248413e-04
2.059129998087882996e-02
2.300598658621311188e-02
6.982635706663131714e-02
5.100145936012268066e-04
-7.215818762779235840e-02
-1.117040170356631279e-03
7.537172734737396240e-02
2.985664177685976028e-04
6.939589045941829681e-03
-5.132838152348995209e-03
-4.197136498987674713e-03
4.149605054408311844e-03
3.324533998966217041e-02
-2.643549256026744843e-02
-1.759745553135871887e-02
2.782282233238220215e-02
2.655392140150070190e-02
1.346951723098754883e-02
5.489857122302055359e-02
-4.269351437687873840e-02
2.475468441843986511e-02
-1.040369737893342972e-02
-1.796708442270755768e-03
4.789430275559425354e-02
8.456360548734664917e-03
1.631688699126243591e-02
2.674911543726921082e-02
1.688307523727416992e-02
-6.584000587463378906e-02
-9.675382636487483978e-03
-2.685849554836750031e-02
-6.798280030488967896e-02
-1.283506304025650024e-02
4.346340894699096680e-02
6.680413335561752319e-02
-9.433167427778244019e-02
-1.917598396539688110e-02
-6.003794446587562561e-02
-5.567967891693115234e-03
-3.930259123444557190e-02
5.893498659133911133e-02
1.942333020269870758e-02
2.058625407516956329e-02
-7.094369083642959595e-02
-5.797088891267776489e-02
3.883818909525871277e-02
5.505163222551345825e-02
-1.836123876273632050e-02
-3.505705296993255615e-02
5.023948848247528076e-02
1.348062045872211456e-02
-1.159829273819923401e-02
2.185130491852760315e-02
-1.194433867931365967e-02
7.832177914679050446e-03
-2.804046496748924255e-02
-1.324741169810295105e-02
4.287362471222877502e-02
4.582953080534934998e-02
-4.193313047289848328e-02
7.971595972776412964e-02
1.634499803185462952e-02
-6.822806596755981445e-02
4.033913090825080872e-02
-1.490765716880559921e-02
-1.447610091418027878e-02
-2.108069881796836853e-02
4.714846611022949219e-02
-1.444465247914195061e-03
1.354452501982450485e-02
6.113644689321517944e-02
-2.036014199256896973e-02
-7.896427065134048462e-03
1.175773330032825470e-02
3.803081810474395752e-02
3.535214811563491821e-02
-2.684831060469150543e-02
3.067209757864475250e-02
2.208863571286201477e-02
1.433659344911575317e-02
1.427117735147476196e-03
-1.703763566911220551e-02
-3.539717942476272583e-02
-2.317200228571891785e-02
-3.717974200844764709e-02
1.801983453333377838e-02
-2.775128930807113647e-02
7.490269839763641357e-02
-2.483902871608734131e-02
-2.587340213358402252e-02
-4.456320032477378845e-02
-2.159723639488220215e-02
3.721390664577484131e-02
2.196894958615303040e-03
2.588138170540332794e-02
-4.040233045816421509e-02
-2.765381149947643280e-02
-5.748932063579559326e-02
-2.382622286677360535e-02
3.939125686883926392e-03
3.104828670620918274e-02
-1.943686045706272125e-03
4.793544113636016846e-02
-4.319769889116287231e-02
-2.550379745662212372e-02
-3.860431164503097534e-02
-2.314084768295288086e-02
-2.062298543751239777e-02
-1.873438619077205658e-02
-3.064845502376556396e-02
-6.612533703446388245e-03
2.971631847321987152e-02
-4.715052992105484009e-02
-1.586154848337173462e-02
-1.629682257771492004e-02
-5.519160628318786621e-02
-5.351677536964416504e-04
-7.065367884933948517e-03
-1.050738617777824402e-02
5.741029977798461914e-03
-2.067651040852069855e-02
-1.450382545590400696e-02
2.065586484968662262e-02
3.753022849559783936e-02
-2.227010950446128845e-02
1.734405569732189178e-02
5.548229441046714783e-02
7.728266064077615738e-03
-3.174368292093276978e-03
-1.570222200825810432e-03
3.996635973453521729e-02
-1.326240226626396179e-02
-6.687677465379238129e-03
-2.169307135045528412e-02
4.727217182517051697e-02
-3.941362723708152771e-03
2.730871364474296570e-02
3.252334892749786377e-03
5.680833011865615845e-02
2.249214053153991699e-02
9.830115363001823425e-03
-2.158638089895248413e-02
-6.994529813528060913e-02
9.765150398015975952e-02
1.748773828148841858e-02
3.258725628256797791e-02
6.716453470289707184e-03
3.018287196755409241e-02
5.058445967733860016e-03
-9.654508531093597412e-02
-5.761085078120231628e-03
-3.802026063203811646e-02
9.864357300102710724e-03
-2.257770672440528870e-02
-7.758025825023651123e-02
5.478544905781745911e-02
-5.217057839035987854e-02
-1.738508418202400208e-02
-3.735735639929771423e-02
5.982733517885208130e-02
4.670386016368865967e-02
-1.063243001699447632e-01
3.099930472671985626e-02
8.981300145387649536e-02
2.234662324190139771e-02
6.020539253950119019e-02
7.017817348241806030e-03
-5.079260095953941345e-02
-1.717524230480194092e-02
2.308255247771739960e-02
1.488451473414897919e-02
-6.568204611539840698e-02
-9.155189245939254761e-02
3.578404337167739868e-02
-5.364110227674245834e-03
-2.031810581684112549e-04
-3.090278804302215576e-02
1.165840215981006622e-02
5.780588462948799133e-02
-1.185335591435432434e-02
-6.808656267821788788e-03
-6.266130134463310242e-03
-6.111041456460952759e-02
-1.308324374258518219e-02
-6.801132857799530029e-02
4.467819351702928543e-03
-6.556896492838859558e-03
-7.134029269218444824e-02
-4.184692353010177612e-02
5.106183141469955444e-02
1.826635375618934631e-02
7.694539427757263184e-02
-1.427591312676668167e-03
3.337024711072444916e-03
-5.844276398420333862e-03
1.555208489298820496e-02
-2.167564071714878082e-02
7.558678090572357178e-02
-2.550749108195304871e-03
-3.708783164620399475e-02
-2.244374714791774750e-02
5.657706782221794128e-02
1.870637759566307068e-02
-4.234008863568305969e-02
6.885670125484466553e-02
2.524806559085845947e-02
2.598196081817150116e-02
