3.075687400996685028e-02
8.709330111742019653e-03
-3.360934928059577942e-02
-2.603147178888320923e-03
-2.258453518152236938e-03
-3.670521080493927002e-02
1.565510034561157227e-02
-2.747502177953720093e-03
-8.813142776489257812e-03
9.897921234369277954e-03
1.870760321617126465e-02
1.837685517966747284e-02
-2.316556870937347412e-02
2.382297068834304810e-03
-5.790299735963344574e-03
4.100442305207252502e-02
-2.113443054258823395e-02
1.329497154802083969e-02
-6.405591964721679688e-03
-1.355480030179023743e-02
-2.345192246139049530e-03
-3.127854317426681519e-02
-1.558879204094409943e-02
-1.652380451560020447e-03
2.291162498295307159e-02
-6.090479902923107147e-03
-3.441912308335304260e-02
-6.648538634181022644e-03
1.632485724985599518e-02
-4.062355682253837585e-02
-1.063184253871440887e-02
-2.632231079041957855e-02
-1.170585490763187408e-02
3.965809941291809082e-03
-3.945454955101013184e-03
-6.150828674435615540e-03
-1.702469959855079651e-02
1.904189586639404297e-02
-8.077529259026050568e-03
6.277506053447723389e-02
2.727502211928367615e-02
2.570277824997901917e-02
-9.275523945689201355e-03
1.329007931053638458e-02
2.257751300930976868e-02
-2.279293164610862732e-02
-7.662853691726922989e-03
3.267019987106323242e-02
-3.916096687316894531e-02
1.669423282146453857e-02
2.780046314001083374e-03
-2.485247701406478882e-02
1.338823139667510986e-02
-1.514205615967512131e-02
2.352637983858585358e-02
1.243755873292684555e-02
9.925257414579391479e-03
7.185565773397684097e-04
4.148657992482185364e-02
2.003273554146289825e-02
3.793752286583185196e-03
2.841814234852790833e-02
-9.226636961102485657e-03
-1.146512851119041443e-02
-7.148561999201774597e-03
1.892838999629020691e-02
-1.601635292172431946e-02
3.228080272674560547e-02
-4.422953724861145020e-02
1.925889216363430023e-02
2.952348440885543823e-02
-2.596320584416389465e-02
-3.368732333183288574e-02
-2.227221429347991943e-02
2.612197212874889374e-02
-5.028635263442993164e-02
1.463337708264589310e-02
-1.193732209503650665e-02
-1.021872367709875107e-02
2.785712108016014099e-02
-2.701776474714279175e-02
1.054571941494941711e-03
-1.179168559610843658e-02
-1.975478976964950562e-02
1.800066418945789337e-02
-7.866309955716133118e-03
-3.618908300995826721e-02
-2.694405615329742432e-03
1.661581732332706451e-02
-1.522196084260940552e-02
-5.711521953344345093e-04
-3.096157126128673553e-02
-1.661838777363300323e-02
2.545973286032676697e-02
1.194734591990709305e-02
-1.164767984300851822e-02
-2.070509269833564758e-02
-2.645035460591316223e-02
6.659421324729919434e-02
8.112128823995590210e-03
-2.149526402354240417e-02
5.644216760993003845e-02
-3.958850353956222534e-02
2.265685610473155975e-02
-3.409726545214653015e-02
2.604186162352561951e-02
-1.035010814666748047e-02
-1.756010763347148895e-02
-5.049108527600765228e-03
5.413827486336231232e-03
-2.182450145483016968e-02
6.702958606183528900e-03
-2.113307826220989227e-02
1.787614077329635620e-02
-3.673790767788887024e-02
-2.285050228238105774e-02
1.502308156341314316e-02
-2.614916488528251648e-02
3.574091196060180664e-02
6.612840108573436737e-03
-2.245735377073287964e-02
1.358348224312067032e-02
4.082114621996879578e-02
4.517654329538345337e-02
7.449757307767868042e-03
1.152973063290119171e-02
2.655022032558917999e-02
-2.203897945582866669e-02
2.127591706812381744e-02
-2.573386579751968384e-02
-2.215350046753883362e-02
-2.567220479249954224e-02
9.899016469717025757e-03
2.032492309808731079e-02
-1.569245010614395142e-02
-2.310056239366531372e-02
-1.933842152357101440e-02
1.262910105288028717e-02
-3.901346772909164429e-02
-1.776352524757385254e-02
-2.600719779729843140e-02
1.881076395511627197e-02
-4.249252844601869583e-03
-2.681665122509002686e-03
-3.519304469227790833e-02
9.656597860157489777e-03
-1.481409184634685516e-02
-1.945144962519407272e-03
7.300333119928836823e-03
1.728978566825389862e-02
3.139022365212440491e-02
3.427420556545257568e-02
-5.840159207582473755e-02
-3.580727428197860718e-02
1.501330360770225525e-02
-1.877752132713794708e-03
-2.422673813998699188e-02
6.579579412937164307e-02
1.974493265151977539e-02
3.425710275769233704e-02
1.488679088652133942e-02
-2.977351658046245575e-03
-4.485220462083816528e-02
-1.256151311099529266e-02
4.190642386674880981e-02
3.325486928224563599e-02
9.213058277964591980e-03
-2.424582093954086304e-02
-4.902356863021850586e-02
4.609245806932449341e-04
-1.762843132019042969e-02
1.833429909311234951e-03
2.071738615632057190e-02
1.574452780187129974e-02
3.291308134794235229e-02
-2.052217908203601837e-02
-3.127197921276092529e-02
9.231685660779476166e-03
-3.113522008061408997e-02
-1.557709183543920517e-02
2.095603197813034058e-02
-9.108521044254302979e-03
3.858939185738563538e-02
-4.911774769425392151e-03
-4.252018406987190247e-03
9.476456791162490845e-03
-2.802672423422336578e-02
-3.486355766654014587e-03
4.948575794696807861e-02
5.992405116558074951e-03
2.509431727230548859e-02
-1.385177206248044968e-02
-1.764142140746116638e-02
1.493557170033454895e-02
5.101344548165798187e-03
3.996500279754400253e-03
-1.786239445209503174e-04
-2.618885971605777740e-02
-2.977066859602928162e-02
6.218543276190757751e-03
-4.800220020115375519e-03
-1.217298023402690887e-02
7.275171577930450439e-03
2.165065146982669830e-02
1.525817438960075378e-03
1.792190782725811005e-02
-9.153289720416069031e-04
2.467668801546096802e-02
-9.803103283047676086e-03
-3.714680671691894531e-03
-3.135289251804351807e-02
-2.278678119182586670e-03
-1.222221925854682922e-02
-4.453828558325767517e-03
-8.559133857488632202e-03
6.289314478635787964e-04
1.593979820609092712e-02
2.329196035861968994e-02
3.808336704969406128e-02
1.688775047659873962e-02
-1.136904209852218628e-02
2.041483297944068909e-02
-2.185838669538497925e-02
1.737347431480884552e-02
-2.660275250673294067e-02
-1.914948225021362305e-04
7.532269693911075592e-03
-2.378925867378711700e-02
-3.274285048246383667e-02
1.376742031425237656e-02
6.226658355444669724e-03
6.138073280453681946e-02
-1.680202316492795944e-03
1.744310371577739716e-02
3.294868394732475281e-03
1.375184208154678345e-02
5.772685632109642029e-02
-1.322027668356895447e-02
3.059213515371084213e-03
-7.109043654054403305e-03
-1.447582244873046875e-02
-3.204080834984779358e-02
2.467126771807670593e-02
3.682907670736312866e-02
9.042839519679546356e-03
3.531295061111450195e-02
1.292992662638425827e-02
-1.020995434373617172e-02
-3.064602799713611603e-02
1.336015760898590088e-02
-1.322899293154478073e-02
-2.769438549876213074e-02
1.479722186923027039e-02
9.005798958241939545e-03
1.624958030879497528e-02
-1.401324849575757980e-02
1.231447048485279083e-02
-1.626932993531227112e-02
-1.425618864595890045e-02
1.043415162712335587e-03
1.113112177699804306e-02
1.963569596409797668e-02
-3.030284121632575989e-02
4.962445236742496490e-03
3.262176178395748138e-03
-1.615411788225173950e-02
-5.213089287281036377e-02
4.003257304430007935e-02
-1.871945895254611969e-02
1.743351109325885773e-02
6.470186635851860046e-04
-2.030185796320438385e-02
2.689326927065849304e-02
-2.171331271529197693e-02
-1.862054131925106049e-02
-3.349617868661880493e-02
2.579920552670955658e-02
2.969554811716079712e-02
-1.807961240410804749e-02
-6.512866355478763580e-03
3.515221178531646729e-03
2.161097340285778046e-02
-1.576669886708259583e-02
-2.123585529625415802e-02
-6.835666019469499588e-03
-1.718019135296344757e-02
2.423606812953948975e-03
-2.828023955225944519e-02
-2.533728815615177155e-02
-2.527445554733276367e-02
1.152032054960727692e-02
-9.996245615184307098e-03
2.351538278162479401e-03
5.249306559562683105e-03
-1.499880943447351456e-02
-7.157254964113235474e-03
2.567851357161998749e-02
4.754864051938056946e-02
1.725105568766593933e-02
-2.081553637981414795e-02
-3.633110085502266884e-03
1.488039270043373108e-03
1.009327638894319534e-02
2.871653996407985687e-03
1.070647127926349640e-02
-6.188085302710533142e-03
-6.054509896785020828e-03
8.818914182484149933e-03
1.602021977305412292e-02
-5.655453540384769440e-03
5.245041102170944214e-03
-3.732666373252868652e-03
-1.091241650283336639e-02
-2.157344482839107513e-02
-2.189797163009643555e-02
2.956401789560914040e-03
5.631470307707786560e-02
-1.994935795664787292e-02
3.077947720885276794e-02
-1.649952307343482971e-02
-3.092582337558269501e-03
5.176162812858819962e-03
-2.556546777486801147e-02
-2.692911028861999512e-02
2.455225214362144470e-02
2.815723605453968048e-02
-2.727320045232772827e-02
1.674816943705081940e-02
-4.694191738963127136e-04
-6.421031430363655090e-04
4.232800006866455078e-02
5.131430923938751221e-03
-1.270234957337379456e-02
4.232636094093322754e-02
-4.725152626633644104e-02
-9.472437202930450439e-03
-2.947364561259746552e-02
-2.627981081604957581e-02
-1.024564076215028763e-02
1.830188557505607605e-02
9.791616350412368774e-03
5.074740201234817505e-02
-1.834951899945735931e-02
-4.075825214385986328e-03
6.024641916155815125e-04
-3.718033898621797562e-03
-4.717974737286567688e-02
-2.419391088187694550e-02
-3.990461118519306183e-04
1.935181021690368652e-02
-3.218566998839378357e-03
1.356507465243339539e-02
9.316110983490943909e-03
-1.098850369453430176e-02
-2.404195442795753479e-02
-2.117092162370681763e-02
-9.077841416001319885e-03
1.626793295145034790e-02
2.048137970268726349e-02
-1.473707146942615509e-02
-4.854643251746892929e-03
1.950200088322162628e-02
-3.377339988946914673e-02
1.376342400908470154e-02
-2.642294019460678101e-02
-2.612130716443061829e-03
-1.909621059894561768e-02
-1.221553422510623932e-02
-1.841550506651401520e-02
-9.083122946321964264e-03
2.004750818014144897e-02
-1.201906986534595490e-02
2.028994448482990265e-02
2.208522520959377289e-03
2.419354394078254700e-02
-2.523333579301834106e-02
-5.314320698380470276e-02
-3.494099248200654984e-03
3.213450685143470764e-02
1.664001494646072388e-02
2.510363608598709106e-02
9.986332617700099945e-03
3.735119104385375977e-02
-5.679501220583915710e-03
2.039900794625282288e-02
5.227234214544296265e-04
-3.641231730580329895e-02
1.216756552457809448e-02
-1.009021513164043427e-02
-3.735400736331939697e-02
2.581924200057983398e-04
2.755515649914741516e-02
-4.228007048368453979e-02
3.938159346580505371e-02
-1.964646391570568085e-03
-2.633875980973243713e-02
-8.840491995215415955e-03
-1.867035217583179474e-02
-1.119236275553703308e-02
-4.444103688001632690e-04
1.412423979490995407e-02
-1.362307090312242508e-02
2.105312794446945190e-02
8.580970577895641327e-03
1.040005311369895935e-02
-2.556899376213550568e-02
-2.685546502470970154e-02
-2.087835595011711121e-02
1.905320398509502411e-02
-1.654334925115108490e-02
1.820581220090389252e-02
2.191201597452163696e-02
3.297260403633117676e-02
1.075236871838569641e-02
-1.925266534090042114e-02
3.943941090255975723e-03
-9.816411882638931274e-03
-1.984583586454391479e-02
2.594921737909317017e-03
-2.805131301283836365e-02
1.456659939140081406e-02
-1.711789704859256744e-02
-2.660544123500585556e-03
-6.044007837772369385e-02
2.834231965243816376e-02
-1.221312209963798523e-02
-7.627662271261215210e-02
-2.918247506022453308e-02
2.959810383617877960e-02
3.288813680410385132e-02
-1.627790182828903198e-02
-1.062797755002975464e-02
1.471176557242870331e-02
-1.482134126126766205e-02
-3.549337759613990784e-02
-8.133151568472385406e-04
-4.920151084661483765e-03
-3.798468969762325287e-03
1.248222216963768005e-02
1.831449009478092194e-02
-1.774274557828903198e-02
2.569569274783134460e-03
4.507159069180488586e-02
-1.607833802700042725e-02
1.857195049524307251e-02
1.649005524814128876e-02
2.454992197453975677e-02
3.995526582002639771e-02
2.488559111952781677e-02
9.183224290609359741e-03
2.272115647792816162e-02
-1.945203170180320740e-02
-3.441273793578147888e-02
1.477982010692358017e-02
-2.625606209039688110e-02
-6.166308745741844177e-02
-2.272596023976802826e-02
-2.855112031102180481e-02
1.805065199732780457e-02
-1.353617478162050247e-02
3.977134078741073608e-02
2.097323909401893616e-02
3.163869306445121765e-02
-1.908695697784423828e-02
2.524467930197715759e-02
4.586415737867355347e-02
1.546826679259538651e-03
1.619902253150939941e-02
1.392564922571182251e-02
2.843888849020004272e-02
5.730700492858886719e-02
8.458025753498077393e-03
-1.581524312496185303e-02
3.418736159801483154e-02
2.481232397258281708e-02
-1.552941836416721344e-02
2.034367620944976807e-02
-5.118162557482719421e-02
1.372709125280380249e-02
1.561425067484378815e-02
-2.889927849173545837e-02
2.176529727876186371e-03
2.422970719635486603e-02
-3.576351329684257507e-02
1.640245318412780762e-04
2.497281506657600403e-02
-1.921951211988925934e-02
-3.319523110985755920e-02
1.171456463634967804e-02
-2.790639549493789673e-02
-2.034759148955345154e-02
-3.361536934971809387e-02
-5.514321848750114441e-02
-4.985432140529155731e-03
2.299962565302848816e-03
1.167539320886135101e-02
1.301135215908288956e-02
-8.645959198474884033e-03
2.942722290754318237e-02
-1.021622866392135620e-02
5.364494398236274719e-02
-2.788643911480903625e-02
3.029862418770790100e-04
-3.403943777084350586e-02
-2.473658137023448944e-02
4.782287403941154480e-02
1.323119550943374634e-02
4.958638921380043030e-03
1.055333856493234634e-02
5.010577384382486343e-03
-8.193720132112503052e-03
-7.980652153491973877e-04
1.709193363785743713e-02
-2.496048808097839355e-03
2.150305546820163727e-02
-3.119901195168495178e-02
1.259929500520229340e-03
-3.240812569856643677e-03
3.741767257452011108e-02
-9.648951701819896698e-03
-4.656337201595306396e-03
1.134374178946018219e-02
-2.124252170324325562e-02
-1.346234697848558426e-02
-1.616768911480903625e-02
2.026541531085968018e-02
-6.544737145304679871e-03
9.109895676374435425e-03
2.895389311015605927e-02
9.312791749835014343e-03
5.038373917341232300e-02
-3.953191451728343964e-03
-2.680252492427825928e-02
-3.212022781372070312e-02
2.499707043170928955e-03
-5.003811791539192200e-03
1.274424791336059570e-02
-3.097280487418174744e-02
-3.740257583558559418e-03
-6.744847632944583893e-03
-4.251781851053237915e-03
-2.528107911348342896e-02
3.539835102856159210e-03
2.134156227111816406e-02
-1.870950683951377869e-03
2.120221778750419617e-02
-1.848708838224411011e-03
1.948019117116928101e-02
-8.938124403357505798e-03
-2.909697033464908600e-02
8.419698104262351990e-03
2.248726226389408112e-02
-3.323706984519958496e-02
-2.149366773664951324e-02
2.930743619799613953e-03
-2.374134957790374756e-02
-5.056307464838027954e-02
3.409236669540405273e-04
-9.860828518867492676e-03
-1.673320122063159943e-02
-5.816815793514251709e-02
4.459481686353683472e-03
-2.648672088980674744e-02
-9.831123054027557373e-03
-2.027574554085731506e-02
-2.227296121418476105e-03
1.742334663867950439e-02
-8.841529488563537598e-03
-1.323434524238109589e-03
6.277593784034252167e-04
6.343091838061809540e-03
2.694918029010295868e-02
-1.743831485509872437e-02
-1.716428250074386597e-02
1.410497911274433136e-02
-2.358269691467285156e-02
1.018534786999225616e-02
-2.542869746685028076e-02
-4.164832644164562225e-03
-8.197902701795101166e-03
4.413073882460594177e-03
5.224244669079780579e-03
-4.494480416178703308e-02
5.719548836350440979e-02
-6.116779986768960953e-03
4.284475371241569519e-02
1.777734048664569855e-02
2.047477662563323975e-02
2.387518249452114105e-02
1.603564247488975525e-02
2.624237351119518280e-02
3.404113277792930603e-02
1.628859899938106537e-04
5.746198073029518127e-02
3.724445402622222900e-02
6.987832486629486084e-03
1.362249720841646194e-02
-1.970024965703487396e-02
-3.162998706102371216e-02
2.496919035911560059e-02
-2.276884578168392181e-02
9.303456172347068787e-03
5.058030784130096436e-02
4.829299636185169220e-03
1.828838139772415161e-05
8.075235411524772644e-03
2.442932501435279846e-02
1.000400166958570480e-02
-1.363848336040973663e-02
-1.658221893012523651e-02
3.259298577904701233e-02
-7.332834415137767792e-03
4.879889544099569321e-03
-2.056025527417659760e-02
2.259866893291473389e-02
1.064228639006614685e-02
1.486650388687849045e-02
3.440475463867187500e-02
-6.416989490389823914e-03
-1.478540338575839996e-02
1.556399650871753693e-02
-2.564411610364913940e-03
1.668426766991615295e-02
1.404002495110034943e-02
-1.100032310932874680e-02
-3.231457620859146118e-02
-1.084370817989110947e-02
-1.649268344044685364e-02
-2.310391142964363098e-02
3.223683685064315796e-03
-7.061005569994449615e-03
-5.540245771408081055e-02
-2.928016334772109985e-02
-5.974703468382358551e-03
-1.330017298460006714e-02
-2.796615101397037506e-02
1.477831322699785233e-02
-1.160635985434055328e-02
-1.352437399327754974e-02
-2.220124006271362305e-02
3.307174891233444214e-02
-7.119770161807537079e-03
1.077337376773357391e-02
-2.045467961579561234e-03
2.050085552036762238e-02
1.676448807120323181e-02
-1.610830053687095642e-02
-2.174561657011508942e-02
4.567404091358184814e-02
-4.329639300704002380e-02
-1.044355332851409912e-02
-7.233662530779838562e-03
4.862267524003982544e-02
-4.413184151053428650e-02
1.557972840964794159e-02
8.107308298349380493e-03
-3.224222362041473389e-02
1.958989351987838745e-02
4.415988922119140625e-02
-2.429682388901710510e-02
2.899024076759815216e-02
3.385552018880844116e-02
1.000761985778808594e-04
6.405835039913654327e-03
2.110500261187553406e-02
-2.948990091681480408e-03
-5.032336339354515076e-04
1.128774508833885193e-02
-4.218907095491886139e-03
2.747281920164823532e-03
-1.931593567132949829e-02
-5.034452676773071289e-02
1.735127717256546021e-02
-3.222112730145454407e-02
2.078318968415260315e-02
1.378215849399566650e-03
3.473363444209098816e-02
1.650628075003623962e-02
4.458718001842498779e-02
1.358179748058319092e-02
5.314812809228897095e-02
-1.992323435842990875e-02
-3.720355778932571411e-02
-9.848725050687789917e-03
4.960444197058677673e-02
5.901196971535682678e-03
2.086460962891578674e-02
-6.037451326847076416e-03
-3.336216509342193604e-02
-4.563435912132263184e-02
2.484883740544319153e-02
3.447786346077919006e-02
3.833857923746109009e-02
1.395514421164989471e-02
-4.986071214079856873e-02
1.153976283967494965e-02
2.310774289071559906e-02
1.877308078110218048e-02
-1.492630690336227417e-05
-1.654756069183349609e-02
-8.310892619192600250e-03
-1.072437316179275513e-02
3.995627630501985550e-03
-1.360343210399150848e-02
5.540130659937858582e-03
-4.782040044665336609e-02
-3.566918149590492249e-02
4.213964566588401794e-02
-1.065983343869447708e-02
6.181206554174423218e-03
2.162621915340423584e-02
9.639998897910118103e-03
-1.392048224806785583e-02
-8.714469149708747864e-03
1.978794857859611511e-02
1.450368575751781464e-02
1.602995954453945160e-02
-3.398305922746658325e-02
-1.662615686655044556e-03
-3.381114918738603592e-03
-1.411508023738861084e-02
2.336292900145053864e-02
-5.657528340816497803e-02
-2.290578559041023254e-04
-1.488944701850414276e-02
2.730716019868850708e-02
-4.422373604029417038e-03
1.363823562860488892e-02
-1.924345269799232483e-02
2.353480085730552673e-02
-4.059622995555400848e-03
-2.221950516104698181e-02
-6.196202710270881653e-03
7.287939079105854034e-03
-1.209113933145999908e-02
9.283440187573432922e-03
-1.917640492320060730e-02
4.747588559985160828e-02
-1.179708540439605713e-02
-1.747651956975460052e-02
2.858253754675388336e-02
6.626177579164505005e-03
-2.094913274049758911e-02
1.745112054049968719e-02
9.964166209101676941e-03
2.908971905708312988e-02
1.551299728453159332e-02
3.224279731512069702e-03
-3.370320051908493042e-02
-1.417027693241834641e-02
-1.104667223989963531e-02
-3.299174830317497253e-02
-2.721578069031238556e-02
-8.019809611141681671e-03
-2.545936219394207001e-02
-1.704181358218193054e-02
6.895202398300170898e-02
-2.076926268637180328e-02
6.015583872795104980e-03
-3.171609342098236084e-02
1.927142404019832611e-02
5.477774888277053833e-03
3.221671283245086670e-02
-3.085858002305030823e-02
1.098307780921459198e-03
6.091280840337276459e-03
1.110330224037170410e-02
2.071608603000640869e-02
-8.621502667665481567e-03
2.409547567367553711e-03
3.065335750579833984e-02
9.066088125109672546e-03
-2.485958859324455261e-02
-1.143493503332138062e-02
-1.113444846123456955e-02
-2.117401920258998871e-03
2.432785928249359131e-02
-2.910314872860908508e-02
4.625539295375347137e-03
1.348305586725473404e-02
6.829453632235527039e-03
4.825417324900627136e-02
1.475553214550018311e-02
5.700809136033058167e-02
-2.192313317209482193e-03
8.907468058168888092e-03
-3.654163796454668045e-03
-3.642826527357101440e-02
3.261047601699829102e-02
4.921558313071727753e-03
2.161300927400588989e-02
8.197780698537826538e-03
9.701587259769439697e-04
-9.134899824857711792e-03
-3.178934566676616669e-03
4.250163212418556213e-02
3.191262483596801758e-03
-3.196164593100547791e-02
1.966778887435793877e-03
4.570709913969039917e-02
-2.823769114911556244e-03
9.646574035286903381e-03
-2.774295955896377563e-02
-2.307984046638011932e-02
-1.163485459983348846e-02
1.436813548207283020e-02
-3.256566822528839111e-02
-1.220327895134687424e-02
2.032593265175819397e-02
1.525339577347040176e-02
1.229442469775676727e-02
5.326963216066360474e-02
-1.622851192951202393e-02
1.947257667779922485e-03
-9.583606384694576263e-03
-1.562433503568172455e-02
2.660339698195457458e-02
2.072494290769100189e-02
1.369406282901763916e-02
1.710777916014194489e-02
2.948966249823570251e-02
-3.306004405021667480e-02
-1.347206439822912216e-02
3.830619156360626221e-03
-2.651621401309967041e-02
-9.699501097202301025e-03
9.904460050165653229e-03
4.595027118921279907e-02
-3.942234069108963013e-02
2.138248877599835396e-03
-2.507953904569149017e-02
-8.607275784015655518e-03
-2.230785600841045380e-02
5.940511822700500488e-02
2.322653308510780334e-02
2.083570882678031921e-02
-3.638460114598274231e-02
-2.426153793931007385e-02
3.315620124340057373e-03
2.086658030748367310e-02
-1.703621819615364075e-03
-3.212017565965652466e-02
1.829151250422000885e-02
7.188647985458374023e-03
-1.402051374316215515e-02
1.270943507552146912e-02
-1.103736367076635361e-02
-1.149146351963281631e-02
-2.476047538220882416e-02
-1.600341685116291046e-02
1.999120973050594330e-02
3.338466212153434753e-02
-3.391634672880172729e-02
4.733806848526000977e-02
1.998899877071380615e-02
-4.769895970821380615e-02
1.850614696741104126e-02
-1.794614270329475403e-02
-6.396174430847167969e-03
2.205174416303634644e-03
1.996951550245285034e-02
-6.668616086244583130e-03
2.577571198344230652e-03
3.343306109309196472e-02
-8.425374515354633331e-03
4.015771672129631042e-03
1.533488184213638306e-02
3.742762655019760132e-02
2.209328114986419678e-02
-1.871106773614883423e-02
6.048010662198066711e-03
1.153989881277084351e-02
-3.369312733411788940e-03
1.742232032120227814e-02
-2.141195163130760193e-02
-3.665709495544433594e-02
-2.475108020007610321e-02
-1.472010184079408646e-02
5.157393403351306915e-03
-2.002260088920593262e-02
4.028697311878204346e-02
-1.252761669456958771e-02
7.848642766475677490e-03
-3.839673101902008057e-02
-1.857321709394454956e-02
8.577495813369750977e-03
-1.008934993296861649e-02
3.360939212143421173e-03
-3.375353664159774780e-02
-1.892190799117088318e-02
-1.179588772356510162e-02
-1.922610029578208923e-02
8.842509239912033081e-03
6.502707023173570633e-03
-9.475892409682273865e-03
9.669560939073562622e-03
-6.163815502077341080e-03
-1.085611246526241302e-02
-1.891374029219150543e-02
1.002431847155094147e-03
-2.006467618048191071e-02
1.169130764901638031e-02
-2.842114120721817017e-02
-1.662125065922737122e-02
2.448892779648303986e-02
-2.169402316212654114e-02
-9.714610874652862549e-03
-6.861239671707153320e-04
-2.222063951194286346e-02
3.527130931615829468e-03
-6.648338399827480316e-03
-5.000360775738954544e-03
7.252276875078678131e-03
3.768000751733779907e-04
-1.416497025638818741e-02
1.479116827249526978e-02
4.251438193023204803e-03
-9.403178468346595764e-03
1.642373204231262207e-02
3.013110533356666565e-02
1.107440982013940811e-02
2.360386773943901062e-03
4.141558893024921417e-03
3.596971929073333740e-02
2.866891678422689438e-03
6.165999919176101685e-03
-1.038862112909555435e-02
2.790471725165843964e-02
-1.573294959962368011e-02
1.617027446627616882e-04
1.503683626651763916e-02
3.197769075632095337e-02
1.484621595591306686e-02
1.240113843232393265e-02
-3.034241963177919388e-03
-3.415227308869361877e-02
5.556838214397430420e-02
-1.131936907768249512e-03
2.524532750248908997e-02
-8.565999567508697510e-03
7.379336282610893250e-03
7.989252917468547821e-03
-6.252852827310562134e-02
3.793622832745313644e-03
-2.704080007970333099e-02
1.173901557922363281e-02
-1.237717363983392715e-02
-3.327178210020065308e-02
3.256781399250030518e-02
-3.802958875894546509e-02
3.677845001220703125e-03
-1.084643043577671051e-02
2.381314709782600403e-02
3.618981316685676575e-02
-2.792397513985633850e-02
2.117296680808067322e-02
7.071533054113388062e-02
1.199114415794610977e-02
3.075851500034332275e-02
-1.808967441320419312e-02
-1.451293751597404480e-02
1.023865491151809692e-02
7.805746048688888550e-03
1.277391426265239716e-02
-3.971008583903312683e-02
-4.799567908048629761e-02
1.535642705857753754e-02
-3.341301344335079193e-04
-2.109558321535587311e-02
-1.606683060526847839e-02
1.358240470290184021e-02
3.426042199134826660e-02
-2.979889512062072754e-03
-2.055886015295982361e-02
-3.171484917402267456e-03
-3.450449928641319275e-02
-5.818707868456840515e-04
-4.118489474058151245e-02
1.637527020648121834e-03
4.321448504924774170e-04
-2.965487167239189148e-02
-1.620918884873390198e-02
2.934203669428825378e-02
2.069858647882938385e-02
2.731587924063205719e-02
6.268278695642948151e-03
1.351275388151407242e-02
1.277078874409198761e-03
8.046247065067291260e-03
-2.349483966827392578e-02
3.538496047258377075e-02
-1.552718132734298706e-02
-1.487797684967517853e-02
-9.704165160655975342e-03
2.298764511942863464e-02
1.696437597274780273e-03
-2.514153718948364258e-02
5.047306045889854431e-02
1.014319993555545807e-02
1.459961757063865662e-02
