1.077856349945068359e+01
4.082727432250976562e+00
1.009756946563720703e+01
1.357781791687011719e+01
1.575864601135253906e+01
1.346964359283447266e+01
1.553586959838867188e+01
-3.338282346725463867e+00
-3.370376348495483398e+00
-3.069280147552490234e+00
-1.384493827819824219e+00
2.757024466991424561e-01
-2.570059895515441895e-01
3.165598154067993164e+00
3.178645074367523193e-01
-6.661695837974548340e-01
-1.384865641593933105e+00
2.174180507659912109e+00
-3.095470741391181946e-02
-1.282244086265563965e+00
-1.344040274620056152e+00
6.576716899871826172e-01
-2.446988105773925781e+00
-5.781345963478088379e-01
-4.819822788238525391e+00
4.808226108551025391e+00
5.792567729949951172e+00
3.288906335830688477e+00
7.884956359863281250e+00
4.437054634094238281e+00
4.499066829681396484e+00
2.361805915832519531e+00
3.972476482391357422e+00
5.770467758178710938e+00
5.616545200347900391e+00
1.261326909065246582e+00
3.773075342178344727e+00
-5.882006287574768066e-01
3.618158578872680664e+00
2.337286949157714844e+00
2.922005891799926758e+00
2.409318447113037109e+00
1.021629095077514648e+00
1.021049499511718750e+00
9.026820659637451172e-01
-7.435456849634647369e-03
1.607376933097839355e+00
1.800117939710617065e-01
2.690558433532714844e+00
3.298512697219848633e+00
5.340263366699218750e+00
7.323833465576171875e+00
1.243949294090270996e+00
2.002501726150512695e+00
-1.758059114217758179e-01
1.401550889015197754e+00
-3.771557211875915527e-01
-6.207361221313476562e-01
6.334986686706542969e+00
5.253155827522277832e-01
2.266391754150390625e+00
2.393721818923950195e+00
3.614538192749023438e+00
4.547806084156036377e-01
3.416625499725341797e+00
7.610955238342285156e+00
-1.059325098991394043e+00
7.628924846649169922e-01
-9.446893334388732910e-01
7.221716642379760742e-01
-2.643220424652099609e+00
3.497359752655029297e+00
-1.620264053344726562e+00
-2.259846210479736328e+00
-2.540743589401245117e+00
-8.027223348617553711e-01
2.742408812046051025e-01
-8.740859627723693848e-01
-8.319337964057922363e-01
2.476202487945556641e+00
-1.345288276672363281e+00
-2.604614973068237305e+00
-1.736601829528808594e+00
-4.339875698089599609e+00
-2.292855978012084961e+00
-4.099268615245819092e-01
-1.227814078330993652e+00
-1.318254470825195312e+00
2.050893753767013550e-01
-1.012926101684570312e+00
-3.518491983413696289e+00
-2.432338237762451172e+00
-1.007269620895385742e+00
-1.247898817062377930e+00
-2.380331605672836304e-01
-3.211954355239868164e+00
-4.170401096343994141e-01
2.699690580368041992e+00
6.130786240100860596e-02
1.893621802330017090e+00
1.439876258373260498e-01
4.104282855987548828e-01
-2.507624328136444092e-01
1.186326694488525391e+01
1.826658129692077637e+00
-2.687301859259605408e-02
5.710495710372924805e-01
3.061189889907836914e+00
9.340183138847351074e-01
1.483109116554260254e+00
6.165615081787109375e+00
2.696931838989257812e+00
4.536209106445312500e+00
1.346729397773742676e-01
4.379563331604003906e+00
4.617869853973388672e+00
1.346214294433593750e+00
2.497795224189758301e-01
5.353096485137939453e+00
3.297689914703369141e+00
1.961640954017639160e+00
2.651273965835571289e+00
5.488500595092773438e+00
4.342965126037597656e+00
5.843808650970458984e+00
6.651970148086547852e-01
2.483875989913940430e+00
-3.448256731033325195e+00
-2.370436191558837891e+00
-5.416293740272521973e-01
-8.053444027900695801e-01
1.400352597236633301e+00
-3.530682325363159180e-01
-8.549714684486389160e-01
3.029528558254241943e-01
-2.441704988479614258e+00
-1.810906976461410522e-01
1.469762563705444336e+00
-6.893770694732666016e-01
-9.308059811592102051e-01
-2.192873239517211914e+00
-1.266221761703491211e+00
-2.296379327774047852e+00
3.593583106994628906e-01
-6.683408021926879883e-01
6.683759689331054688e+00
1.867153882980346680e+00
4.662259578704833984e+00
3.903369665145874023e+00
9.606270790100097656e+00
9.201479911804199219e+00
1.969166100025177002e-01
-5.005460739135742188e+00
-2.315337419509887695e+00
-3.498578310012817383e+00
-7.717787623405456543e-01
-3.930077552795410156e+00
-2.250240325927734375e+00
-4.435567259788513184e-01
5.961636900901794434e-01
-6.714257597923278809e-01
2.200271368026733398e+00
1.542052268981933594e+00
2.219308614730834961e+00
-7.869053632020950317e-02
1.722836613655090332e+00
1.726757049560546875e+00
-4.911215603351593018e-01
1.455227494239807129e+00
1.492342114448547363e+00
-8.695855140686035156e-01
4.113481044769287109e+00
4.104753017425537109e+00
1.963587641716003418e+00
1.239427328109741211e+00
-4.329854011535644531e+00
2.414675951004028320e+00
-3.357329964637756348e-01
4.820023536682128906e+00
1.445126533508300781e+00
2.629112958908081055e+00
-8.188908696174621582e-01
-1.606137871742248535e+00
-1.931312680244445801e+00
-2.840615987777709961e+00
-2.926120758056640625e+00
-1.889924883842468262e+00
-2.600344896316528320e+00
-2.085364580154418945e+00
-2.670419692993164062e+00
-3.618160009384155273e+00
-8.559078574180603027e-01
-8.890904784202575684e-01
-1.043313264846801758e+00
-2.810057163238525391e+00
2.496814489364624023e+00
-1.043331384658813477e+00
-9.738312959671020508e-01
-2.698981046676635742e+00
-6.410554051399230957e-01
-5.412923812866210938e+00
-2.666346788406372070e+00
-1.785053610801696777e+00
2.002915292978286743e-01
-1.851771473884582520e+00
1.686367630958557129e+00
-7.213669419288635254e-01
7.047068476676940918e-01
2.011300086975097656e+00
2.098473548889160156e+00
-1.694689504802227020e-02
5.072205662727355957e-01
-1.359236359596252441e+00
4.762274622917175293e-01
-6.800435781478881836e-01
-1.897149085998535156e+00
-4.542175292968750000e+00
-4.960673451423645020e-01
-8.677148222923278809e-01
-1.541551232337951660e+00
-1.895503044128417969e+00
-2.024831056594848633e+00
-9.648999571800231934e-01
2.637900590896606445e+00
1.686353921890258789e+00
3.945895195007324219e+00
-2.238331079483032227e+00
3.737855911254882812e+00
-4.899486064910888672e+00
-2.468581914901733398e+00
-3.726831823587417603e-02
-5.103130936622619629e-01
-1.771756291389465332e+00
-2.727188110351562500e+00
2.306863069534301758e+00
3.441850900650024414e+00
4.294957160949707031e+00
5.077016353607177734e+00
3.367574810981750488e-01
-1.594308853149414062e+00
2.313009798526763916e-01
4.294459521770477295e-01
1.527209877967834473e+00
-1.193802952766418457e+00
-2.018881797790527344e+00
7.958845794200897217e-02
3.846367835998535156e+00
-8.299648761749267578e-01
2.986383438110351562e-01
9.838004112243652344e-01
2.250575780868530273e+00
4.476904571056365967e-01
-3.468106985092163086e+00
1.898795366287231445e+00
-2.654553949832916260e-01
-2.159823179244995117e+00
-7.521681487560272217e-03
-1.749760031700134277e+00
-1.979011893272399902e+00
-6.321541070938110352e-01
-2.150104522705078125e+00
-1.155898213386535645e+00
-2.921115875244140625e+00
1.028531074523925781e+00
5.219741463661193848e-01
-1.491867542266845703e+00
-2.430871963500976562e+00
-1.896566867828369141e+00
1.994364380836486816e+00
-9.933179616928100586e-02
3.867558538913726807e-01
4.231279492378234863e-01
7.898615300655364990e-02
1.780614852905273438e+00
8.596276640892028809e-01
-5.205993652343750000e-01
8.185430765151977539e-01
1.477979302406311035e+00
-3.639150857925415039e-01
-2.548707127571105957e-01
6.589676737785339355e-01
-1.739248335361480713e-01
1.194802165031433105e+00
-3.385767221450805664e+00
2.013921976089477539e+00
3.588889837265014648e-01
5.172414302825927734e+00
1.025910675525665283e-01
6.006401404738426208e-02
-1.611167907714843750e+00
1.234869241714477539e+00
-4.005082845687866211e-01
8.489223718643188477e-01
-2.533077716827392578e+00
-8.064558357000350952e-02
2.221533775329589844e+00
4.615586280822753906e+00
1.549059748649597168e+00
1.321298360824584961e+00
-1.010116815567016602e+00
-1.358712434768676758e+00
-2.056807279586791992e+00
-2.006237268447875977e+00
-1.571324169635772705e-01
-3.074452161788940430e+00
-2.644708156585693359e+00
2.146739006042480469e+00
-3.409558534622192383e+00
-1.516644001007080078e+00
-2.615191936492919922e+00
4.129883050918579102e-01
-9.896982908248901367e-01
-1.435163617134094238e+00
1.118698716163635254e+00
1.637119293212890625e+00
-5.809458494186401367e-01
-3.024083375930786133e+00
1.541041880846023560e-01
-1.961021065711975098e+00
-1.710335016250610352e-01
6.614972352981567383e-01
-2.884164333343505859e+00
-2.969709396362304688e+00
-4.725240707397460938e+00
-3.404704570770263672e+00
-3.243354558944702148e+00
-3.422119855880737305e+00
6.363956451416015625e+00
6.088980436325073242e-01
4.107758045196533203e+00
-1.797513365745544434e+00
-8.804544806480407715e-01
-2.459164381027221680e+00
-1.407476305961608887e+00
-1.450110077857971191e+00
-3.779373407363891602e+00
-3.469923734664916992e+00
3.289545536041259766e+00
-3.115678787231445312e+00
-6.371127367019653320e-01
-5.538195967674255371e-01
6.525195837020874023e-01
1.487814903259277344e+00
-1.548334956169128418e-01
5.031476974487304688e+00
1.339240312576293945e+00
2.948405027389526367e+00
-2.357496023178100586e+00
-3.142971515655517578e+00
-2.019850969314575195e+00
-3.213424384593963623e-01
-3.551834821701049805e-01
2.235974311828613281e+00
1.498342990875244141e+00
-1.983245253562927246e+00
-7.041265964508056641e-01
2.522727966308593750e+00
2.228959560394287109e+00
1.181145548820495605e+00
8.584139943122863770e-01
5.499341011047363281e+00
1.613652229309082031e+00
2.717631340026855469e+00
-3.202765583992004395e-01
-8.694327473640441895e-01
9.335607290267944336e-02
9.861460328102111816e-01
6.512268781661987305e-01
3.490031957626342773e-01
5.837975144386291504e-01
-1.299044966697692871e+00
-2.604146897792816162e-01
-6.281690001487731934e-01
-3.512387275695800781e-01
-1.174919724464416504e+00
-1.462870687246322632e-01
-6.261653900146484375e-01
-1.621486425399780273e+00
-5.201433897018432617e-01
6.441893577575683594e-01
1.804475784301757812e-01
1.336481213569641113e+00
-2.888086438179016113e-01
1.565924763679504395e+00
2.950176298618316650e-01
5.027761459350585938e-01
-3.434066772460937500e-01
-7.313379645347595215e-01
-1.395712733268737793e+00
1.031694030761718750e+01
1.138821029663085938e+01
1.311875152587890625e+01
2.769039869308471680e+00
2.449304580688476562e+00
1.545450115203857422e+01
1.057623386383056641e+01
4.394170761108398438e+00
6.668286323547363281e+00
-3.851513624191284180e+00
-1.321514248847961426e+00
-4.002723217010498047e+00
-1.911710977554321289e+00
-1.728141456842422485e-01
1.888805069029331207e-02
-8.197617530822753906e-01
-5.159845352172851562e-01
-3.140842199325561523e+00
-2.053387403488159180e+00
3.438989818096160889e-01
-1.985076665878295898e+00
-1.815515279769897461e+00
1.268803358078002930e+00
3.726936817169189453e+00
3.446739435195922852e+00
-1.082196354866027832e+00
-8.141472339630126953e-01
-2.724461555480957031e-01
-3.929209947586059570e+00
-2.050767660140991211e+00
2.534657955169677734e+00
9.008257836103439331e-02
8.202590942382812500e-01
-2.183688640594482422e+00
-1.363255381584167480e+00
-1.332389950752258301e+00
-4.104083061218261719e+00
-2.973177194595336914e+00
4.167212843894958496e-01
1.088991403579711914e+00
-7.041141986846923828e-01
-1.592717528343200684e+00
-1.853456497192382812e+00
9.570769667625427246e-01
3.499160051345825195e+00
-1.068682312965393066e+00
4.280411720275878906e+00
-1.641816347837448120e-01
-2.672083854675292969e+00
7.996947169303894043e-01
-4.448729038238525391e+00
2.851141452789306641e+00
1.310475170612335205e-01
-3.408343315124511719e+00
7.298762798309326172e-01
-1.654775977134704590e+00
1.341492652893066406e+00
-1.565777778625488281e+00
-2.034698724746704102e+00
-1.287569284439086914e+00
-5.077529549598693848e-01
2.011235475540161133e+00
-1.882957220077514648e+00
-1.512950062751770020e+00
-4.009762287139892578e+00
-2.321973800659179688e+00
1.530479669570922852e+00
3.966885566711425781e+00
2.774118661880493164e+00
8.082662224769592285e-01
-1.944807022809982300e-01
-4.266190826892852783e-01
5.759414196014404297e+00
-6.495986580848693848e-01
2.074231147766113281e+00
2.112386077642440796e-01
4.201784729957580566e-01
-2.850900888442993164e+00
8.484401106834411621e-01
-3.855128288269042969e-01
2.535337448120117188e+00
-3.192288160324096680e+00
2.538033008575439453e+00
3.374562263488769531e+00
3.712126255035400391e+00
-1.158393502235412598e+00
-5.257263183593750000e-01
2.121514976024627686e-01
1.213858246803283691e+00
-1.328427046537399292e-01
-2.356099188327789307e-01
8.992317318916320801e-01
-1.306231141090393066e+00
-2.939615964889526367e+00
-3.393857240676879883e+00
5.540645122528076172e-01
-8.875542283058166504e-01
-1.929301381111145020e+00
-5.247798562049865723e-01
2.543454408645629883e+00
-1.002418637275695801e+00
-1.564456105232238770e+00
1.418480753898620605e+00
-7.255993783473968506e-03
-3.506488323211669922e+00
-1.043764948844909668e+00
-4.372227191925048828e+00
8.251270651817321777e-01
-3.375592470169067383e+00
-2.109884023666381836e+00
3.753349542617797852e+00
8.575679361820220947e-02
7.616974711418151855e-01
1.674858570098876953e+00
-1.393064856529235840e+00
-2.194506168365478516e+00
-8.176657557487487793e-01
9.084790349006652832e-01
-1.886343002319335938e+00
2.934728860855102539e-01
-2.177514314651489258e+00
-9.289132952690124512e-01
-1.691832780838012695e+00
1.931008338928222656e+00
2.082251071929931641e+00
2.632347822189331055e+00
1.755262732505798340e+00
-1.544139623641967773e+00
-1.668085455894470215e+00
1.040204048156738281e+00
-1.881510019302368164e+00
-3.585249423980712891e+00
-1.808979988098144531e+00
-2.482367277145385742e+00
1.770599722862243652e+00
3.831334590911865234e+00
-2.569096982479095459e-01
-2.791796445846557617e+00
-2.441376924514770508e+00
-1.225074172019958496e+00
1.578858733177185059e+00
-6.639127135276794434e-01
-1.369048833847045898e+00
-2.573843002319335938e+00
-6.010476112365722656e+00
-5.925297737121582031e-01
1.972154974937438965e+00
-1.657632946968078613e+00
-1.541411519050598145e+00
-3.414089918136596680e+00
1.849096179008483887e+00
-1.886122226715087891e+00
3.390996158123016357e-01
1.585837006568908691e+00
-1.547037363052368164e+00
5.330714583396911621e-01
-7.804954051971435547e-01
2.763121843338012695e+00
-5.134568214416503906e+00
-2.585887193679809570e+00
-9.206641912460327148e-01
-2.828379154205322266e+00
-5.142254352569580078e+00
5.660684406757354736e-02
-4.262986481189727783e-01
-1.688016414642333984e+00
-4.305125713348388672e+00
-1.560684442520141602e+00
-7.466960549354553223e-01
2.948754310607910156e+00
-1.488031148910522461e-01
2.673285305500030518e-01
-1.636294484138488770e+00
3.572630643844604492e+00
-1.426703572273254395e+00
-3.712636470794677734e+00
-1.936187267303466797e+00
2.307245254516601562e+00
2.437215566635131836e+00
-1.737101078033447266e+00
-1.629625201225280762e+00
1.783425092697143555e+00
3.261574208736419678e-01
1.721764564514160156e+00
-1.272445768117904663e-01
1.124811246991157532e-01
-9.380590915679931641e-01
-1.409434974193572998e-01
-4.373030364513397217e-01
-1.917061448097229004e+00
-1.122113466262817383e+00
-1.694092750549316406e+00
-1.015670180320739746e+00
-1.942163825035095215e+00
-8.645607233047485352e-01
-8.601660132408142090e-01
9.176021814346313477e-02
-1.324148058891296387e+00
3.900381088256835938e+00
-2.721172094345092773e+00
-1.832460910081863403e-01
-1.899444222450256348e+00
6.941871643066406250e-01
-6.676387041807174683e-02
-5.656656622886657715e-01
-1.550000786781311035e+00
-8.959228992462158203e-01
4.149734973907470703e+00
3.539416551589965820e+00
-2.631000876426696777e-01
-2.061449289321899414e+00
1.710636258125305176e+00
-1.647400140762329102e+00
-1.688351273536682129e+00
-3.291804552078247070e+00
-1.062607169151306152e+00
-8.280727863311767578e-01
5.732674002647399902e-01
-3.503634691238403320e+00
5.802204608917236328e-01
-2.046681404113769531e+00
1.687143802642822266e+00
2.681338071823120117e+00
-2.877257585525512695e+00
1.955920696258544922e+00
-3.057802438735961914e+00
1.458685040473937988e+00
-1.107633352279663086e+00
3.876901865005493164e-01
1.718635439872741699e+00
-1.525147438049316406e+00
1.138562679290771484e+00
4.198952913284301758e-01
-2.150074481964111328e+00
2.060556411743164062e+00
-5.142735958099365234e+00
-2.098073959350585938e+00
-1.668574333190917969e+00
-7.728361487388610840e-01
-2.268314361572265625e+00
-3.815761089324951172e+00
1.791937828063964844e+00
-2.060507774353027344e+00
-6.770037412643432617e-01
-8.946143984794616699e-01
-1.845561027526855469e+00
-1.712384581565856934e+00
1.033675551414489746e+00
-1.172633916139602661e-01
3.274174213409423828e+00
1.918038368225097656e+00
1.024028539657592773e+00
-6.798492670059204102e-01
-2.017037391662597656e+00
1.774873971939086914e+00
-3.385241329669952393e-01
-4.473060131072998047e+00
1.866519570350646973e+00
-3.092862963676452637e-01
-2.409245491027832031e+00
2.308115243911743164e+00
1.180692195892333984e+00
-6.534302234649658203e-01
1.049163222312927246e+00
-2.681661546230316162e-01
-1.997380852699279785e+00
-1.795688867568969727e-01
-3.750840723514556885e-01
5.094134807586669922e-01
-4.228016376495361328e+00
-6.879530549049377441e-01
-3.120943546295166016e+00
-4.177697658538818359e+00
-2.266458272933959961e+00
-3.583939790725708008e+00
-3.567991852760314941e-01
-5.037303566932678223e-01
-3.633602559566497803e-01
-5.347026586532592773e-01
-4.942181587219238281e+00
3.842604875564575195e+00
1.355268716812133789e+00
3.312400579452514648e-01
1.727902330458164215e-02
-1.240474820137023926e+00
2.264574527740478516e+00
-2.392145395278930664e+00
3.092745065689086914e+00
-1.791662350296974182e-02
5.658000111579895020e-01
-6.131349205970764160e-01
5.871634930372238159e-03
-8.916806578636169434e-01
-1.993423819541931152e+00
4.166396260261535645e-01
4.333706378936767578e+00
-4.441557824611663818e-01
1.205415129661560059e+00
-3.687104225158691406e+00
-2.027206897735595703e+00
-3.390568256378173828e+00
-2.581358194351196289e+00
3.162348270416259766e+00
1.175840139389038086e+00
3.589709281921386719e+00
-1.556524753570556641e+00
7.054352164268493652e-01
4.360269546508789062e+00
3.683846890926361084e-01
-2.947274684906005859e+00
-1.184270977973937988e+00
2.147514820098876953e+00
1.232864975929260254e+00
-1.142786860466003418e+00
-2.255349874496459961e+00
-3.404825329780578613e-01
-4.273953914642333984e+00
-9.834946990013122559e-01
-1.652954220771789551e+00
-1.443347215652465820e+00
-2.068253278732299805e+00
-2.697419643402099609e+00
-1.869987130165100098e+00
2.410137206315994263e-01
-2.589411020278930664e+00
1.006023287773132324e+00
2.736202239990234375e+00
-3.027301549911499023e+00
-3.439977645874023438e+00
-1.509435772895812988e+00
1.260432004928588867e+00
-1.801594495773315430e+00
1.670657277107238770e+00
1.399155054241418839e-02
-2.702015638351440430e+00
-2.113007783889770508e+00
2.178319215774536133e+00
1.313668131828308105e+00
-1.687046051025390625e+00
4.331119060516357422e+00
-5.124781608581542969e+00
3.568573236465454102e+00
-1.269731521606445312e-01
-3.543933153152465820e+00
-5.276776850223541260e-02
-2.755620002746582031e+00
-9.426410794258117676e-01
1.196093559265136719e+00
4.298236846923828125e+00
-1.937754154205322266e+00
6.198281645774841309e-01
3.839144945144653320e+00
-4.043023288249969482e-02
-2.235686540603637695e+00
-2.632267951965332031e+00
1.111352086067199707e+00
-9.384301900863647461e-01
-9.205586910247802734e-01
-8.879108354449272156e-04
-1.772451758384704590e+00
2.651902198791503906e+00
-8.757527470588684082e-01
-8.096206188201904297e-01
2.303685426712036133e+00
-4.577793776988983154e-01
-2.793433666229248047e+00
-3.926545381546020508e-01
2.078755855560302734e+00
-2.009484529495239258e+00
5.101246356964111328e+00
-2.721039533615112305e+00
-1.970954179763793945e+00
2.017743825912475586e+00
-2.297938585281372070e+00
2.547041177749633789e+00
5.139347076416015625e+00
-2.345144748687744141e+00
-1.237786889076232910e+00
-1.584060668945312500e+00
-9.931822419166564941e-01
-1.499834805727005005e-01
1.672723293304443359e+00
-5.542789027094841003e-02
5.509416460990905762e-01
-5.360512733459472656e-01
2.293167591094970703e+00
1.609401255846023560e-01
1.836521983146667480e+00
3.075393199920654297e+00
2.015138864517211914e-01
-2.961620569229125977e+00
-1.062339425086975098e+00
-2.735414028167724609e+00
-6.087815165519714355e-01
8.888425230979919434e-01
3.432200670242309570e+00
5.827187299728393555e-01
7.771982550621032715e-01
3.941989183425903320e+00
1.007111430168151855e+00
-2.848633766174316406e+00
-3.684917688369750977e+00
-8.265726566314697266e-01
4.608901023864746094e+00
2.474737882614135742e+00
2.048017740249633789e+00
3.884687662124633789e+00
5.131724476814270020e-01
2.091718673706054688e+00
-5.474261760711669922e+00
-4.131406545639038086e-01
-4.218652248382568359e+00
8.593648910522460938e+00
1.346024513244628906e+00
-1.433622956275939941e+00
4.490563571453094482e-01
-4.720566570758819580e-01
4.873145520687103271e-01
9.398475885391235352e-01
-2.099932730197906494e-01
-1.048686578869819641e-01
-2.805382251739501953e+00
-1.809964418411254883e+00
-1.272835850715637207e+00
3.828327894210815430e+00
-3.527639210224151611e-01
-4.413308799266815186e-01
-9.547132253646850586e-01
-2.331788778305053711e+00
4.703982546925544739e-02
4.151964783668518066e-01
-3.199054956436157227e+00
-3.947824954986572266e+00
1.631736993789672852e+00
-8.871045112609863281e-01
-3.186898946762084961e+00
-2.834834098815917969e+00
-2.591001033782958984e+00
1.510859012603759766e+00
1.015516519546508789e+00
-2.385722398757934570e+00
3.896624326705932617e+00
-1.829057335853576660e+00
-3.850993156433105469e+00
1.279383182525634766e+00
7.467973232269287109e-01
3.377661228179931641e+00
1.821078062057495117e+00
8.398440480232238770e-01
2.136125326156616211e+00
-2.373277664184570312e+00
-4.501512050628662109e-01
2.247360467910766602e+00
4.872580051422119141e+00
1.279018282890319824e+00
-1.045508623123168945e+00
2.226187944412231445e+00
-2.142814636230468750e+00
1.798986792564392090e-01
-2.083293437957763672e+00
8.548650741577148438e-01
-2.914123296737670898e+00
-3.754633665084838867e-01
1.917623996734619141e+00
-3.565344572067260742e+00
-4.145188808441162109e+00
-1.722866058349609375e+00
-4.133071899414062500e+00
-2.215714454650878906e+00
-1.177862882614135742e+00
-1.461182594299316406e+00
-2.388455390930175781e+00
2.477452993392944336e+00
-1.699600338935852051e+00
-8.167544007301330566e-01
-1.206780433654785156e+00
-1.823140859603881836e+00
-2.996533632278442383e+00
-2.203516960144042969e+00
3.448032379150390625e+00
-1.499782055616378784e-01
-1.621103525161743164e+00
-1.551087200641632080e-01
-1.541990041732788086e+00
-5.519571781158447266e+00
-5.630007266998291016e+00
4.903717339038848877e-01
5.506707668304443359e+00
-1.255018949508666992e+00
-2.827486515045166016e+00
3.260362863540649414e+00
1.321142613887786865e-01
-3.039743900299072266e+00
1.768935441970825195e+00
1.940602213144302368e-01
-1.272713065147399902e+00
-2.621962428092956543e-01
-1.471723437309265137e+00
-1.302671670913696289e+00
-3.213811635971069336e+00
-1.357309520244598389e-02
-2.480897903442382812e+00
-4.897864460945129395e-01
-7.032795250415802002e-02
-1.167203068733215332e+00
-2.265644788742065430e+00
4.488180160522460938e+00
3.922702550888061523e+00
-1.297229528427124023e+00
5.334200382232666016e+00
1.559990882873535156e+00
-4.808735847473144531e+00
-9.182104468345642090e-01
-1.505076140165328979e-01
-4.755216836929321289e-01
1.472946763038635254e+00
-2.866534471511840820e+00
-1.954495787620544434e+00
2.076703310012817383e+00
2.562427997589111328e+00
3.452489614486694336e+00
6.038757562637329102e-01
-2.815124988555908203e+00
-1.973379492759704590e+00
4.924965381622314453e+00
-2.603961467742919922e+00
-7.333407402038574219e-01
-2.278996467590332031e+00
1.805518746376037598e+00
-2.464704513549804688e+00
-9.650602340698242188e-01
-3.266335725784301758e+00
4.423137187957763672e+00
-2.628118991851806641e+00
-2.583667993545532227e+00
7.738277316093444824e-02
-1.434666275978088379e+00
-6.055864691734313965e-01
-2.667500495910644531e+00
-1.010141253471374512e+00
5.434138178825378418e-01
-1.686024308204650879e+00
-1.937805533409118652e+00
1.940141916275024414e+00
-2.438551425933837891e+00
-1.949305236339569092e-01
-1.239408850669860840e+00
-1.681562304496765137e+00
1.207092642784118652e+00
-1.932582378387451172e+00
9.222425222396850586e-01
-2.956621885299682617e+00
-1.387086868286132812e+00
-1.426601648330688477e+00
9.760015606880187988e-01
-1.511967062950134277e+00
-2.446642398834228516e+00
-5.648480415344238281e+00
-1.348957180976867676e+00
-4.947143793106079102e-01
-3.948939085006713867e+00
-3.382899761199951172e+00
-5.006287693977355957e-01
-2.277361869812011719e+00
-1.263433933258056641e+00
-1.272138595581054688e+00
-1.641586661338806152e+00
-3.695716619491577148e+00
-3.282014131546020508e+00
-4.295521736145019531e+00
-2.770021677017211914e+00
-4.227813780307769775e-01
1.002126574516296387e+00
-3.403483390808105469e+00
-7.272366285324096680e-01
-5.229908227920532227e-01
1.925247669219970703e+00
-8.950105309486389160e-01
-2.121739864349365234e+00
-1.231979608535766602e+00
-1.244701623916625977e+00
8.517646193504333496e-01
4.054705619812011719e+00
-1.900531649589538574e-01
6.346195220947265625e+00
1.672432422637939453e+00
2.336724042892456055e+00
3.712561726570129395e-01
5.067619323730468750e+00
1.013984084129333496e+00
9.239324331283569336e-01
1.626754283905029297e+00
2.330791473388671875e+00
-1.660725116729736328e+00
9.179828643798828125e+00
-2.478652000427246094e+00
-5.295753002166748047e+00
-5.386871814727783203e+00
-5.460357666015625000e-01
-1.998660922050476074e+00
-4.856511592864990234e+00
-4.725756168365478516e+00
-1.652131319046020508e+00
-1.889623999595642090e+00
-1.747344732284545898e+00
-2.146269798278808594e+00
-2.457509040832519531e+00
-1.969880223274230957e+00
9.838302731513977051e-01
-2.245264768600463867e+00
2.189883440732955933e-01
