7.491107285022735596e-02
9.749127551913261414e-03
-6.856826692819595337e-02
5.925755947828292847e-03
1.406966708600521088e-02
-6.749621778726577759e-02
6.537626683712005615e-02
-1.604159176349639893e-02
-1.088920794427394867e-02
2.406510710716247559e-02
1.355520635843276978e-02
4.984176158905029297e-02
-5.202318727970123291e-02
-7.977262139320373535e-04
-3.204132430255413055e-03
8.371102809906005859e-02
-6.445071846246719360e-02
3.403904661536216736e-02
-1.954109966754913330e-02
-4.693150892853736877e-02
-1.114536076784133911e-02
-3.642896935343742371e-02
-4.809930175542831421e-02
8.486524224281311035e-03
3.995574638247489929e-02
-2.985008619725704193e-02
-6.146591156721115112e-02
-8.829543367028236389e-03
5.523058399558067322e-02
-7.729884237051010132e-02
-3.591682389378547668e-02
-4.830360412597656250e-02
-1.456451416015625000e-02
3.578742593526840210e-02
3.553424030542373657e-04
1.637335866689682007e-02
-3.408044576644897461e-02
6.801385432481765747e-02
1.103861816227436066e-02
1.271076798439025879e-01
3.784320503473281860e-02
2.618043310940265656e-02
-9.751658886671066284e-03
2.319359034299850464e-02
4.414809867739677429e-02
-3.774371370673179626e-02
1.143069192767143250e-02
5.473444610834121704e-02
-4.925154522061347961e-02
1.725295186042785645e-02
-1.473221927881240845e-02
-6.343212723731994629e-02
3.245601058006286621e-02
-4.474357888102531433e-02
5.475336313247680664e-02
1.745258085429668427e-02
3.390142694115638733e-03
-2.549126744270324707e-02
7.022067159414291382e-02
3.450812771916389465e-02
-2.026404254138469696e-03
6.197517365217208862e-02
-1.659560017287731171e-02
-1.302017644047737122e-02
-1.608539931476116180e-02
3.903469815850257874e-02
-3.172278404235839844e-02
8.165331184864044189e-02
-8.697429299354553223e-02
3.010431118309497833e-02
5.821251496672630310e-02
-1.028859242796897888e-01
-7.702307403087615967e-02
-4.002147912979125977e-02
7.490532100200653076e-02
-1.001118719577789307e-01
-6.747627630829811096e-04
-4.495225101709365845e-02
-2.848063036799430847e-02
2.480623126029968262e-02
-3.813619166612625122e-02
2.864107489585876465e-02
-3.711855411529541016e-02
-3.280694037675857544e-02
2.045844867825508118e-02
8.307792246341705322e-03
-4.295340552926063538e-02
1.695659011602401733e-04
5.630115419626235962e-02
-2.631485462188720703e-02
-7.961377501487731934e-03
-5.340065807104110718e-02
-1.737291365861892700e-02
7.256162911653518677e-02
1.557016465812921524e-02
-2.329623699188232422e-02
-4.071976244449615479e-02
-9.565179049968719482e-02
1.330213844776153564e-01
3.676383197307586670e-02
-5.606022104620933533e-02
1.465252190828323364e-01
-7.460602372884750366e-02
3.865047544240951538e-02
-4.680119827389717102e-02
4.340141639113426208e-02
-1.890376023948192596e-02
-3.491466492414474487e-02
6.771184504032135010e-03
1.504009589552879333e-03
-4.337473213672637939e-02
6.240310147404670715e-03
-4.543921351432800293e-02
1.373858191072940826e-02
-7.004616409540176392e-02
-5.499330908060073853e-02
4.455117136240005493e-02
-6.149964779615402222e-02
6.942237168550491333e-02
1.735431328415870667e-02
-4.754199087619781494e-02
-3.317951224744319916e-03
7.798868417739868164e-02
1.000764816999435425e-01
9.519118815660476685e-03
-2.938940189778804779e-03
8.271153271198272705e-02
-6.063713505864143372e-02
2.831024117767810822e-02
-4.120188578963279724e-02
-5.745019391179084778e-02
-2.241918817162513733e-02
2.024751529097557068e-02
6.249610707163810730e-02
-1.751345023512840271e-02
-3.916859254240989685e-02
-4.809511825442314148e-03
4.675169661641120911e-02
-6.549176573753356934e-02
-4.152468219399452209e-02
-6.024768948554992676e-02
5.424956232309341431e-02
-2.642034925520420074e-02
-2.596871182322502136e-02
-3.944334387779235840e-02
3.889866918325424194e-02
-2.559043094515800476e-02
-1.029311306774616241e-02
2.487957477569580078e-02
4.313640296459197998e-02
5.375332757830619812e-02
7.118530571460723877e-02
-1.006643995642662048e-01
-8.617386966943740845e-02
3.157957270741462708e-02
1.849606260657310486e-02
-2.343244478106498718e-02
1.794372051954269409e-01
6.455232948064804077e-02
4.965066164731979370e-02
4.938796162605285645e-02
2.714639296755194664e-03
-8.290274441242218018e-02
-1.275068148970603943e-03
1.145732402801513672e-01
6.047797948122024536e-02
5.748538300395011902e-03
-3.600268065929412842e-02
-8.872236311435699463e-02
1.911072991788387299e-03
-5.934191495180130005e-02
1.995058543980121613e-02
4.113849624991416931e-02
3.681228496134281158e-03
9.309075772762298584e-02
-9.458954632282257080e-02
-5.957236140966415405e-02
3.755654767155647278e-02
-7.206813246011734009e-02
-2.439351193606853485e-02
5.072266981005668640e-02
-1.926700398325920105e-02
5.845293402671813965e-02
-1.544832810759544373e-02
-2.730209752917289734e-02
-1.421588286757469177e-02
-3.768349438905715942e-02
-1.661254465579986572e-02
1.070513129234313965e-01
1.038215681910514832e-02
5.196626111865043640e-02
1.851804554462432861e-04
-4.836464673280715942e-02
1.982798799872398376e-03
9.902052581310272217e-03
1.326432824134826660e-02
1.105708070099353790e-03
-5.179039388895034790e-02
-5.433979257941246033e-02
1.669878885149955750e-02
-5.385447293519973755e-03
2.365410700440406799e-02
2.892907522618770599e-02
5.030238628387451172e-02
1.318942755460739136e-03
4.087030515074729919e-02
1.741648465394973755e-02
7.669237256050109863e-02
-1.224757544696331024e-02
-3.082356974482536316e-02
-4.111918434500694275e-02
1.627258956432342529e-03
-3.230119124054908752e-02
-5.160375311970710754e-02
-2.891115285456180573e-02
2.892871573567390442e-02
6.128132343292236328e-02
4.730315506458282471e-02
4.941204935312271118e-02
4.585341364145278931e-02
-1.616482809185981750e-02
3.765942156314849854e-02
-2.457182481884956360e-02
6.891691684722900391e-02
-3.054600581526756287e-02
-4.134759306907653809e-03
8.615392725914716721e-04
-5.019455030560493469e-02
-6.776830554008483887e-02
2.624218165874481201e-02
1.338291913270950317e-03
1.294931918382644653e-01
1.843756996095180511e-03
4.387526586651802063e-02
3.302964940667152405e-02
2.262103557586669922e-02
1.278667598962783813e-01
-5.071434751152992249e-02
-5.258253775537014008e-03
-2.288571558892726898e-03
1.182366535067558289e-02
-6.507694721221923828e-02
5.007182061672210693e-02
7.965215295553207397e-02
2.324921265244483948e-02
6.272992491722106934e-02
4.957430437207221985e-02
-2.607234567403793335e-02
-4.253931343555450439e-02
4.156896471977233887e-02
-3.172068670392036438e-02
-3.550070896744728088e-02
3.215147182345390320e-02
4.113231599330902100e-02
3.149123117327690125e-02
-1.917676813900470734e-02
7.928470149636268616e-03
-4.108692705631256104e-02
-3.172953054308891296e-02
1.823795959353446960e-02
3.829077258706092834e-02
1.121087931096553802e-02
-8.856487274169921875e-02
3.238890320062637329e-03
2.863917499780654907e-03
-4.140183329582214355e-02
-8.977298438549041748e-02
8.622220158576965332e-02
-2.609723992645740509e-02
1.708870381116867065e-02
-1.722621731460094452e-03
-4.359399527311325073e-02
5.676519125699996948e-02
-5.583127588033676147e-02
-4.121661558747291565e-02
-8.622445166110992432e-02
5.350180715322494507e-02
3.475347906351089478e-02
-7.190172374248504639e-02
-4.576174542307853699e-03
2.689978480339050293e-02
2.821784093976020813e-02
-5.651045590639114380e-02
-4.231717064976692200e-02
-1.517597213387489319e-02
-2.161589078605175018e-02
-2.171065658330917358e-02
-5.435126647353172302e-02
-3.930997103452682495e-02
-5.969751998782157898e-02
1.716901920735836029e-02
-1.074482873082160950e-02
3.563077747821807861e-02
4.342061281204223633e-02
-1.598233357071876526e-03
-2.675150707364082336e-02
3.531346470117568970e-02
6.938980519771575928e-02
4.763707518577575684e-02
-7.262320816516876221e-02
3.170451149344444275e-03
3.321330249309539795e-02
3.123430907726287842e-02
-2.680468373000621796e-02
3.593177348375320435e-02
-1.090228185057640076e-02
2.331114187836647034e-02
1.778915151953697205e-02
3.220532834529876709e-02
-1.747513189911842346e-02
3.534190356731414795e-02
4.173181951045989990e-03
-4.303738009184598923e-03
-7.235872745513916016e-02
-7.016712427139282227e-02
-4.858285188674926758e-03
7.988272607326507568e-02
-5.475898832082748413e-02
-1.670645922422409058e-02
-2.502666041254997253e-02
-2.934596501290798187e-02
-1.187076140195131302e-02
-6.583024561405181885e-02
-4.665466025471687317e-02
4.947531223297119141e-02
4.266987368464469910e-02
-1.318067871034145355e-02
6.407821923494338989e-02
1.758897677063941956e-02
-2.517675980925559998e-03
7.172667980194091797e-02
1.508028432726860046e-02
-4.820430278778076172e-02
1.064999401569366455e-01
-7.528130710124969482e-02
8.064974099397659302e-03
-4.506061971187591553e-02
-3.619943559169769287e-02
-4.261134564876556396e-02
4.201658442616462708e-02
5.447348952293395996e-02
1.140009313821792603e-01
-5.695103481411933899e-02
-1.338404044508934021e-02
-2.517221495509147644e-03
-2.167789638042449951e-02
-1.103957295417785645e-01
-3.706870228052139282e-02
9.151686914265155792e-03
3.621997684240341187e-02
-2.714384347200393677e-02
3.323354572057723999e-02
2.790939435362815857e-02
3.709808690473437309e-03
-5.503381043672561646e-02
-4.310824722051620483e-02
-2.655778639018535614e-02
4.861536622047424316e-02
4.229079186916351318e-02
-1.018571481108665466e-02
-3.151179850101470947e-02
6.945359706878662109e-02
-3.591196238994598389e-02
2.569127455353736877e-02
-7.167891412973403931e-02
-3.979139029979705811e-03
-3.963658958673477173e-02
-4.427904635667800903e-02
-3.734122216701507568e-02
-2.984968386590480804e-02
4.318911954760551453e-02
-1.637557335197925568e-02
2.720722183585166931e-02
3.265647217631340027e-03
3.908252716064453125e-02
-3.379621356725692749e-02
-1.093744337558746338e-01
-1.707729697227478027e-02
8.646151423454284668e-02
-8.294320665299892426e-03
7.204713672399520874e-02
1.770138740539550781e-03
6.326638162136077881e-02
-6.923552602529525757e-03
2.213510684669017792e-02
-1.949167437851428986e-02
-8.441948145627975464e-02
8.872705511748790741e-03
-1.010216400027275085e-02
-9.774654358625411987e-02
-1.649301871657371521e-02
2.796034142374992371e-02
-9.322743117809295654e-02
6.902398169040679932e-02
-1.756632700562477112e-02
-7.089129835367202759e-02
-3.418755903840065002e-02
-3.119961544871330261e-02
-4.252568259835243225e-02
-3.555260598659515381e-03
2.800328098237514496e-02
-2.894818037748336792e-02
6.686717271804809570e-02
1.817413792014122009e-02
-8.762047626078128815e-03
-3.701588883996009827e-02
-4.790986329317092896e-02
-6.408599764108657837e-02
4.349437355995178223e-02
-6.558482348918914795e-02
3.804155439138412476e-02
4.046855866909027100e-02
7.128411531448364258e-02
5.729097872972488403e-02
-6.849353015422821045e-02
3.514502197504043579e-02
-1.333346031606197357e-02
-5.932474881410598755e-02
1.266011223196983337e-02
-6.082231551408767700e-02
3.304917365312576294e-02
-2.964915893971920013e-02
-3.650443628430366516e-03
-1.323525756597518921e-01
4.545571282505989075e-02
-4.582576081156730652e-02
-1.689446121454238892e-01
-4.573312029242515564e-02
8.088104426860809326e-02
6.645848602056503296e-02
6.259189918637275696e-03
-3.633107244968414307e-02
3.336978703737258911e-02
-4.819425940513610840e-02
-9.062479436397552490e-02
6.620636209845542908e-03
-3.655014187097549438e-02
-6.422063335776329041e-03
-3.266799263656139374e-03
1.044314354658126831e-02
-4.226348549127578735e-02
1.841172575950622559e-03
6.250609457492828369e-02
-2.140656113624572754e-02
3.433669731020927429e-02
2.516007237136363983e-02
3.899870067834854126e-02
8.858086168766021729e-02
4.276652261614799500e-02
5.193858966231346130e-02
7.408028095960617065e-02
3.655815497040748596e-03
-6.857243180274963379e-02
1.535001024603843689e-02
-4.342488944530487061e-02
-1.501088738441467285e-01
-4.410384595394134521e-02
-4.741052910685539246e-02
2.722332626581192017e-02
-2.943713404238224030e-02
6.458027660846710205e-02
5.914608016610145569e-02
8.745762705802917480e-02
-4.016156494617462158e-02
7.736387848854064941e-02
8.937733620405197144e-02
-8.813345804810523987e-03
8.843321353197097778e-03
3.012395277619361877e-02
7.149315625429153442e-02
1.309142857789993286e-01
7.990457117557525635e-03
-1.235932856798171997e-02
4.686388373374938965e-02
2.166008390486240387e-02
-5.997087806463241577e-03
5.420163273811340332e-02
-1.377499699592590332e-01
1.712433248758316040e-02
1.802881807088851929e-02
-3.534203767776489258e-02
-1.613904535770416260e-02
8.819298446178436279e-02
-6.825528293848037720e-02
8.944740518927574158e-03
4.789296537637710571e-02
-5.032936483621597290e-02
-5.474879965186119080e-02
2.100794948637485504e-02
-5.093900859355926514e-02
-4.774169251322746277e-02
-4.570136591792106628e-02
-9.110724180936813354e-02
-1.335531473159790039e-03
3.475257009267807007e-02
-1.903180964291095734e-03
1.595371402800083160e-02
-1.397502794861793518e-02
6.673353165388107300e-02
-3.736631199717521667e-02
7.669867575168609619e-02
-2.627348527312278748e-02
2.079930156469345093e-03
-7.468267530202865601e-02
-4.501935094594955444e-02
1.051783338189125061e-01
4.245942085981369019e-02
2.658681571483612061e-02
5.553362518548965454e-02
2.557031065225601196e-02
-4.409372806549072266e-03
-2.218879759311676025e-03
3.043609112501144409e-02
-1.043938007205724716e-02
4.900610074400901794e-02
-6.618468463420867920e-02
-3.199452161788940430e-02
2.903047204017639160e-02
7.212598621845245361e-02
-3.169764205813407898e-02
1.909820549190044403e-02
5.727262794971466064e-02
-4.000400379300117493e-02
-4.337862879037857056e-02
-2.944625914096832275e-02
1.303273439407348633e-02
-1.079840399324893951e-02
2.057503908872604370e-02
4.793842509388923645e-02
-2.917816862463951111e-03
9.830273687839508057e-02
-8.241683244705200195e-04
-2.774051949381828308e-02
-8.670894801616668701e-02
7.273897528648376465e-03
-5.131239071488380432e-03
1.124926283955574036e-02
-7.096732407808303833e-02
-1.217355765402317047e-02
-4.859611392021179199e-02
-1.954423822462558746e-02
-3.925925120711326599e-02
-7.679129019379615784e-03
4.643340408802032471e-02
-7.202375680208206177e-03
4.082975536584854126e-02
-4.286774620413780212e-02
3.275197744369506836e-02
-2.251969464123249054e-02
-4.978759214282035828e-02
1.278499513864517212e-02
5.699763447046279907e-02
2.633049152791500092e-03
-3.631269931793212891e-02
-1.737301237881183624e-02
-4.231236129999160767e-02
-1.119550615549087524e-01
-4.553645849227905273e-03
5.536874756217002869e-03
-6.574137508869171143e-02
-1.135727763175964355e-01
8.155880495905876160e-03
-4.238282144069671631e-02
5.228070542216300964e-03
-2.470610104501247406e-02
2.586998417973518372e-02
3.570309653878211975e-02
1.182271819561719894e-02
-1.404099166393280029e-03
-7.531084120273590088e-03
1.811860501766204834e-02
5.401053279638290405e-02
-4.433824494481086731e-02
-5.130198597908020020e-02
2.997426874935626984e-02
-5.964275449514389038e-02
3.999211639165878296e-02
-4.901338368654251099e-02
3.405179083347320557e-02
-1.143337041139602661e-02
-4.228746518492698669e-02
7.180202752351760864e-03
-6.244588270783424377e-02
1.021804213523864746e-01
-2.384950034320354462e-02
9.403993189334869385e-02
3.720855712890625000e-02
2.287226729094982147e-02
5.331245064735412598e-02
4.519958794116973877e-02
4.491268843412399292e-02
5.747430026531219482e-02
6.723908707499504089e-03
1.059390604496002197e-01
5.745109915733337402e-02
1.619343273341655731e-02
1.045500300824642181e-02
-6.189253553748130798e-02
-5.441610515117645264e-02
5.132868885993957520e-02
-3.795794770121574402e-02
5.482847616076469421e-02
1.038513034582138062e-01
4.271182045340538025e-02
-2.117080613970756531e-03
-1.178871840238571167e-02
7.222609221935272217e-02
3.125105798244476318e-02
-1.639416627585887909e-02
-3.491459041833877563e-02
4.795963317155838013e-02
-9.981468319892883301e-04
5.680639296770095825e-02
-5.475487932562828064e-02
3.763182088732719421e-02
2.046515792608261108e-02
2.930712327361106873e-02
7.914612442255020142e-02
3.442268073558807373e-02
-1.377291418612003326e-02
6.664235144853591919e-02
-6.580143235623836517e-03
2.520949579775333405e-02
-2.095913514494895935e-03
-3.515943884849548340e-02
-6.310726702213287354e-02
-3.248047456145286560e-02
-2.202550694346427917e-02
-3.656739369034767151e-02
1.045025512576103210e-02
-3.707791119813919067e-02
-9.658607840538024902e-02
-4.958357661962509155e-02
-1.044062525033950806e-02
1.226926408708095551e-02
-7.747132331132888794e-02
3.419958427548408508e-02
1.170019805431365967e-02
-2.501546218991279602e-02
-4.566520825028419495e-02
4.315100237727165222e-02
-1.589799113571643829e-02
2.998054400086402893e-02
5.210326053202152252e-03
6.000591441988945007e-02
1.610756479203701019e-02
-2.664191834628582001e-02
-6.027290225028991699e-02
8.061663806438446045e-02
-1.205851435661315918e-01
-1.093609035015106201e-01
-2.228760160505771637e-02
1.252433359622955322e-01
-8.631807565689086914e-02
4.223445802927017212e-02
2.262423187494277954e-02
-6.945163756608963013e-02
1.868618838489055634e-02
1.270114183425903320e-01
-3.046698868274688721e-02
4.502040520310401917e-02
5.500572547316551208e-02
5.653165280818939209e-04
1.404203474521636963e-03
4.110208898782730103e-02
1.144126243889331818e-02
-1.322802528738975525e-02
1.078721974045038223e-02
4.208061844110488892e-03
-9.479431435465812683e-03
-4.881003499031066895e-02
-9.747275710105895996e-02
1.890641823410987854e-02
-8.933529257774353027e-02
3.707118332386016846e-02
8.109819144010543823e-03
8.341395109891891479e-02
-1.289190165698528290e-02
9.469273686408996582e-02
1.459179818630218506e-02
1.293292194604873657e-01
-4.545829817652702332e-02
-1.110904589295387268e-01
-4.429265856742858887e-02
7.856981456279754639e-02
-2.637614123523235321e-02
4.445303976535797119e-02
-1.234533637762069702e-02
-6.912299245595932007e-02
-1.113993972539901733e-01
2.587193809449672699e-02
7.749879360198974609e-02
7.301537692546844482e-02
3.449123352766036987e-03
-8.066147565841674805e-02
3.758981823921203613e-02
7.499019801616668701e-02
5.873538553714752197e-02
-7.974117994308471680e-03
-5.825178325176239014e-02
-4.326200857758522034e-02
-2.780116349458694458e-02
2.377946302294731140e-02
-2.221649140119552612e-02
1.328659337013959885e-02
-9.472218900918960571e-02
-4.887440055608749390e-02
7.759022712707519531e-02
-8.980194106698036194e-04
-2.986991778016090393e-03
5.660839006304740906e-02
-4.091379232704639435e-04
-3.024448454380035400e-02
-4.973975569009780884e-02
1.598924957215785980e-02
4.128788411617279053e-02
5.739519000053405762e-02
-1.022887453436851501e-01
2.463021315634250641e-02
-7.365103811025619507e-04
-5.951886624097824097e-02
5.890032276511192322e-02
-1.298891901969909668e-01
-3.835117816925048828e-02
-4.159366711974143982e-03
8.240826427936553955e-02
3.105393424630165100e-02
3.579999506473541260e-02
-1.022906042635440826e-02
7.155327498912811279e-02
-2.592973597347736359e-02
-2.635953575372695923e-02
1.130450516939163208e-02
1.188555732369422913e-02
-1.299337670207023621e-02
5.714060738682746887e-02
-5.864136293530464172e-02
5.397681146860122681e-02
-9.487781673669815063e-03
-4.683080315589904785e-02
5.108616128563880920e-02
1.490362174808979034e-02
-4.789943993091583252e-02
2.593770623207092285e-02
3.301066905260086060e-02
5.452531576156616211e-02
2.779714576900005341e-02
2.425123937427997589e-02
-8.853750675916671753e-02
-4.430367797613143921e-02
7.022449746727943420e-03
-8.708822727203369141e-02
-5.063663050532341003e-02
-1.720378734171390533e-02
-1.810052245855331421e-02
-4.391806572675704956e-02
1.472218036651611328e-01
-6.341040879487991333e-02
1.149336714297533035e-02
-3.349283337593078613e-02
2.011578716337680817e-02
6.012124940752983093e-03
4.204260557889938354e-02
-4.742715880274772644e-02
-7.664358243346214294e-03
1.648934325203299522e-03
3.045296296477317810e-03
2.537979930639266968e-02
1.459321007132530212e-02
1.454989425837993622e-03
5.317164212465286255e-02
-1.749223656952381134e-02
-4.770727828145027161e-02
-1.639669574797153473e-02
4.436498507857322693e-03
2.143557555973529816e-02
7.578139007091522217e-02
-4.985422641038894653e-02
4.105717316269874573e-02
9.469803422689437866e-03
1.683053188025951385e-02
1.042219176888465881e-01
3.389031812548637390e-02
1.328036487102508545e-01
1.866327784955501556e-02
3.802685439586639404e-02
-1.739061065018177032e-02
-6.270089000463485718e-02
5.814941227436065674e-02
1.250890269875526428e-02
5.632871761918067932e-02
6.511732935905456543e-04
-5.980154499411582947e-03
7.876086048781871796e-03
2.139268070459365845e-02
8.430927246809005737e-02
-7.115878164768218994e-03
-8.424304425716400146e-02
-8.858814835548400879e-03
8.574065566062927246e-02
-3.160477615892887115e-03
3.736954182386398315e-03
-1.887145452201366425e-02
-1.768412999808788300e-03
-6.673591211438179016e-03
3.811884671449661255e-02
-2.865169756114482880e-02
-3.062898851931095123e-02
5.174535140395164490e-02
1.770879328250885010e-02
2.342301607131958008e-02
8.008028566837310791e-02
-6.529279798269271851e-02
2.632615342736244202e-02
-1.083042658865451813e-02
-2.525303885340690613e-02
4.394470527768135071e-02
1.878949999809265137e-02
2.989601902663707733e-02
3.326987475156784058e-02
1.397122535854578018e-02
-7.188089936971664429e-02
7.876383140683174133e-03
-2.997029572725296021e-02
-8.135464787483215332e-02
-4.153413325548171997e-02
4.252674430608749390e-02
7.394540309906005859e-02
-1.125010251998901367e-01
-1.327356696128845215e-02
-9.822230041027069092e-02
-8.803889155387878418e-03
-5.980945006012916565e-02
8.789315819740295410e-02
2.812904119491577148e-02
2.343698404729366302e-02
-6.912487000226974487e-02
-6.987328827381134033e-02
3.923972696065902710e-02
6.440462172031402588e-02
-3.287703171372413635e-02
-6.049228087067604065e-02
7.940868288278579712e-02
2.529560029506683350e-02
-1.127742603421211243e-02
2.496894448995590210e-03
1.241947337985038757e-02
-2.147797495126724243e-03
-4.894039779901504517e-02
-3.115348517894744873e-03
4.122898355126380920e-02
7.494319975376129150e-02
-7.944375276565551758e-02
1.026941090822219849e-01
3.437636792659759521e-02
-1.118843108415603638e-01
6.076559424400329590e-02
-2.988285943865776062e-02
-1.968664862215518951e-02
-4.183008894324302673e-02
7.416979968547821045e-02
-9.301578626036643982e-03
2.859101444482803345e-02
7.022882997989654541e-02
-3.995609283447265625e-02
-2.930683083832263947e-03
2.650797739624977112e-02
7.063935697078704834e-02
4.582158103585243225e-02
-3.630683198571205139e-02
4.193603992462158203e-02
1.468098536133766174e-02
7.096368819475173950e-03
2.212550304830074310e-02
-4.546308144927024841e-02
-3.802501037716865540e-02
-3.405798226594924927e-02
-5.259881541132926941e-02
1.361257955431938171e-02
-5.483883991837501526e-02
1.131326630711555481e-01
-2.560519613325595856e-02
-2.447643503546714783e-02
-5.737632885575294495e-02
-2.434051781892776489e-02
4.310064762830734253e-02
-2.648277208209037781e-02
4.253400117158889771e-02
-8.603696525096893311e-02
-1.320564560592174530e-02
-6.100934371352195740e-02
-4.508101940155029297e-02
1.277543976902961731e-02
3.477067872881889343e-02
-2.025897987186908722e-02
2.736099064350128174e-02
-3.552597388625144958e-02
-2.188947238028049469e-02
-3.727058321237564087e-02
-2.727571688592433929e-02
-3.683444112539291382e-02
8.656457066535949707e-04
-3.908444195985794067e-02
-1.337958499789237976e-02
4.652485251426696777e-02
-5.623398721218109131e-02
-9.066399186849594116e-03
7.213978096842765808e-04
-6.270053982734680176e-02
2.304281666874885559e-02
-1.995678991079330444e-02
-5.636747460812330246e-03
1.882930658757686615e-02
-1.407945901155471802e-02
-1.726384460926055908e-02
3.478607907891273499e-02
1.599201932549476624e-02
-5.420307442545890808e-02
7.447347044944763184e-03
5.532864481210708618e-02
2.065224945545196533e-02
3.011336317285895348e-03
-5.066106095910072327e-03
6.773015111684799194e-02
8.418858051300048828e-04
1.158585771918296814e-03
-1.880237087607383728e-02
7.482457160949707031e-02
-6.867216899991035461e-03
4.934983700513839722e-02
6.644632667303085327e-03
6.457383185625076294e-02
2.774554863572120667e-02
2.468796819448471069e-02
-3.192574158310890198e-02
-7.818621397018432617e-02
1.210001260042190552e-01
4.817929118871688843e-03
4.855062812566757202e-02
1.450389716774225235e-02
4.403767362236976624e-02
5.968162789940834045e-03
-1.349984854459762573e-01
-2.525837719440460205e-02
-6.891961395740509033e-02
1.513179671019315720e-02
-3.186915069818496704e-02
-7.359616458415985107e-02
7.254032790660858154e-02
-8.398778736591339111e-02
-1.326086930930614471e-02
-3.305519372224807739e-02
6.041559204459190369e-02
5.603731051087379456e-02
-1.015747413039207458e-01
5.818808823823928833e-02
1.253313273191452026e-01
1.590099185705184937e-02
5.318629741668701172e-02
8.885450661182403564e-04
-7.230588793754577637e-02
-6.337448954582214355e-03
3.858041390776634216e-02
2.739031240344047546e-02
-7.385344803333282471e-02
-9.669461846351623535e-02
2.606133371591567993e-02
1.252091489732265472e-02
-3.877953812479972839e-02
-3.234789147973060608e-02
3.177878633141517639e-02
8.517794311046600342e-02
-9.502571076154708862e-03
-2.192026749253273010e-02
6.714532151818275452e-03
-8.112214505672454834e-02
-9.952321648597717285e-03
-1.018308177590370178e-01
6.996735930442810059e-03
1.022784598171710968e-02
-7.225377857685089111e-02
-5.229363963007926941e-02
5.317776650190353394e-02
2.014643698930740356e-02
8.722428977489471436e-02
-8.486583828926086426e-04
4.804220981895923615e-03
3.308659419417381287e-03
6.957307457923889160e-03
-2.719594910740852356e-02
8.103086799383163452e-02
4.628039896488189697e-04
-5.502264574170112610e-02
-3.336750343441963196e-02
7.235342264175415039e-02
1.219613477587699890e-02
-6.556233018636703491e-02
9.135458618402481079e-02
5.201631039381027222e-02
3.663910552859306335e-02
