1.306622409820556641e+01
7.576014518737792969e+00
2.517810058593750000e+01
3.028753280639648438e+01
2.130733489990234375e+01
2.029876708984375000e+01
1.830384445190429688e+01
-6.370841264724731445e-01
-4.161327183246612549e-01
-1.594560742378234863e+00
1.165519714355468750e+00
-3.712056577205657959e-01
3.037256717681884766e+00
7.027035713195800781e+00
2.926588952541351318e-01
9.473775029182434082e-01
1.020827293395996094e+00
3.588176012039184570e+00
7.240043878555297852e-01
1.305320739746093750e+00
6.838294863700866699e-01
7.606573581695556641e+00
1.712772369384765625e+00
4.750711917877197266e+00
-4.406556189060211182e-01
-1.953207254409790039e+00
3.286713600158691406e+00
1.041800498962402344e+00
1.602854490280151367e+00
1.090591239929199219e+01
9.401888251304626465e-01
-2.913584232330322266e+00
-2.456565618515014648e+00
8.260003089904785156e+00
7.403135299682617188e+00
5.137298107147216797e-01
1.348264575004577637e+00
-5.691941738128662109e+00
4.171761989593505859e+00
7.357676029205322266e-01
2.123631477355957031e+00
4.391166567802429199e-01
-2.963293313980102539e+00
-1.623379230499267578e+00
9.477798938751220703e-01
-3.547138690948486328e+00
-1.565193295478820801e+00
-1.350442528724670410e+00
-1.812070131301879883e+00
2.140251159667968750e+00
5.725516796112060547e+00
4.710856437683105469e+00
-8.072074055671691895e-01
-3.842945098876953125e+00
-5.249092578887939453e-01
-3.918335676193237305e+00
-3.496242523193359375e+00
-4.790596008300781250e+00
2.619343996047973633e+00
-2.641657829284667969e+00
-8.334627151489257812e-01
-3.245445013046264648e+00
-2.691050291061401367e+00
-2.887418031692504883e+00
-1.865324378013610840e-01
8.008438110351562500e+00
-1.952547192573547363e+00
-2.239446640014648438e+00
-2.112370491027832031e+00
-5.356953144073486328e-01
-2.878025770187377930e+00
3.183798313140869141e+00
-4.190358638763427734e+00
-4.034623622894287109e+00
-3.965596675872802734e+00
-2.144394636154174805e+00
-2.201232194900512695e+00
-4.006076812744140625e+00
1.276618719100952148e+00
3.200323581695556641e-01
1.427706241607666016e+00
6.401503562927246094e+00
5.603631973266601562e+00
3.604974746704101562e+00
1.234643816947937012e+00
4.159144401550292969e+00
6.433341979980468750e+00
1.650365948677062988e+00
-6.330614089965820312e-01
2.495575428009033203e+00
-3.708041906356811523e+00
-2.728100538253784180e+00
-1.681293010711669922e+00
-3.174302577972412109e-01
4.845530509948730469e+00
-4.505364894866943359e+00
-7.450644969940185547e-01
6.120171546936035156e+00
4.711796283721923828e+00
8.049999237060546875e+00
1.642901659011840820e+00
-2.258966118097305298e-02
-1.454577922821044922e+00
6.977663040161132812e+00
-1.201399445533752441e+00
-1.633031725883483887e+00
-1.238506078720092773e+00
6.635238170623779297e+00
3.081559896469116211e+00
6.388496398925781250e+00
6.336885452270507812e+00
2.893573284149169922e+00
8.099335670471191406e+00
4.204208850860595703e+00
3.905572891235351562e+00
7.725140094757080078e+00
3.090510129928588867e+00
8.794404983520507812e+00
3.124659538269042969e+00
2.275115013122558594e+00
-1.813114434480667114e-01
2.004698276519775391e+00
2.435913562774658203e+00
5.178111553192138672e+00
6.883319854736328125e+00
1.109941005706787109e+00
8.736742973327636719e+00
1.252436995506286621e+00
1.186882138252258301e+00
4.529179096221923828e+00
3.514077067375183105e-01
5.486813545227050781e+00
7.683018684387207031e+00
4.963091373443603516e+00
6.828795909881591797e+00
-4.264854788780212402e-01
1.600080132484436035e+00
3.761560440063476562e+00
4.921849727630615234e+00
2.719278573989868164e+00
5.273831367492675781e+00
4.767856121063232422e+00
3.869682312011718750e+00
5.185728549957275391e+00
6.685666084289550781e+00
7.361787319183349609e+00
9.727375984191894531e+00
1.110727977752685547e+01
1.019211196899414062e+01
1.481009387969970703e+01
1.052843475341796875e+01
-4.255877435207366943e-01
-3.024929285049438477e+00
-9.944281578063964844e-01
-2.755327701568603516e+00
-2.272115468978881836e+00
-4.260617733001708984e+00
-1.986083865165710449e+00
-9.517866373062133789e-01
-1.440428495407104492e+00
-1.608105003833770752e-01
2.221873253583908081e-01
-6.089603900909423828e-01
-1.439939260482788086e+00
-3.627507209777832031e+00
-2.862176418304443359e+00
-2.329151391983032227e+00
-1.587933778762817383e+00
-3.107044458389282227e+00
9.049957990646362305e-01
-1.809890270233154297e+00
1.803865075111389160e+00
4.349216938018798828e+00
2.767363071441650391e+00
-1.140963077545166016e+00
-4.610961914062500000e+00
2.554305315017700195e+00
-2.567300319671630859e+00
3.919818162918090820e+00
2.377937436103820801e-01
1.711486935615539551e+00
-1.804995536804199219e+00
-4.613377094268798828e+00
-4.231373786926269531e+00
-4.637110233306884766e+00
-2.975084781646728516e+00
-2.952325820922851562e+00
-3.416385412216186523e+00
-1.779129505157470703e+00
-5.118028640747070312e+00
-1.564269185066223145e+00
-2.111546754837036133e+00
-2.820112466812133789e+00
-6.317965388298034668e-01
-8.411469459533691406e-01
-1.865597367286682129e-01
-7.550923824310302734e-01
-6.616268157958984375e-01
-2.837080061435699463e-01
1.276485085487365723e+00
-4.703264236450195312e+00
-1.974224805831909180e+00
-5.032732009887695312e+00
1.987074375152587891e+00
2.847731113433837891e-01
-6.108654290437698364e-02
-3.453513383865356445e+00
-7.234699130058288574e-01
1.219242364168167114e-01
-8.429136872291564941e-01
-4.946449100971221924e-01
-1.537411928176879883e+00
1.886068582534790039e+00
-6.105321645736694336e-01
-9.279189705848693848e-01
-1.265522241592407227e+00
-1.646828651428222656e+00
-3.987259864807128906e-01
-2.461777210235595703e+00
-1.848068356513977051e+00
-2.426889419555664062e+00
-3.946512937545776367e+00
-2.262345075607299805e+00
1.493485808372497559e+00
5.201338976621627808e-02
1.204934000968933105e+00
-2.289954662322998047e+00
-1.754507869482040405e-01
-5.512248516082763672e+00
-2.367068290710449219e+00
-1.494217276573181152e+00
-1.957851409912109375e+00
-1.436937570571899414e+00
-3.801337003707885742e+00
-1.679797530174255371e+00
8.465354442596435547e-01
4.102469235658645630e-02
2.073231697082519531e+00
-1.941755175590515137e+00
-3.429742097854614258e+00
-2.642517089843750000e+00
-3.380042076110839844e+00
1.044637084007263184e+00
-1.333795070648193359e+00
-4.776758193969726562e+00
1.816044598817825317e-01
3.782004833221435547e+00
-2.862090110778808594e+00
3.731300115585327148e+00
3.388539314270019531e+00
4.746794700622558594e+00
3.080721378326416016e+00
-4.451276779174804688e+00
6.148679256439208984e-01
-3.638117909431457520e-01
-3.184633016586303711e+00
-1.308228850364685059e+00
-7.711867690086364746e-01
6.231254935264587402e-01
-5.295580625534057617e-01
-4.411680698394775391e+00
-2.022468566894531250e+00
-5.252095222473144531e+00
-2.700846269726753235e-02
1.250078678131103516e+00
-2.713417291641235352e+00
-4.978684425354003906e+00
-3.343668937683105469e+00
-9.082856774330139160e-01
1.130186796188354492e+00
3.147145271301269531e+00
-1.501460313796997070e+00
2.106756925582885742e+00
1.443317651748657227e+00
-1.721273422241210938e+00
-4.804208755493164062e+00
-8.988637924194335938e-01
-1.818712428212165833e-02
-1.893004655838012695e+00
3.680466890335083008e+00
5.438159108161926270e-01
3.261751830577850342e-01
1.175785183906555176e+00
-1.133468270301818848e+00
1.567653298377990723e+00
2.925579249858856201e-01
3.909381151199340820e+00
1.519751667976379395e+00
-8.013488054275512695e-01
-1.814004182815551758e+00
-1.514755725860595703e+00
-2.149983644485473633e+00
-2.258884608745574951e-01
-3.337287187576293945e+00
-8.568595647811889648e-01
-2.351245164871215820e+00
5.520576477050781250e+00
-3.139520168304443359e+00
-4.685829281806945801e-01
-3.538106679916381836e+00
-2.468828439712524414e+00
-1.254853248596191406e+00
-8.451501727104187012e-01
-1.124512553215026855e+00
-3.052499055862426758e+00
-4.766561508178710938e+00
-1.737200617790222168e+00
-2.382400035858154297e+00
-7.187665700912475586e-01
-2.827944755554199219e+00
-4.703942313790321350e-02
-1.480946898460388184e+00
-4.163198769092559814e-01
-1.340789914131164551e+00
2.975550413131713867e+00
-1.531168222427368164e+00
-6.846265316009521484e+00
-2.663898468017578125e-01
-8.201985359191894531e-01
-1.148697853088378906e+00
-5.725750923156738281e-01
-2.600259065628051758e+00
9.127653837203979492e-01
-4.387936115264892578e+00
3.060858488082885742e+00
-2.832386255264282227e+00
-6.777804493904113770e-01
6.463439941406250000e+00
4.266624927520751953e+00
6.702703952789306641e+00
2.852880716323852539e+00
3.352638721466064453e+00
2.250599622726440430e+00
1.288727402687072754e+00
4.911828637123107910e-01
-2.248902082443237305e+00
-3.641483783721923828e+00
2.742520570755004883e+00
6.703571230173110962e-02
-3.057282209396362305e+00
2.290653228759765625e+00
3.416878938674926758e+00
1.574191689491271973e+00
-2.197055071592330933e-01
5.570147991180419922e+00
1.557513952255249023e+00
2.755387127399444580e-01
-1.746129274368286133e+00
1.992177963256835938e-01
2.310133278369903564e-01
2.179352283477783203e+00
1.328871488571166992e+00
4.785890102386474609e+00
3.236413717269897461e+00
-3.594863176345825195e+00
-9.891009330749511719e-01
3.538242340087890625e+00
3.101498603820800781e+00
-9.721118211746215820e-01
6.890506744384765625e-01
3.376963615417480469e+00
-6.377761960029602051e-01
6.484611034393310547e-01
4.910837173461914062e+00
-9.002529978752136230e-01
-3.440498352050781250e+00
-4.125317096710205078e+00
-4.834392070770263672e+00
-6.504364490509033203e+00
-4.069312572479248047e+00
-4.264083385467529297e+00
-3.332595586776733398e+00
-1.986588239669799805e+00
-2.537652254104614258e+00
-2.230865240097045898e+00
-1.724491000175476074e+00
-2.428575038909912109e+00
-2.968952894210815430e+00
-3.631083250045776367e+00
-3.514406442642211914e+00
-1.799433708190917969e+00
-2.879026651382446289e+00
-2.974321603775024414e+00
-1.653218388557434082e+00
1.577655076980590820e-01
-1.212699294090270996e+00
-1.476152658462524414e+00
-6.252557277679443359e+00
-3.702191352844238281e+00
1.679473876953125000e+01
1.069793415069580078e+01
1.697073554992675781e+01
9.502523422241210938e+00
5.932476520538330078e+00
1.832345199584960938e+01
1.607703971862792969e+01
9.654726028442382812e+00
1.473226261138916016e+01
-3.920193433761596680e+00
4.765450358390808105e-01
-2.413916349411010742e+00
-3.735514163970947266e+00
-1.914484024047851562e+00
4.675443649291992188e+00
5.097247123718261719e+00
9.009158134460449219e+00
-4.011604309082031250e+00
-2.700361013412475586e+00
2.101290464401245117e+00
6.599184870719909668e-02
-6.223750710487365723e-01
4.917529225349426270e-02
2.179228514432907104e-01
2.541269302368164062e+00
-3.502511262893676758e+00
-3.950395822525024414e+00
-3.622554302215576172e+00
1.677792072296142578e+00
-2.135251015424728394e-01
2.157199621200561523e+00
-1.582787632942199707e+00
-6.187403202056884766e-01
-2.995595693588256836e+00
-3.314967393875122070e+00
-1.044725775718688965e+00
2.319160699844360352e+00
-8.307747840881347656e-01
3.821813464164733887e-01
-1.389043927192687988e+00
6.500346660614013672e-01
-3.595754861831665039e+00
-1.553200721740722656e+00
-1.546357870101928711e+00
5.402260780334472656e+00
-5.581325292587280273e-01
2.333678722381591797e+00
1.344032436609268188e-01
3.879003763198852539e+00
4.305427074432373047e-01
-3.758907318115234375e+00
-4.352711141109466553e-01
4.743781089782714844e-01
-1.018054410815238953e-02
-3.413980901241302490e-01
-4.984385967254638672e+00
4.427102565765380859e+00
-1.433892011642456055e+00
1.015516638755798340e+00
4.002492725849151611e-01
3.126067638397216797e+00
6.298586726188659668e-01
-1.377841830253601074e+00
1.369546204805374146e-01
-4.312627792358398438e+00
-2.619262218475341797e+00
5.591915920376777649e-02
1.824358224868774414e+00
1.816424489021301270e+00
-2.831430912017822266e+00
7.204540967941284180e-01
2.915962696075439453e+00
2.521649837493896484e+00
7.226983904838562012e-01
5.615002512931823730e-01
-2.016671657562255859e+00
-1.613412976264953613e+00
-3.023980855941772461e+00
5.316525101661682129e-01
-1.530061364173889160e+00
2.329338073730468750e+00
-3.567803621292114258e+00
2.072666883468627930e+00
3.775242090225219727e+00
7.530452609062194824e-01
-2.448271751403808594e+00
-6.040009260177612305e-01
2.752751588821411133e+00
-7.978007793426513672e-01
2.852806150913238525e-01
-1.475901246070861816e+00
-1.374040961265563965e+00
-2.729657649993896484e+00
-4.211870193481445312e+00
2.445718050003051758e+00
5.497650146484375000e+00
-3.332587718963623047e+00
-2.634506702423095703e+00
-2.901645421981811523e+00
-3.442161679267883301e-01
-9.995225071907043457e-02
-7.969108223915100098e-01
-2.343722581863403320e+00
-3.051318645477294922e+00
-7.784809589385986328e+00
9.524167776107788086e-01
-5.986316204071044922e+00
-3.154741764068603516e+00
4.856614589691162109e+00
-3.641398623585700989e-02
3.358714818954467773e+00
-3.671415567398071289e+00
6.140686273574829102e-01
4.924989342689514160e-01
-7.304093241691589355e-01
-1.856846809387207031e+00
-7.845754623413085938e-01
1.656819105148315430e+00
-1.751560688018798828e+00
1.146396398544311523e-01
-5.062096118927001953e+00
1.438375830650329590e+00
-1.079901218414306641e+00
-6.575381159782409668e-01
1.511435985565185547e+00
9.343407750129699707e-01
3.518116474151611328e+00
-2.611043214797973633e+00
-4.330505430698394775e-01
3.990908265113830566e-01
-6.204615116119384766e+00
-2.203084230422973633e+00
-2.657330513000488281e+00
-4.589380741119384766e+00
1.264429450035095215e+00
4.760116040706634521e-01
3.055363893508911133e+00
-3.139831542968750000e+00
-2.228896141052246094e+00
-3.157171010971069336e+00
9.234926663339138031e-03
-2.596790790557861328e+00
-2.422879695892333984e+00
-6.399287223815917969e+00
-5.847856521606445312e+00
-2.034494876861572266e+00
-7.079576849937438965e-01
2.386175632476806641e+00
5.732281804084777832e-01
2.503037929534912109e+00
-5.525124073028564453e-01
6.739441305398941040e-02
1.380936026573181152e+00
1.458431124687194824e+00
-3.324168682098388672e+00
-5.348400473594665527e-01
-4.212667644023895264e-01
-3.018452525138854980e-01
-4.791984558105468750e+00
-4.455225467681884766e+00
-5.721975564956665039e-01
-3.838504076004028320e+00
-3.275774955749511719e+00
2.434598922729492188e+00
-3.272786617279052734e+00
2.984303712844848633e+00
-4.723901271820068359e+00
-2.079781770706176758e+00
6.571712970733642578e+00
2.336127042770385742e+00
-1.548952341079711914e+00
-3.182246923446655273e+00
-2.380837440490722656e+00
3.166942596435546875e+00
2.794526576995849609e+00
-3.158262252807617188e+00
-1.719417095184326172e+00
1.152317166328430176e+00
9.575179219245910645e-01
-4.129706859588623047e+00
-2.904366493225097656e+00
2.851130008697509766e+00
-6.663104891777038574e-02
-9.288245439529418945e-01
-3.434994459152221680e+00
-3.660984635353088379e-01
-2.020202636718750000e+00
6.727046370506286621e-01
-1.218429923057556152e+00
-5.086302757263183594e-01
-3.040639877319335938e+00
8.465448766946792603e-02
8.335258364677429199e-01
-1.879052877426147461e+00
-2.491867542266845703e+00
-2.067019224166870117e+00
-4.390836954116821289e-01
-2.137602567672729492e+00
6.705629825592041016e-01
-1.653802543878555298e-01
1.084996014833450317e-01
-2.909112691879272461e+00
3.052718639373779297e+00
-1.733465671539306641e+00
-1.385413557291030884e-01
-4.582996845245361328e+00
-8.000819087028503418e-01
8.519743680953979492e-01
1.054966449737548828e+00
-2.976236104965209961e+00
-3.347391605377197266e+00
7.731260061264038086e-01
-1.081221580505371094e+00
-2.469047784805297852e+00
-2.459223508834838867e+00
2.126438319683074951e-01
-3.890565872192382812e+00
2.099160432815551758e+00
-3.286334037780761719e+00
-2.277320146560668945e+00
-2.657650947570800781e+00
-2.079398155212402344e+00
-1.001762747764587402e+00
-5.541146755218505859e+00
-1.737443923950195312e+00
-2.436887025833129883e+00
4.849889278411865234e-01
-1.311719298362731934e+00
-2.925947010517120361e-01
-2.362800240516662598e-01
6.409209221601486206e-03
9.113221615552902222e-02
-2.082857370376586914e+00
-2.315802335739135742e+00
1.136580586433410645e+00
-4.658939838409423828e+00
3.090454339981079102e+00
-6.646364331245422363e-01
-1.442502260208129883e+00
5.040877819061279297e+00
-1.598270773887634277e+00
-1.851719021797180176e+00
-3.434918820858001709e-01
-1.052648782730102539e+00
7.842279076576232910e-01
-2.660857915878295898e+00
-1.598353624343872070e+00
-1.248308897018432617e+00
4.166654869914054871e-02
6.420094013214111328e+00
5.493566989898681641e+00
-5.888166427612304688e-01
-1.122677445411682129e+00
-3.368045330047607422e+00
4.197458267211914062e+00
-1.785495758056640625e+00
-3.868287324905395508e+00
-1.961750984191894531e+00
5.736006498336791992e-01
-4.067447185516357422e+00
2.234178781509399414e-02
1.316799879074096680e+00
-3.340127468109130859e+00
1.333014369010925293e+00
-7.786051630973815918e-01
-3.595964908599853516e-01
-1.518652558326721191e+00
-6.004783511161804199e-01
8.172103881835937500e+00
-2.643080234527587891e+00
-7.110781669616699219e-01
-8.393095731735229492e-01
-3.926733970642089844e+00
-1.350618720054626465e+00
1.314607143402099609e+00
7.333670258522033691e-01
-2.787399768829345703e+00
-1.607999086380004883e+00
2.341371774673461914e+00
2.617333889007568359e+00
9.713534116744995117e-01
-3.814060091972351074e-01
-3.561897516250610352e+00
2.925902605056762695e+00
1.901425719261169434e-01
1.597910642623901367e+00
-3.510090351104736328e+00
1.866438984870910645e+00
-7.156324386596679688e-01
-5.849519968032836914e-01
-2.648855447769165039e+00
-4.258974790573120117e-01
-1.313409447669982910e+00
-1.888167023658752441e+00
2.483738213777542114e-01
3.598161458969116211e+00
-7.021960020065307617e-01
-9.018027782440185547e-01
-4.184062004089355469e+00
-3.488336086273193359e+00
-3.133059024810791016e+00
3.204739466309547424e-02
3.972605705261230469e+00
8.968152105808258057e-02
1.979624867439270020e+00
6.969866752624511719e-01
-2.644685029983520508e+00
1.749022126197814941e+00
-3.502565145492553711e+00
1.905363798141479492e+00
1.728651404380798340e+00
1.357529878616333008e+00
4.402147293090820312e+00
-3.969102859497070312e+00
-2.259370088577270508e+00
-2.093265652656555176e-01
-3.564129590988159180e+00
-7.314500212669372559e-01
-4.094122886657714844e+00
-2.149852514266967773e+00
7.613635659217834473e-01
-6.480190157890319824e-01
-9.559670686721801758e-01
1.480174064636230469e+00
-2.536026954650878906e+00
-1.230991959571838379e+00
3.477389812469482422e+00
-4.593553394079208374e-02
-2.291292905807495117e+00
7.785798907279968262e-01
3.908605575561523438e+00
-2.277368545532226562e+00
3.122588157653808594e+00
-1.600731611251831055e+00
4.283810406923294067e-02
3.043069124221801758e+00
1.964346885681152344e+00
-3.632911205291748047e+00
3.274004697799682617e+00
3.636488676071166992e+00
5.371243953704833984e-01
3.407559871673583984e+00
-1.685943722724914551e+00
-3.865158796310424805e+00
1.440035700798034668e+00
-4.725361347198486328e+00
3.109330832958221436e-01
-2.236642360687255859e+00
2.888872385025024414e+00
-1.939404368400573730e+00
-1.253427982330322266e+00
2.616513252258300781e+00
-1.853371381759643555e+00
-8.391312360763549805e-01
-2.394005060195922852e+00
7.832274436950683594e+00
-1.106791615486145020e+00
-5.185611724853515625e+00
-1.103095173835754395e+00
-2.098170995712280273e+00
5.804977893829345703e+00
7.981465756893157959e-02
-3.804142951965332031e+00
-2.194913148880004883e+00
-1.690450310707092285e+00
-1.627509593963623047e+00
2.023584604263305664e+00
-8.745279312133789062e-01
8.507501333951950073e-02
7.071764469146728516e+00
-3.124610662460327148e+00
-2.509374618530273438e+00
-1.844713687896728516e+00
-3.077760457992553711e+00
-2.229844778776168823e-01
2.836844205856323242e+00
-3.465131759643554688e+00
-2.950018644332885742e+00
-3.771909773349761963e-01
4.305942654609680176e-01
4.515465199947357178e-01
-2.862580299377441406e+00
-2.145113945007324219e+00
-1.434714674949645996e+00
8.397856950759887695e-01
-9.469277262687683105e-01
3.107913017272949219e+00
6.267423033714294434e-01
3.040421485900878906e+00
-6.305903196334838867e-01
-1.845698952674865723e+00
5.453144550323486328e+00
-2.231584072113037109e+00
-4.158477783203125000e-01
1.087275028228759766e+00
1.001821398735046387e+00
-1.052258133888244629e+00
-2.864435434341430664e+00
3.081821441650390625e+00
-3.862720966339111328e+00
-2.774276256561279297e+00
-3.089338064193725586e+00
-8.674470782279968262e-01
3.828374147415161133e+00
-5.030913949012756348e-01
2.669429779052734375e+00
2.907819271087646484e+00
1.215140938758850098e+00
1.217440247535705566e+00
-5.448255538940429688e+00
-3.978314876556396484e+00
-5.792726516723632812e+00
7.595761299133300781e+00
2.764024496078491211e+00
1.810517311096191406e+00
-2.528693437576293945e+00
-2.649157047271728516e+00
-6.837535500526428223e-01
3.214196205139160156e+00
2.466958999633789062e+00
-2.672976255416870117e-01
-2.604015827178955078e+00
-2.091991186141967773e+00
4.220857143402099609e+00
9.900153279304504395e-01
4.406910419464111328e+00
-2.222122669219970703e+00
-1.715503215789794922e+00
-4.073801040649414062e+00
4.666750431060791016e+00
1.362110495567321777e+00
-1.396576166152954102e+00
-9.671800732612609863e-01
-7.398929595947265625e-01
-4.517529964447021484e+00
-2.052031993865966797e+00
-3.821829319000244141e+00
-2.887796640396118164e+00
4.590013995766639709e-03
4.059541225433349609e+00
-3.162455797195434570e+00
-4.610916376113891602e-01
-3.815594196319580078e+00
3.817556858062744141e+00
1.083798122406005859e+01
-2.056304514408111572e-01
5.974941849708557129e-01
1.862988710403442383e+00
-1.073916405439376831e-01
3.084288597106933594e+00
-8.135006427764892578e-01
-1.835345864295959473e+00
1.513839602470397949e+00
4.374526023864746094e+00
1.154691815376281738e+00
-1.289688825607299805e+00
2.410232067108154297e+00
-1.666073679924011230e+00
-1.325566172599792480e+00
-4.649170875549316406e+00
3.236009776592254639e-01
-4.418119430541992188e+00
-3.553056418895721436e-01
-1.626714468002319336e+00
-3.981025516986846924e-02
-5.201776027679443359e+00
7.087308168411254883e-01
-3.541034936904907227e+00
-2.879140377044677734e+00
-1.450760126113891602e+00
-2.674603939056396484e+00
-4.013278961181640625e+00
1.504024028778076172e+00
-1.921644449234008789e+00
-1.122156605124473572e-01
-3.885188817977905273e+00
-3.412870407104492188e+00
-1.059262633323669434e+00
-1.386484146118164062e+00
9.508572816848754883e-01
1.113161444664001465e+00
-3.612177848815917969e+00
3.460958003997802734e+00
-3.628254890441894531e+00
-6.021813392639160156e+00
-5.267405986785888672e+00
5.557875633239746094e-01
2.855646371841430664e+00
-4.572060108184814453e+00
-4.077047348022460938e+00
3.349597215652465820e+00
-2.822706937789916992e+00
-5.170598983764648438e+00
-1.374135255813598633e+00
3.717209994792938232e-01
-1.031435370445251465e+00
7.620040774345397949e-01
-3.235359668731689453e+00
-1.810953378677368164e+00
-1.562726140022277832e+00
-1.179838299751281738e+00
-2.338584899902343750e+00
-2.142328023910522461e+00
-1.287908434867858887e+00
-1.516317963600158691e+00
-4.070731163024902344e+00
8.227945327758789062e+00
3.995047807693481445e-01
-2.617395401000976562e+00
4.121250629425048828e+00
1.328604102134704590e+00
1.715815305709838867e+00
3.321092724800109863e-01
1.670700192451477051e+00
-1.224543690681457520e+00
1.002972960472106934e+00
-6.777183413505554199e-01
-2.238083362579345703e+00
-5.030047297477722168e-01
5.611811161041259766e+00
2.945403337478637695e+00
-1.175416469573974609e+00
-1.223912000656127930e+00
-1.597976207733154297e+00
8.244978904724121094e+00
2.887183189392089844e+00
1.236238002777099609e+00
-6.435545682907104492e-01
1.740671038627624512e+00
-1.505392670631408691e+00
-1.362441539764404297e+00
-1.396285772323608398e+00
4.897918224334716797e+00
-4.070284366607666016e+00
-3.978877782821655273e+00
-3.640108346939086914e+00
-4.729751586914062500e+00
-4.578873157501220703e+00
-4.422094345092773438e+00
-4.525516986846923828e+00
-1.403651237487792969e+00
-3.803899049758911133e+00
-3.584992170333862305e+00
-3.809980630874633789e+00
-3.446413993835449219e+00
-2.701011180877685547e+00
-2.342210054397583008e+00
-4.159250855445861816e-01
1.891553163528442383e+00
-3.703883409500122070e+00
-3.135803222656250000e+00
-3.265545368194580078e+00
-5.664119720458984375e+00
-3.830362796783447266e+00
-1.882332563400268555e+00
-1.148868083953857422e+00
-6.957667350769042969e+00
-1.731035470962524414e+00
1.008459687232971191e+00
-2.439139604568481445e+00
-3.778351306915283203e+00
-3.404082775115966797e+00
-2.293925762176513672e+00
-1.850181818008422852e+00
4.447471797466278076e-01
4.685016274452209473e-01
-4.331310272216796875e+00
-4.228515625000000000e+00
-1.883057951927185059e+00
1.150384664535522461e+00
-2.494627952575683594e+00
-6.291152954101562500e+00
-3.243211269378662109e+00
-5.781643867492675781e+00
-2.930687904357910156e+00
-2.701184988021850586e+00
1.290162920951843262e+00
-2.213138818740844727e+00
-1.412484884262084961e+00
2.006874680519104004e-01
-2.423651456832885742e+00
4.426308155059814453e+00
4.247632980346679688e+00
1.089586853981018066e+00
1.406551456451416016e+01
2.930685579776763916e-01
5.239336967468261719e+00
4.651499271392822266e+00
6.733379364013671875e+00
4.961322784423828125e+00
2.962190866470336914e+00
5.969036102294921875e+00
-7.044569253921508789e-01
-8.590729832649230957e-01
1.435318183898925781e+01
-1.834311604499816895e+00
-3.284880876541137695e+00
-4.376154422760009766e+00
2.583688735961914062e+00
-1.977289021015167236e-01
-3.006444692611694336e+00
-2.581110954284667969e+00
-5.051717162132263184e-01
-1.608605742454528809e+00
-4.091145992279052734e+00
-2.861731529235839844e+00
2.732340693473815918e-01
-4.601147174835205078e-01
3.586896657943725586e-01
5.536763668060302734e-01
-6.617729067802429199e-01
