8.641839981079101562e+00
5.923898696899414062e+00
2.230867195129394531e+01
2.353300857543945312e+01
2.777070236206054688e+01
1.426450157165527344e+01
1.360101890563964844e+01
-1.966351509094238281e+00
-3.982777357101440430e+00
-2.422445058822631836e+00
-2.333318233489990234e+00
-1.121032238006591797e+00
6.407811045646667480e-01
2.446607112884521484e+00
5.942552089691162109e-01
7.899056375026702881e-02
1.227943420410156250e+00
2.335925817489624023e+00
4.573954105377197266e+00
-1.054469347000122070e+00
-6.666412949562072754e-01
6.477658271789550781e+00
2.108242511749267578e+00
6.038157463073730469e+00
-2.281143188476562500e+00
9.468070268630981445e-01
6.263745784759521484e+00
2.304480075836181641e+00
2.827838420867919922e+00
6.677038192749023438e+00
3.228191375732421875e+00
-3.980424106121063232e-01
1.842901229858398438e+00
1.160139274597167969e+01
1.056927967071533203e+01
-3.427277505397796631e-01
3.182294845581054688e+00
-4.193117618560791016e+00
3.086413621902465820e+00
3.150652647018432617e+00
5.893117427825927734e+00
1.684692859649658203e+00
4.490655362606048584e-01
-1.519790410995483398e+00
8.740670680999755859e-01
-9.086824655532836914e-01
3.762423038482666016e+00
6.330713033676147461e-01
3.402082026004791260e-01
3.432723760604858398e+00
5.913279533386230469e+00
4.874609470367431641e+00
-4.683438539505004883e-01
-5.245455503463745117e-01
-2.281233549118041992e+00
7.979890108108520508e-01
-3.575222969055175781e+00
-2.790770769119262695e+00
4.887963771820068359e+00
-9.287309646606445312e-01
-8.515764474868774414e-01
-3.075275897979736328e+00
-2.377096891403198242e+00
-4.533353805541992188e+00
2.545945167541503906e+00
8.569965362548828125e+00
-1.607211232185363770e+00
-1.183703541755676270e+00
-2.585080623626708984e+00
-2.865754127502441406e+00
-4.545689105987548828e+00
3.863090038299560547e+00
2.892780900001525879e-01
-1.682517528533935547e+00
-4.587601125240325928e-01
1.490819156169891357e-01
4.820675551891326904e-01
1.195602536201477051e+00
-2.239460945129394531e+00
3.763431310653686523e-01
-3.236131966114044189e-01
4.168235361576080322e-01
5.918930768966674805e-01
-2.967579126358032227e+00
-1.407856345176696777e+00
1.507628858089447021e-01
-1.123757123947143555e+00
-7.951662540435791016e-01
6.416721343994140625e-01
1.291184067726135254e+00
-3.574306488037109375e+00
-1.401156306266784668e+00
-1.805527359247207642e-01
9.674945473670959473e-01
3.789548158645629883e+00
-9.590746164321899414e-01
1.067265629768371582e+00
1.496349573135375977e+00
2.993890523910522461e+00
5.800487995147705078e+00
3.476687192916870117e+00
-3.478339672088623047e+00
-1.696437358856201172e+00
1.004303932189941406e+01
1.977418541908264160e+00
-1.058807849884033203e+00
-1.742867231369018555e+00
1.995020627975463867e+00
6.587572097778320312e-01
5.565182685852050781e+00
1.619983553886413574e+00
3.145060300827026367e+00
3.131099700927734375e+00
2.478461980819702148e+00
3.733661174774169922e+00
4.586108684539794922e+00
-9.979360103607177734e-01
3.088791668415069580e-01
4.411518573760986328e+00
2.808970928192138672e+00
4.179387390613555908e-01
5.152224540710449219e+00
3.159707307815551758e+00
4.417890548706054688e+00
5.798642158508300781e+00
-2.545611262321472168e-01
4.310931205749511719e+00
1.527095079421997070e+00
1.802614450454711914e+00
2.877390384674072266e+00
1.077388525009155273e+00
4.779367446899414062e+00
4.005375385284423828e+00
3.307211637496948242e+00
6.113567352294921875e+00
1.250201582908630371e+00
3.328497409820556641e+00
5.695719242095947266e+00
1.655811905860900879e+00
1.407987833023071289e+00
1.745636820793151855e+00
7.912888526916503906e-01
1.661800384521484375e+00
6.012499809265136719e+00
5.901731014251708984e+00
9.129179000854492188e+00
8.977355957031250000e+00
1.186033916473388672e+01
1.107394790649414062e+01
1.315558433532714844e+01
1.320001602172851562e+01
1.105704784393310547e+00
-5.074849605560302734e+00
-3.686209440231323242e+00
-6.108145236968994141e+00
-2.337013721466064453e+00
-4.269658565521240234e+00
-2.360812902450561523e+00
-7.723308205604553223e-01
-2.574355840682983398e+00
-1.928352117538452148e+00
-1.007320523262023926e+00
-1.825562477111816406e+00
-1.366368770599365234e+00
-1.833651423454284668e+00
-1.686758160591125488e+00
-2.209348917007446289e+00
-1.848881959915161133e+00
-1.581370711326599121e+00
-6.428255438804626465e-01
-1.236658573150634766e+00
1.752776861190795898e+00
6.529670357704162598e-01
2.353643417358398438e+00
-5.732440352439880371e-01
-4.408197402954101562e+00
6.372950673103332520e-01
4.482222795486450195e-01
3.091704845428466797e+00
-1.300509929656982422e+00
-6.054677963256835938e-01
-1.750885367393493652e+00
-1.623019814491271973e+00
-1.339032649993896484e+00
-1.420841574668884277e+00
-3.627655029296875000e+00
-2.429297208786010742e+00
-2.573503732681274414e+00
-8.573557734489440918e-01
-1.537326097488403320e+00
-3.338248252868652344e+00
-1.152442932128906250e+00
-1.251909375190734863e+00
-4.048005938529968262e-01
-1.812928557395935059e+00
2.294703006744384766e+00
-2.585823535919189453e-01
-7.147790193557739258e-01
-1.498215317726135254e+00
1.364925861358642578e+00
-6.431908607482910156e+00
-2.979446172714233398e+00
-3.735992193222045898e+00
3.879571199417114258e+00
-1.901842594146728516e+00
1.408228158950805664e+00
-1.543962121009826660e+00
1.583400741219520569e-02
-5.498982667922973633e-01
1.007257342338562012e+00
-3.002204298973083496e-01
-4.428195357322692871e-01
-5.285159945487976074e-01
9.710742235183715820e-01
-7.604285478591918945e-01
-1.434893250465393066e+00
-3.623600721359252930e+00
4.932379722595214844e-01
-1.430755257606506348e+00
-2.503523349761962891e+00
-2.854708194732666016e+00
-2.392339229583740234e+00
-2.049784898757934570e+00
2.937481641769409180e+00
1.796206712722778320e+00
2.190435647964477539e+00
-2.552427053451538086e+00
2.617821455001831055e+00
-5.609913825988769531e+00
-2.843028783798217773e+00
-1.251440644264221191e+00
-1.082230925559997559e+00
-6.263553500175476074e-01
-3.451194524765014648e+00
-1.031501293182373047e+00
2.643111467361450195e+00
1.462054491043090820e+00
5.529499053955078125e+00
-2.061902046203613281e+00
-1.982622385025024414e+00
-7.910549640655517578e-01
-1.562521696090698242e+00
-5.062783956527709961e-01
-4.023499488830566406e+00
-3.942238330841064453e+00
-2.590917348861694336e-01
1.623915195465087891e+00
-3.336658954620361328e+00
1.322358250617980957e+00
1.441971421241760254e+00
2.903476715087890625e+00
6.727087497711181641e-01
-3.541435956954956055e+00
1.137852311134338379e+00
-1.511129379272460938e+00
-3.164437294006347656e+00
-1.829525589942932129e+00
-2.781413316726684570e+00
-7.358670234680175781e-01
-2.643888711929321289e+00
-4.518639087677001953e+00
-3.750332355499267578e+00
-3.130419254302978516e+00
9.613226652145385742e-01
2.217408418655395508e+00
-2.605083227157592773e+00
-2.800087928771972656e+00
-1.022664666175842285e+00
2.698448896408081055e-01
2.343295812606811523e+00
3.785859823226928711e+00
2.161987781524658203e+00
4.190124988555908203e+00
3.773915290832519531e+00
2.725853681564331055e+00
-3.532388806343078613e-01
6.399990916252136230e-01
5.358096599578857422e+00
2.791195631027221680e+00
3.843624591827392578e+00
3.357317686080932617e+00
7.866449952125549316e-01
8.692387938499450684e-01
-4.670271873474121094e+00
2.986917018890380859e+00
3.386046409606933594e+00
4.409700393676757812e+00
2.952104330062866211e+00
-2.049428969621658325e-01
-1.401385784149169922e+00
-6.418049335479736328e-01
-3.959217309951782227e+00
-2.327170372009277344e+00
-2.498242855072021484e+00
9.661629796028137207e-01
2.010024547576904297e+00
8.220512390136718750e+00
-8.445287942886352539e-01
1.627141952514648438e+00
-8.566233515739440918e-02
-3.622821092605590820e+00
-9.331142902374267578e-01
-1.820349931716918945e+00
-5.154181718826293945e-01
-3.029118537902832031e+00
-5.400187015533447266e+00
-9.216626882553100586e-01
-3.716417849063873291e-01
-9.892876148223876953e-01
-1.594686627388000488e+00
1.681606620550155640e-01
3.378569364547729492e+00
8.757801055908203125e-01
2.558585643768310547e+00
1.734995007514953613e+00
2.857048511505126953e+00
-4.510676383972167969e+00
7.127181887626647949e-01
-1.777858257293701172e+00
-3.382372260093688965e-01
1.119856238365173340e+00
-3.406344413757324219e+00
-4.148411273956298828e+00
-4.531607151031494141e+00
-2.721454203128814697e-01
-4.628533363342285156e+00
-2.387411832809448242e+00
1.143595504760742188e+01
3.902208566665649414e+00
6.294966220855712891e+00
9.011749029159545898e-01
3.105927705764770508e+00
-1.481868505477905273e+00
-1.534621238708496094e+00
-2.363337278366088867e+00
-1.077138185501098633e+00
-3.781290769577026367e+00
3.619812726974487305e+00
-5.613931179046630859e+00
-5.195741176605224609e+00
-1.465776413679122925e-01
3.604621887207031250e-01
-2.784393131732940674e-01
-2.089943170547485352e+00
5.004166126251220703e+00
-1.470651626586914062e+00
-1.446793556213378906e+00
-2.917205333709716797e+00
-1.808448195457458496e+00
-6.970803141593933105e-01
2.398084878921508789e+00
-2.539402246475219727e-01
2.545008659362792969e+00
2.342720508575439453e+00
-5.865098953247070312e+00
4.914468154311180115e-04
4.623971939086914062e+00
4.018709659576416016e+00
-5.952299833297729492e-01
7.506138682365417480e-01
7.761682987213134766e+00
1.216726779937744141e+00
-1.216472834348678589e-01
1.987933278083801270e+00
1.694039255380630493e-01
-1.356401443481445312e+00
-2.400740861892700195e+00
9.618172049522399902e-02
1.052308082580566406e+00
1.353608608245849609e+00
-1.031144857406616211e+00
-2.267985105514526367e+00
6.369920969009399414e-01
-1.291716694831848145e-01
5.361005663871765137e-01
1.339638382196426392e-01
1.504419445991516113e-01
-1.267890334129333496e+00
1.074838995933532715e+00
1.508002996444702148e+00
1.361734747886657715e+00
2.655418634414672852e+00
1.762759536504745483e-01
2.564925193786621094e+00
7.423424720764160156e-01
-5.388269901275634766e+00
-1.249698996543884277e+00
-1.588496208190917969e+00
-2.201644897460937500e+00
1.480535793304443359e+01
1.088471984863281250e+01
1.854578971862792969e+01
5.486764907836914062e+00
2.812582015991210938e+00
1.775024414062500000e+01
1.831444931030273438e+01
8.278903961181640625e+00
8.992737770080566406e+00
-4.976242542266845703e+00
5.792191028594970703e-01
-8.342216014862060547e-01
-3.238644123077392578e+00
-3.042293548583984375e+00
6.614647388458251953e+00
9.595932006835937500e+00
3.818332433700561523e+00
-4.243081569671630859e+00
-1.647913008928298950e-01
-4.908308982849121094e-01
2.398308277130126953e+00
-2.806759119033813477e+00
1.202572286128997803e-01
3.804816722869873047e+00
4.961740970611572266e+00
-1.878911614418029785e+00
-5.139974594116210938e+00
8.117943406105041504e-01
-1.300525903701782227e+00
1.661568045616149902e+00
8.167691826820373535e-01
-4.099374771118164062e+00
1.974478006362915039e+00
3.367587625980377197e-01
-1.461229562759399414e+00
-1.614528298377990723e+00
-1.730815529823303223e+00
-1.524969458580017090e+00
-3.252640962600708008e-01
1.179124355316162109e+00
-1.877369284629821777e+00
-2.800463438034057617e+00
-9.007768034934997559e-01
1.262140631675720215e+00
2.124566555023193359e+00
-2.777455091476440430e+00
1.430461645126342773e+00
1.165327310562133789e+00
-1.412429213523864746e-01
2.308315515518188477e+00
-6.116362094879150391e+00
1.043342471122741699e+00
-2.642711639404296875e+00
-2.068680763244628906e+00
-2.598428010940551758e+00
-3.923348426818847656e+00
1.213144063949584961e+00
7.060812711715698242e-01
-2.203275918960571289e+00
-3.348307311534881592e-01
1.076171517372131348e+00
2.280951738357543945e-01
-3.362282037734985352e+00
-3.326173305511474609e+00
-2.739103078842163086e+00
-9.838026762008666992e-01
-8.066192269325256348e-02
7.098997235298156738e-01
1.315346598625183105e+00
-2.083755970001220703e+00
-1.234310269355773926e+00
1.099606156349182129e+00
1.274065971374511719e+00
-2.758727073669433594e-01
7.337035536766052246e-01
-2.433660507202148438e+00
1.188139319419860840e+00
-1.802170753479003906e+00
-1.941898465156555176e-01
-5.499790906906127930e-01
-1.096091642975807190e-01
-2.952479600906372070e+00
3.100657463073730469e+00
2.841714143753051758e+00
3.860633373260498047e+00
-3.560737609863281250e+00
-6.300755590200424194e-02
-1.726425409317016602e+00
2.129203796386718750e+00
1.609161734580993652e+00
-8.378958702087402344e-01
2.704880475997924805e+00
-2.676828145980834961e+00
-3.489494085311889648e+00
-3.689306080341339111e-01
4.927395820617675781e+00
-7.993505001068115234e-01
-3.329921960830688477e+00
-7.168527245521545410e-01
1.259803414344787598e+00
-8.270149230957031250e-01
-3.429108381271362305e+00
-1.695891022682189941e+00
-1.313475251197814941e+00
-3.870354652404785156e+00
-9.453502893447875977e-01
-4.596959114074707031e+00
-3.167715072631835938e+00
2.100430250167846680e+00
-1.487026214599609375e+00
1.648933172225952148e+00
-2.020230054855346680e+00
3.609735667705535889e-01
-4.843875408172607422e+00
-2.599348783493041992e+00
-3.914357423782348633e+00
-1.410844445228576660e+00
4.135526418685913086e-01
-3.360254287719726562e+00
1.861497402191162109e+00
-3.972021579742431641e+00
2.173311948776245117e+00
7.853235006332397461e-01
2.118945837020874023e+00
1.113805055618286133e+00
-1.819272994995117188e+00
-6.523539423942565918e-01
-1.865603327751159668e+00
2.636226117610931396e-01
3.644106984138488770e-01
-3.840299367904663086e+00
-1.803868293762207031e+00
-2.111327648162841797e+00
-4.424540519714355469e+00
1.498723626136779785e+00
-2.080506801605224609e+00
7.010968774557113647e-02
3.092364966869354248e-01
8.141466379165649414e-01
-1.627401709556579590e+00
-2.227217197418212891e+00
2.287271499633789062e+00
-6.012580394744873047e-01
-4.031792640686035156e+00
-5.202544689178466797e+00
-5.090281963348388672e-01
-1.555479407310485840e+00
2.077374935150146484e+00
-1.182272791862487793e+00
4.481135010719299316e-01
4.108140766620635986e-01
1.008280634880065918e+00
-2.430303096771240234e+00
1.754637241363525391e+00
5.370060205459594727e-01
-5.664432048797607422e-01
-4.088779985904693604e-01
1.043525815010070801e+00
-6.344354629516601562e+00
-1.313370227813720703e+00
-1.805580407381057739e-01
-3.994605779647827148e+00
-7.632752418518066406e+00
1.188625812530517578e+00
4.248505592346191406e+00
1.651607036590576172e+00
-4.934797763824462891e+00
-1.440519928932189941e+00
3.485234737396240234e+00
2.189515113830566406e+00
9.334921091794967651e-02
-2.841231107711791992e+00
-6.860006451606750488e-01
2.764122009277343750e+00
2.979822397232055664e+00
-3.783525943756103516e+00
-2.838028430938720703e+00
-1.018006801605224609e+00
9.122272580862045288e-02
-3.593560934066772461e+00
-1.043672919273376465e+00
-1.036808118224143982e-01
2.873504877090454102e+00
-1.842780113220214844e+00
-3.149391412734985352e+00
1.383575201034545898e+00
-9.727862477302551270e-01
2.173106431961059570e+00
-4.489528656005859375e+00
-2.736359119415283203e+00
-2.522671222686767578e-01
-1.755500733852386475e-01
1.147550344467163086e+00
-2.295149087905883789e+00
-1.153543114662170410e+00
-2.422079563140869141e+00
-1.609185814857482910e+00
-1.584952592849731445e+00
4.174221038818359375e+00
-2.991821527481079102e+00
1.094487905502319336e+00
-8.495364785194396973e-01
-7.560909986495971680e-01
-1.310632348060607910e+00
-3.032430887222290039e+00
-4.269095897674560547e+00
-8.440657258033752441e-01
1.735003113746643066e+00
6.324646472930908203e-01
-6.410567164421081543e-01
-2.465125322341918945e+00
3.587074279785156250e+00
-2.903408765792846680e+00
-6.983698010444641113e-01
-4.203556060791015625e+00
-2.113242864608764648e+00
-1.591621041297912598e+00
3.734208345413208008e-01
-4.416183471679687500e+00
-1.976312994956970215e+00
-7.867757678031921387e-01
-9.189416170120239258e-01
2.462778806686401367e+00
-3.970654249191284180e+00
1.197515487670898438e+00
-4.584099292755126953e+00
-1.775868177413940430e+00
3.949119150638580322e-01
1.629791259765625000e+00
9.142021834850311279e-02
-2.668626546859741211e+00
3.056229352951049805e+00
-2.635255098342895508e+00
-2.374643564224243164e+00
3.908657789230346680e+00
-3.404638767242431641e+00
8.940777182579040527e-01
-2.124383926391601562e+00
7.918052077293395996e-01
2.016390562057495117e+00
-3.574997901916503906e+00
-7.451740503311157227e-01
-1.677597999572753906e+00
1.065245270729064941e+00
-1.737231016159057617e+00
-4.397613048553466797e+00
-4.323313534259796143e-01
-2.417644977569580078e+00
5.603069663047790527e-01
2.999097347259521484e+00
2.357824563980102539e+00
-1.316142082214355469e+00
-3.071964025497436523e+00
-3.406560420989990234e+00
-7.580508589744567871e-01
-4.426743462681770325e-02
-4.552726268768310547e+00
-1.010492444038391113e-02
4.671960473060607910e-01
-3.226883888244628906e+00
1.589138507843017578e+00
2.159501314163208008e+00
-2.092870473861694336e+00
1.754374861717224121e+00
-2.004722118377685547e+00
-3.546521067619323730e-01
-1.776421904563903809e+00
3.929721832275390625e+00
7.964514732360839844e+00
-4.881839275360107422e+00
-2.403061866760253906e+00
-2.392111301422119141e+00
-4.882121086120605469e+00
-1.599532127380371094e+00
-2.505647897720336914e+00
3.866511821746826172e+00
-1.476762175559997559e+00
-1.308374166488647461e+00
3.816888570785522461e+00
-7.153917551040649414e-01
6.001728177070617676e-01
-6.657803654670715332e-01
-1.657070279121398926e+00
-4.280988126993179321e-02
-1.072121858596801758e+00
3.033793926239013672e+00
-1.082943081855773926e+00
-2.114014387130737305e+00
3.542123317718505859e+00
-1.958706140518188477e+00
-4.812792778015136719e+00
-1.353077530860900879e+00
1.457267761230468750e+00
1.195011854171752930e+00
5.054549574851989746e-01
2.690989255905151367e+00
3.295983314514160156e+00
-1.675423383712768555e+00
-4.430381774902343750e+00
-6.591469049453735352e-01
-5.087701797485351562e+00
-3.765676975250244141e+00
1.359664440155029297e+00
-9.067656993865966797e-01
3.007431983947753906e+00
1.883928626775741577e-01
-2.832368135452270508e+00
1.453999876976013184e+00
-2.759008169174194336e+00
-1.189560651779174805e+00
-4.259429454803466797e+00
3.577502727508544922e+00
2.084182500839233398e+00
-1.249980330467224121e+00
-8.199143409729003906e-01
4.986670985817909241e-02
-3.700351476669311523e+00
-1.558916449546813965e+00
-2.359267234802246094e+00
-2.543967962265014648e+00
-2.724247217178344727e+00
-6.908801794052124023e-01
-2.763396263122558594e+00
-4.367061853408813477e-01
-9.096222370862960815e-02
-3.039178848266601562e+00
3.330731987953186035e-01
-1.149522304534912109e+00
-1.510862112045288086e+00
2.663841843605041504e-01
-7.753412723541259766e-01
-3.559657573699951172e+00
-8.830928206443786621e-01
1.494524598121643066e+00
-5.316821336746215820e-01
1.032013058662414551e+00
-2.925949096679687500e-01
-8.942537903785705566e-01
6.206989884376525879e-01
5.162094593048095703e+00
-4.549393177032470703e+00
1.632788538932800293e+00
-4.904984682798385620e-02
-4.047557830810546875e+00
1.457645654678344727e+00
-1.588678479194641113e+00
-2.842000484466552734e+00
2.438789844512939453e+00
3.505608558654785156e+00
-3.619331121444702148e+00
-1.286579370498657227e+00
4.390489578247070312e+00
-3.322580814361572266e+00
1.231971144676208496e+00
-2.484842777252197266e+00
8.651351928710937500e+00
-7.161475718021392822e-02
-4.685110569000244141e+00
-2.537845373153686523e+00
-3.621552228927612305e+00
1.037204861640930176e+00
9.632389992475509644e-02
-2.536003828048706055e+00
2.050771713256835938e+00
-7.285668253898620605e-01
2.192621529102325439e-01
1.504575729370117188e+00
2.245505094528198242e+00
-6.966703534126281738e-01
2.647913455963134766e+00
-2.078267812728881836e+00
-1.419607400894165039e+00
-2.054446376860141754e-02
-3.948069095611572266e+00
2.509906291961669922e+00
5.221802234649658203e+00
-3.442334651947021484e+00
-2.473381519317626953e+00
1.581142425537109375e+00
-2.323470830917358398e+00
1.110498905181884766e+00
-2.967575550079345703e+00
1.714267209172248840e-02
-1.594611048698425293e+00
-8.139770030975341797e-01
-2.936789989471435547e+00
-9.813882112503051758e-01
-7.863181233406066895e-01
4.499958038330078125e+00
-1.374305486679077148e+00
-2.922265768051147461e+00
1.295008301734924316e+00
1.541363447904586792e-01
3.394581079483032227e+00
5.333203792572021484e+00
3.914949417114257812e+00
2.063029527664184570e+00
-4.166472554206848145e-01
7.373287677764892578e-01
-2.358860969543457031e+00
-3.540229558944702148e+00
-1.793432950973510742e+00
2.875019788742065430e+00
1.956419110298156738e+00
-1.772161483764648438e+00
4.252784252166748047e+00
4.136559009552001953e+00
4.970189183950424194e-02
4.293865859508514404e-01
-4.264541149139404297e+00
-8.331771492958068848e-01
-3.563166379928588867e+00
1.138960647583007812e+01
1.482093632221221924e-01
-4.613165855407714844e-01
-1.086166262626647949e+00
-7.087936401367187500e-01
-1.816836833953857422e+00
1.993195891380310059e+00
-3.051421642303466797e+00
-8.071348667144775391e-01
-1.813216805458068848e+00
-2.201315879821777344e+00
6.363755226135253906e+00
6.572757959365844727e-01
1.167487263679504395e+00
3.418509662151336670e-01
-2.616899967193603516e+00
-1.955216765403747559e+00
1.267108440399169922e+00
1.765037536621093750e+00
-4.625005245208740234e+00
-2.315150976181030273e+00
-2.493297338485717773e+00
-3.031077146530151367e+00
-3.289288997650146484e+00
-2.730041027069091797e+00
-3.059441566467285156e+00
-1.365061551332473755e-01
1.628977060317993164e+00
-2.474778890609741211e+00
2.401224136352539062e+00
-2.897181749343872070e+00
-1.457322716712951660e+00
7.533189773559570312e+00
2.505029201507568359e+00
1.410392165184020996e+00
6.479074358940124512e-01
-1.423353195190429688e+00
-3.500117957592010498e-01
-1.495413929224014282e-01
-4.882507026195526123e-01
2.444513082504272461e+00
3.450741052627563477e+00
-7.255653738975524902e-01
-3.521855175495147705e-01
4.485049724578857422e+00
-3.036818504333496094e+00
-7.251693010330200195e-01
-2.977621078491210938e+00
-1.006154060363769531e+00
-5.015736579895019531e+00
2.593165397644042969e+00
2.030776023864746094e+00
-3.570877313613891602e+00
-5.295332431793212891e+00
-3.346726894378662109e+00
-3.518723964691162109e+00
-4.152044296264648438e+00
-2.710570096969604492e-01
-3.268193483352661133e+00
-3.883009672164916992e+00
1.845952272415161133e-01
-8.594722151756286621e-01
1.654331088066101074e+00
2.410940974950790405e-01
-2.455909013748168945e+00
-1.814023494720458984e+00
-2.044513225555419922e+00
3.210935592651367188e-01
6.116029024124145508e-01
-3.060791015625000000e+00
4.661334991455078125e+00
-1.273833990097045898e+00
-4.354494571685791016e+00
-4.520987987518310547e+00
6.109591722488403320e-01
2.257421255111694336e+00
8.501651287078857422e-01
-3.073210954666137695e+00
2.389413118362426758e+00
-4.546353220939636230e-01
-1.934029936790466309e+00
3.359162211418151855e-01
-5.169814825057983398e-01
-2.391631603240966797e+00
1.493447303771972656e+00
-8.157853484153747559e-01
-2.364939689636230469e+00
-1.397789478302001953e+00
-1.637686252593994141e+00
-2.083522319793701172e+00
-1.728889822959899902e+00
2.863991737365722656e+00
-3.482349395751953125e+00
-2.026796102523803711e+00
1.278534126281738281e+01
2.795245170593261719e+00
-1.818885207176208496e+00
3.510911464691162109e+00
-6.284083724021911621e-01
-2.795207977294921875e+00
-4.429246902465820312e+00
-4.273860156536102295e-01
-2.109272718429565430e+00
3.451567888259887695e+00
7.353515625000000000e-01
-1.349570155143737793e+00
9.453663229942321777e-01
1.130216789245605469e+01
9.159505963325500488e-01
-2.276282787322998047e+00
-1.643709659576416016e+00
-1.199022650718688965e+00
1.021609497070312500e+01
-4.620841741561889648e-01
-4.589548110961914062e-01
-1.324210882186889648e+00
4.056081175804138184e-01
-1.939133405685424805e+00
7.174147367477416992e-01
1.577830791473388672e+00
3.855783224105834961e+00
-3.290986776351928711e+00
-5.584493160247802734e+00
-2.456825494766235352e+00
-4.299111843109130859e+00
-4.172627925872802734e+00
-6.448743343353271484e+00
-3.643003702163696289e+00
-1.116811633110046387e+00
-5.977222442626953125e+00
-5.388519763946533203e+00
-2.413094043731689453e+00
-4.200228214263916016e+00
-3.770437717437744141e+00
-1.125636935234069824e+00
-8.985986709594726562e-01
1.845120429992675781e+00
-3.393779397010803223e-01
-6.209963560104370117e-01
-3.301492691040039062e+00
-5.283308506011962891e+00
-4.266411781311035156e+00
-7.115108370780944824e-01
-1.347715497016906738e+00
-4.595749855041503906e+00
-2.240189313888549805e+00
-4.850586414337158203e+00
5.059807896614074707e-01
-3.145059585571289062e+00
-2.086266517639160156e+00
-1.200289607048034668e+00
-3.235512077808380127e-01
1.045364975929260254e+00
-2.017682075500488281e+00
-3.643147706985473633e+00
-6.105258464813232422e+00
-1.365197181701660156e+00
-1.718904495239257812e+00
-3.965700387954711914e+00
-5.227471828460693359e+00
-3.168410301208496094e+00
-6.160558223724365234e+00
-3.387576580047607422e+00
-4.299122810363769531e+00
-1.571492314338684082e+00
-2.475106716156005859e+00
-3.767384529113769531e+00
-2.939967393875122070e+00
-4.585441589355468750e+00
3.428432226181030273e+00
1.527814507484436035e+00
1.330527186393737793e+00
1.298635005950927734e+01
-8.868736624717712402e-01
4.315686225891113281e+00
2.051033258438110352e+00
4.721525669097900391e+00
7.169138193130493164e-01
1.445792555809020996e+00
2.170057058334350586e+00
2.706897556781768799e-01
-2.159162044525146484e+00
1.405543613433837891e+01
-1.555985212326049805e+00
-3.472950458526611328e+00
-5.789118289947509766e+00
-1.339723169803619385e-02
1.417288780212402344e+00
-1.528379440307617188e+00
-2.619313716888427734e+00
-5.941227674484252930e-01
-4.818288803100585938e+00
-5.280427932739257812e+00
-2.898997306823730469e+00
-1.544709563255310059e+00
-5.235727787017822266e+00
-3.174854278564453125e+00
-4.343165159225463867e-01
3.107730150222778320e+00
