7.674171030521392822e-02
1.273517869412899017e-02
-6.036689504981040955e-02
-7.088391110301017761e-03
4.810337908565998077e-03
-6.991212815046310425e-02
4.930352419614791870e-02
-1.399262808263301849e-02
-2.903156168758869171e-02
1.677228696644306183e-02
1.834745332598686218e-02
3.595188260078430176e-02
-4.878105968236923218e-02
3.538360446691513062e-02
4.842091351747512817e-03
6.159367784857749939e-02
-5.946559458971023560e-02
5.013787001371383667e-02
-1.994720473885536194e-02
-5.029543489217758179e-02
-3.234996646642684937e-02
-3.097969666123390198e-02
-2.732652612030506134e-02
-2.903414890170097351e-03
8.633926510810852051e-02
-6.086938083171844482e-03
-7.314316928386688232e-02
3.643602132797241211e-03
7.463097572326660156e-02
-6.923945993185043335e-02
-4.461713507771492004e-02
-6.363260000944137573e-02
-2.277950942516326904e-02
1.223468407988548279e-02
-3.348670899868011475e-02
2.613201178610324860e-02
-5.281431227922439575e-02
6.167516484856605530e-02
1.504221558570861816e-02
1.179062649607658386e-01
8.804235607385635376e-02
1.932596974074840546e-02
-3.123061358928680420e-02
1.463962066918611526e-02
4.031690955162048340e-02
-2.819702960550785065e-02
-4.380342550575733185e-03
2.607932314276695251e-02
-5.227134004235267639e-02
4.790995270013809204e-02
1.309752184897661209e-02
-5.442654341459274292e-02
2.432674914598464966e-02
-4.543015360832214355e-02
4.793688654899597168e-02
3.180789947509765625e-02
1.404764689505100250e-02
-7.794754114001989365e-03
5.961136147379875183e-02
4.148659110069274902e-02
-1.859540492296218872e-02
8.801847696304321289e-02
-4.656015336513519287e-02
-1.415656879544258118e-02
-2.475682646036148071e-02
3.927176445722579956e-02
-3.188271820545196533e-02
5.296459794044494629e-02
-8.932685852050781250e-02
1.366199087351560593e-02
4.131474345922470093e-02
-9.884960204362869263e-02
-5.892473086714744568e-02
-3.386028856039047241e-02
7.824534177780151367e-02
-8.805039525032043457e-02
-5.293831229209899902e-03
-2.460019290447235107e-02
-2.336516976356506348e-02
6.147944554686546326e-02
-2.028507366776466370e-02
2.361571975052356720e-02
-5.041964352130889893e-02
-4.085280373692512512e-02
3.233975172042846680e-02
-6.948813796043395996e-03
-3.202812001109123230e-02
-1.364949997514486313e-02
1.705152355134487152e-02
-3.159121423959732056e-02
-8.725784718990325928e-03
-5.036507919430732727e-02
-2.815126627683639526e-02
7.466611266136169434e-02
3.420158103108406067e-02
-2.613333798944950104e-02
-3.675093501806259155e-02
-8.077146857976913452e-02
1.208659783005714417e-01
2.314460650086402893e-02
-3.620411828160285950e-02
1.312858760356903076e-01
-6.965751945972442627e-02
3.417348489165306091e-02
-3.414089977741241455e-02
3.283049166202545166e-02
-8.813772350549697876e-03
-1.011577434837818146e-02
-2.693558111786842346e-02
-1.008994877338409424e-04
-4.864837974309921265e-02
6.957296282052993774e-04
-4.853997379541397095e-02
3.261833265423774719e-02
-4.003466293215751648e-02
-4.912748932838439941e-02
2.810109220445156097e-02
-4.441965743899345398e-02
4.367343336343765259e-02
-4.724765196442604065e-03
-4.238589107990264893e-02
2.249804884195327759e-02
6.426024436950683594e-02
8.124826848506927490e-02
-2.996772062033414841e-03
6.112475879490375519e-03
5.296573787927627563e-02
-6.772606819868087769e-02
4.918292909860610962e-02
-9.857383370399475098e-02
-4.359101131558418274e-02
-2.909686788916587830e-02
7.902154698967933655e-03
5.417260155081748962e-02
-3.555693104863166809e-02
-3.593383356928825378e-02
-3.634123504161834717e-02
4.248827695846557617e-02
-6.860388815402984619e-02
-3.214299678802490234e-02
-8.993915468454360962e-02
6.259918212890625000e-02
-1.479944773018360138e-02
-1.762193441390991211e-02
-5.915748327970504761e-02
3.089113533496856689e-02
-4.239977151155471802e-02
-2.625121735036373138e-02
2.503503486514091492e-02
2.945967204868793488e-02
4.533533751964569092e-02
5.232205986976623535e-02
-1.169211342930793762e-01
-1.014931946992874146e-01
3.930859267711639404e-02
8.874125778675079346e-03
-3.373781219124794006e-02
1.322872489690780640e-01
2.295135334134101868e-02
5.978446081280708313e-02
2.745688147842884064e-02
1.034904457628726959e-02
-8.701005578041076660e-02
-3.953040577471256256e-03
1.059491485357284546e-01
5.381988734006881714e-02
7.221970707178115845e-03
-4.936181940138339996e-03
-9.351902455091476440e-02
-5.918822251260280609e-03
-3.586199879646301270e-02
-8.314996026456356049e-03
3.795098513364791870e-02
1.186216529458761215e-02
7.033017277717590332e-02
-7.536818832159042358e-02
-5.206712707877159119e-02
1.196999941021203995e-02
-5.390692129731178284e-02
-4.901092499494552612e-03
4.007036238908767700e-02
-1.842653378844261169e-02
5.904702469706535339e-02
-3.492567688226699829e-03
-1.468507945537567139e-02
9.463582187891006470e-03
-4.659678786993026733e-02
9.525429457426071167e-03
1.007244363427162170e-01
5.281890742480754852e-03
6.188717484474182129e-02
-2.255677245557308197e-02
-4.970836639404296875e-02
1.962019503116607666e-02
1.819431781768798828e-03
-1.362834777683019638e-02
1.601118408143520355e-02
-5.037897825241088867e-02
-4.022972658276557922e-02
-2.956740558147430420e-03
-1.106549240648746490e-02
7.010665722191333771e-03
2.862854301929473877e-02
3.781536966562271118e-02
-2.090666256844997406e-02
3.681275993585586548e-02
1.497727259993553162e-02
6.475055217742919922e-02
-5.656599067151546478e-03
-1.009385287761688232e-02
-3.893952816724777222e-02
-7.607299834489822388e-03
-4.134959727525711060e-02
-1.650705188512802124e-02
-1.578333973884582520e-02
-1.339652389287948608e-02
2.237752079963684082e-02
3.467502444982528687e-02
7.903046905994415283e-02
5.901182442903518677e-02
-3.515747562050819397e-02
4.849537834525108337e-02
-1.734267547726631165e-02
6.353089958429336548e-02
-2.979264035820960999e-02
-1.330268848687410355e-02
-2.516280859708786011e-03
-6.590899825096130371e-02
-5.537776648998260498e-02
2.284369058907032013e-02
-7.612686604261398315e-04
1.355115622282028198e-01
1.180537231266498566e-02
2.534596621990203857e-02
-9.249746799468994141e-04
1.469759643077850342e-02
1.278047263622283936e-01
-4.956912621855735779e-02
-1.874927058815956116e-02
5.248937755823135376e-03
-1.924708485603332520e-02
-5.399096757173538208e-02
7.151141017675399780e-02
6.279084831476211548e-02
5.538292229175567627e-03
5.580523982644081116e-02
4.428595304489135742e-02
-2.751199901103973389e-02
-6.735262274742126465e-02
2.943713590502738953e-02
-3.688248619437217712e-02
-2.551665343344211578e-02
3.426682949066162109e-02
5.474602431058883667e-02
4.970636218786239624e-02
-2.546797692775726318e-02
7.810741662979125977e-04
-5.313899368047714233e-02
-1.940546184778213501e-02
1.295289676636457443e-02
3.067143075168132782e-02
1.884372532367706299e-02
-7.581751048564910889e-02
-2.700022608041763306e-02
1.387648656964302063e-02
-3.061142005026340485e-02
-8.886110782623291016e-02
8.485960960388183594e-02
-2.315204963088035583e-02
3.026739135384559631e-02
3.744124434888362885e-03
-5.233744159340858459e-02
6.553717702627182007e-02
-4.089257121086120605e-02
-2.876178547739982605e-02
-6.702077388763427734e-02
3.763144463300704956e-02
4.936274141073226929e-02
-6.555717438459396362e-02
-1.509661972522735596e-02
2.045327611267566681e-02
5.284567549824714661e-02
-6.167237833142280579e-02
-5.617774277925491333e-02
-2.789638936519622803e-02
-3.950411081314086914e-02
1.020479947328567505e-03
-4.796406999230384827e-02
-5.029727518558502197e-02
-7.555943727493286133e-02
6.228437647223472595e-03
-7.152225822210311890e-03
2.255782112479209900e-02
2.999380230903625488e-02
-1.249651424586772919e-02
-1.713160052895545959e-02
5.790742859244346619e-02
9.238506853580474854e-02
3.937773033976554871e-02
-7.007230818271636963e-02
3.917265683412551880e-03
2.990490943193435669e-02
5.690653808414936066e-03
-1.007171534001827240e-02
3.269677981734275818e-02
-5.140252411365509033e-03
-1.400989480316638947e-03
1.867800205945968628e-02
5.218072235584259033e-02
-1.889822632074356079e-02
1.266767363995313644e-02
8.689984679222106934e-03
-2.498101629316806793e-02
-6.061894819140434265e-02
-5.212537199258804321e-02
1.412546541541814804e-02
9.817269444465637207e-02
-5.770083144307136536e-02
9.892571717500686646e-03
-3.265778720378875732e-02
-2.289052493870258331e-02
1.727799326181411743e-02
-4.887261241674423218e-02
-2.874433808028697968e-02
6.302040070295333862e-02
3.945340216159820557e-02
-2.712295390665531158e-03
5.280300974845886230e-02
8.921048603951931000e-03
-4.071677848696708679e-02
8.099040389060974121e-02
-8.309062570333480835e-03
-4.177087917923927307e-02
1.049605160951614380e-01
-8.593995869159698486e-02
4.585497081279754639e-03
-3.454165533185005188e-02
-2.625671215355396271e-02
-2.169172465801239014e-02
4.229119420051574707e-02
3.710106015205383301e-02
1.114214509725570679e-01
-5.265327170491218567e-02
-3.555793315172195435e-03
-5.303071811795234680e-03
1.908171921968460083e-03
-1.088940203189849854e-01
-3.668150305747985840e-02
3.547814115881919861e-02
2.663812041282653809e-02
-4.837419465184211731e-02
2.385807223618030548e-03
-2.229247242212295532e-03
-1.472801622003316879e-02
-7.019498199224472046e-02
-3.090494126081466675e-02
-2.503413241356611252e-03
3.570718318223953247e-02
3.654138743877410889e-02
2.324637584388256073e-02
-1.087344624102115631e-02
6.508897244930267334e-02
-4.257759824395179749e-02
6.320364773273468018e-04
-5.667855218052864075e-02
7.380822673439979553e-03
-5.223479494452476501e-02
-2.393504604697227478e-02
-1.283213868737220764e-02
-4.455685615539550781e-02
3.079172037541866302e-02
-5.935104563832283020e-03
2.267066948115825653e-02
-1.430422533303499222e-02
5.168386548757553101e-02
-5.256454646587371826e-02
-1.285100579261779785e-01
-6.495169363915920258e-03
9.301805496215820312e-02
9.950497187674045563e-03
8.156885951757431030e-02
2.675111871212720871e-03
5.049326643347740173e-02
-4.157957434654235840e-02
3.720335662364959717e-02
9.380973875522613525e-03
-8.605264872312545776e-02
5.820404738187789917e-03
7.999531924724578857e-03
-5.715309083461761475e-02
1.495177112519741058e-02
2.335366606712341309e-02
-7.427404820919036865e-02
6.439397484064102173e-02
-3.080038726329803467e-02
-8.762519806623458862e-02
-5.417764931917190552e-02
-2.740495465695858002e-02
-2.928781136870384216e-02
-6.390810012817382812e-03
3.145781904458999634e-02
-3.136355429887771606e-02
1.636487618088722229e-02
2.724001742899417877e-02
6.696439813822507858e-03
-2.236735448241233826e-02
-6.860131025314331055e-02
-1.298187300562858582e-02
3.552246093750000000e-02
-3.343120589852333069e-02
7.054117321968078613e-02
5.887636914849281311e-02
6.144945323467254639e-02
3.961714729666709900e-02
-5.237142369151115417e-02
1.843297854065895081e-02
-3.190643340349197388e-02
-3.358282521367073059e-02
-4.257328808307647705e-03
-7.327299565076828003e-02
3.253498673439025879e-02
-5.108333379030227661e-02
-1.035729609429836273e-02
-1.070095002651214600e-01
6.432151794433593750e-02
-1.848806627094745636e-02
-1.495191007852554321e-01
-6.040255725383758545e-02
8.702389895915985107e-02
6.462708115577697754e-02
-3.417953476309776306e-02
-1.835508644580841064e-02
2.906396426260471344e-02
-3.209843486547470093e-02
-8.042418211698532104e-02
1.622226834297180176e-02
-3.601391240954399109e-02
-7.246171124279499054e-03
2.460920438170433044e-02
5.961791612207889557e-03
-2.807678282260894775e-02
-1.705903559923171997e-03
5.193366110324859619e-02
-1.597877591848373413e-02
2.323434129357337952e-02
-2.570960670709609985e-03
5.885495245456695557e-02
8.084966242313385010e-02
4.804788902401924133e-02
4.420010745525360107e-02
6.515543162822723389e-02
6.472710520029067993e-03
-6.709040701389312744e-02
2.611340768635272980e-02
-4.403029009699821472e-02
-1.352613568305969238e-01
-4.257919639348983765e-02
-5.899807065725326538e-02
5.877169966697692871e-02
-1.610433682799339294e-02
6.907504796981811523e-02
6.791894137859344482e-02
1.081486269831657410e-01
-5.080686137080192566e-02
3.376709669828414917e-02
8.176944404840469360e-02
-1.077871583402156830e-02
1.448277756571769714e-02
1.292598061263561249e-02
5.059136450290679932e-02
1.107186600565910339e-01
-1.754488982260227203e-02
-6.354916840791702271e-03
5.786361545324325562e-02
1.874381676316261292e-02
-2.218000218272209167e-02
3.904318436980247498e-02
-9.167632460594177246e-02
3.670519962906837463e-02
2.055640891194343567e-02
-1.100362092256546021e-02
1.663008704781532288e-03
5.954854562878608704e-02
-5.314774066209793091e-02
-4.278769716620445251e-03
4.802696779370307922e-02
-3.450065478682518005e-02
-4.774273931980133057e-02
5.844822153449058533e-03
-3.496221452951431274e-02
-2.535120025277137756e-02
-8.223663270473480225e-02
-1.196751371026039124e-01
-1.067152619361877441e-02
4.499344527721405029e-02
-6.167509127408266068e-03
3.919807821512222290e-02
-1.855973154306411743e-02
8.340974152088165283e-02
-3.159159421920776367e-02
9.023588895797729492e-02
-4.109308868646621704e-02
4.087647423148155212e-03
-5.198011547327041626e-02
-3.197602182626724243e-02
1.088654026389122009e-01
4.436568543314933777e-02
1.559555530548095703e-02
3.094092756509780884e-02
4.273139685392379761e-02
-4.615245386958122253e-03
-2.688230946660041809e-02
2.156488597393035889e-02
-6.460566073656082153e-03
2.197040244936943054e-02
-8.963342010974884033e-02
-1.130294986069202423e-02
-7.502330467104911804e-03
5.750125646591186523e-02
-2.748128771781921387e-02
1.592481508851051331e-03
2.867860905826091766e-02
-5.174900591373443604e-02
-4.344426840543746948e-02
-1.954491250216960907e-02
1.551286689937114716e-02
-3.937626630067825317e-02
2.496376261115074158e-02
5.406436696648597717e-02
1.650984212756156921e-02
1.184646338224411011e-01
-1.363424956798553467e-02
-3.072975017130374908e-02
-7.125672698020935059e-02
1.455138903111219406e-02
-3.862341120839118958e-02
-6.801295094192028046e-03
-7.815822958946228027e-02
-7.767731323838233948e-03
-6.394308805465698242e-02
-5.335467867553234100e-03
-6.271817535161972046e-02
1.085199601948261261e-02
3.560291975736618042e-02
2.499502710998058319e-02
2.472417056560516357e-02
-3.477175906300544739e-02
2.628505229949951172e-02
-3.691082447767257690e-02
-4.554219543933868408e-02
1.425101980566978455e-02
6.707770377397537231e-02
-6.653135642409324646e-03
-3.327255696058273315e-02
-6.522549316287040710e-03
-4.862268269062042236e-02
-9.756792336702346802e-02
-9.329207241535186768e-04
-9.333468973636627197e-03
-4.134566336870193481e-02
-1.076321750879287720e-01
-1.081780530512332916e-03
-3.698850423097610474e-02
-1.678086817264556885e-03
-3.953379392623901367e-02
2.410341054201126099e-03
4.617327451705932617e-02
1.275154761970043182e-02
-1.542432978749275208e-02
7.742516696453094482e-03
1.414504554122686386e-02
5.632751435041427612e-02
-4.176954180002212524e-02
-5.802205950021743774e-02
2.288985624909400940e-02
-3.053211234509944916e-02
2.291979826986789703e-02
-7.052610814571380615e-02
1.118362136185169220e-02
-2.440005540847778320e-02
-2.645909786224365234e-02
6.083797663450241089e-03
-8.588752150535583496e-02
1.175736188888549805e-01
9.056366980075836182e-04
7.062678039073944092e-02
2.944491058588027954e-02
1.458767242729663849e-02
5.319897085428237915e-02
4.068205505609512329e-02
4.537880793213844299e-02
4.904473200440406799e-02
4.096543788909912109e-02
1.015198975801467896e-01
4.032830521464347839e-02
1.189778745174407959e-02
1.110765710473060608e-02
-4.352575168013572693e-02
-5.051456391811370850e-02
5.533234775066375732e-02
-3.476872295141220093e-02
3.143489360809326172e-02
1.050175875425338745e-01
4.560930281877517700e-02
-3.070797538384795189e-03
7.545532658696174622e-03
6.710901111364364624e-02
3.719241172075271606e-02
-1.049507036805152893e-02
-4.823498427867889404e-02
4.490165784955024719e-02
-3.460247069597244263e-03
2.278542146086692810e-02
-5.264370143413543701e-02
3.191318362951278687e-02
3.191646188497543335e-02
2.219228446483612061e-02
8.869300782680511475e-02
1.940419152379035950e-02
-3.138941526412963867e-02
6.431116908788681030e-02
4.584535490721464157e-03
4.165495559573173523e-02
1.650949753820896149e-02
-2.879566885530948639e-02
-6.225352734327316284e-02
-4.015958309173583984e-02
-3.311369568109512329e-03
-2.646261081099510193e-02
3.130417689681053162e-02
-1.333676464855670929e-02
-1.173093840479850769e-01
-1.935068331658840179e-02
3.301892429590225220e-03
-4.513043910264968872e-03
-7.139346003532409668e-02
1.313634961843490601e-02
7.950345985591411591e-03
-4.098260775208473206e-03
-4.514425247907638550e-02
5.476002767682075500e-02
-8.839061483740806580e-03
9.602376259863376617e-03
-3.818998113274574280e-03
4.589359462261199951e-02
1.911476440727710724e-02
-4.154462367296218872e-02
-3.310310840606689453e-02
8.001206815242767334e-02
-9.163864701986312866e-02
-7.102069258689880371e-02
-1.974766515195369720e-02
1.091327145695686340e-01
-6.297780573368072510e-02
3.691717982292175293e-02
3.087430074810981750e-02
-7.712191343307495117e-02
1.023938134312629700e-02
1.103689819574356079e-01
-4.208583757281303406e-02
4.261723160743713379e-02
6.530795991420745850e-02
4.585534334182739258e-03
7.452862337231636047e-03
3.009426593780517578e-02
-2.558754757046699524e-03
1.335000433027744293e-02
3.948891162872314453e-02
7.299221120774745941e-03
-2.244544774293899536e-02
-3.791649639606475830e-02
-1.005569025874137878e-01
3.363721072673797607e-02
-8.677366375923156738e-02
4.376438632607460022e-02
1.216441392898559570e-03
7.844402641057968140e-02
-1.391478814184665680e-02
1.257353127002716064e-01
1.175971329212188721e-02
1.172337085008621216e-01
-4.705003276467323303e-02
-1.038578376173973083e-01
-2.361202239990234375e-02
1.100614666938781738e-01
1.614894717931747437e-03
6.868554651737213135e-02
-5.508914589881896973e-03
-7.920555025339126587e-02
-8.940151333808898926e-02
1.631767489016056061e-02
8.727653324604034424e-02
5.843227729201316833e-02
-1.009143888950347900e-02
-1.193458288908004761e-01
1.445510238409042358e-02
7.431866973638534546e-02
5.525375157594680786e-02
3.402385860681533813e-03
-1.340487878769636154e-02
-1.413386315107345581e-03
-9.264105930924415588e-03
1.266898121684789658e-03
-3.066490776836872101e-02
7.221244275569915771e-03
-8.111588656902313232e-02
-7.947993278503417969e-02
7.969044148921966553e-02
-2.360601909458637238e-02
-2.582930028438568115e-05
6.544185429811477661e-02
1.015333365648984909e-02
-4.469386488199234009e-02
-1.186406798660755157e-02
2.186384797096252441e-02
6.038063764572143555e-02
4.097039252519607544e-02
-9.704242646694183350e-02
2.034580707550048828e-02
6.025468930602073669e-03
-7.242099940776824951e-02
7.234382629394531250e-02
-1.160319223999977112e-01
-2.085742354393005371e-02
-1.771350950002670288e-02
2.883078157901763916e-02
1.025395840406417847e-02
2.306708320975303650e-02
-3.448468819260597229e-02
6.065880879759788513e-02
-9.447736665606498718e-03
-4.426588490605354309e-02
2.778576314449310303e-02
-3.483001142740249634e-03
-1.213644817471504211e-02
3.925387933850288391e-02
-5.919769033789634705e-02
9.459383040666580200e-02
-6.562463939189910889e-03
-5.584423989057540894e-02
3.217093646526336670e-02
7.161236554384231567e-02
-4.637270793318748474e-02
6.110171601176261902e-02
3.388448059558868408e-02
5.589505285024642944e-02
2.893871441483497620e-02
3.561612218618392944e-02
-5.646653473377227783e-02
-2.119922824203968048e-02
2.465816587209701538e-02
-8.509995043277740479e-02
-6.567578762769699097e-02
1.457358151674270630e-02
-3.433817625045776367e-02
-4.740754514932632446e-02
1.350974142551422119e-01
-5.924766510725021362e-02
-5.248654633760452271e-04
-4.205399751663208008e-02
4.131712019443511963e-02
1.306422054767608643e-04
4.226983711123466492e-02
-6.046777963638305664e-02
8.769368752837181091e-03
1.944295316934585571e-02
1.835030503571033478e-02
3.626750409603118896e-02
-1.829740405082702637e-02
1.350967213511466980e-04
4.097956418991088867e-02
-1.244752481579780579e-02
-4.407490789890289307e-02
-2.635140903294086456e-02
-6.997970864176750183e-03
1.993225701153278351e-02
4.604553058743476868e-02
-4.119268804788589478e-02
1.532117649912834167e-02
1.245709136128425598e-02
1.094501465559005737e-02
8.589035272598266602e-02
6.808083038777112961e-03
1.438489258289337158e-01
-3.777593374252319336e-03
5.384599417448043823e-02
-3.327829763293266296e-03
-4.114735871553421021e-02
6.418558210134506226e-02
1.042859628796577454e-02
3.492465615272521973e-02
-8.330682292580604553e-03
3.652118146419525146e-03
-7.969304919242858887e-03
8.618787862360477448e-03
9.000945836305618286e-02
-1.081681437790393829e-02
-8.130667358636856079e-02
-1.704737171530723572e-02
5.549775063991546631e-02
4.756543785333633423e-03
3.413589298725128174e-02
-4.138500988483428955e-02
-3.165293484926223755e-02
5.400842055678367615e-03
3.681721538305282593e-02
-3.002751432359218597e-02
-2.520985342562198639e-02
1.883015595376491547e-02
1.253236830234527588e-02
1.654775813221931458e-02
7.244171947240829468e-02
-3.879088163375854492e-02
9.956639260053634644e-03
-4.300758242607116699e-03
-2.231061458587646484e-02
3.860124200582504272e-02
2.612439170479774475e-02
2.339768595993518829e-02
2.970162406563758850e-02
4.355465248227119446e-02
-7.165758311748504639e-02
-1.199932768940925598e-02
-1.869120262563228607e-02
-8.616037666797637939e-02
-1.483774185180664062e-02
4.570738971233367920e-02
7.725051045417785645e-02
-9.660344570875167847e-02
-2.140642888844013214e-02
-8.974618464708328247e-02
-1.935963332653045654e-02
-4.802409932017326355e-02
9.328325837850570679e-02
2.980983443558216095e-02
3.050537034869194031e-02
-8.814907073974609375e-02
-4.950186237692832947e-02
5.695215240120887756e-02
4.779272526502609253e-02
9.482540190219879150e-04
-5.216019600629806519e-02
6.170600280165672302e-02
2.013690955936908722e-02
-1.577010005712509155e-02
2.429105900228023529e-02
4.028659313917160034e-03
-3.030797839164733887e-02
-3.397724777460098267e-02
-1.244042441248893738e-02
6.060939282178878784e-02
6.903510540723800659e-02
-6.332956254482269287e-02
8.083456009626388550e-02
1.346675306558609009e-02
-8.112445473670959473e-02
5.666714161634445190e-02
-4.662119224667549133e-02
3.291810862720012665e-03
3.427328541874885559e-03
4.986919462680816650e-02
-2.047326788306236267e-02
2.283819019794464111e-02
4.482998698949813843e-02
-1.751691102981567383e-02
2.833434380590915680e-03
1.413779705762863159e-02
4.209477081894874573e-02
4.556532204151153564e-02
-4.752651974558830261e-02
3.281607478857040405e-02
1.954503729939460754e-02
9.547200053930282593e-03
1.319943182170391083e-02
-2.556641399860382080e-02
-4.694532975554466248e-02
-5.143862217664718628e-02
-5.532485246658325195e-02
-7.393540814518928528e-03
-3.201559931039810181e-02
8.051531016826629639e-02
-4.276681691408157349e-02
-3.684981912374496460e-02
-6.442871689796447754e-02
-2.150635793805122375e-02
1.958924159407615662e-02
-1.341085694730281830e-02
2.608912251889705658e-02
-8.063215762376785278e-02
-1.718992367386817932e-02
-5.029647797346115112e-02
-4.138010740280151367e-02
1.128133013844490051e-02
-5.993224680423736572e-03
-1.920246332883834839e-02
3.651589900255203247e-02
-1.662487909197807312e-02
-2.420697361230850220e-02
-4.709273576736450195e-02
-3.066444210708141327e-02
-2.809094451367855072e-02
-1.231772731989622116e-02
-4.919406771659851074e-02
-9.930629283189773560e-03
2.051549404859542847e-02
-5.093711242079734802e-02
-3.094876930117607117e-02
-1.087057776749134064e-02
-7.981973886489868164e-02
-9.576492011547088623e-03
-1.320325676351785660e-02
1.180347055196762085e-02
2.398189902305603027e-02
-1.848120614886283875e-02
-9.722564369440078735e-03
2.703257277607917786e-02
2.249788679182529449e-02
-3.255698084831237793e-02
-3.796190023422241211e-03
6.742161512374877930e-02
2.326362952589988708e-02
1.615332439541816711e-02
4.367457702755928040e-03
5.819041281938552856e-02
1.004144549369812012e-02
-1.411153096705675125e-02
-4.253375530242919922e-02
5.907603353261947632e-02
-4.095018841326236725e-03
8.806036785244941711e-03
1.650652661919593811e-02
7.873308658599853516e-02
4.230754449963569641e-02
2.772226743400096893e-02
-1.946681179106235504e-02
-6.171707063913345337e-02
1.098475903272628784e-01
-1.307603903114795685e-03
2.786186337471008301e-02
1.033734530210494995e-03
3.221819549798965454e-02
1.255228929221630096e-02
-1.475073397159576416e-01
-1.173772010952234268e-02
-4.227977991104125977e-02
1.546763814985752106e-02
-4.092486202716827393e-02
-7.973881810903549194e-02
3.441499173641204834e-02
-6.374770402908325195e-02
4.847720265388488770e-04
-3.385882452130317688e-02
5.019540712237358093e-02
7.544746994972229004e-02
-1.080075204372406006e-01
5.019043385982513428e-02
1.338218748569488525e-01
1.808247715234756470e-02
6.210704892873764038e-02
6.285607814788818359e-04
-5.667989328503608704e-02
3.286233171820640564e-03
2.090371772646903992e-02
2.241738140583038330e-02
-7.628613710403442383e-02
-9.042285382747650146e-02
3.129090368747711182e-02
-3.582085669040679932e-02
-3.295873105525970459e-02
-7.165085524320602417e-03
1.674645021557807922e-02
9.657922387123107910e-02
-5.648279562592506409e-03
-3.059538640081882477e-02
-1.853567361831665039e-02
-7.762512564659118652e-02
-8.985508233308792114e-03
-6.280419230461120605e-02
2.184405922889709473e-02
-1.604089140892028809e-02
-8.496083319187164307e-02
-4.127434641122817993e-02
7.734422385692596436e-02
4.086796939373016357e-02
7.505686581134796143e-02
-1.874267309904098511e-02
6.255521439015865326e-03
8.158499374985694885e-03
1.911501772701740265e-02
-2.848799526691436768e-02
8.385907858610153198e-02
-4.332577437162399292e-02
-6.024622172117233276e-02
-4.457524791359901428e-02
7.907241582870483398e-02
2.998694404959678650e-02
-5.361234024167060852e-02
9.408873319625854492e-02
6.268062442541122437e-02
7.462415844202041626e-03
