6.274914741516113281e-02
2.572608739137649536e-02
-5.978716537356376648e-02
3.072656691074371338e-04
2.140536718070507050e-02
-5.254850536584854126e-02
3.339659050107002258e-02
3.179846331477165222e-03
-2.053457312285900116e-02
3.992317244410514832e-03
1.267361454665660858e-02
2.548655495047569275e-02
-4.287330806255340576e-02
3.556057810783386230e-02
7.775217294692993164e-03
3.692904859781265259e-02
-6.030749529600143433e-02
2.858447842299938202e-02
-2.541877329349517822e-04
-5.218142271041870117e-02
-2.302308380603790283e-02
-4.028100147843360901e-02
-2.706281282007694244e-02
-3.275720402598381042e-03
6.500971317291259766e-02
-1.340379752218723297e-02
-4.826285690069198608e-02
2.990258857607841492e-03
4.527508467435836792e-02
-3.428763896226882935e-02
-1.751778647303581238e-02
-2.319073304533958435e-02
-3.049844875931739807e-02
8.027698844671249390e-03
-3.068538382649421692e-02
2.778860926628112793e-02
-4.470437020063400269e-02
5.090880393981933594e-02
4.427062347531318665e-03
8.883379399776458740e-02
5.839817970991134644e-02
1.618712767958641052e-02
-2.733132056891918182e-02
2.380711771547794342e-02
4.402205348014831543e-02
-4.552314430475234985e-02
-4.645426757633686066e-03
1.953435316681861877e-02
-4.958302527666091919e-02
2.501259744167327881e-02
-1.033576205372810364e-02
-4.562323167920112610e-02
2.912038378417491913e-02
-3.409351408481597900e-02
1.860325969755649567e-02
3.068382665514945984e-02
8.592506870627403259e-03
-1.419109757989645004e-03
6.684947013854980469e-02
3.417771309614181519e-02
-2.041749283671379089e-02
7.594283670186996460e-02
-1.972680352628231049e-02
-1.358472183346748352e-02
-6.342185661196708679e-03
4.450588673353195190e-02
-1.307958364486694336e-02
6.015124171972274780e-02
-6.413950026035308838e-02
1.634421385824680328e-02
3.480129688978195190e-02
-7.907673716545104980e-02
-4.098119586706161499e-02
-1.721059903502464294e-02
5.464470386505126953e-02
-6.812208890914916992e-02
-7.714003790169954300e-03
-2.413360029458999634e-02
-1.935525611042976379e-02
4.010387882590293884e-02
-2.969166636466979980e-02
1.616226881742477417e-02
-1.947420649230480194e-02
-3.416537493467330933e-02
1.517089456319808960e-02
-6.966311484575271606e-03
-1.450916007161140442e-02
-9.032852016389369965e-03
2.858642302453517914e-02
-2.200130745768547058e-02
8.979205042123794556e-03
-6.127182394266128540e-02
-1.100661605596542358e-02
5.467271059751510620e-02
1.836803741753101349e-02
-3.170100226998329163e-02
-2.596732228994369507e-02
-5.023109912872314453e-02
8.534438908100128174e-02
1.833589002490043640e-02
-2.690793015062808990e-02
9.027846157550811768e-02
-5.552179366350173950e-02
2.612535096704959869e-02
-1.734739542007446289e-02
3.862370923161506653e-02
-1.473796926438808441e-02
-2.066138759255409241e-02
-1.123285479843616486e-02
1.823911070823669434e-02
-3.077840432524681091e-02
2.651550993323326111e-02
-2.698211371898651123e-02
2.930624037981033325e-02
-3.027272224426269531e-02
-3.815316408872604370e-02
2.030865475535392761e-02
-3.945498913526535034e-02
2.110265009105205536e-02
1.032154448330402374e-02
-2.017588913440704346e-02
6.825233809649944305e-03
5.308101698756217957e-02
6.268583983182907104e-02
-4.172083921730518341e-03
6.311425007879734039e-03
4.789960011839866638e-02
-8.259881287813186646e-02
3.179210796952247620e-02
-5.461961403489112854e-02
-2.649356424808502197e-02
-1.718558743596076965e-02
-4.898738116025924683e-04
3.990174457430839539e-02
-3.375856205821037292e-02
-3.209589049220085144e-02
-1.576544344425201416e-02
1.761843077838420868e-02
-5.125251784920692444e-02
-8.757455274462699890e-03
-6.892485916614532471e-02
6.152881681919097900e-02
8.031230419874191284e-03
-3.912299405783414841e-03
-3.468678146600723267e-02
2.166776359081268311e-02
-4.546408355236053467e-02
-2.110245078802108765e-02
1.386807113885879517e-02
3.161267563700675964e-02
3.376133739948272705e-02
2.827971056103706360e-02
-6.949950754642486572e-02
-7.384604960680007935e-02
4.110049083828926086e-02
6.771274842321872711e-03
-3.507985174655914307e-02
1.103221327066421509e-01
1.950047537684440613e-02
4.132006317377090454e-02
1.519327703863382339e-02
-1.431428361684083939e-03
-6.761119514703750610e-02
9.618923068046569824e-03
8.095672726631164551e-02
4.602467268705368042e-02
1.081827282905578613e-02
-1.841607689857482910e-02
-7.498359680175781250e-02
-1.919886469841003418e-02
-4.129408299922943115e-02
-7.658265531063079834e-03
2.257826179265975952e-02
1.033368147909641266e-02
3.950209915637969971e-02
-5.598564073443412781e-02
-3.093980252742767334e-02
6.684123538434505463e-03
-6.354410201311111450e-03
7.865838706493377686e-04
3.971960768103599548e-02
-2.540501765906810760e-02
5.458328872919082642e-02
-1.843882165849208832e-02
-1.922280155122280121e-02
1.739387027919292450e-02
-4.331099241971969604e-02
5.496732890605926514e-03
7.709957659244537354e-02
1.011060737073421478e-02
4.062100499868392944e-02
-2.456187829375267029e-02
-5.217135697603225708e-02
1.828639954328536987e-02
-4.730187356472015381e-03
5.917185451835393906e-03
1.206545438617467880e-02
-3.064399585127830505e-02
-2.461235970258712769e-02
-1.928746700286865234e-03
-8.903790265321731567e-03
1.885328628122806549e-02
2.142132073640823364e-02
2.926404587924480438e-02
-1.511556096374988556e-02
2.848606184124946594e-02
-5.559332668781280518e-03
4.646402597427368164e-02
3.255629446357488632e-03
1.244192756712436676e-02
-1.850827038288116455e-02
3.605017438530921936e-03
-3.266459703445434570e-02
-2.607493847608566284e-02
-1.455995719879865646e-02
-2.224374562501907349e-03
1.149413734674453735e-02
2.370397001504898071e-02
5.973089486360549927e-02
4.097140952944755554e-02
-2.642041444778442383e-02
2.485195547342300415e-02
-1.480402424931526184e-03
4.252887517213821411e-02
-8.938053622841835022e-03
-2.360990829765796661e-02
-6.721358746290206909e-03
-5.748496204614639282e-02
-3.986732661724090576e-02
1.466647442430257797e-02
-4.707463085651397705e-03
9.095191210508346558e-02
1.263819634914398193e-02
2.764028869569301605e-02
-4.777646623551845551e-03
1.162981800734996796e-02
1.005275845527648926e-01
-3.050295449793338776e-02
-1.445003133267164230e-02
3.926118835806846619e-03
-3.348237276077270508e-02
-4.278636723756790161e-02
5.756429210305213928e-02
5.470219999551773071e-02
8.197389543056488037e-03
3.266966342926025391e-02
7.842403836548328400e-03
-3.175903111696243286e-02
-4.416739940643310547e-02
3.349136188626289368e-02
-1.725894957780838013e-02
-2.685086615383625031e-02
2.303354814648628235e-02
4.026776924729347229e-02
4.793440178036689758e-02
-1.972233690321445465e-02
-7.672727108001708984e-03
-3.407771140336990356e-02
-7.557908073067665100e-03
1.977123692631721497e-02
1.517450064420700073e-02
1.837166212499141693e-02
-5.485065281391143799e-02
-1.546656526625156403e-02
1.257483474910259247e-02
-1.442204602062702179e-02
-8.034485578536987305e-02
6.652268022298812866e-02
-1.664508692920207977e-02
1.758232340216636658e-02
-1.618104986846446991e-03
-2.260026708245277405e-02
5.089119821786880493e-02
-2.791686542332172394e-02
-2.219467051327228546e-02
-3.787944465875625610e-02
3.249952197074890137e-02
4.006373137235641479e-02
-3.733833879232406616e-02
2.252677455544471741e-03
9.516134858131408691e-03
4.534628242254257202e-02
-3.914228826761245728e-02
-3.180480003356933594e-02
-1.976854354143142700e-02
-2.547893300652503967e-02
-1.226597372442483902e-02
-2.017588168382644653e-02
-4.021558165550231934e-02
-3.799458593130111694e-02
1.675654202699661255e-04
-2.064634487032890320e-02
1.551493536680936813e-02
4.475111141800880432e-03
-2.287599630653858185e-02
-6.195841357111930847e-03
6.240850314497947693e-02
6.823955476284027100e-02
2.080303244292736053e-02
-4.806532338261604309e-02
7.107017561793327332e-03
2.051500231027603149e-02
1.266225427389144897e-02
-1.635183952748775482e-02
2.306940965354442596e-03
1.930431276559829712e-02
-2.524119243025779724e-02
7.764387875795364380e-03
3.127330914139747620e-02
-1.685179769992828369e-02
-1.531977858394384384e-02
1.704866066575050354e-03
-1.539670210331678391e-02
-2.378891780972480774e-02
-4.546904936432838440e-02
2.156526409089565277e-02
7.267537713050842285e-02
-4.488691687583923340e-02
-3.337673842906951904e-05
-1.765974238514900208e-02
-8.059987798333168030e-03
-2.004022244364023209e-04
-4.244944825768470764e-02
-1.570848003029823303e-02
5.176445841789245605e-02
2.483791857957839966e-02
-2.022820292040705681e-03
3.333381563425064087e-02
7.701659109443426132e-03
-3.021770343184471130e-02
6.322908401489257812e-02
-2.882663160562515259e-03
-3.913820907473564148e-02
7.740935683250427246e-02
-6.130268424749374390e-02
4.441976547241210938e-03
-2.744471654295921326e-02
-5.526069551706314087e-03
-2.156212553381919861e-02
3.869031742215156555e-02
1.797428727149963379e-02
8.008721470832824707e-02
-3.373666480183601379e-02
-6.420057266950607300e-03
3.118836320936679840e-03
1.081326417624950409e-02
-1.078309565782546997e-01
-1.800452172756195068e-02
3.605594485998153687e-02
1.163043454289436340e-02
-1.494275033473968506e-02
1.938224025070667267e-02
7.720027118921279907e-03
-2.960618212819099426e-02
-4.178533330559730530e-02
-1.459600217640399933e-02
-3.697562031447887421e-03
2.014875039458274841e-02
2.830630540847778320e-02
1.230410858988761902e-02
-1.827847957611083984e-02
4.681726172566413879e-02
-5.668826401233673096e-03
1.153216790407896042e-02
-5.362784117460250854e-02
6.098710000514984131e-04
-3.561200574040412903e-02
-1.933146826922893524e-02
-1.954294368624687195e-02
-4.199892282485961914e-02
2.884870022535324097e-02
-5.817120894789695740e-03
1.305515319108963013e-02
3.762941807508468628e-03
4.277752339839935303e-02
-2.920873276889324188e-02
-1.013336777687072754e-01
6.183370482176542282e-03
7.972349226474761963e-02
-5.377074703574180603e-04
7.054942846298217773e-02
4.814413376152515411e-03
4.175782948732376099e-02
-3.681278973817825317e-02
6.894970312714576721e-03
2.575280144810676575e-03
-4.583035409450531006e-02
3.903931006789207458e-03
-5.553132854402065277e-03
-4.564632475376129150e-02
-3.874106798321008682e-03
2.494945935904979706e-02
-5.967577546834945679e-02
5.636315420269966125e-02
-6.405320018529891968e-03
-7.725852727890014648e-02
-2.465860173106193542e-02
-1.084708422422409058e-02
-2.175232581794261932e-02
-1.056382060050964355e-02
2.734733372926712036e-02
-1.447445247322320938e-02
1.412756368517875671e-02
1.831657066941261292e-02
-1.316550886258482933e-03
1.409441232681274414e-03
-5.278446525335311890e-02
-1.626072637736797333e-02
9.797829203307628632e-03
-3.007267974317073822e-02
5.467023700475692749e-02
3.552537411451339722e-02
5.954533442854881287e-02
1.941784285008907318e-02
-4.096112400293350220e-02
7.338391616940498352e-03
-2.063885331153869629e-02
-2.489315345883369446e-02
4.223546013236045837e-03
-5.020110309123992920e-02
1.272672601044178009e-02
-3.680461272597312927e-02
-1.013439334928989410e-02
-9.803196787834167480e-02
5.392080172896385193e-02
9.637409821152687073e-04
-1.100470647215843201e-01
-3.623804077506065369e-02
6.503686308860778809e-02
5.159951373934745789e-02
-1.247572433203458786e-02
-2.793795987963676453e-02
3.190946951508522034e-02
-1.906806230545043945e-02
-5.639154464006423950e-02
1.142180617898702621e-02
-3.720717504620552063e-02
-5.232772324234247208e-03
2.474126592278480530e-02
1.299560535699129105e-03
-2.670536562800407410e-02
-5.109384655952453613e-03
5.707040429115295410e-02
-8.293738588690757751e-03
3.143378719687461853e-02
-6.473043933510780334e-03
4.298619925975799561e-02
6.891803443431854248e-02
1.571219600737094879e-02
2.427752315998077393e-02
4.405403882265090942e-02
6.124217063188552856e-03
-6.204988062381744385e-02
1.807800121605396271e-02
-4.328592121601104736e-02
-1.101679727435112000e-01
-2.565195783972740173e-02
-3.830636292695999146e-02
3.160099685192108154e-02
-1.003170199692249298e-02
6.593088805675506592e-02
4.778461530804634094e-02
7.090582698583602905e-02
-3.888270258903503418e-02
2.429846301674842834e-02
6.506441533565521240e-02
-1.407549809664487839e-02
9.979009628295898438e-03
3.330449759960174561e-02
3.039458394050598145e-02
8.298566937446594238e-02
-2.117181196808815002e-02
-2.490517497062683105e-02
3.321901708841323853e-02
5.881628021597862244e-04
-2.655991539359092712e-02
2.378222905099391937e-02
-8.696820586919784546e-02
1.458603702485561371e-02
-5.289861001074314117e-03
-9.706759825348854065e-03
-8.539095520973205566e-03
3.691145777702331543e-02
-3.987457603216171265e-02
-1.360425632447004318e-02
3.094702586531639099e-02
-1.339558418840169907e-02
-2.982319332659244537e-02
1.781342737376689911e-02
-2.462085522711277008e-02
-2.335684373974800110e-02
-6.808230280876159668e-02
-1.116862967610359192e-01
-1.627938821911811829e-03
2.964785322546958923e-02
-4.435242153704166412e-03
2.280495688319206238e-02
-3.901795484125614166e-03
6.610805541276931763e-02
-2.031193859875202179e-02
6.253859400749206543e-02
-2.451604232192039490e-02
-9.371956810355186462e-03
-3.561292216181755066e-02
-1.341860555112361908e-02
8.641753345727920532e-02
2.318003401160240173e-02
1.530714891850948334e-02
3.997831791639328003e-02
3.990905731916427612e-02
-1.074880734086036682e-02
-3.234311193227767944e-02
3.512885048985481262e-02
-6.248475052416324615e-03
1.738105341792106628e-02
-6.816174089908599854e-02
-9.872950613498687744e-03
-1.139908749610185623e-02
4.599918425083160400e-02
-2.605086006224155426e-02
-1.215998083353042603e-02
2.731679007411003113e-02
-3.647794947028160095e-02
-2.618329226970672607e-02
-1.901821605861186981e-02
1.164479181170463562e-02
-9.006669744849205017e-03
2.041526511311531067e-02
3.815760463476181030e-02
1.950157433748245239e-02
8.947131037712097168e-02
-1.783593930304050446e-02
-1.854402944445610046e-02
-4.485779255628585815e-02
5.413557402789592743e-03
-2.102985791862010956e-02
6.800638511776924133e-03
-6.516881287097930908e-02
-2.056142501533031464e-02
-5.795127525925636292e-02
2.196428366005420685e-03
-4.852471128106117249e-02
1.451744604855775833e-02
2.687808498740196228e-02
5.967343226075172424e-03
3.643653914332389832e-02
-2.132255211472511292e-02
2.869773656129837036e-02
-9.937556460499763489e-03
-5.634329468011856079e-02
-3.854544367641210556e-03
5.176548287272453308e-02
-5.646063014864921570e-03
-2.710118889808654785e-02
1.095257815904915333e-03
-4.195096343755722046e-02
-7.692939043045043945e-02
8.091352880001068115e-03
-7.323875091969966888e-03
-2.290222793817520142e-02
-7.382728159427642822e-02
-2.892367541790008545e-03
-3.949401527643203735e-02
-7.593648508191108704e-03
-2.683823928236961365e-02
6.953239440917968750e-03
3.294721990823745728e-02
-4.271830432116985321e-03
1.295441016554832458e-02
5.959961563348770142e-03
1.713396795094013214e-02
4.991606622934341431e-02
-3.750690817832946777e-02
-5.200343951582908630e-02
3.106995858252048492e-02
-2.865052968263626099e-02
2.650451287627220154e-02
-4.759571701288223267e-02
1.299535296857357025e-02
-2.036949433386325836e-02
-2.248863875865936279e-02
2.509761229157447815e-02
-5.656057596206665039e-02
8.025409281253814697e-02
9.447708725929260254e-05
5.593940243124961853e-02
1.996344514191150665e-02
6.804773584008216858e-03
4.108183830976486206e-02
3.058557584881782532e-02
4.169303178787231445e-02
3.312791138887405396e-02
2.464652806520462036e-02
6.751202046871185303e-02
3.481500223278999329e-02
1.892717555165290833e-03
-6.436584517359733582e-03
-2.599813789129257202e-02
-3.989749029278755188e-02
4.339937865734100342e-02
-3.179049491882324219e-02
2.442934364080429077e-02
8.627620339393615723e-02
2.751183137297630310e-02
-5.185396410524845123e-03
1.555588003247976303e-02
5.218632146716117859e-02
1.371242385357618332e-02
4.378097131848335266e-03
-2.821191027760505676e-02
1.366973388940095901e-02
-1.278986409306526184e-02
1.821126975119113922e-02
-4.825244098901748657e-02
1.156946830451488495e-02
2.365783788263797760e-02
1.069442462176084518e-02
6.682078540325164795e-02
2.481747791171073914e-02
-3.847926482558250427e-02
6.362198293209075928e-02
-9.465504437685012817e-03
3.680099546909332275e-02
1.490460988134145737e-02
-2.475914731621742249e-02
-3.311029821634292603e-02
-2.884599938988685608e-02
-1.525763142853975296e-02
-2.668831683695316315e-02
8.903190493583679199e-03
-5.666801705956459045e-03
-8.470427989959716797e-02
-1.592978835105895996e-02
5.260601639747619629e-03
2.922314777970314026e-02
-5.298707634210586548e-02
7.060891017317771912e-03
1.659434847533702850e-02
1.364511810243129730e-02
-3.702642768621444702e-02
4.306375980377197266e-02
-1.172183826565742493e-02
1.794519647955894470e-02
1.329465769231319427e-03
4.167725145816802979e-02
5.404155701398849487e-03
-4.069010913372039795e-02
-2.727299928665161133e-02
7.999899238348007202e-02
-7.292551547288894653e-02
-6.507529318332672119e-02
-7.486732676625251770e-03
6.532746553421020508e-02
-5.400560051202774048e-02
2.846052497625350952e-02
2.726745791733264923e-02
-6.484799832105636597e-02
9.389467537403106689e-03
8.295206725597381592e-02
-2.911047264933586121e-02
2.919682860374450684e-02
5.478535965085029602e-02
1.204688102006912231e-03
-3.317426890134811401e-04
3.581207990646362305e-02
8.295333944261074066e-03
2.192002162337303162e-02
3.212075680494308472e-02
1.941574178636074066e-02
-6.711881607770919800e-03
-1.624631881713867188e-02
-8.674523979425430298e-02
2.045965567231178284e-02
-6.466192007064819336e-02
3.804253786802291870e-02
5.509926006197929382e-03
7.981730997562408447e-02
-5.149529315531253815e-03
1.065824478864669800e-01
3.184825181961059570e-03
9.055673331022262573e-02
-3.890928253531455994e-02
-7.323612272739410400e-02
-4.305548965930938721e-02
9.937421977519989014e-02
-1.279835402965545654e-02
3.471581637859344482e-02
3.016423434019088745e-03
-5.821049585938453674e-02
-6.680227816104888916e-02
1.725693047046661377e-02
5.103951320052146912e-02
5.464534461498260498e-02
-1.570618711411952972e-02
-7.114419341087341309e-02
5.118033848702907562e-03
3.996267169713973999e-02
2.266728878021240234e-02
1.011133007705211639e-02
-2.834247238934040070e-02
-9.139405563473701477e-03
8.143058046698570251e-03
-1.368758175522089005e-02
-1.921024359762668610e-02
1.933392882347106934e-02
-6.243364885449409485e-02
-6.483571231365203857e-02
7.700337469577789307e-02
-1.262628287076950073e-02
-4.670294001698493958e-04
4.084326326847076416e-02
-6.377252284437417984e-03
-3.910814225673675537e-02
9.094863198697566986e-03
2.555717714130878448e-02
4.048212990164756775e-02
4.866135865449905396e-02
-8.040435612201690674e-02
4.268221557140350342e-03
1.586375012993812561e-02
-5.490572005510330200e-02
6.559617072343826294e-02
-8.418534696102142334e-02
-2.496726065874099731e-02
-1.849028840661048889e-02
3.198715671896934509e-02
5.254413001239299774e-03
1.359224785119295120e-03
-1.995492167770862579e-02
5.767728760838508606e-02
4.325255751609802246e-03
-3.324494510889053345e-02
3.147525712847709656e-02
1.341903582215309143e-02
1.714201644062995911e-02
3.016152046620845795e-02
-5.185117572546005249e-02
7.378636300563812256e-02
1.702020131051540375e-02
-3.449657559394836426e-02
3.555183112621307373e-02
4.903154075145721436e-02
-2.357898466289043427e-02
3.696367144584655762e-02
4.818139970302581787e-02
3.321730345487594604e-02
1.581705734133720398e-02
1.951642520725727081e-02
-4.675416275858879089e-02
-1.898372918367385864e-02
-5.762698594480752945e-03
-4.670736193656921387e-02
-4.009694978594779968e-02
1.056308858096599579e-02
-2.108600176870822906e-02
-3.801902756094932556e-02
9.941186010837554932e-02
-1.755605638027191162e-02
-1.756285782903432846e-03
-3.682012483477592468e-02
1.710740476846694946e-02
1.603997685015201569e-02
3.567259758710861206e-02
-5.873101949691772461e-02
3.629742190241813660e-03
2.016077004373073578e-02
1.450677774846553802e-02
4.531053826212882996e-02
-1.244358718395233154e-04
9.482405148446559906e-04
2.827678620815277100e-02
-3.361556679010391235e-03
-3.007066436111927032e-02
-1.730069145560264587e-02
5.661085247993469238e-03
1.300625875592231750e-02
2.048081718385219574e-02
-2.972805500030517578e-02
1.110292784869670868e-02
2.832818776369094849e-03
-6.434528157114982605e-03
8.380512148141860962e-02
-8.565462194383144379e-03
1.013879030942916870e-01
1.697289757430553436e-03
4.256380721926689148e-02
1.594963250681757927e-03
-3.809504210948944092e-02
6.761760264635086060e-02
9.542011655867099762e-03
2.901640534400939941e-02
-1.096549816429615021e-02
-1.425898075103759766e-02
-1.030082255601882935e-02
-2.549224533140659332e-03
7.613819837570190430e-02
-1.880750060081481934e-04
-5.303502082824707031e-02
-2.091369032859802246e-02
5.081214755773544312e-02
4.984618164598941803e-03
3.405120223760604858e-02
-2.364453300833702087e-02
-1.989822834730148315e-03
-7.293699309229850769e-03
2.544713392853736877e-02
-3.229372203350067139e-02
-1.054462976753711700e-02
2.250809967517852783e-02
1.502249389886856079e-03
1.608685962855815887e-02
4.851798713207244873e-02
-4.124964773654937744e-02
2.119312807917594910e-02
2.011254429817199707e-03
-2.570683322846889496e-02
2.397939190268516541e-02
1.527328044176101685e-02
2.993818931281566620e-02
2.752345427870750427e-02
3.587387129664421082e-02
-4.775825515389442444e-02
-6.185756996273994446e-03
-3.519457578659057617e-02
-7.241710275411605835e-02
-1.698209345340728760e-02
4.392364248633384705e-02
6.391125917434692383e-02
-8.897194266319274902e-02
-1.990384422242641449e-02
-4.205265268683433533e-02
-1.077730953693389893e-02
-2.394650131464004517e-02
7.233823835849761963e-02
2.378334291279315948e-02
1.802680082619190216e-02
-5.769590288400650024e-02
-6.628096103668212891e-02
5.975431203842163086e-02
5.098972469568252563e-02
-4.647009074687957764e-03
-4.373166710138320923e-02
3.670663014054298401e-02
1.249923557043075562e-02
3.535918891429901123e-03
2.003650367259979248e-02
1.017537806183099747e-02
-1.700399257242679596e-02
-2.254129573702812195e-02
8.066203445196151733e-04
4.906260967254638672e-02
4.774126410484313965e-02
-5.567465722560882568e-02
6.769372522830963135e-02
1.047653239220380783e-02
-5.835298448801040649e-02
3.870446979999542236e-02
-1.050896570086479187e-02
-2.146555110812187195e-03
-1.066844724118709564e-02
3.943697363138198853e-02
-9.315772913396358490e-04
1.408682949841022491e-02
5.143021419644355774e-02
-9.101789444684982300e-03
1.353851985186338425e-02
2.076354995369911194e-02
2.592875435948371887e-02
3.183513879776000977e-02
-2.934608235955238342e-02
1.982511952519416809e-02
5.505022592842578888e-03
4.969261586666107178e-03
1.440184563398361206e-02
-1.804596744477748871e-02
-3.706159070134162903e-02
-3.985855355858802795e-02
-5.575992912054061890e-02
-1.344215124845504761e-03
-2.247916162014007568e-02
4.018376767635345459e-02
-2.260302565991878510e-02
-2.872823178768157959e-02
-3.926592320203781128e-02
-1.198080927133560181e-02
3.576085716485977173e-02
-8.725810796022415161e-03
2.385727316141128540e-02
-6.241884827613830566e-02
-7.617796771228313446e-03
-5.407229438424110413e-02
-2.557509951293468475e-02
1.453227177262306213e-02
5.242138169705867767e-03
-1.058411225676536560e-02
2.851019054651260376e-02
-1.800888776779174805e-02
6.548487581312656403e-04
-4.201416671276092529e-02
-9.576445445418357849e-03
-1.538611575961112976e-02
-1.318582240492105484e-02
-5.087965726852416992e-02
-1.702611148357391357e-02
2.373984269797801971e-02
-2.872653119266033173e-02
-1.999174803495407104e-02
-8.996421471238136292e-03
-5.637810006737709045e-02
-4.266276955604553223e-04
-6.878552958369255066e-03
-9.552307426929473877e-03
1.578072458505630493e-02
-7.820039056241512299e-03
-2.230954170227050781e-02
8.208686485886573792e-04
2.892866730690002441e-02
-1.627869158983230591e-02
9.652193635702133179e-03
6.450492888689041138e-02
2.300849184393882751e-02
1.298278104513883591e-02
-4.207931924611330032e-03
5.424637347459793091e-02
2.490727230906486511e-03
-2.069746144115924835e-02
-2.035620808601379395e-02
3.864805027842521667e-02
-9.295940399169921875e-04
1.148103456944227219e-02
2.151935547590255737e-02
5.850002169609069824e-02
3.190284222364425659e-02
1.818889752030372620e-02
-2.015759050846099854e-02
-5.951034277677536011e-02
9.261269867420196533e-02
-3.691464662551879883e-04
2.189807221293449402e-02
-1.157931052148342133e-03
2.709566429257392883e-02
-1.013722829520702362e-02
-1.099189445376396179e-01
-2.187323570251464844e-02
-4.102692008018493652e-02
2.022360265254974365e-02
-3.608410060405731201e-02
-5.924069136381149292e-02
2.163935638964176178e-02
-4.434832930564880371e-02
-3.690816462039947510e-03
-3.978933021426200867e-02
2.394355833530426025e-02
5.467389523983001709e-02
-8.722072839736938477e-02
4.396884143352508545e-02
9.891324490308761597e-02
6.598386913537979126e-03
5.325138196349143982e-02
6.020275875926017761e-03
-3.282063454389572144e-02
-3.915179520845413208e-03
2.873846329748630524e-02
1.988979056477546692e-02
-5.672970041632652283e-02
-9.403665363788604736e-02
3.943182900547981262e-02
-2.335125952959060669e-02
-2.579431980848312378e-02
-8.495831862092018127e-03
1.092253066599369049e-02
7.781200110912322998e-02
-3.247167915105819702e-03
-1.461841072887182236e-02
-1.465442590415477753e-02
-6.064116209745407104e-02
-4.659174010157585144e-03
-4.961599409580230713e-02
1.434568408876657486e-02
-2.065802738070487976e-02
-7.019695639610290527e-02
-4.696507751941680908e-02
4.991932958364486694e-02
3.238141909241676331e-02
6.415004283189773560e-02
-8.798232302069664001e-03
2.406512014567852020e-02
-3.218352794647216797e-04
1.832242123782634735e-02
-2.694988250732421875e-02
5.365057289600372314e-02
-2.050279080867767334e-02
-3.158272057771682739e-02
-4.433724656701087952e-02
6.046998873353004456e-02
2.753658033907413483e-02
-5.836283043026924133e-02
6.286414712667465210e-02
4.285123944282531738e-02
1.117799617350101471e-02
