5.575620755553245544e-02
1.220804266631603241e-02
-5.454871058464050293e-02
-4.850666970014572144e-03
1.801904663443565369e-02
-5.109690129756927490e-02
5.356591939926147461e-02
-3.871360793709754944e-03
-1.384278386831283569e-02
5.130192264914512634e-03
1.934455893933773041e-02
2.846473827958106995e-02
-4.409208893775939941e-02
1.738211512565612793e-02
-2.573757432401180267e-03
5.121379345655441284e-02
-4.563929140567779541e-02
2.155338786542415619e-02
-8.999448269605636597e-03
-5.210350453853607178e-02
-2.511970698833465576e-03
-4.877901449799537659e-02
-2.754221856594085693e-02
8.496911264955997467e-03
6.009415909647941589e-02
-2.456595376133918762e-02
-4.346080869436264038e-02
4.752954468131065369e-03
5.831222981214523315e-02
-5.471276864409446716e-02
-3.923017531633377075e-02
-4.975450038909912109e-02
-1.328585762530565262e-02
2.313096076250076294e-02
-2.916883677244186401e-02
1.927308738231658936e-02
-5.428756400942802429e-02
5.843074619770050049e-02
1.222858112305402756e-02
1.015248894691467285e-01
4.051145166158676147e-02
1.920945942401885986e-02
-1.637889072299003601e-02
2.992809377610683441e-02
2.898393198847770691e-02
-4.510866850614547729e-02
1.594036258757114410e-02
4.463413357734680176e-02
-4.829781502485275269e-02
2.153271809220314026e-02
-8.251827210187911987e-03
-5.971312522888183594e-02
2.545507997274398804e-02
-1.882738806307315826e-02
5.252316221594810486e-02
2.052160911262035370e-02
1.511760801076889038e-02
-2.579605206847190857e-02
5.769142508506774902e-02
2.301511541008949280e-02
-1.749227754771709442e-02
5.804461985826492310e-02
-2.381768077611923218e-02
-1.121439784765243530e-02
-2.067488431930541992e-02
4.045275226235389709e-02
-2.082192152738571167e-02
5.876389145851135254e-02
-8.691208064556121826e-02
2.266040444374084473e-02
3.737892955541610718e-02
-1.024347096681594849e-01
-5.403543263673782349e-02
-3.318123519420623779e-02
6.322050839662551880e-02
-8.967301249504089355e-02
4.986700601875782013e-03
-2.779885381460189819e-02
-1.365494169294834137e-02
4.738757759332656860e-02
-2.058452181518077850e-02
1.209470257163047791e-02
-3.333535417914390564e-02
-2.736673876643180847e-02
1.370196416974067688e-02
2.476434409618377686e-02
-2.864175662398338318e-02
-1.753052696585655212e-03
2.774288132786750793e-02
-2.295731380581855774e-02
-1.831360161304473877e-03
-4.004466161131858826e-02
-2.168711461126804352e-02
6.167664378881454468e-02
7.762741297483444214e-03
-1.898871362209320068e-02
-1.254642941057682037e-02
-7.613524794578552246e-02
1.126610189676284790e-01
1.225365139544010162e-02
-5.066072940826416016e-02
1.293143928050994873e-01
-7.483678311109542847e-02
2.907709963619709015e-02
-3.083776682615280151e-02
3.723845630884170532e-02
-6.713239476084709167e-03
-1.635279506444931030e-02
-1.805627532303333282e-02
8.415346033871173859e-03
-3.296428918838500977e-02
9.557773359119892120e-03
-3.562085703015327454e-02
2.497174032032489777e-02
-3.949109092354774475e-02
-3.305181860923767090e-02
4.707216843962669373e-02
-4.465566202998161316e-02
4.736186563968658447e-02
3.022594377398490906e-03
-3.785485029220581055e-02
5.312157794833183289e-03
6.392399221658706665e-02
9.462197124958038330e-02
4.248057026416063309e-03
-6.492618937045335770e-03
5.144589394330978394e-02
-7.162606716156005859e-02
3.467058390378952026e-02
-5.057408660650253296e-02
-4.025782644748687744e-02
-5.554564297199249268e-03
-5.935004912316799164e-03
4.422725737094879150e-02
-4.820557311177253723e-02
-4.240638762712478638e-02
-9.144820272922515869e-03
4.457300528883934021e-02
-5.540871620178222656e-02
-2.222761511802673340e-02
-6.898627430200576782e-02
6.025654822587966919e-02
-2.817142382264137268e-02
-2.457329072058200836e-03
-2.615113183856010437e-02
4.659259691834449768e-02
-3.171013295650482178e-02
-1.874470338225364685e-02
2.333719283342361450e-02
5.033005401492118835e-02
2.708202600479125977e-02
4.870662093162536621e-02
-9.051693230867385864e-02
-9.263257682323455811e-02
4.754573479294776917e-02
2.318618632853031158e-02
-2.931547164916992188e-02
1.373094171285629272e-01
3.069337457418441772e-02
3.608153760433197021e-02
2.661600708961486816e-02
-8.339593186974525452e-03
-7.275590300559997559e-02
-7.005456835031509399e-03
1.076619327068328857e-01
6.316515803337097168e-02
1.307979784905910492e-02
-2.385126985609531403e-02
-7.042783498764038086e-02
-9.478626772761344910e-03
-5.024050176143646240e-02
1.159721985459327698e-02
4.385883361101150513e-02
-4.413322545588016510e-03
6.759685277938842773e-02
-5.091190338134765625e-02
-5.247166380286216736e-02
3.381624817848205566e-02
-4.189470782876014709e-02
-2.593952417373657227e-02
4.560816287994384766e-02
-3.558900207281112671e-02
4.932532832026481628e-02
-9.305670857429504395e-03
-1.018511131405830383e-02
-1.157267112284898758e-02
-2.212820947170257568e-02
6.945811212062835693e-03
9.502503275871276855e-02
7.592256180942058563e-03
5.911103636026382446e-02
-1.100097037851810455e-02
-5.797151476144790649e-02
-3.680393099784851074e-03
-5.760971456766128540e-03
9.887238964438438416e-03
7.905599661171436310e-03
-4.318392276763916016e-02
-3.271156176924705505e-02
6.805758923292160034e-03
-2.385491132736206055e-02
2.154375985264778137e-02
1.715341769158840179e-02
3.857054561376571655e-02
-5.401574075222015381e-03
3.770258277654647827e-02
1.289832405745983124e-02
7.081935554742813110e-02
-5.641533061861991882e-03
9.891707450151443481e-04
-2.444891072809696198e-02
-1.833137124776840210e-03
-3.562900424003601074e-02
-3.389493748545646667e-02
-1.914787106215953827e-02
1.368050277233123779e-02
1.622513495385646820e-02
4.006597399711608887e-02
5.125229060649871826e-02
6.127254292368888855e-02
-1.937789469957351685e-02
3.489746898412704468e-02
-3.371101617813110352e-02
6.070992350578308105e-02
-2.826457470655441284e-02
-3.032673150300979614e-03
-4.797060973942279816e-03
-5.555764958262443542e-02
-4.966396093368530273e-02
3.567812964320182800e-04
7.262488827109336853e-03
1.133486926555633545e-01
2.274683676660060883e-03
3.566586971282958984e-02
4.808206111192703247e-03
1.879970729351043701e-02
1.210175901651382446e-01
-4.104044288396835327e-02
-1.427488401532173157e-03
-1.559746358543634415e-02
-1.123062521219253540e-02
-4.345273599028587341e-02
6.386750936508178711e-02
6.555312871932983398e-02
3.064784593880176544e-02
4.422384127974510193e-02
3.201160579919815063e-02
-3.126301988959312439e-02
-4.213933646678924561e-02
3.240227699279785156e-02
-3.338246047496795654e-02
-3.008169494569301605e-02
1.964227482676506042e-02
5.099097639322280884e-02
3.407254815101623535e-02
-1.643369719386100769e-02
-6.459122523665428162e-03
-2.322558499872684479e-02
-3.246422857046127319e-02
1.044527813792228699e-02
2.274954691529273987e-02
1.799501106142997742e-02
-5.274156853556632996e-02
-1.757034100592136383e-02
-2.581276465207338333e-03
-1.771704107522964478e-02
-8.195111155509948730e-02
7.837104797363281250e-02
-2.326716855168342590e-02
2.481336146593093872e-02
7.525054737925529480e-03
-2.627030573785305023e-02
6.416412442922592163e-02
-3.367972001433372498e-02
-1.899793557822704315e-02
-7.267808914184570312e-02
5.425353348255157471e-02
6.207393854856491089e-02
-6.119532883167266846e-02
-9.072571992874145508e-04
2.943592518568038940e-02
3.240419924259185791e-02
-3.258202597498893738e-02
-3.511079400777816772e-02
-2.297150343656539917e-02
-2.789239212870597839e-02
-7.007719017565250397e-03
-4.055947065353393555e-02
-2.712113410234451294e-02
-6.278107315301895142e-02
1.214162632822990417e-02
-1.326508074998855591e-02
3.211637586355209351e-02
2.862585708498954773e-02
-1.454854197800159454e-02
-1.145078241825103760e-02
3.826901689171791077e-02
6.471042335033416748e-02
4.560914635658264160e-02
-5.696651339530944824e-02
1.051851920783519745e-02
3.435295075178146362e-02
1.917689293622970581e-02
-6.392812356352806091e-03
3.019570186734199524e-02
1.925297826528549194e-02
1.136749610304832458e-02
2.308042719960212708e-02
2.982639521360397339e-02
-1.129626110196113586e-02
5.180714651942253113e-03
-2.825818955898284912e-04
-1.756070926785469055e-02
-5.294493213295936584e-02
-5.247776955366134644e-02
-1.632296293973922729e-02
7.295463979244232178e-02
-4.746907204389572144e-02
-1.021435484290122986e-02
-2.396653220057487488e-02
-1.086848229169845581e-02
7.560454308986663818e-03
-4.364409297704696655e-02
-4.921984672546386719e-02
4.058799147605895996e-02
2.633421123027801514e-02
-2.129462361335754395e-02
5.117267370223999023e-02
1.917852461338043213e-02
-3.941787034273147583e-02
5.907986313104629517e-02
1.483149081468582153e-02
-4.454321414232254028e-02
1.011139079928398132e-01
-8.708769083023071289e-02
6.901152431964874268e-03
-4.373909533023834229e-02
-1.432861387729644775e-02
-3.666286915540695190e-02
5.597354844212532043e-02
2.804999053478240967e-02
1.041929423809051514e-01
-5.743331834673881531e-02
6.884392350912094116e-04
-4.301672801375389099e-03
-8.636694401502609253e-04
-9.019969403743743896e-02
-3.648234531283378601e-02
2.681817486882209778e-02
2.163870260119438171e-02
-1.673358678817749023e-02
1.274083089083433151e-02
3.025802969932556152e-02
-1.767260022461414337e-02
-5.504436045885086060e-02
-1.122110337018966675e-02
-2.589981444180011749e-02
3.062817081809043884e-02
3.018461167812347412e-02
-1.969022676348686218e-03
-3.059783391654491425e-02
4.935081675648689270e-02
-1.579915173351764679e-02
2.489840053021907806e-02
-8.041600883007049561e-02
-1.899788156151771545e-03
-3.575330227613449097e-02
-2.321762219071388245e-02
-6.819749251008033752e-03
-4.790620878338813782e-02
3.574564680457115173e-02
-2.706341072916984558e-02
1.319472305476665497e-02
5.508447065949440002e-03
5.559063330292701721e-02
-3.104554116725921631e-02
-9.320807456970214844e-02
2.726099453866481781e-03
8.179500699043273926e-02
-3.356415033340454102e-02
7.331867516040802002e-02
-1.520131248980760574e-02
3.884307295083999634e-02
-1.517715677618980408e-02
1.711475476622581482e-02
1.667141914367675781e-03
-8.195788413286209106e-02
6.153277121484279633e-03
-2.059522829949855804e-02
-6.801845133304595947e-02
-8.906755596399307251e-03
1.231742091476917267e-03
-8.774505555629730225e-02
6.520126760005950928e-02
-7.003469392657279968e-03
-8.180952072143554688e-02
-3.951375186443328857e-02
-2.754324302077293396e-02
-3.173530101776123047e-02
-9.086113423109054565e-03
3.099783137440681458e-02
-1.333650108426809311e-02
3.098116442561149597e-02
1.616454496979713440e-02
-1.618054136633872986e-02
-1.726736500859260559e-02
-4.088213667273521423e-02
-4.385938495397567749e-02
2.816278487443923950e-02
-4.713211208581924438e-02
7.406838238239288330e-02
4.704729467630386353e-02
5.175937712192535400e-02
4.967662319540977478e-02
-6.197048723697662354e-02
4.009161517024040222e-02
-2.403533644974231720e-02
-4.443830996751785278e-02
7.090054452419281006e-03
-5.782434344291687012e-02
2.564290165901184082e-02
-4.032045975327491760e-02
-1.892980188131332397e-03
-1.081575900316238403e-01
4.403455555438995361e-02
-1.621527224779129028e-02
-1.336150914430618286e-01
-6.172106415033340454e-02
7.437167316675186157e-02
6.563220918178558350e-02
-2.272269688546657562e-02
-2.684684842824935913e-02
3.889932110905647278e-02
-3.412810340523719788e-02
-8.956574648618698120e-02
1.403187587857246399e-02
-4.405904933810234070e-02
-8.258389309048652649e-03
1.419809646904468536e-02
1.252731122076511383e-02
-3.345531225204467773e-02
-4.686109721660614014e-03
6.036166101694107056e-02
-6.022145971655845642e-03
2.171001583337783813e-02
1.187736541032791138e-02
4.431439191102981567e-02
1.095019206404685974e-01
4.048988968133926392e-02
3.367038071155548096e-02
6.721394509077072144e-02
2.531993761658668518e-02
-5.061520636081695557e-02
1.572119444608688354e-02
-3.340616449713706970e-02
-1.275297552347183228e-01
-3.196987137198448181e-02
-4.689078032970428467e-02
4.328000172972679138e-02
-3.259653598070144653e-02
5.854444205760955811e-02
6.044714525341987610e-02
8.299198746681213379e-02
-2.990003861486911774e-02
5.345229059457778931e-02
8.884683996438980103e-02
-2.308016642928123474e-03
1.466585416346788406e-02
4.066640138626098633e-02
5.728554725646972656e-02
1.021856367588043213e-01
-1.040379982441663742e-02
-1.534756273031234741e-02
4.888062179088592529e-02
2.192660421133041382e-02
-1.670437864959239960e-02
5.684318765997886658e-02
-1.004026383161544800e-01
1.379011757671833038e-02
1.067426521331071854e-02
-4.405708052217960358e-03
-1.017171330749988556e-02
5.075377225875854492e-02
-3.772079199552536011e-02
-3.364456817507743835e-03
2.429820224642753601e-02
-4.258745163679122925e-02
-3.991560637950897217e-02
1.513210125267505646e-02
-2.068149857223033905e-02
-4.062736779451370239e-02
-5.696755647659301758e-02
-9.650489687919616699e-02
9.316787123680114746e-03
1.766655966639518738e-02
-9.174784645438194275e-03
2.508972212672233582e-02
-2.142292819917201996e-02
7.336118817329406738e-02
-2.603018283843994141e-02
6.713528931140899658e-02
-3.990998119115829468e-02
-9.435396641492843628e-03
-5.240423604846000671e-02
-4.363856837153434753e-02
9.415668249130249023e-02
3.364940360188484192e-02
2.251154556870460510e-02
4.968766868114471436e-02
4.594236984848976135e-02
-8.479675278067588806e-03
-1.198541000485420227e-02
2.503471262753009796e-02
-2.782317623496055603e-02
4.007873684167861938e-02
-7.986117899417877197e-02
-2.527473308145999908e-02
1.071836426854133606e-02
6.143615394830703735e-02
-1.844098046422004700e-02
1.566097699105739594e-02
3.923509269952774048e-02
-3.921411186456680298e-02
-3.867401927709579468e-02
-2.137000858783721924e-02
1.259648613631725311e-02
-1.699387654662132263e-02
2.203027531504631042e-02
4.026046395301818848e-02
-9.802397340536117554e-03
9.899462014436721802e-02
-1.689575798809528351e-02
-3.958661854267120361e-02
-4.812873154878616333e-02
-6.629119627177715302e-03
-1.516696996986865997e-02
4.704451188445091248e-03
-7.405543327331542969e-02
5.072014406323432922e-03
-4.861393570899963379e-02
-1.332773640751838684e-02
-2.937789633870124817e-02
-4.903002642095088959e-03
4.290707409381866455e-02
1.175945624709129333e-03
2.192111313343048096e-02
-4.029184207320213318e-02
9.661905467510223389e-03
-1.625503227114677429e-02
-6.473580002784729004e-02
5.629397928714752197e-04
6.139016151428222656e-02
3.824965097010135651e-03
-4.002652689814567566e-02
1.678852364420890808e-03
-4.877874255180358887e-02
-8.865638077259063721e-02
-5.600288510322570801e-03
-2.605403773486614227e-02
-4.517200216650962830e-02
-8.525671064853668213e-02
5.166612565517425537e-03
-2.464447543025016785e-02
3.890510648488998413e-03
-2.960097789764404297e-02
1.005076896399259567e-02
1.860006153583526611e-02
-6.315357983112335205e-03
7.378419861197471619e-03
3.074068576097488403e-03
2.124967053532600403e-02
5.100991576910018921e-02
-3.952025994658470154e-02
-6.960321962833404541e-02
2.964291721582412720e-02
-3.294598683714866638e-02
3.307915478944778442e-02
-5.692101269960403442e-02
1.657503284513950348e-02
-1.804496161639690399e-03
-4.741879552602767944e-02
1.512175984680652618e-02
-6.155014410614967346e-02
1.019636020064353943e-01
-8.535882458090782166e-03
5.567336827516555786e-02
4.953614622354507446e-02
9.277209639549255371e-03
3.936040028929710388e-02
3.088342212140560150e-02
3.191005438566207886e-02
4.362183064222335815e-02
8.872645907104015350e-03
9.554831683635711670e-02
2.976772189140319824e-02
1.072465535253286362e-02
-3.788996487855911255e-03
-4.849633201956748962e-02
-4.624259471893310547e-02
2.976741641759872437e-02
-2.468473464250564575e-02
2.797207608819007874e-02
8.600679785013198853e-02
3.373040258884429932e-02
3.315979614853858948e-03
-4.493268206715583801e-03
6.199419870972633362e-02
3.867114335298538208e-02
-1.805273070931434631e-02
-3.822209313511848450e-02
4.544992372393608093e-02
4.201382398605346680e-03
5.005316808819770813e-02
-4.912605881690979004e-02
1.865054480731487274e-02
1.850319281220436096e-02
3.237691894173622131e-02
5.817979574203491211e-02
3.698972612619400024e-02
-2.890421077609062195e-02
7.187047600746154785e-02
-2.065998315811157227e-02
3.415305912494659424e-02
1.196446362882852554e-02
-3.772225975990295410e-02
-5.168829858303070068e-02
-3.394645079970359802e-02
4.911776632070541382e-04
-2.148216590285301208e-02
-9.704381227493286133e-04
-1.681414805352687836e-02
-8.659894019365310669e-02
-3.911666199564933777e-02
-6.162756122648715973e-03
8.619343861937522888e-03
-6.893330812454223633e-02
2.796550653874874115e-02
7.561194710433483124e-03
-2.480558305978775024e-02
-4.910338670015335083e-02
3.880101442337036133e-02
-1.260331273078918457e-02
2.529403939843177795e-02
-9.592387825250625610e-03
3.879428654909133911e-02
6.353452801704406738e-03
-6.241421028971672058e-02
-3.812056034803390503e-02
8.147056400775909424e-02
-8.683484792709350586e-02
-8.391705155372619629e-02
-2.011483721435070038e-02
9.163264185190200806e-02
-4.584544897079467773e-02
2.963518351316452026e-02
1.409651525318622589e-02
-8.014937490224838257e-02
3.888756036758422852e-04
9.148471057415008545e-02
-2.058478258550167084e-02
2.099737152457237244e-02
6.178681552410125732e-02
-4.451032727956771851e-03
3.972695674747228622e-03
5.144700407981872559e-02
1.622762717306613922e-02
-8.642942644655704498e-03
1.345653552561998367e-02
1.690958254039287567e-02
-1.103413477540016174e-02
-2.902712859213352203e-02
-8.093284070491790771e-02
2.853681333363056183e-02
-8.761157095432281494e-02
1.862692460417747498e-02
-2.311743795871734619e-03
7.122540473937988281e-02
-2.897379919886589050e-02
9.682597965002059937e-02
1.542828977108001709e-03
1.116355061531066895e-01
-4.560652002692222595e-02
-9.872613102197647095e-02
-3.371472656726837158e-02
6.846169382333755493e-02
-1.360624469816684723e-02
3.715440630912780762e-02
-2.347461879253387451e-03
-6.713080406188964844e-02
-8.360686898231506348e-02
1.783293113112449646e-02
6.187906488776206970e-02
3.724690154194831848e-02
1.663034968078136444e-02
-8.039809763431549072e-02
3.135141730308532715e-02
5.242466554045677185e-02
4.568822309374809265e-02
8.688289672136306763e-04
-4.218725487589836121e-02
-3.452425450086593628e-02
-2.371652051806449890e-02
7.107880432158708572e-03
-2.719533070921897888e-02
2.418404072523117065e-02
-6.921702623367309570e-02
-5.796185135841369629e-02
5.610236153006553650e-02
-2.836221642792224884e-02
2.305346075445413589e-03
4.972659796476364136e-02
8.918724954128265381e-03
-3.285020962357521057e-02
-9.515697136521339417e-03
1.863588765263557434e-02
2.886210381984710693e-02
4.744195938110351562e-02
-1.042830422520637512e-01
1.446455530822277069e-02
-9.833747521042823792e-03
-7.609739899635314941e-02
5.294911563396453857e-02
-8.490870893001556396e-02
-1.489141769707202911e-02
-1.643966883420944214e-03
4.218025133013725281e-02
8.809110149741172791e-03
3.851546905934810638e-03
-1.024847850203514099e-02
6.864816695451736450e-02
-2.512577921152114868e-03
-3.206923604011535645e-02
1.976883038878440857e-02
-2.733580768108367920e-04
2.042507752776145935e-03
4.544370621442794800e-02
-5.943002179265022278e-02
5.454674735665321350e-02
-1.927802711725234985e-02
-4.716760665178298950e-02
4.463689029216766357e-02
4.679031297564506531e-02
-3.475878387689590454e-02
4.989674687385559082e-02
3.072439134120941162e-02
4.805319756269454956e-02
1.333284191787242889e-02
3.521042689681053162e-02
-6.570050120353698730e-02
-3.283273428678512573e-02
9.431116282939910889e-03
-5.781842023134231567e-02
-5.789277330040931702e-02
4.344569519162178040e-03
-2.457986027002334595e-02
-3.579303249716758728e-02
1.191616132855415344e-01
-6.330708414316177368e-02
5.516816861927509308e-03
-4.003112763166427612e-02
8.312249556183815002e-03
-7.539544254541397095e-03
3.156051412224769592e-02
-5.023664236068725586e-02
1.406158693134784698e-02
5.593471229076385498e-03
1.775293610990047455e-02
3.253611177206039429e-02
8.314134553074836731e-03
3.781279549002647400e-03
3.681983798742294312e-02
-2.638042531907558441e-02
-4.014005511999130249e-02
7.644932717084884644e-03
-1.372301019728183746e-03
4.837745800614356995e-03
5.439231172204017639e-02
-3.688755631446838379e-02
3.545308858156204224e-02
-7.102984935045242310e-03
-2.024673856794834137e-03
9.791950881481170654e-02
5.343724973499774933e-03
1.163290888071060181e-01
-1.435133628547191620e-03
4.835417866706848145e-02
4.349537193775177002e-04
-3.964648395776748657e-02
4.540132731199264526e-02
3.117230907082557678e-02
5.032648146152496338e-02
2.115219831466674805e-05
-3.510223701596260071e-03
6.374401971697807312e-03
2.057849057018756866e-02
7.014695554971694946e-02
-6.905142217874526978e-04
-7.074232399463653564e-02
-1.241512596607208252e-02
4.819003492593765259e-02
-1.371914520859718323e-03
1.772235333919525146e-02
-6.127865985035896301e-03
-6.085271015763282776e-03
-2.619513869285583496e-02
2.554454654455184937e-02
-2.695067599415779114e-02
-2.255688980221748352e-02
2.641672454774379730e-02
2.488472312688827515e-02
1.542681641876697540e-02
6.174598634243011475e-02
-5.472700670361518860e-02
3.347950428724288940e-02
-3.112854436039924622e-03
-2.050351724028587341e-02
5.453991144895553589e-02
3.819193691015243530e-03
2.787793055176734924e-02
1.328021846711635590e-02
8.708903566002845764e-03
-7.072534412145614624e-02
-2.655471907928586006e-03
-2.927473001182079315e-02
-6.950365006923675537e-02
-2.828197926282882690e-02
2.895693294703960419e-02
7.289027422666549683e-02
-9.339338541030883789e-02
-1.946879178285598755e-02
-6.698404252529144287e-02
-2.242060191929340363e-02
-3.850686177611351013e-02
7.512433081865310669e-02
3.798664361238479614e-02
2.162751741707324982e-02
-9.272031486034393311e-02
-6.109064817428588867e-02
5.158804357051849365e-02
4.541053995490074158e-02
-1.865451410412788391e-02
-4.638702422380447388e-02
5.896498635411262512e-02
1.802806742489337921e-02
-3.484435379505157471e-03
1.973364129662513733e-02
-2.853528130799531937e-03
-1.108875405043363571e-02
-3.500550985336303711e-02
-6.519218906760215759e-03
5.016314238309860229e-02
6.162594631314277649e-02
-4.552000761032104492e-02
9.030245244503021240e-02
7.035711780190467834e-03
-8.226306736469268799e-02
5.175474286079406738e-02
-1.593502610921859741e-02
-1.379711553454399109e-02
-3.222868591547012329e-02
5.030062794685363770e-02
-2.229806035757064819e-02
1.235298253595829010e-02
6.077958643436431885e-02
-3.466190770268440247e-02
-5.045481491833925247e-03
7.557882927358150482e-03
4.542799293994903564e-02
5.701857060194015503e-02
-2.782758139073848724e-02
4.971660301089286804e-02
1.517345290631055832e-02
1.616337522864341736e-02
5.452641285955905914e-03
-1.017792522907257080e-02
-2.896244078874588013e-02
-4.422044008970260620e-02
-5.684697628021240234e-02
-5.353689193725585938e-03
-3.001751564443111420e-02
8.139066398143768311e-02
-1.072630845010280609e-02
-2.276446297764778137e-02
-4.998185485601425171e-02
-1.438568532466888428e-02
2.645065449178218842e-02
-1.261455472558736801e-02
2.850279398262500763e-02
-6.125926971435546875e-02
-1.882876828312873840e-02
-7.801292091608047485e-02
-3.815185278654098511e-02
3.428772091865539551e-03
2.029532007873058319e-02
-7.169685326516628265e-03
4.158748686313629150e-02
-2.253350056707859039e-02
-7.457993924617767334e-03
-4.461128264665603638e-02
-2.088273316621780396e-02
-1.443807780742645264e-02
-1.982313022017478943e-02
-2.923783659934997559e-02
-1.373944804072380066e-02
3.911496698856353760e-02
-5.223787948489189148e-02
-5.917705595493316650e-03
-8.486781269311904907e-03
-4.271343722939491272e-02
-8.646883070468902588e-03
-1.510392874479293823e-02
-6.681617815047502518e-03
1.699124090373516083e-02
-9.651215746998786926e-03
-1.119826547801494598e-02
2.205353975296020508e-02
2.700962871313095093e-02
-3.416287899017333984e-02
2.596804872155189514e-03
5.873069167137145996e-02
8.654731325805187225e-03
-1.068291720002889633e-03
-1.067022047936916351e-02
4.904147982597351074e-02
-6.366060115396976471e-03
-1.045794878154993057e-02
-1.872514747083187103e-02
6.659378856420516968e-02
-8.045366965234279633e-03
3.899728134274482727e-02
1.687557622790336609e-02
7.504869252443313599e-02
2.920387685298919678e-02
1.855609007179737091e-02
-5.874444730579853058e-03
-7.067076861858367920e-02
1.126794964075088501e-01
1.423177774995565414e-02
1.987420953810214996e-02
1.789404079318046570e-03
2.849364280700683594e-02
6.680783815681934357e-03
-1.198796853423118591e-01
-1.553808711469173431e-02
-3.661104664206504822e-02
9.971380233764648438e-03
-4.554714262485504150e-02
-7.833974063396453857e-02
3.767382353544235229e-02
-6.867169588804244995e-02
-1.107017882168292999e-02
-3.196059912443161011e-02
3.846995532512664795e-02
5.642521381378173828e-02
-1.190463006496429443e-01
4.293190687894821167e-02
1.006125286221504211e-01
1.194435730576515198e-02
5.483068525791168213e-02
8.430056273937225342e-03
-3.877791017293930054e-02
-2.269297838211059570e-02
1.607465371489524841e-02
3.545965999364852905e-02
-8.499357104301452637e-02
-8.503748476505279541e-02
3.712372109293937683e-02
-1.255997363477945328e-02
-2.773883938789367676e-02
-3.451231867074966431e-03
7.945795543491840363e-03
8.069053292274475098e-02
-7.194817066192626953e-03
-1.905020326375961304e-04
6.037391722202301025e-04
-7.147832214832305908e-02
-9.418543428182601929e-03
-6.242721527814865112e-02
8.127018809318542480e-03
-1.560202054679393768e-02
-9.157215058803558350e-02
-4.753549396991729736e-02
5.582555383443832397e-02
3.226445987820625305e-02
1.029872074723243713e-01
-1.297596096992492676e-02
1.622682902961969376e-03
2.960916608572006226e-03
1.079571619629859924e-02
-1.033012662082910538e-02
8.543952554464340210e-02
1.252136193215847015e-03
-5.545083433389663696e-02
-3.981596976518630981e-02
6.197320669889450073e-02
2.761157043278217316e-02
-4.385920614004135132e-02
8.198928087949752808e-02
4.482521116733551025e-02
2.255855128169059753e-02
