-2.659036636352539062e+00
-1.146809101104736328e+00
-2.409716367721557617e+00
-3.144445657730102539e+00
-3.132890760898590088e-01
1.181500591337680817e-02
-2.369162559509277344e+00
2.122120141983032227e+00
3.185636758804321289e+00
3.491924762725830078e+00
1.658749938011169434e+00
1.150685906410217285e+00
5.802544116973876953e+00
3.483366250991821289e+00
4.806028842926025391e+00
3.001131772994995117e+00
4.403288841247558594e+00
4.519450664520263672e+00
3.204416751861572266e+00
3.167795419692993164e+00
-2.610119879245758057e-01
7.085628986358642578e+00
1.946645140647888184e+00
6.933826923370361328e+00
2.500856637954711914e+00
-9.728395938873291016e-01
-1.308767318725585938e+00
-2.688792228698730469e+00
-2.761013507843017578e+00
-1.898808479309082031e-01
-7.011718153953552246e-01
-8.342761546373367310e-02
-1.054982304573059082e+00
-3.375050783157348633e+00
-3.280834913253784180e+00
-7.727611064910888672e-01
1.073224902153015137e+00
3.666244745254516602e-01
-3.191733360290527344e-01
4.398261547088623047e+00
2.510926008224487305e+00
9.737588167190551758e-01
5.621645450592041016e+00
5.972064971923828125e+00
4.831051230430603027e-01
7.817816734313964844e-02
2.627126455307006836e+00
3.061069726943969727e+00
1.919581890106201172e+00
-2.328853845596313477e+00
-9.324461817741394043e-01
3.777019977569580078e+00
-5.069390535354614258e-01
-1.695808649063110352e+00
-1.959992051124572754e+00
1.421725392341613770e+00
-4.263508319854736328e+00
-4.107991695404052734e+00
-6.642749160528182983e-02
1.222606539726257324e+00
-1.507597327232360840e+00
-2.859179973602294922e-01
-4.745649397373199463e-01
4.012357890605926514e-01
2.303433895111083984e+00
-2.545981645584106445e+00
-2.459222078323364258e+00
-3.409535646438598633e+00
-2.779603481292724609e+00
-3.394699811935424805e+00
-3.054486274719238281e+00
-9.610735177993774414e-01
-2.259827852249145508e+00
-1.728440880775451660e+00
-1.715982556343078613e+00
-1.382906436920166016e+00
8.072040081024169922e-01
-3.551594018936157227e-01
6.673604846000671387e-01
2.694461029022932053e-03
1.032415628433227539e+00
-1.988986968994140625e+00
3.510677576065063477e+00
-2.169992923736572266e+00
1.953805685043334961e+00
2.331285715103149414e+00
5.037317276000976562e-01
-2.848719954490661621e-01
2.907246589660644531e+00
3.023294448852539062e+00
2.086049556732177734e+00
6.631666183471679688e+00
5.139539718627929688e+00
6.179470062255859375e+00
3.678127050399780273e+00
5.277796268463134766e+00
4.381665706634521484e+00
-8.922799229621887207e-01
-1.714937575161457062e-02
1.455647706985473633e+00
-2.220303297042846680e+00
2.362292289733886719e+00
2.248772621154785156e+00
4.527060031890869141e+00
3.785420417785644531e+00
6.479853153228759766e+00
9.849441647529602051e-01
-2.990468740463256836e+00
-3.823923349380493164e+00
-1.990353465080261230e+00
-2.773222208023071289e+00
-1.155790805816650391e+00
-2.242767252027988434e-02
2.192835330963134766e+00
-7.921177148818969727e-02
-4.702639579772949219e+00
-2.629136085510253906e+00
-4.709672927856445312e+00
-9.605630636215209961e-01
-3.546422004699707031e+00
-2.623225212097167969e+00
-2.840832471847534180e+00
-3.486739397048950195e+00
-3.090887308120727539e+00
-6.479136347770690918e-01
-1.574300765991210938e+00
-3.065683364868164062e+00
-6.985525786876678467e-02
2.847026824951171875e+00
6.566385030746459961e-01
-1.930635452270507812e+00
2.745591402053833008e+00
-7.692473530769348145e-01
3.778075575828552246e-01
3.275746822357177734e+00
4.021984100341796875e+00
-1.926262676715850830e-01
-1.161334276199340820e+00
-3.164981901645660400e-01
-4.562716007232666016e+00
-5.245480060577392578e+00
-4.174024105072021484e+00
-3.785966157913208008e+00
-1.292904615402221680e+00
2.677651882171630859e+00
6.745913624763488770e-01
1.520365953445434570e+00
-3.189240217208862305e+00
-3.103327989578247070e+00
-1.440027058124542236e-01
5.044741153717041016e+00
4.717269897460937500e+00
-1.135879397392272949e+00
-3.185241460800170898e+00
1.611777663230895996e+00
-1.517601162195205688e-01
1.450299263000488281e+00
2.202224016189575195e+00
2.016463279724121094e+00
1.890030026435852051e+00
1.643279910087585449e+00
5.870653986930847168e-01
1.558259725570678711e+00
3.087898015975952148e+00
6.360634565353393555e-01
1.559843897819519043e+00
1.556979656219482422e+00
7.224720120429992676e-01
4.171170234680175781e+00
-1.346201062202453613e+00
3.658136352896690369e-02
1.670915722846984863e+00
8.009056448936462402e-01
1.319774985313415527e+00
1.169103980064392090e+00
-1.093480587005615234e+00
5.319435596466064453e-01
7.527294158935546875e-01
6.719600558280944824e-01
2.593085527420043945e+00
1.408260703086853027e+00
-2.695654392242431641e+00
1.957329511642456055e+00
-9.207062125205993652e-01
1.401579856872558594e+00
2.019646644592285156e+00
1.390159368515014648e+00
1.545869231224060059e+00
1.021054945886135101e-02
-9.513191580772399902e-01
-1.684123039245605469e+00
2.683548629283905029e-01
1.263451203703880310e-02
9.645172953605651855e-01
-2.860836744308471680e+00
1.252016186714172363e+00
9.954849630594253540e-02
4.391289353370666504e-01
-5.804257392883300781e-01
2.991002500057220459e-01
-1.995445013046264648e+00
-1.225233316421508789e+00
1.796927154064178467e-01
-2.176279306411743164e+00
-1.599947929382324219e+00
4.028810977935791016e+00
1.837574124336242676e+00
1.309923529624938965e+00
4.180180549621582031e+00
3.563135862350463867e+00
2.461185216903686523e+00
2.069098472595214844e+00
2.050200551748275757e-01
5.004144191741943359e+00
2.950956821441650391e+00
1.711327552795410156e+00
-1.918809056282043457e+00
1.302346467971801758e+00
2.965078830718994141e+00
2.262289047241210938e+00
3.006784677505493164e+00
1.582591652870178223e+00
-2.059984922409057617e+00
4.381657123565673828e+00
3.526582717895507812e+00
4.217510700225830078e+00
7.011396884918212891e-01
5.993637561798095703e+00
-3.390694141387939453e+00
-9.636507034301757812e-01
5.232202410697937012e-01
6.881561279296875000e-01
6.403976678848266602e-01
8.311182856559753418e-01
3.467884302139282227e+00
2.737246036529541016e+00
2.457944154739379883e+00
3.155799627304077148e+00
7.807921171188354492e-01
3.917467296123504639e-01
1.791926980018615723e+00
-4.152549803256988525e-01
3.719991922378540039e+00
5.712525248527526855e-01
2.113316535949707031e+00
9.864697456359863281e-01
1.920362353324890137e+00
7.202987074851989746e-01
-1.344705104827880859e+00
-2.352574825286865234e+00
-2.641203105449676514e-01
-4.492658138275146484e+00
1.920559525489807129e+00
1.646496772766113281e+00
1.325540304183959961e+00
2.443049907684326172e+00
3.242176055908203125e+00
-1.846564769744873047e+00
-2.749914169311523438e+00
2.418487071990966797e+00
2.835847139358520508e+00
1.910945773124694824e-01
6.935788154602050781e+00
-9.044693410396575928e-02
1.019432544708251953e+00
1.364863157272338867e+00
7.139015197753906250e-01
3.788113594055175781e+00
4.291925907135009766e+00
1.319967269897460938e+00
-2.823412716388702393e-01
4.101098537445068359e+00
-6.019457578659057617e-01
2.101835250854492188e+00
5.540967464447021484e+00
2.259265899658203125e+00
2.055401563644409180e+00
4.165642261505126953e+00
2.286408185958862305e+00
1.414880394935607910e+00
2.634585857391357422e+00
2.449585437774658203e+00
1.390359163284301758e+00
1.680141091346740723e+00
5.990914821624755859e+00
4.765001773834228516e+00
4.912838935852050781e+00
1.822565317153930664e+00
2.446369886398315430e+00
-1.573588132858276367e+00
3.183891296386718750e+00
2.605549097061157227e+00
8.301102519035339355e-01
6.886630058288574219e-01
5.130779266357421875e+00
5.962573051452636719e+00
2.521286308765411377e-01
5.563602447509765625e+00
6.266625881195068359e+00
6.200908184051513672e+00
-3.594759702682495117e+00
-4.211520552635192871e-01
-2.216156959533691406e+00
-9.941689968109130859e-01
-1.429390430450439453e+00
-2.945486307144165039e+00
4.496934890747070312e+00
-1.531695604324340820e+00
5.543744564056396484e-02
1.311803340911865234e+00
1.139590859413146973e+00
-1.159508585929870605e+00
-1.836887747049331665e-01
1.312208175659179688e+00
-2.935533225536346436e-01
2.406013250350952148e+00
2.615044116973876953e+00
-3.387979507446289062e+00
-2.530972242355346680e+00
1.636309862136840820e+00
-1.887569665908813477e+00
9.162391722202301025e-02
-4.427597299218177795e-02
-1.738544583320617676e+00
-1.533431887626647949e+00
-3.445718050003051758e+00
-2.721267700195312500e+00
1.842378973960876465e-01
-3.128806591033935547e+00
-2.565493822097778320e+00
-1.310100555419921875e-01
4.642774462699890137e-01
-1.464141130447387695e+00
-1.258400827646255493e-02
4.607339382171630859e+00
1.005833911895751953e+01
3.597986936569213867e+00
5.751957893371582031e+00
1.607918143272399902e-01
3.519232034683227539e+00
-7.402182817459106445e-01
-1.765464991331100464e-01
3.977305293083190918e-01
2.364542722702026367e+00
2.586486577987670898e+00
3.425633668899536133e+00
2.465108633041381836e+00
2.848344802856445312e+00
2.432895183563232422e+00
1.724197149276733398e+00
3.847933769226074219e+00
1.500654458999633789e+00
1.196634411811828613e+00
1.285609722137451172e+00
5.220756053924560547e+00
5.527553081512451172e+00
5.201209068298339844e+00
6.905264377593994141e+00
5.067666530609130859e+00
2.401111364364624023e+00
4.478840351104736328e+00
1.554756283760070801e+00
8.940230607986450195e-01
-2.438424825668334961e-01
7.802386283874511719e+00
1.675501251220703125e+01
1.279487609863281250e+01
1.475307369232177734e+01
1.380749130249023438e+01
1.491670703887939453e+01
1.285958957672119141e+01
1.395668411254882812e+01
1.248433303833007812e+01
1.525483894348144531e+01
1.501077842712402344e+01
1.175874519348144531e+01
1.477749347686767578e+01
1.120898056030273438e+01
1.386421680450439453e+01
1.648614883422851562e+01
1.406702136993408203e+01
1.632056045532226562e+01
1.079385662078857422e+01
6.717428684234619141e+00
1.069189548492431641e+01
3.055188179016113281e+00
3.605102062225341797e+00
9.874061584472656250e+00
2.938075065612792969e+00
-1.979460835456848145e+00
-1.120870590209960938e+00
-2.192237854003906250e+00
-4.665397167205810547e+00
-5.343660831451416016e+00
-2.495675563812255859e+00
-1.806676685810089111e-01
-3.382841587066650391e+00
-5.100254535675048828e+00
-1.031962156295776367e+00
-9.822664260864257812e-01
-2.433238983154296875e+00
-1.555242061614990234e+00
-1.913035511970520020e+00
-4.060130596160888672e+00
-2.055277824401855469e+00
-1.751701235771179199e+00
-1.023337841033935547e+00
-3.529505729675292969e+00
-2.348737478256225586e+00
-1.514860391616821289e+00
-1.457542896270751953e+00
-4.508192062377929688e+00
-3.779594004154205322e-01
2.433282136917114258e+00
-2.400644779205322266e+00
-1.209845662117004395e+00
3.931169033050537109e+00
-1.189834833145141602e+00
-4.474093914031982422e+00
-4.214448481798171997e-02
-2.931443452835083008e-01
2.977783918380737305e+00
9.553530216217041016e-01
6.060788780450820923e-02
1.769116401672363281e+00
-3.032668590545654297e+00
-7.360381633043289185e-02
1.271586775779724121e+00
-7.539662718772888184e-02
-9.454174637794494629e-01
6.407925486564636230e-01
-2.549989938735961914e+00
1.200502514839172363e+00
-2.956304788589477539e+00
-1.568462401628494263e-01
-6.224279403686523438e-01
-3.585317134857177734e+00
-1.904740214347839355e+00
3.853895664215087891e-01
-7.075630426406860352e-01
6.696522235870361328e-01
-3.190093755722045898e+00
1.783972084522247314e-01
-3.576360702514648438e+00
-1.582303285598754883e+00
2.467730522155761719e+00
-2.336916208267211914e+00
4.072590827941894531e+00
3.967499494552612305e+00
-3.746386289596557617e+00
-1.797086477279663086e+00
-1.288974046707153320e+00
-6.768150925636291504e-01
-8.401733636856079102e-01
-1.229666113853454590e+00
-7.664762139320373535e-01
3.805027008056640625e+00
5.610138773918151855e-01
1.902440547943115234e+00
-1.077335834503173828e+00
-2.667865514755249023e+00
1.796233206987380981e-01
7.506693005561828613e-01
2.656157016754150391e+00
-2.568220138549804688e+00
-1.462748885154724121e+00
-3.970924139022827148e+00
-1.157126501202583313e-01
-2.093847990036010742e+00
6.255618333816528320e-01
-9.909222126007080078e-01
1.160262525081634521e-01
-1.957802772521972656e+00
5.754096508026123047e-01
7.613162398338317871e-01
8.455337882041931152e-01
-1.125715017318725586e+00
-3.235028743743896484e+00
-1.409398674964904785e+00
-4.554980754852294922e+00
-6.213603615760803223e-01
-1.648149490356445312e+00
-2.576359033584594727e+00
-2.828093767166137695e+00
-4.886294364929199219e+00
-3.295408248901367188e+00
-1.130235791206359863e+00
2.536953687667846680e-01
4.353946685791015625e+00
3.299839735031127930e+00
-2.692201375961303711e+00
3.565345764160156250e+00
-2.710263490676879883e+00
-3.374425411224365234e+00
7.632092237472534180e-01
-2.471081018447875977e+00
-3.367939710617065430e+00
-3.550523042678833008e+00
-8.745875358581542969e-01
-6.961681842803955078e-01
7.568521499633789062e-01
1.673233389854431152e+00
-2.901354312896728516e+00
-2.925128459930419922e+00
-8.510434031486511230e-01
-3.420691490173339844e-01
1.297142744064331055e+00
2.797310054302215576e-01
-2.547872304916381836e+00
-4.299828529357910156e+00
-2.844913721084594727e+00
-2.992438077926635742e+00
4.466519355773925781e-01
-9.143145382404327393e-02
8.099671006202697754e-01
1.145800590515136719e+00
-1.928099989891052246e+00
3.093003630638122559e-01
-1.632029533386230469e+00
-2.029230594635009766e-01
-1.567224740982055664e+00
-9.245311021804809570e-01
-1.791637241840362549e-01
1.355627417564392090e+00
-2.855454683303833008e-01
-2.861791610717773438e+00
-1.525933384895324707e+00
-2.232120513916015625e+00
6.890404820442199707e-01
-7.653914690017700195e-01
-1.563420772552490234e+00
-4.215598583221435547e+00
-1.910809636116027832e+00
-3.304736852645874023e+00
-1.359808206558227539e+00
-2.974968671798706055e+00
-3.093899250030517578e+00
-2.636255502700805664e+00
-2.709978103637695312e+00
-1.732274651527404785e+00
-3.021148204803466797e+00
-2.703707695007324219e+00
-1.171954572200775146e-01
2.898150444030761719e+00
-3.454417943954467773e+00
-1.389579653739929199e+00
-2.244924455881118774e-01
-4.962175369262695312e+00
6.659306883811950684e-01
-2.754282474517822266e+00
-3.190691709518432617e+00
-2.387124300003051758e+00
-2.976383686065673828e+00
-1.071096301078796387e+00
-9.621455073356628418e-01
-1.840312957763671875e+00
-1.372138500213623047e+00
-2.765908837318420410e-01
3.455257415771484375e+00
-3.035977602005004883e+00
-1.291960120201110840e+00
-4.539540410041809082e-02
2.073142766952514648e+00
-3.995498895645141602e+00
-1.959444403648376465e+00
-4.807179450988769531e+00
-1.085230588912963867e+00
-2.427706718444824219e+00
4.456124782562255859e+00
-1.421122670173645020e+00
9.979485869407653809e-01
4.417990744113922119e-01
-1.225655555725097656e+00
-2.976676940917968750e+00
-3.319470882415771484e+00
-1.382866621017456055e+00
-3.544965744018554688e+00
-1.173701643943786621e+00
-2.262418985366821289e+00
-1.068373084068298340e+00
2.125992059707641602e+00
-5.877254962921142578e+00
-2.156407594680786133e+00
2.483835220336914062e+00
1.678541302680969238e+00
2.728756189346313477e+00
-2.770584821701049805e+00
2.302582263946533203e+00
-3.023245334625244141e+00
1.836331129074096680e+00
-1.275833487510681152e+00
-2.528770923614501953e+00
-3.714946031570434570e+00
-8.415870070457458496e-01
8.504939079284667969e-01
-2.264769315719604492e+00
2.673440217971801758e+00
-1.462902784347534180e+00
3.466056585311889648e-01
-1.072432041168212891e+00
3.704068899154663086e+00
-1.314428806304931641e+00
4.804950237274169922e+00
2.650067210197448730e-03
-3.752354979515075684e-01
-3.579216003417968750e-01
-1.465489119291305542e-01
-3.887997150421142578e+00
-1.193070560693740845e-01
-1.245033740997314453e+00
6.556117907166481018e-03
1.513869166374206543e-01
-1.480646133422851562e+00
5.379974246025085449e-01
-7.922096252441406250e-01
-2.063446521759033203e+00
3.836246013641357422e+00
1.086472749710083008e+00
4.796998500823974609e-01
9.569268226623535156e-01
-5.153922438621520996e-01
3.148458898067474365e-03
-1.035599112510681152e+00
-2.069342613220214844e+00
-1.905529141426086426e+00
-6.091058731079101562e+00
-3.719778060913085938e+00
-4.474876880645751953e+00
-3.135174274444580078e+00
-1.493594765663146973e+00
-2.661255896091461182e-01
-1.017281174659729004e+00
1.104240059852600098e+00
3.418841361999511719e+00
-1.214682579040527344e+00
4.623722136020660400e-01
-2.840015411376953125e+00
-7.661206722259521484e-01
3.815431892871856689e-01
-1.355815649032592773e+00
-5.304765701293945312e+00
-6.837806701660156250e-01
-8.337709903717041016e-01
-1.580684632062911987e-01
-8.749175071716308594e-01
-1.615829586982727051e+00
-5.201003551483154297e-01
-3.599559068679809570e+00
-2.347656041383743286e-01
1.450247287750244141e+00
3.497726917266845703e-01
-2.273846626281738281e+00
-3.789370954036712646e-01
3.905133903026580811e-01
-2.954008102416992188e+00
1.006166458129882812e+00
-2.930096387863159180e+00
-1.832833170890808105e+00
-1.998669266700744629e+00
-3.820655345916748047e+00
-2.181437492370605469e+00
-2.575367450714111328e+00
-2.951278686523437500e+00
-8.959786891937255859e-01
1.213935136795043945e+00
-2.018001556396484375e+00
1.191004157066345215e+00
-1.927165150642395020e+00
-9.412019252777099609e-01
-4.650659561157226562e-01
-1.700321912765502930e+00
-5.280991196632385254e-01
-4.222230911254882812e+00
-1.515011906623840332e+00
1.592395424842834473e+00
-3.864479064941406250e+00
3.284240007400512695e+00
4.449088096618652344e+00
4.326911568641662598e-01
-3.389382362365722656e+00
4.465343952178955078e-01
-7.904001474380493164e-01
2.229203701019287109e+00
1.432215809822082520e+00
-9.279118180274963379e-01
-1.794872879981994629e+00
-1.982430815696716309e+00
-4.774631500244140625e+00
-2.250074863433837891e+00
-1.309182643890380859e+00
-9.542895555496215820e-01
-4.513698220252990723e-01
-2.988258361816406250e+00
-2.040756225585937500e+00
-2.017900943756103516e+00
3.213934421539306641e+00
2.379195839166641235e-01
-2.957526922225952148e+00
-1.945549488067626953e+00
-6.479219794273376465e-01
-7.515861988067626953e-01
-1.381572961807250977e+00
3.117894411087036133e+00
1.070067167282104492e+00
1.755648553371429443e-01
-3.979673385620117188e+00
-1.409843921661376953e+00
5.972134470939636230e-01
3.875393867492675781e+00
-5.365337848663330078e+00
-9.271781444549560547e-01
-2.223000288009643555e+00
-3.961701869964599609e+00
-1.921993255615234375e+00
-1.721570014953613281e+00
-1.391576528549194336e+00
2.195179939270019531e+00
-2.417261362075805664e+00
1.425288558006286621e+00
-4.090592861175537109e+00
-1.458186745643615723e+00
-3.564113378524780273e+00
4.849897921085357666e-01
-2.401890039443969727e+00
-4.645119234919548035e-02
-1.329459071159362793e+00
6.067123264074325562e-03
-3.256501913070678711e+00
2.225673437118530273e+00
-3.448686122894287109e+00
1.033678054809570312e+00
1.363423824310302734e+00
-2.283397674560546875e+00
5.178465366363525391e+00
-3.394243240356445312e+00
-1.346886754035949707e+00
-1.101358652114868164e+00
1.166689634323120117e+00
1.354280948638916016e+00
3.545815706253051758e+00
2.579159021377563477e+00
-2.584103584289550781e+00
-2.128935813903808594e+00
2.658354997634887695e+00
-8.043876886367797852e-01
-1.413360834121704102e+00
-3.000507354736328125e+00
1.578514695167541504e+00
-3.668604850769042969e+00
1.135586500167846680e+00
-3.177238941192626953e+00
-3.221930980682373047e+00
-1.544727757573127747e-02
-1.458284378051757812e+00
-1.367631077766418457e+00
-2.099828004837036133e+00
1.696957588195800781e+00
-3.152989149093627930e+00
9.913600087165832520e-01
6.795790791511535645e-01
-5.587549209594726562e-01
-3.620525598526000977e-01
-2.479722976684570312e+00
1.490510344505310059e+00
2.981592893600463867e+00
-3.112144954502582550e-02
-1.545569598674774170e-01
-3.122301816940307617e+00
-1.817270874977111816e+00
-6.171754598617553711e-01
-2.100343227386474609e+00
-2.878870964050292969e+00
-1.142153859138488770e+00
-9.446979761123657227e-01
-1.976964950561523438e+00
-1.359181642532348633e+00
5.155947804450988770e-01
-1.310086250305175781e-01
-9.502888321876525879e-01
-1.345454812049865723e+00
-1.133342504501342773e+00
-2.278150320053100586e+00
1.190256118774414062e+00
3.601301908493041992e+00
-4.934300184249877930e-01
-1.525441169738769531e+00
6.150367259979248047e-01
-1.187436819076538086e+00
-2.173548936843872070e+00
-1.439258575439453125e+00
-2.367807626724243164e+00
-1.190013885498046875e+00
-7.814989686012268066e-01
-2.985293626785278320e+00
-3.509269356727600098e-01
-4.817604720592498779e-01
1.867505550384521484e+00
-2.663959741592407227e+00
-1.972567081451416016e+00
4.980458617210388184e-01
-3.609461069107055664e+00
5.799918174743652344e-01
-3.470923662185668945e+00
-6.083527088165283203e+00
8.794064521789550781e-01
-5.563477799296379089e-02
-5.897398591041564941e-01
-6.599341034889221191e-01
-2.330710738897323608e-01
-3.726177930831909180e+00
-3.236445188522338867e+00
-1.930114746093750000e+00
-5.052980899810791016e+00
-3.370196580886840820e+00
-3.681657552719116211e+00
-1.261422634124755859e+00
2.680419385433197021e-01
-4.362667083740234375e+00
9.700363874435424805e-01
-1.136551022529602051e+00
-3.631336688995361328e+00
-2.042146444320678711e+00
-1.133623242378234863e+00
-5.823481678962707520e-01
7.767983078956604004e-01
-2.695339679718017578e+00
-1.380695402622222900e-01
-7.467836737632751465e-01
-2.055646896362304688e+00
-1.929688096046447754e+00
1.041722059249877930e+00
-1.982090592384338379e+00
-1.219776511192321777e+00
-2.966931343078613281e+00
7.075109481811523438e-01
9.694217443466186523e-01
-5.431466698646545410e-01
-1.455063819885253906e+00
9.232654422521591187e-02
5.399448871612548828e-01
5.138041079044342041e-02
-8.455182909965515137e-01
-5.905859172344207764e-03
2.715330600738525391e+00
-2.008729279041290283e-01
1.646278500556945801e+00
-1.316292583942413330e-01
-4.418284073472023010e-02
-3.078794956207275391e+00
-1.852858066558837891e-01
1.325259923934936523e+00
1.012528896331787109e+00
1.364301443099975586e+00
2.083995938301086426e-01
-4.069604396820068359e+00
-3.030121624469757080e-01
-1.112144112586975098e+00
-2.260003566741943359e+00
1.018316745758056641e+00
-1.080135464668273926e+00
-2.315609693527221680e+00
-2.894138574600219727e+00
1.585516095161437988e+00
3.001847743988037109e+00
2.560338973999023438e-01
-1.399168491363525391e+00
-2.533491134643554688e+00
-3.042115688323974609e+00
-1.832946658134460449e+00
-1.911025881767272949e+00
7.121729850769042969e-01
-5.006922245025634766e+00
8.448778986930847168e-01
-6.681212186813354492e-01
-2.108817100524902344e+00
8.209113478660583496e-01
8.967654705047607422e-01
2.690458536148071289e+00
-2.890537023544311523e+00
9.553059935569763184e-01
1.239775300025939941e+00
-1.555232048034667969e+00
3.904229104518890381e-01
-7.862548828125000000e-01
-1.647417426109313965e+00
-3.741438865661621094e+00
-2.009007453918457031e+00
-1.713319063186645508e+00
-3.537793159484863281e+00
1.357721388339996338e-01
1.754076600074768066e+00
-3.473819494247436523e+00
-1.622129559516906738e+00
-2.824124336242675781e+00
-3.640843868255615234e+00
-1.436950862407684326e-01
-8.159485459327697754e-01
-1.161143302917480469e+00
1.729938387870788574e+00
8.855043649673461914e-01
-2.445844173431396484e+00
-1.148054718971252441e+00
4.423480480909347534e-03
7.384196519851684570e-01
4.152808666229248047e+00
8.132404685020446777e-01
-1.570879817008972168e+00
-5.816307067871093750e-01
-1.882833600044250488e+00
-2.400702476501464844e+00
-1.591890692710876465e+00
-2.002201080322265625e+00
3.344467639923095703e+00
-1.154054164886474609e+00
-5.348092555999755859e+00
-1.901985526084899902e+00
1.055190920829772949e+00
-7.585586309432983398e-01
-1.916024565696716309e+00
2.972891092300415039e+00
1.606881618499755859e+00
1.673349738121032715e-02
-1.745913267135620117e+00
-4.311926364898681641e+00
-4.793061733245849609e+00
-3.740667819976806641e+00
-3.169993162155151367e+00
-4.931075096130371094e+00
-4.714965343475341797e+00
1.266387581825256348e+00
-5.153111457824707031e+00
-3.014036417007446289e+00
1.365728676319122314e-03
-5.852469921112060547e+00
-2.943087100982666016e+00
-4.040393829345703125e+00
-2.414216041564941406e+00
1.149093866348266602e+00
-1.830043435096740723e+00
1.034103110432624817e-01
-3.451144695281982422e+00
-6.437385082244873047e-01
-4.025382518768310547e+00
6.677515506744384766e-01
-6.501650810241699219e-01
-2.297520637512207031e-01
-4.410971105098724365e-01
4.436580240726470947e-01
8.603568077087402344e-01
-3.388911247253417969e+00
-1.265860319137573242e+00
-1.896584868431091309e+00
2.018465995788574219e+00
-3.689790725708007812e+00
-5.142613053321838379e-01
1.515261411666870117e+00
-1.357193470001220703e+00
-9.552121758460998535e-01
-1.477728605270385742e+00
-4.966498851776123047e+00
-1.421509385108947754e+00
-4.485852241516113281e+00
-4.550590038299560547e+00
-4.572046756744384766e+00
-4.110151767730712891e+00
-5.469230651855468750e+00
-1.429032087326049805e+00
-3.037458419799804688e+00
-4.529781937599182129e-01
-2.786907196044921875e+00
-7.158219218254089355e-01
6.545821428298950195e-01
2.580487728118896484e+00
-2.303562164306640625e+00
-9.876964688301086426e-01
-2.912846505641937256e-01
-1.750994324684143066e+00
-1.176124215126037598e+00
-3.782770633697509766e-01
-1.572524309158325195e+00
-9.028893709182739258e-01
2.099478721618652344e+00
4.105986356735229492e-01
9.700942635536193848e-01
2.451840639114379883e+00
-2.841751575469970703e+00
-2.831525564193725586e+00
-8.522219210863113403e-02
2.052503108978271484e+00
2.396457433700561523e+00
1.521762132644653320e+00
-3.597095012664794922e+00
-3.046079635620117188e+00
2.250032424926757812e+00
-3.147465705871582031e+00
9.495503306388854980e-01
1.175335273146629333e-01
-1.746294260025024414e+00
5.685404539108276367e-01
-6.797699332237243652e-01
