-1.679322481155395508e+00
-5.691807746887207031e+00
-2.461163759231567383e+00
-4.248141288757324219e+00
-3.779761314392089844e+00
-4.818271636962890625e+00
-4.842498779296875000e+00
-5.794704556465148926e-01
3.028059005737304688e-01
5.635851860046386719e+00
-1.395646482706069946e-01
1.041745901107788086e+00
1.121880888938903809e+00
3.188380479812622070e+00
9.738825559616088867e-01
3.169818520545959473e-01
4.108550250530242920e-01
1.058260798454284668e-01
8.672500252723693848e-01
1.377318859100341797e+00
-1.372923970222473145e+00
1.817250132560729980e+00
-2.400730609893798828e+00
6.638941287994384766e+00
1.968109846115112305e+00
-1.613461494445800781e+00
-1.050344705581665039e+00
-2.186100244522094727e+00
-4.283535957336425781e+00
-3.426994085311889648e+00
4.172864556312561035e-02
-1.066198706626892090e+00
-1.490562796592712402e+00
-3.588239669799804688e+00
-3.185259103775024414e+00
2.201245129108428955e-01
-1.142765641212463379e+00
-1.838066935539245605e+00
-4.147524356842041016e+00
2.949245691299438477e+00
-1.885513305664062500e+00
1.545109987258911133e+00
1.552142739295959473e+00
1.421514987945556641e+00
-4.372291564941406250e-01
7.652345299720764160e-01
8.116325736045837402e-01
3.230736553668975830e-01
9.176703095436096191e-01
1.158323287963867188e+00
-3.778363764286041260e-01
-2.086494207382202148e+00
4.987002909183502197e-02
-4.082876145839691162e-01
-3.618062436580657959e-01
-1.430974841117858887e+00
-2.785158634185791016e+00
-2.079395055770874023e+00
-1.222738385200500488e+00
-1.247378289699554443e-01
-1.566236495971679688e+00
-2.437739133834838867e+00
1.739752590656280518e-01
4.019470691680908203e+00
-1.110132813453674316e+00
-3.141402006149291992e+00
-4.345224797725677490e-01
-1.448665857315063477e+00
-1.106549143791198730e+00
-1.846009731292724609e+00
-2.286470174789428711e+00
-3.604091405868530273e-01
-9.586701989173889160e-01
9.354363083839416504e-01
-1.985721707344055176e+00
-2.037136077880859375e+00
2.817216634750366211e+00
2.675163507461547852e+00
2.926458716392517090e-01
-1.431459546089172363e+00
-3.910812616348266602e+00
-3.873887777328491211e+00
2.016062259674072266e+00
-2.506749033927917480e-01
-2.131642580032348633e+00
2.712571382522583008e+00
1.550045013427734375e+00
-8.104579448699951172e-01
-2.281589508056640625e+00
-2.174462556838989258e+00
-1.070410370826721191e+00
2.480654567480087280e-01
2.257977724075317383e+00
2.901133060455322266e+00
1.152677297592163086e+00
-6.073123216629028320e-01
-1.075659155845642090e+00
-1.490815401077270508e+00
-3.889844715595245361e-01
3.778937757015228271e-01
-6.989240646362304688e-01
4.662852764129638672e+00
1.713381171226501465e+00
1.212766408920288086e+00
5.548474311828613281e+00
3.484922647476196289e+00
2.230129718780517578e+00
-5.980487346649169922e+00
-3.152878522872924805e+00
-2.027904748916625977e+00
-2.086080789566040039e+00
-2.547407388687133789e+00
-1.528252005577087402e+00
-3.248506486415863037e-01
-3.044566869735717773e+00
-4.791153430938720703e+00
-1.011395096778869629e+00
-7.426263332366943359e+00
-1.236873939633369446e-01
1.988719850778579712e-01
2.367923736572265625e+00
-2.543327808380126953e-01
-2.571663141250610352e+00
-2.013283014297485352e+00
1.129854083061218262e+00
-9.912397861480712891e-01
-2.219406843185424805e+00
1.012346386909484863e+00
1.643005371093750000e+00
-1.911327362060546875e+00
-3.403051853179931641e+00
6.586143970489501953e-01
-1.053271651268005371e+00
-3.310559988021850586e+00
2.626847505569458008e+00
3.322294712066650391e+00
-1.624288707971572876e-01
2.694467902183532715e-01
2.816789388656616211e+00
-3.253004312515258789e+00
-3.306209087371826172e+00
-2.529597997665405273e+00
-7.429773211479187012e-01
-2.744801044464111328e+00
6.649870276451110840e-01
1.820328831672668457e+00
6.502644419670104980e-01
-3.758745431900024414e+00
-6.164536952972412109e+00
-2.953548192977905273e+00
8.013637065887451172e-01
2.487331390380859375e+00
-1.180772662162780762e+00
-3.386800765991210938e+00
4.989501237869262695e-01
-1.057986974716186523e+00
-9.404172301292419434e-01
-2.967499792575836182e-01
-1.939605116844177246e+00
4.315314292907714844e-01
1.188571572303771973e+00
-9.812582731246948242e-01
-5.175961852073669434e-01
3.510949850082397461e+00
1.435663700103759766e+00
-2.207784354686737061e-01
-5.777416825294494629e-01
1.076359033584594727e+00
-2.493859231472015381e-01
1.304494500160217285e+00
5.129636287689208984e+00
1.185219168663024902e+00
1.519419312477111816e+00
8.978287577629089355e-01
4.770214557647705078e+00
2.471397399902343750e+00
1.982630372047424316e+00
5.569734096527099609e+00
2.843672752380371094e+00
1.077570676803588867e+00
9.394345283508300781e-01
1.682666778564453125e+00
4.319197654724121094e+00
-1.231927275657653809e+00
6.512901782989501953e-01
1.295899271965026855e+00
1.693528056144714355e+00
-6.709219813346862793e-01
-7.748806476593017578e-01
-8.463405370712280273e-01
-3.080435276031494141e+00
-3.885543942451477051e-01
1.026596069335937500e+00
1.418901383876800537e-01
2.036947488784790039e+00
1.568147540092468262e-01
1.143466472625732422e+00
3.029161214828491211e+00
2.873204469680786133e+00
-1.753884673118591309e+00
3.421580791473388672e+00
-7.891090512275695801e-01
-1.810363650321960449e+00
-3.267245292663574219e+00
-3.581584453582763672e+00
3.338136911392211914e+00
1.169932007789611816e+00
4.506018757820129395e-01
4.747416973114013672e+00
9.983980655670166016e-01
7.158438563346862793e-01
2.221657514572143555e+00
1.411572694778442383e-01
2.261418998241424561e-01
1.691795706748962402e+00
-1.328116655349731445e+00
2.568926572799682617e+00
-1.000337839126586914e+00
-9.214099645614624023e-01
2.118617534637451172e+00
1.168019056320190430e+00
3.072127342224121094e+00
3.975301682949066162e-01
2.220730781555175781e+00
3.330700159072875977e+00
3.792438983917236328e+00
9.507316350936889648e-01
3.729073286056518555e+00
-1.903105974197387695e+00
5.544149875640869141e-01
4.394212365150451660e-01
3.435074329376220703e+00
3.440520763397216797e-01
8.923221230506896973e-01
3.636534452438354492e+00
5.437023162841796875e+00
-4.643987119197845459e-02
-9.742293953895568848e-01
1.273911476135253906e+00
-7.386238574981689453e-01
3.402267932891845703e+00
5.792834162712097168e-01
-6.750206947326660156e-01
-1.112630844116210938e+00
5.650361537933349609e+00
-1.098997116088867188e+00
1.508787274360656738e+00
-8.093124628067016602e-01
4.967884063720703125e+00
6.164685726165771484e+00
2.435687780380249023e+00
-6.679242849349975586e-01
1.389736056327819824e+00
6.587194204330444336e-01
1.690162420272827148e+00
5.774182796478271484e+00
1.556804180145263672e+00
1.698967337608337402e+00
-8.779982924461364746e-01
2.530602455139160156e+00
2.296982526779174805e+00
6.136625289916992188e+00
3.386401176452636719e+00
-1.554663300514221191e+00
-1.212011218070983887e+00
8.333269953727722168e-01
1.250188708305358887e+00
5.032772064208984375e+00
2.750706434249877930e+00
6.891916751861572266e+00
3.045752048492431641e+00
4.360931873321533203e+00
4.474742412567138672e+00
2.586962223052978516e+00
5.210786342620849609e+00
6.973286151885986328e+00
6.389176368713378906e+00
3.390880584716796875e+00
7.272089481353759766e+00
4.239776134490966797e+00
5.360596179962158203e+00
3.819409310817718506e-01
1.019245147705078125e+00
-3.349679112434387207e-01
-2.391475677490234375e+00
-3.520504832267761230e-01
3.018144369125366211e+00
1.670414566993713379e+00
2.617796182632446289e+00
2.034685611724853516e+00
1.386476516723632812e+00
6.683000087738037109e+00
5.087900757789611816e-01
5.341055393218994141e+00
4.336978912353515625e+00
3.718222618103027344e+00
5.461312532424926758e-01
7.778558731079101562e+00
7.644798278808593750e+00
1.015693473815917969e+01
-2.664937078952789307e-01
-2.662422180175781250e+00
2.812668085098266602e-01
-1.858886033296585083e-01
-2.212344408035278320e+00
1.451150655746459961e+00
-4.440193772315979004e-01
1.316014379262924194e-01
-1.180466890335083008e+00
9.128947257995605469e-01
1.558019518852233887e+00
1.646388649940490723e+00
-1.629963517189025879e+00
2.080203771591186523e+00
-2.710103034973144531e+00
1.155988126993179321e-01
-2.283966064453125000e+00
-3.237784385681152344e+00
-4.229264736175537109e+00
-1.614934682846069336e+00
-2.470569372177124023e+00
-3.930999994277954102e+00
-2.572712182998657227e+00
-2.786194086074829102e+00
-2.331229209899902344e+00
-2.579625368118286133e+00
-4.723567485809326172e+00
-6.904197335243225098e-01
-3.519296169281005859e+00
-3.179457902908325195e+00
1.828785896301269531e+00
2.589411973953247070e+00
-1.910420179367065430e+00
8.602996915578842163e-02
5.345593929290771484e+00
7.135384559631347656e+00
6.475109577178955078e+00
3.415596246719360352e+00
-4.172067940235137939e-01
-2.773442029953002930e+00
1.846732735633850098e+00
8.534212112426757812e+00
8.394967079162597656e+00
5.693923950195312500e+00
3.057600259780883789e+00
3.369285583496093750e+00
4.648105144500732422e+00
1.450251817703247070e+00
2.542861938476562500e+00
1.374174356460571289e+00
1.742213845252990723e+00
-9.535292387008666992e-01
2.552822113037109375e+00
1.293991327285766602e+00
3.917798519134521484e+00
3.783844232559204102e+00
2.559792995452880859e+00
2.371506690979003906e+00
3.407687664031982422e+00
1.932975530624389648e+00
4.988809585571289062e+00
9.864154458045959473e-01
5.518160343170166016e+00
2.710710048675537109e+00
2.073195219039916992e+00
8.258261680603027344e+00
1.350395870208740234e+01
1.264650344848632812e+01
1.250952529907226562e+01
1.100213909149169922e+01
1.826042747497558594e+01
1.675926208496093750e+01
2.391762161254882812e+01
1.755804443359375000e+01
1.422014522552490234e+01
1.106665134429931641e+01
5.985163688659667969e+00
7.123154163360595703e+00
1.193055915832519531e+01
1.204031944274902344e+01
1.246330451965332031e+01
1.078189849853515625e+01
1.078863143920898438e+01
6.567141532897949219e+00
5.999317646026611328e+00
5.382080554962158203e+00
1.873653888702392578e+00
-5.707914829254150391e-01
1.721062064170837402e+00
-1.740407347679138184e+00
-3.070171594619750977e+00
-2.478240013122558594e+00
-5.641086578369140625e+00
-6.269834995269775391e+00
-3.253177165985107422e+00
-3.059519529342651367e+00
-5.126373291015625000e+00
-4.568682670593261719e+00
-2.165585041046142578e+00
-2.704861640930175781e+00
-3.161389827728271484e-01
3.728863716125488281e+00
-8.372810482978820801e-01
-3.935425043106079102e+00
-6.427230834960937500e+00
-3.219716787338256836e+00
-1.372116923332214355e+00
1.098475694656372070e+00
2.251755952835083008e+00
-1.553315401077270508e+00
1.183662652969360352e+00
-2.417171955108642578e+00
2.605031967163085938e+00
3.426977157592773438e+00
1.980516165494918823e-01
-1.810653448104858398e+00
4.047816097736358643e-01
-1.509237289428710938e+00
-1.421753644943237305e+00
1.157409191131591797e+00
2.396504431962966919e-01
-1.610442042350769043e+00
-1.855015516281127930e+00
-1.493071317672729492e+00
5.979977250099182129e-01
-1.927805066108703613e+00
-2.100186109542846680e+00
2.576758146286010742e+00
3.440140008926391602e+00
8.277286887168884277e-01
-2.356303185224533081e-01
-5.160669803619384766e+00
3.596601963043212891e+00
-1.328377485275268555e+00
-2.972948789596557617e+00
-2.337174177169799805e+00
-3.179029822349548340e-01
1.893537402153015137e+00
-1.976731300354003906e+00
6.018651485443115234e+00
-3.733658492565155029e-01
-2.421855926513671875e-02
-1.295125633478164673e-01
-3.987689733505249023e+00
1.169541478157043457e+00
2.486041307449340820e+00
-2.234066247940063477e+00
5.947752952575683594e+00
3.104420006275177002e-01
-2.725347995758056641e+00
-3.074505567550659180e+00
-1.126392841339111328e+00
-1.307319045066833496e+00
2.912989258766174316e-01
2.541987180709838867e+00
-1.613300085067749023e+00
2.715173721313476562e+00
3.001664876937866211e+00
3.267952680587768555e+00
-2.572120904922485352e+00
-1.982317686080932617e+00
3.786971569061279297e+00
-1.093337964266538620e-02
2.730614185333251953e+00
3.815585970878601074e-01
5.251572132110595703e+00
-5.864199638366699219e+00
-1.812837719917297363e+00
2.046595960855484009e-01
1.316901922225952148e+00
2.614256143569946289e-01
2.852927446365356445e+00
1.243565320968627930e+00
-2.275808811187744141e+00
-1.555216789245605469e+00
-8.522982597351074219e-01
-5.330842018127441406e+00
-2.780367136001586914e-01
2.345532774925231934e-01
-7.148117423057556152e-01
2.527306079864501953e-01
-2.188803911209106445e+00
-2.277519226074218750e+00
1.246538877487182617e+00
-4.426941394805908203e+00
-4.645323753356933594e+00
-3.077965676784515381e-01
2.261212348937988281e+00
2.669317245483398438e+00
4.639685630798339844e+00
6.324785709381103516e+00
8.254366517066955566e-01
-1.357123136520385742e+00
-3.371381998062133789e+00
-4.652329981327056885e-01
-3.173904895782470703e+00
-4.712023735046386719e+00
5.617602467536926270e-01
-3.846960663795471191e-01
-2.568986177444458008e+00
-7.721795439720153809e-01
1.504159808158874512e+00
-2.055129289627075195e+00
-1.771281719207763672e+00
-3.701190650463104248e-01
1.043869018554687500e+00
-3.964156210422515869e-01
1.061180472373962402e+00
-1.187189221382141113e+00
-2.615660905838012695e+00
-5.161749839782714844e+00
-1.552886724472045898e+00
9.487126469612121582e-01
2.661358833312988281e+00
1.261446595191955566e+00
8.506927490234375000e-01
-2.920202970504760742e+00
-7.141615748405456543e-01
1.445224523544311523e+00
3.206761479377746582e-01
-5.576745510101318359e+00
-1.777581214904785156e+00
8.984208106994628906e-01
2.565570831298828125e+00
4.714796543121337891e+00
-5.033592700958251953e+00
-5.227884054183959961e-01
-1.356230616569519043e+00
-5.449798107147216797e-01
-3.024506568908691406e+00
-3.030841112136840820e+00
-1.274196982383728027e+00
-4.240644454956054688e+00
-4.372192859649658203e+00
-3.477976560592651367e+00
-3.881060600280761719e+00
-1.621176123619079590e+00
2.080045223236083984e+00
-5.520166158676147461e-01
1.402435898780822754e-01
-2.063226938247680664e+00
3.981234729290008545e-01
1.762837529182434082e+00
-3.676514148712158203e+00
4.359539598226547241e-03
-2.563216686248779297e+00
-1.384243249893188477e+00
-2.066379785537719727e+00
-3.956022262573242188e-01
-3.265007734298706055e+00
5.572301149368286133e-01
-4.198553413152694702e-02
-9.298614859580993652e-01
1.622698307037353516e+00
1.574313879013061523e+00
4.947280406951904297e+00
-1.859151124954223633e+00
-1.808803528547286987e-01
4.576928615570068359e+00
-1.124633789062500000e+00
1.741331219673156738e+00
-1.962167978286743164e+00
1.749770045280456543e+00
-3.424368619918823242e+00
-6.731451034545898438e+00
-2.347098350524902344e+00
2.678665161132812500e+00
-2.347773790359497070e+00
5.424155712127685547e+00
-2.325420856475830078e+00
3.212538242340087891e+00
1.145728588104248047e+00
-2.860042810440063477e+00
1.142181634902954102e+00
-2.678129673004150391e+00
-3.649576187133789062e+00
-4.287827968597412109e+00
-1.677592277526855469e+00
-3.717880249023437500e+00
-4.149461269378662109e+00
1.090758800506591797e+00
-7.628996968269348145e-01
-2.599585056304931641e+00
8.072407543659210205e-02
-4.624052524566650391e+00
2.243458986282348633e+00
2.207715272903442383e+00
1.570899367332458496e+00
-2.293748140335083008e+00
4.766490459442138672e-01
-1.131463766098022461e+00
-2.285721540451049805e+00
-4.223008155822753906e+00
4.413438320159912109e+00
-8.147808909416198730e-01
6.501569151878356934e-01
1.495959997177124023e+00
1.572578549385070801e-01
-1.557521939277648926e+00
1.053044676780700684e+00
-3.394801616668701172e-01
-1.485201835632324219e+00
-1.910717248916625977e+00
3.210491418838500977e+00
-8.204174637794494629e-01
-2.141469001770019531e+00
-3.434096813201904297e+00
-3.001921892166137695e+00
5.611665248870849609e-01
2.735013246536254883e+00
1.890701055526733398e-01
-2.261411249637603760e-01
2.965912222862243652e-01
-3.896657526493072510e-01
1.698593050241470337e-01
-1.390417814254760742e+00
5.186284184455871582e-01
1.257102489471435547e+00
-1.864594221115112305e+00
-3.095364809036254883e+00
-1.956714510917663574e+00
2.438347101211547852e+00
7.885227203369140625e-01
-1.911086440086364746e+00
5.672019720077514648e-01
-4.083291530609130859e+00
2.591920137405395508e+00
-4.530001640319824219e+00
-3.666315555572509766e+00
1.473758816719055176e+00
-1.933831810951232910e+00
3.345301747322082520e-01
1.857427239418029785e+00
1.577805399894714355e+00
-6.794441938400268555e-01
-9.461271762847900391e-01
-9.997157454490661621e-01
2.186271190643310547e+00
1.024269819259643555e+00
-2.293861806392669678e-01
-3.149912357330322266e+00
4.217045903205871582e-01
5.442301630973815918e-01
1.903277993202209473e+00
-6.469883918762207031e-01
-1.576798319816589355e+00
8.961471915245056152e-02
-3.033387899398803711e+00
-1.376582741737365723e+00
4.880750179290771484e-01
3.250866651535034180e+00
-3.240167379379272461e+00
7.125883579254150391e+00
4.862927436828613281e+00
1.131180882453918457e+00
-5.243919491767883301e-01
-7.696070671081542969e-01
-1.034660577774047852e+00
-3.569814205169677734e+00
-4.738594532012939453e+00
2.622041404247283936e-01
7.276188135147094727e-01
-4.016865253448486328e+00
9.781339764595031738e-02
-3.778222203254699707e-01
1.408384293317794800e-01
1.631279349327087402e+00
-1.616337656974792480e+00
-1.813305616378784180e+00
-4.116429328918457031e+00
6.349855065345764160e-01
1.698762059211730957e+00
-3.239989042282104492e+00
-9.224734902381896973e-01
2.321407079696655273e+00
-1.584078431129455566e+00
2.924101829528808594e+00
-2.543080449104309082e-01
1.221518814563751221e-01
-3.074471712112426758e+00
-1.621819496154785156e+00
-3.449815213680267334e-01
2.715747833251953125e+00
2.996864795684814453e+00
3.874028921127319336e-01
-1.705513358116149902e+00
8.185598850250244141e-01
-1.949932217597961426e+00
-1.433366179466247559e+00
-2.604355812072753906e+00
1.142697215080261230e+00
1.543489098548889160e+00
7.126991748809814453e-01
9.968974590301513672e-01
-4.809816837310791016e+00
3.513237953186035156e+00
-1.549424529075622559e+00
-4.269415378570556641e+00
2.168140172958374023e+00
4.513620853424072266e+00
-2.690618515014648438e+00
-2.191082477569580078e+00
-8.543089032173156738e-01
2.090235948562622070e+00
7.904395461082458496e-01
1.244559168815612793e+00
-4.909589290618896484e+00
1.565083861351013184e+00
2.609174728393554688e+00
-2.880999803543090820e+00
-3.037348270416259766e+00
2.119617223739624023e+00
-4.229395389556884766e+00
-4.727296829223632812e+00
-3.146127700805664062e+00
8.027286529541015625e+00
1.551854729652404785e+00
-3.197334408760070801e-01
-1.598851799964904785e+00
-4.211263179779052734e+00
-2.253583669662475586e+00
-4.643527984619140625e+00
-4.028185009956359863e-01
-3.149831056594848633e+00
-1.149159312248229980e+00
-1.391526341438293457e+00
-2.818533658981323242e+00
-1.787224769592285156e+00
-1.236407160758972168e-01
-5.622741222381591797e+00
1.002291440963745117e+00
1.160517692565917969e+00
-2.059829235076904297e+00
3.215625524520874023e+00
2.269445896148681641e+00
-1.086499169468879700e-01
-4.388459205627441406e+00
2.209754943847656250e+00
-2.691118955612182617e+00
-7.182962894439697266e-01
9.593442082405090332e-02
-1.852252006530761719e+00
-2.350504636764526367e+00
2.776577711105346680e+00
2.441389322280883789e+00
-2.094391822814941406e+00
-2.972118854522705078e+00
6.729896068572998047e-01
-1.712576627731323242e+00
3.313688635826110840e-01
-5.120711803436279297e+00
-1.773680686950683594e+00
-3.381304740905761719e+00
-1.628733158111572266e+00
-8.468937277793884277e-01
-3.290429353713989258e+00
1.165194153785705566e+00
-2.060851335525512695e+00
1.965460777282714844e+00
2.484121561050415039e+00
-2.298465013504028320e+00
-2.613159179687500000e+00
-8.643876314163208008e-01
-2.354813739657402039e-02
4.823296070098876953e+00
-1.841784596443176270e+00
-3.096629619598388672e+00
-1.616482615470886230e+00
-7.885404229164123535e-01
-2.136571645736694336e+00
-1.182783246040344238e+00
-1.486549824476242065e-01
-1.039360761642456055e+00
-1.629528284072875977e+00
-1.109701395034790039e+00
-2.478555202484130859e+00
4.524536609649658203e+00
2.228502988815307617e+00
-2.754261732101440430e+00
-4.933702647686004639e-01
-3.753530979156494141e+00
-1.178177356719970703e+00
9.780589938163757324e-01
5.306285619735717773e-01
7.651451230049133301e-02
-1.161058306694030762e+00
-1.007800698280334473e+00
5.101800918579101562e+00
-7.882745265960693359e-01
-2.556766271591186523e+00
-3.183756351470947266e+00
5.137692689895629883e-01
1.072232365608215332e+00
-1.720009088516235352e+00
-6.514166593551635742e-01
-1.830708980560302734e+00
1.287511587142944336e+00
-2.459047794342041016e+00
-1.817603230476379395e+00
-2.605935573577880859e+00
-2.371606111526489258e+00
-1.362422108650207520e+00
-1.771136999130249023e+00
-4.121181964874267578e+00
2.977118790149688721e-01
1.463959574699401855e+00
-3.588664054870605469e+00
-1.693070173263549805e+00
-1.217321902513504028e-01
-2.708350896835327148e+00
3.436105847358703613e-01
-3.554970026016235352e+00
-7.546834468841552734e+00
-3.999202489852905273e+00
-3.427681922912597656e+00
-1.928196072578430176e+00
-2.995581626892089844e+00
-2.270583629608154297e+00
2.405474632978439331e-01
6.371878385543823242e-01
5.246641635894775391e-01
-3.794024229049682617e+00
-5.443232059478759766e-01
1.460212111473083496e+00
2.162308245897293091e-01
-8.066498637199401855e-01
-8.958877921104431152e-01
1.305995345115661621e+00
-1.935159921646118164e+00
1.913272738456726074e+00
1.663815736770629883e+00
-3.981464862823486328e+00
-2.092479228973388672e+00
-1.931909084320068359e+00
2.976431846618652344e+00
-2.056008338928222656e+00
2.013840675354003906e+00
1.935789585113525391e+00
9.199537038803100586e-01
-2.131900548934936523e+00
-2.062840223312377930e+00
9.236980080604553223e-01
-1.013811230659484863e+00
-1.451118350028991699e+00
6.476560235023498535e-01
-4.133720099925994873e-01
-2.388252973556518555e+00
1.962874412536621094e+00
-1.146536469459533691e+00
-4.751428663730621338e-01
-4.314722865819931030e-02
2.431075334548950195e+00
-1.037434577941894531e+00
2.510088682174682617e+00
-1.819453239440917969e+00
2.984666347503662109e+00
1.862881422042846680e+00
-1.531564354896545410e+00
2.837331771850585938e+00
-9.637008905410766602e-01
9.797219634056091309e-01
-5.291945457458496094e+00
1.491658568382263184e+00
-1.025494933128356934e+00
1.827895879745483398e+00
1.984066605567932129e+00
1.117551445960998535e+00
-5.725573301315307617e-01
-1.610778927803039551e+00
-5.691836029291152954e-02
2.439882993698120117e+00
-4.685445308685302734e+00
1.048380732536315918e+00
1.209393609315156937e-02
-1.739310383796691895e+00
4.504530429840087891e+00
-6.842018365859985352e-01
5.842327475547790527e-01
8.957166969776153564e-02
-7.666437625885009766e-01
8.006680011749267578e-01
-2.873411417007446289e+00
-7.117494195699691772e-02
-4.327466964721679688e+00
-1.459072530269622803e-01
-3.621095657348632812e+00
-9.537339806556701660e-01
1.563884258270263672e+00
-3.838335514068603516e+00
2.612233459949493408e-01
-2.656746387481689453e+00
-2.344045639038085938e+00
-1.668112158775329590e+00
-2.411932945251464844e+00
-4.783578395843505859e+00
-4.267072200775146484e+00
-2.652325868606567383e+00
-2.264055728912353516e+00
1.297242760658264160e+00
1.989091038703918457e+00
-1.632454991340637207e-01
-2.620095491409301758e+00
5.437711238861083984e+00
-2.125547826290130615e-01
1.552513122558593750e+00
1.049888730049133301e+00
-1.526929974555969238e+00
4.894547164440155029e-01
-3.721298694610595703e+00
-2.200557947158813477e+00
-1.883252143859863281e+00
5.029728412628173828e-01
1.712318420410156250e+00
-4.450952053070068359e+00
-5.497439861297607422e+00
7.227876782417297363e-01
4.265689849853515625e-01
2.108857393264770508e+00
-1.505887627601623535e+00
1.325536966323852539e+00
-1.619717359542846680e+00
1.665524363517761230e+00
-2.938952684402465820e+00
-6.649210929870605469e+00
-6.666480064392089844e+00
-4.591444969177246094e+00
-1.765342950820922852e+00
-6.187977790832519531e+00
-6.548083782196044922e+00
5.017353057861328125e+00
-4.660198211669921875e+00
-2.921046495437622070e+00
6.576691269874572754e-01
-5.774610996246337891e+00
-2.376001834869384766e+00
-6.688302040100097656e+00
-4.196380138397216797e+00
4.244499206542968750e-01
-3.040459394454956055e+00
-2.355150938034057617e+00
-3.718120098114013672e+00
-2.061343431472778320e+00
-2.322647571563720703e+00
-1.151531457901000977e+00
6.542440652847290039e-01
-1.618368744850158691e+00
1.221650123596191406e+00
4.526127874851226807e-01
8.505930304527282715e-01
-2.337729454040527344e+00
-2.510495901107788086e+00
-2.490049123764038086e+00
-1.647239208221435547e+00
8.790077567100524902e-01
-9.394615292549133301e-01
-1.113754630088806152e+00
-3.549218893051147461e+00
-2.738933801651000977e+00
2.095811367034912109e+00
-4.434635639190673828e+00
-3.020512819290161133e+00
-4.641913414001464844e+00
-7.116082668304443359e+00
-4.313448905944824219e+00
-5.533045291900634766e+00
-5.454314708709716797e+00
-1.046028852462768555e+00
-1.255108952522277832e+00
6.527493149042129517e-02
-2.253836870193481445e+00
-6.762503981590270996e-01
7.702586650848388672e-01
8.549084067344665527e-01
-1.334095001220703125e+00
2.871073246002197266e+00
-4.927906095981597900e-01
-3.034637689590454102e+00
2.424218207597732544e-01
-1.893326401710510254e+00
-1.571727752685546875e+00
-9.429353475570678711e-01
2.409307718276977539e+00
2.598582983016967773e+00
6.746189594268798828e-01
1.182033181190490723e+00
-5.130207061767578125e+00
-3.903373718261718750e+00
4.691482067108154297e+00
1.229183673858642578e+00
2.195506811141967773e+00
-1.986152768135070801e+00
-3.803287267684936523e+00
-2.422005653381347656e+00
-2.240752220153808594e+00
-1.277334570884704590e+00
8.660699725151062012e-01
6.233833432197570801e-01
-1.242715716361999512e+00
5.115849971771240234e+00
-3.013142824172973633e+00
