-1.025757118133796553e-10
4.317505242212860139e-10
3.921110658389181935e-10
-1.251011794156653423e-10
-2.427317236097792374e-10
-7.611796609685583803e-11
5.668417124571334398e-12
-1.319235415353503527e-10
-2.860409964444698971e-10
1.268122551412176335e-10
-8.977622117933847790e-11
9.735825340362325164e-11
-1.089517989716348723e-10
-4.546278631334388365e-10
-1.622924433730688065e-10
-1.471679306197515302e-10
-5.718919782182751987e-11
1.264002513767792379e-10
1.303266383700929509e-10
1.950145323004193187e-10
-3.524355460249317673e-11
1.883987410522536265e-11
2.400768472909931006e-10
-1.537804328322067704e-10
-3.733474640554845791e-10
-2.000717647110406006e-10
2.952069144690483427e-12
-3.631530354208933886e-10
-7.199560392301407319e-12
2.055267622758094603e-10
1.511531594333703765e-10
2.688401168349230375e-10
-8.376663945819373680e-11
-2.143869248794061377e-10
1.498099422292398231e-10
-1.070201705033468897e-10
-2.342327998228199704e-10
-1.299202689875045280e-10
-2.463552417619752077e-10
1.885874928442277110e-10
-1.893736834013282078e-10
-2.191006542862083961e-10
7.753232084128924839e-12
2.176930025132861601e-10
-2.951726363331630409e-10
5.062505969988251309e-11
-2.056422671037339001e-10
-2.427805734228627443e-10
1.076534555943808869e-10
-6.068280600235453903e-11
-6.978598254825385538e-11
-1.909118974019463622e-10
1.254187587118593683e-10
3.213307953053856636e-10
-1.813958150354011423e-10
3.045467211748587033e-10
-5.417857829037586725e-11
-1.558876638885209331e-10
1.316067671508491799e-10
3.065856457595828033e-10
1.296871221523332451e-10
3.400665304909011866e-10
-1.007817579390390961e-10
-4.730386568563282879e-11
2.220472694602904085e-10
1.109181357872301987e-10
6.870346652698700041e-11
-2.228486839506160777e-11
-2.789325020957633683e-11
-2.830470857695388531e-10
-7.104525301393493919e-12
2.608531723957696613e-10
-8.074123314383285788e-11
-1.754231204742495720e-10
-7.821077813163768155e-11
-2.577131286152223311e-10
6.607006608483345644e-12
-4.077838622329466034e-10
-2.431928824986329118e-10
-1.152946765836659893e-10
-1.121402415371619554e-10
-1.177422326303911859e-10
-1.645012459583483633e-10
-2.522802799997947432e-11
2.791467890173038313e-10
2.079564714874138076e-10
-3.033159279297592548e-10
1.498999535609613076e-10
-8.671293544315616941e-11
-4.292954880469324053e-12
-5.123718116450959315e-11
-1.786946424164881364e-10
-3.631916989377259597e-11
-8.000870799218517959e-12
-4.254296914751876102e-10
-2.885176542122280807e-10
-4.469702663545405130e-10
1.287613765610373662e-10
3.062211317850227488e-10
1.476820610246676324e-10
-6.163045074281114921e-11
1.622000866952078013e-10
-3.826610417423381705e-10
1.685001166373822912e-10
9.584673332785342836e-11
9.062239847423825267e-11
-2.577960067640105990e-11
2.375514784880294883e-10
1.201844734843859897e-10
-9.010010793009115559e-11
2.902910412050374589e-10
-3.097157252884841228e-10
4.145454535198211943e-10
2.460668890869044390e-10
-2.470965099199418091e-10
-2.577019431182492326e-10
-2.661954545679634521e-10
1.211389599742318524e-10
3.382592261846895099e-10
-6.115204176371236144e-11
-6.425697751666348267e-10
-1.268489896455449184e-10
5.850643858273940623e-10
-2.344226202044552565e-10
3.424788230788067267e-12
-3.193366682197051887e-10
-1.496510138032647319e-10
2.484715211359400655e-10
2.164588369657494127e-10
-2.457199999028603088e-10
1.628326778968514077e-10
-1.272395244722446250e-10
-6.112418904358207783e-11
-3.047895963392832641e-11
4.382631757504640291e-11
-9.105588505420314505e-11
-1.676788430327036394e-10
-3.498249190325708469e-10
-1.589965659132275277e-11
1.194811471982859530e-10
-1.202404009692514819e-10
-1.321184689428989145e-10
-6.411558090002600352e-11
2.731812553946610933e-10
2.055569880976548802e-10
-3.922186742055799868e-10
1.896038326343330027e-10
-1.898257662169555715e-10
-1.177360153814532850e-10
-2.999053227981107739e-10
2.087886252777337859e-10
-8.379127947044651137e-11
-3.633871537012112185e-10
3.695182770879767986e-10
-4.035510536848363472e-10
-3.985959340369049642e-10
1.446982533792606773e-10
-2.079125482890020749e-10
3.466808784491348661e-11
-9.527060390590591510e-11
1.584178899172172805e-10
1.945148070392477280e-10
2.483988015278271178e-11
-2.101521456854271719e-10
-2.687456368555274366e-10
-2.197128035064110918e-10
1.742262722981280376e-10
-6.324437085147849302e-10
-6.945734265517700123e-11
-7.403046231591048354e-11
3.835791406725519437e-11
-1.636714097585922900e-10
5.032091410228645145e-11
-9.118582278144771180e-11
5.866566954448870774e-11
-4.973691458687312661e-10
2.527852371869698800e-10
1.099909191504266914e-10
-2.334336057785435514e-10
2.095856266315365701e-10
1.109166647417225704e-10
-5.818548420855051972e-11
2.944547383698647991e-11
6.696790344484782054e-11
9.496524400187666970e-11
1.578206038077567541e-10
5.283296578006968502e-10
5.907108135971839147e-10
-2.349258287903666087e-10
7.662014078757550806e-11
4.022997907027203723e-11
9.042493143152086077e-11
4.607318970784035628e-10
5.526509250231015358e-10
-1.801256505062909241e-10
2.198360798955079076e-10
5.889482651566524396e-11
-2.811419708148577001e-10
-2.581228564224602451e-10
1.902733248737575877e-10
4.141887666175847471e-10
-2.179587482720179992e-10
-1.755739165165692839e-10
2.595307857511386374e-10
3.680280524775980666e-10
-3.051131569620224582e-11
-2.588310676898686324e-10
-2.191252734817794590e-10
4.000801911985263359e-10
2.245025138014611343e-10
3.694356764949446870e-10
2.776784635560858305e-10
-4.232431072281883644e-10
5.009440084968730389e-10
-2.638167462265528229e-11
2.484395189572552454e-10
-3.156720718155980876e-11
-5.439606404200603151e-11
1.503732693919346275e-10
1.164622565053008429e-11
1.603694260721155729e-10
-3.096618794717898027e-11
-6.035333344200921601e-11
-1.471698596322568164e-10
-2.972781187882134191e-10
-8.039113819080512258e-11
8.952935615091917043e-11
1.150409073558122941e-10
7.712387672942355721e-11
1.396620319393804266e-10
5.116600476640087436e-10
2.593955050755880620e-10
1.257181025948739261e-10
-9.686057511615331350e-11
4.157521826808618925e-10
-5.852759943358876171e-11
-3.550357230430734035e-10
-2.520987862908441457e-10
4.214461002405300860e-10
-9.391890737342478701e-11
-1.445030206603803435e-10
-7.688686493034779801e-11
9.102051751197492990e-11
1.597958154686551779e-10
1.870802540659965985e-10
1.796765097816788170e-10
2.643508467681243701e-10
2.590224146281627782e-10
1.896649504118386176e-10
3.245076429791993178e-10
-7.070316554447231283e-11
1.715063369100988666e-10
-1.879225941525675125e-10
5.756310983429102635e-10
1.168143637375607113e-10
-4.494624394890678332e-10
2.733900605900174696e-10
2.730462245192910586e-10
2.969637591387908060e-10
-9.999710087749136278e-11
-3.042320839696799339e-10
7.024715531489533760e-11
-1.938372101717433793e-10
-1.811300970322449189e-10
-2.181725911043486121e-10
-2.439571045176336384e-10
2.120142394979041001e-10
5.479461329116475099e-10
-3.020745320547746360e-10
2.473306004446840234e-10
-1.248947889553875257e-10
1.849398134634583357e-10
3.798821812672770193e-10
1.310826586164992591e-10
-1.360947049500182970e-10
-1.966363877281551709e-10
-3.661664027543309885e-11
1.810523952983089657e-12
5.404575051382032314e-11
1.914623737331311304e-10
1.867303950353615960e-10
-1.613481431794738796e-10
-2.604852444854088844e-11
5.899594701652688400e-11
-3.949768567768074945e-10
-3.974604811940452009e-10
4.945600179384612716e-11
-8.387416455812868321e-11
3.389186709057412372e-10
-1.486012701779060308e-10
1.152370004975367124e-10
5.217274945401584318e-10
2.665541676272198401e-10
-8.171151255620401344e-11
4.075859372232315536e-10
1.059228191269134811e-10
9.712516901849710393e-11
-1.091589110768786952e-10
3.826997330147463572e-10
-3.211846899553449930e-10
-3.756740196703134416e-10
-9.341059176160015909e-11
4.265937880720827025e-10
2.121715581004934847e-10
9.313466664551128815e-11
2.127544945773607310e-10
1.492640594458194414e-10
1.791736481404626602e-10
1.777760716414888975e-10
4.208428050489487759e-11
-3.620435201634464306e-11
3.195768372155072257e-10
2.311640462382413830e-11
2.867561743613578074e-10
1.116236547638038701e-10
-1.899271018235282327e-10
-2.040048685536532957e-10
-6.959147841323343187e-11
6.027201515657054642e-10
-6.984782197072547660e-11
-1.196081844678786865e-10
1.224608192629261794e-10
-1.459538878645361137e-10
-2.175853386354731356e-10
1.086055689825116133e-10
-1.610228339554709009e-10
8.249419897188303707e-11
1.677870342664533609e-10
2.576140967214257671e-10
6.357388226962967792e-11
-3.098702128223607133e-10
-3.404919679539375466e-10
-5.399855007581777500e-10
-2.561086898111852861e-10
5.638554206877088859e-11
5.004533940033972783e-11
7.351051017900900320e-11
2.569830181986532125e-10
-1.327892934499530497e-10
-5.016806414737118303e-12
1.163093857337038628e-10
1.085372000608764154e-10
1.319276632383292736e-10
-2.419604239189965256e-10
9.361454667011770425e-11
2.656473374607060123e-10
-1.606894617367515821e-10
-7.919069566764136425e-11
2.145210814541442801e-10
-1.447255232323030327e-10
-4.625090865850722821e-10
3.101421897078182610e-12
-2.188348807719009415e-11
4.626694860565550016e-10
2.013522959476432561e-10
4.330426572884960024e-10
7.187705985955972210e-11
8.332735890181908189e-11
-2.952497135666476424e-10
3.257979441784186747e-10
1.806575861129644522e-10
1.128658277949057265e-11
1.526574283650106167e-10
-8.270512052988010510e-11
6.258529111624611119e-11
2.074748983726948381e-10
-3.356080691130358673e-10
2.442401836333374376e-10
-5.788914486659635372e-11
1.133992622026624986e-10
-9.362871589146948281e-11
8.325119760232979615e-11
-4.045133672470058173e-11
1.625044543374087880e-10
1.998456261587122640e-10
-2.211327648771188592e-10
-1.002180005649222494e-10
-8.755644126390293991e-11
2.275857557965110800e-10
2.875773508215218044e-10
-5.863569352282382852e-11
5.350372922485746585e-12
-1.604089638895800363e-10
4.334550079976295933e-12
-1.430195961660274406e-10
5.225016946885929769e-11
-9.567022174472583629e-11
3.581145935349638876e-10
1.620637790633594477e-10
3.900065548290143624e-10
1.511673841658733863e-10
-2.688232414449487351e-10
5.078382159240391047e-11
-3.466022954756731167e-11
3.312847773884186608e-10
-1.070731003860458941e-10
-1.070529012658916201e-10
-3.902644873932104019e-11
2.310554525486452349e-11
1.990826808961898564e-10
-3.201855724999091990e-10
1.119490611323215035e-10
8.347860597224254775e-11
-1.416114031593806999e-10
-3.406068482814106346e-10
-1.061217155817750779e-10
4.195699343512160340e-11
1.171856223169953637e-10
-9.277688339803802364e-11
-1.036363356243796829e-11
2.378185426366030697e-10
5.766601779422231289e-11
1.094644930255128656e-10
1.595149567990006290e-10
-2.697027601250567841e-10
1.215289535672070542e-10
4.101306447235053554e-11
4.247098853160657939e-11
-9.511369469805686094e-11
5.143525536044357693e-11
5.380937362353677145e-11
-2.304371138350802539e-10
-2.474957738751726311e-10
-8.884193380964688913e-11
4.280074072937622987e-10
8.910540361117824659e-11
-1.555830464461394058e-10
-3.639754053708088577e-10
4.984995749524046005e-10
-1.551135053734498115e-10
-8.107901849907506175e-11
-1.211309386128789356e-10
-1.298869345411901577e-10
-3.200869569397468695e-10
2.132338472460304502e-10
3.533021653012724528e-10
-3.581597796120661314e-10
1.550579942222185537e-10
-8.344473723109757657e-11
-6.351605352783451508e-11
3.110929291949560138e-10
-1.286761946994730010e-10
3.776690626899892322e-10
5.414932391367699438e-11
5.625463983527367873e-11
7.728852974286937183e-11
1.776030433831010669e-10
2.023190226463356112e-10
1.770837920744838812e-10
-1.472860722273594547e-10
1.544980948731122794e-10
2.277887045654125586e-10
2.712314262076631621e-10
-2.251565600630556219e-10
-2.126639836452781651e-10
-2.126596121421187036e-11
-1.787040654344096424e-10
2.541146459922316581e-11
-7.184447481378697375e-12
-1.388368031651765477e-10
9.121394611844024780e-11
-2.351097094788201503e-10
-1.864406268259344301e-10
2.443079905045664191e-10
-1.406357530431279201e-10
-9.767611719446733787e-11
2.739245497096476356e-10
2.427195944232352076e-10
2.132557186396155657e-10
-2.615347383105870449e-10
-4.705001943605680026e-10
-8.611259622037792383e-11
-2.124754261423333901e-10
4.175556081453812851e-11
-1.825437440095001307e-10
-1.563884161059903022e-10
5.103124173233553051e-11
2.256479204876260525e-11
3.757209821042550857e-11
-5.578919964888129357e-11
1.599819998698848167e-10
1.840183422308072636e-10
-1.128687907026026949e-10
2.500056411891549146e-11
1.981113190163696913e-11
-4.746001508459940510e-11
-1.471982397083237970e-10
4.057672947643808925e-11
6.696434379227511613e-11
-1.169390695388017321e-10
1.641193708712407329e-10
4.285860555341969302e-11
9.755035668135292326e-11
-3.215811644752264442e-11
4.391306207551792795e-10
5.760172894220261242e-11
-2.141830046653581121e-10
8.351003222273334359e-11
4.635497541372046726e-10
-2.703502144374425598e-10
1.129634927266032207e-10
-1.608978228428981083e-10
1.999356930015849798e-11
-1.396862625568928706e-10
1.279680111876402293e-10
1.602606936046413466e-13
-4.599765568435998375e-10
-1.882353717341800348e-10
-1.004898941836529502e-11
-4.664621466865526145e-11
1.121334414211361263e-10
-2.176627628136529324e-10
4.628585709154364736e-11
2.294434087168895076e-10
-3.791449099121990685e-11
-7.862648726542076361e-11
8.067813084267072554e-11
-2.993615910718006035e-10
-1.592897619362432238e-10
-8.801176454298342833e-11
-2.511589269893477194e-10
1.089532353226729811e-10
4.019946042710387246e-10
8.625214431567940210e-11
3.138471149632948709e-10
2.552595357308007351e-10
3.966588446591146067e-10
-2.359785700178917978e-10
-3.712465335148351642e-10
-2.682864208569668563e-10
-5.061605024003767994e-10
-6.038728544988103408e-13
2.396146892014172636e-10
-4.571914027917678425e-11
-5.136739922306787776e-10
2.855168879101199764e-11
2.008662680630379782e-10
2.942495136437628389e-10
5.470858210898654761e-10
-5.008576886567084330e-12
1.927178139293772574e-10
2.869560700169415668e-10
-9.587011046141569182e-11
1.793886150736057061e-10
-3.382712443489310772e-10
-2.095476847596700054e-10
-1.686081552154661267e-10
-2.123054232416876630e-10
-2.861227088590823087e-10
2.065492915592770373e-11
-1.822684086993930919e-10
6.360315052411635861e-11
-1.142206468296436128e-10
4.918952745125437787e-11
-5.877190401015752741e-11
-5.561834326428538589e-11
1.680578454177350523e-10
-1.620003436952899278e-10
1.725839471333756592e-10
2.200254978212967671e-10
2.968673640246777268e-10
8.557606012704610521e-11
-1.532017568361965232e-10
-7.523731637704145214e-12
-8.104035498224249068e-11
1.242279057400708098e-10
-1.492128087754451826e-10
-2.078867772370429634e-10
1.636079050015837311e-10
1.063505811194076500e-10
3.941471038437782681e-10
2.434639989612463751e-10
-1.125136581126007229e-10
1.721126435816344724e-10
1.360806745065445966e-10
-1.577884489734060480e-10
8.503087123301611427e-12
2.527863474099945051e-10
-3.109024843128693760e-11
4.011387610969308071e-10
2.932087628249036015e-10
-3.649344715306312992e-12
2.992752157204847663e-10
-1.132166235762177564e-10
-3.071611298643972532e-10
-2.042833402438049006e-10
1.612751598933925834e-10
7.599618156994836227e-11
1.077094594070793221e-10
8.226350156625983345e-12
3.411424753796410414e-10
8.491164715795918028e-11
3.389861724656384467e-10
-2.504702834027483505e-10
-6.020065002054764136e-11
3.328827768989128799e-10
1.631831753057255696e-10
-1.519018383300263508e-10
2.895999828833595302e-10
9.322590616145376430e-11
-1.502133556430251815e-10
-6.111272599085282309e-10
-1.116001319134696246e-10
1.486884781964903368e-10
-1.516215972219292496e-11
-2.287962597158355038e-10
7.528818540825099603e-11
9.544928042393152623e-11
3.802705372812908990e-10
-5.566326566341928128e-11
2.997425641027007259e-10
-1.574930186265532939e-10
2.354694217387987010e-10
4.036805612006588717e-12
4.883935478261491880e-10
-1.138084626539637156e-10
-2.264047282984904541e-10
-3.091542577493555655e-10
-2.530777809539586087e-10
-5.576081818503553222e-10
4.177505563696115587e-10
2.507453689126748486e-10
2.052657765982957017e-10
1.948196048928707569e-10
2.364953788358548081e-10
-7.544184721375302161e-11
3.735985409925035583e-10
1.161962748241762711e-10
-5.832214572398797259e-11
7.577230509703269945e-11
-2.565284096256448265e-10
-1.077000016946882965e-10
-6.750956044188072269e-11
-7.362981752079278408e-11
-3.452155783456589688e-10
-2.717337188595791986e-10
8.282982633112112580e-11
-2.893834061268307778e-10
-1.314419129094801519e-10
-4.561812316783431243e-10
-1.263433802023428143e-10
-9.314982118979742154e-11
3.393098996218313346e-11
-6.681104280925609373e-11
-3.832483497223648783e-10
-3.123480640798703689e-10
-6.939981367359848718e-10
-4.191970381928200595e-10
-5.947727033106531280e-11
1.332414456545194525e-10
3.665456826951185576e-12
-4.228652844551206158e-11
-9.046963178604983113e-11
1.165797181013061845e-10
3.779184742924712737e-10
-2.498604101397461363e-10
2.617525918235941162e-10
-5.239961242686774767e-12
-1.730619259010524047e-10
4.277642684513693894e-10
2.989993808100166461e-10
-4.714971191255301619e-10
6.993662593490768131e-12
-4.910087891829562068e-10
-3.809471904592243163e-10
-2.361141560047741450e-10
9.630861386167310911e-11
4.262134395416339316e-11
2.338005622437577813e-10
-1.792909432030143080e-10
-4.580627543937509927e-12
-4.823484667237920576e-11
-4.943277454039218810e-10
5.292134508394497061e-10
-3.302770834601176375e-10
-5.072075537349007845e-10
-2.819231792461351915e-10
-4.866098635147864115e-10
7.462316875539443117e-11
-8.661703299051026761e-12
1.747489652981215613e-11
-1.285807016415674298e-10
-1.179340236578951817e-10
-2.648263830451469403e-10
9.723714888831835879e-11
-2.250549746563024200e-10
-7.700187709680506032e-12
-2.202149018692978188e-10
-4.369921785540853421e-11
-4.500529948714415696e-10
-1.427788304253496676e-10
3.826307604093415193e-10
2.885726380075226416e-11
1.464079968371834184e-10
-3.236421686203527770e-10
-3.292647821062644198e-10
-4.501679029544902733e-10
-2.394797138371984602e-10
-1.430534302127028923e-10
-6.786376322009957107e-11
-1.630286183829099400e-11
-6.210068570489113426e-11
-1.726095516518810769e-10
-7.491098019674069519e-12
-2.799250831131416817e-10
8.464534628771502867e-11
3.324867881016047022e-10
-1.906029500897687967e-11
-1.403456517667933667e-10
-3.349012039910448379e-11
2.206939908599991895e-10
5.721622065024689618e-10
-1.182238890118370023e-10
7.967202592107369696e-11
3.643192969526864999e-10
-3.076858767769863334e-10
5.186531759626689109e-12
1.529274762379628783e-10
-5.109279666015709154e-11
2.655337894008624744e-10
-9.485910668072250473e-11
2.967954215726820166e-10
2.285850536631883756e-10
-6.002830871265629753e-11
-3.233456558060510133e-11
-5.578516121262921956e-11
7.477887753459810938e-11
8.069096779639295391e-11
-1.401857518956717286e-10
-1.926687975828400567e-11
-6.187071410757027934e-10
-3.621452304702899028e-10
-1.776441771461634289e-10
-3.017496669199815074e-11
-7.321107053925857144e-10
-5.037886080527798072e-11
3.300109907566906031e-10
6.421099763009863182e-12
-2.417078204253186868e-10
-7.415398850518784002e-11
9.655032329192181351e-11
-4.635307138123323512e-10
3.466681663955029080e-10
-2.809579235929504648e-10
8.688189057082240652e-12
-2.918642827420825370e-10
-1.678384098369178901e-10
5.572368955153450543e-11
9.774334119860839110e-11
1.166374774541623083e-10
-3.524621705608410593e-10
-1.263426169240133845e-11
2.840913060353500441e-10
2.061655568486031598e-10
-1.066405297400763175e-11
-3.199757125926794288e-11
5.199321528870370912e-11
-1.495007034835182935e-10
-3.021292105387374249e-10
8.465889100861545558e-11
1.541240052249648329e-10
1.486928358218619906e-10
8.112242128044400147e-11
-2.572280166646123689e-10
-5.674115691189918209e-11
8.522710315261861069e-11
2.408430122002869211e-10
3.078637622611068991e-10
-6.931707985380342052e-11
-1.871921090357275830e-10
-1.225023832374105837e-10
1.410965788650742070e-10
-1.376343622405684641e-10
9.476658346940780575e-11
1.388856113448966312e-10
7.933097234680275278e-11
-2.808722421310250184e-10
4.935685748996831990e-10
1.399084320619081723e-10
2.026303430602283129e-11
-1.472784671996407724e-10
-7.785768557644345833e-11
3.113044821922983374e-10
-1.823080159057965943e-10
-5.587703910681085517e-11
-2.903132734211055777e-10
-9.697201375225006359e-11
-3.446264662532172451e-10
-3.691446454068270100e-11
-4.644018503086044802e-11
-1.016930845088026558e-10
-2.174600499671441867e-10
3.567420664429832300e-12
1.237023539157888763e-10
1.693520323975405972e-10
3.512978102859776186e-11
-1.235929691922876827e-10
3.811881366111435909e-13
-8.229374126589306115e-11
-1.867495325047485721e-10
-3.487490851661334545e-11
2.669357443418896025e-11
1.596919263491258789e-10
-1.691247697443998277e-10
2.469987547826235641e-10
-2.182933556138522135e-10
-4.531121311490693415e-11
3.875342408088400248e-11
5.534409042162735659e-11
-2.769059426199760310e-10
-1.152324485831357492e-10
3.509819379576839538e-10
2.972886936625229737e-10
1.719624165286148809e-10
4.931090535897908467e-10
8.363974790537298531e-11
2.224758571811591423e-11
-1.270787780560667102e-10
-1.644945291090493811e-11
-5.649462841983421413e-11
3.906503176498432595e-10
-3.886842930844736088e-11
2.306292518072794451e-10
5.667490782235162783e-11
-9.101841502712204601e-11
-5.350196674580587342e-11
-1.854390530020566530e-10
2.034824392316281205e-11
2.197744763954290192e-10
-2.756879169396597717e-10
-3.542892090813154482e-10
-5.243038295188462428e-11
3.625552635888595887e-11
-2.780575769634197059e-10
-1.023364726293607418e-10
-3.354885813600105848e-10
1.588167375388138680e-10
-4.927287744482811149e-11
-1.782321651377927196e-10
-2.828442341451520292e-11
-1.237721730662499908e-11
-1.335088012366369981e-10
4.119287549952943550e-11
-1.809709847255813742e-11
1.947511735211904238e-10
4.145919718645529883e-12
3.026375261505620529e-10
-3.263473657977300491e-10
1.150648396008868701e-10
-5.649382350814136089e-11
-3.090910860592543941e-10
5.153399929014312875e-10
-5.412928438808251030e-11
1.788303394256729462e-10
-1.727382681337985559e-10
1.938183225025369438e-10
-1.807512195473037764e-10
5.621329790539419946e-12
2.288741973721641898e-10
-3.793524383510771258e-10
-7.012480873758164535e-11
-4.892459215533051520e-10
9.682439572333834121e-11
3.160229855581064839e-10
-7.895836762195074243e-12
1.718313685783456890e-10
-1.255993919979658813e-10
-2.837509741060451063e-11
-3.986871666139535364e-10
2.092394313368828307e-11
-2.404461074689834277e-10
-5.004707204214753347e-10
-1.183659698034134067e-10
2.328374992810466892e-10
1.443354880059644074e-10
5.291708737864553314e-11
3.179767837924174501e-10
1.670301258416273527e-10
-9.387385313530671738e-11
-1.748199779383341479e-10
-2.921593245108766723e-10
4.956809962486374843e-11
4.239074091749728268e-10
2.339683724539298737e-10
-2.044885927254824765e-10
-5.403578973162126431e-11
-2.299902351898808206e-10
4.584941315499690973e-10
1.287347450862341702e-10
1.417938544356900366e-10
-6.821062464856808560e-11
2.474464799728792741e-10
-2.332151138872973206e-10
1.373608171650886334e-11
2.228196793740977455e-10
1.747392786022317068e-10
2.109065422306599658e-10
-3.545590210318749769e-10
-4.136584130787213098e-10
1.795107951174657046e-10
5.527197102783709681e-11
-2.512113017605344112e-10
2.125470355274217127e-10
5.014317294715908702e-10
-2.146005595449196335e-10
-9.369893055888312006e-11
-5.804683955723533018e-10
-4.402869180353263800e-10
2.322251835273902998e-10
2.857324932215021818e-10
1.444411257267574911e-10
-3.987445928999022726e-10
8.571395676559845356e-11
-2.060694670458218525e-10
6.589100098874922651e-11
4.007007919915039906e-11
3.776184642756419407e-10
-1.898700641156381153e-11
-4.525650687536852956e-13
-3.180056773466333198e-10
-7.672762425414703102e-11
-4.615901272320144244e-10
-1.613534444944164647e-10
-1.024702128704646498e-10
-7.506109622745782417e-11
-4.725784347181516409e-11
-1.385568881850929301e-10
-1.381680325707179691e-10
3.314697960554724432e-10
-5.315233669866969990e-11
-2.162589274323778454e-10
-1.803310278880587703e-10
1.046063582976763939e-10
-2.415943001210507646e-10
2.077772398578758839e-10
-3.154527472570833879e-10
-1.481349487519878494e-10
6.301195676350346275e-11
1.345104860828172377e-10
3.827642647280526944e-10
1.836120422371578798e-10
-1.061614199326932351e-10
-1.844515651328038075e-10
-6.522403450670566372e-11
2.828348666383817545e-10
-9.817188034721979761e-11
2.357466444280476026e-10
1.519009640293944585e-10
6.613197489624411674e-11
-4.431534861293329186e-10
2.894844641776472827e-10
1.234212176903781710e-10
-2.084094147258852558e-10
2.981131452806096149e-10
-1.184616016391970561e-10
1.310235531182257773e-10
-1.418332395974886140e-10
-3.152601790734621545e-10
-1.372672114863249249e-11
-1.941705546348870826e-10
6.269029045880003537e-11
-1.180862907457225219e-10
-2.575510082980514426e-10
-2.110902147522963901e-10
-9.018923108339294004e-11
2.607998816905876538e-10
1.189074533280987112e-10
2.404502985609013876e-11
1.099078467126091141e-10
-4.859473934359925806e-11
1.421016689734377891e-11
-4.751053994667131519e-10
-8.678781304727323231e-11
2.822235223298719120e-10
-3.985338170586771867e-10
1.965387852465028118e-10
4.532652586597407662e-10
9.581084536858242018e-11
-1.036462027315110390e-10
4.240834350355271454e-10
-1.187841769390018953e-10
-4.159063093922554799e-10
5.871023112113959996e-11
-3.849111029907703596e-10
1.410904032494997296e-10
1.689375028757211794e-10
-1.233820268176089030e-10
4.174646739407705809e-12
-5.724492407876979883e-11
6.737059521366717263e-11
2.297280976559790133e-10
-1.157164294940393745e-10
-2.236151541712416702e-10
-2.398220788624172428e-10
-7.350287045682080134e-12
1.841069796615357745e-10
2.788644315465660384e-12
2.338444993199573219e-10
2.218112776786185236e-10
-2.879858296278570151e-10
