3.512188109788816348e-11
7.766592369229385895e-10
6.302550703551901279e-10
-5.252347168305249170e-11
-2.959970046845228353e-10
3.811874427217532002e-11
1.298709612074233632e-10
-1.194911114499319638e-10
-2.957633027378392399e-10
7.070800889241724008e-11
-5.165591565603477875e-11
1.688213874251331958e-10
-3.026848771625623158e-10
-8.695091313626335250e-10
-1.888003087202605457e-10
-1.344239858314111302e-10
1.782329839272733807e-11
3.585675367734353358e-10
8.301626053253130522e-11
2.353004735500263678e-10
5.424543800258696535e-11
9.698125635893006802e-11
6.563544707738344641e-10
-1.160086193774390040e-10
-3.546551941013831311e-10
-9.141462586903514875e-11
-1.325353715664334686e-11
-6.123166418348091611e-10
8.210213064963056695e-11
4.905529316090451175e-10
1.248652015117812653e-10
4.078517523709024317e-10
-2.308205293566345517e-10
-1.027808393949669608e-10
3.809076665195476608e-10
-1.568353502623409668e-10
-3.511077262263739840e-10
-2.169277257824120397e-10
-3.256255265426943879e-10
1.732843452062482470e-10
-1.757166495641726556e-10
-3.543776383452268419e-10
6.508895505907830170e-11
2.974356316798321132e-10
-2.259952502914330807e-10
-3.117277616593305822e-11
-3.035789397642929544e-10
-1.851573339095580195e-10
8.265396700402050101e-11
-1.467698879098477960e-10
-2.179337821317517410e-10
-5.611235920355284179e-10
3.837386519656149630e-10
2.981501712184808639e-10
-3.195006481604423243e-10
6.610790803662780490e-10
-1.343308797530085030e-11
-3.531875902851311366e-10
2.221313966099813797e-10
4.946532072835907456e-10
2.532508092123464394e-10
5.597030061643692989e-10
-2.549951638730618697e-10
2.722399389254448465e-11
3.354402311472881593e-10
1.710283581424221211e-10
1.479503464185683015e-10
-7.158868636780724160e-11
2.744625360318053708e-11
-6.221901882597080657e-10
-4.400062258991255248e-11
3.322935815397443093e-10
-1.387266412855581166e-10
-1.515264441698249698e-10
-2.003595900301746724e-10
-6.305075350709898885e-10
-1.005015515254115144e-11
-3.567999229403540085e-10
-3.347093435746018031e-10
-1.701692953215427906e-11
-1.283695233444959172e-10
-1.987382480805877094e-12
-1.871016674925840562e-10
-1.772694768753524386e-10
3.433635042959792827e-10
3.531830383707301735e-10
-4.586237500880940843e-10
3.083018840221996015e-10
-9.612713403051031946e-11
1.847258596088252602e-10
-2.134355608918170333e-10
-1.624622103513218008e-10
-1.924851250612036324e-10
2.838271284666404881e-10
-7.021684345076550926e-10
-6.055869694598925435e-10
-6.516670536527158220e-10
2.664675424757234623e-10
5.279472414798647151e-10
1.141663152903760192e-10
-1.603746024869678877e-10
1.232591806399341294e-10
-6.689527265457684280e-10
3.966241779451706861e-10
1.607412675186381534e-10
-4.465566805222920266e-11
-8.992545597052981066e-11
5.957822568625203985e-10
2.775365492979631199e-10
-5.390599772114867960e-11
7.320701822521868962e-10
-3.976106111025501377e-10
6.620203274465552568e-10
4.724458047000723582e-10
-4.118587138002283154e-10
-4.089100724691263622e-10
-4.534480568807452983e-10
1.324473170027928859e-10
4.642274897825870994e-10
7.885816999397832205e-11
-1.090952772564435236e-09
-3.417019445173252734e-10
8.546278684740116205e-10
-2.060734777264983109e-10
3.724758002032757531e-11
-2.425298017971755371e-10
-1.522056786162906405e-10
3.990589803049005013e-10
4.391559060845651175e-10
-3.371131707119445764e-10
3.399241443879930102e-10
-2.010246413775007568e-10
1.482145239872778575e-10
5.842797079491646173e-11
5.981572182012229177e-11
-3.451119112707345948e-10
-2.981682678537822540e-10
-4.364100192333353334e-10
-1.226224954908872178e-10
1.618586376039843344e-10
-9.084864110997514786e-11
-2.758248629497472848e-10
-1.258757820199463140e-10
2.858552283768744928e-10
9.527523214813982122e-11
-5.238398603779614859e-10
2.860364722856445496e-10
-4.027784217264240851e-10
-2.245705565950828486e-10
-4.087546412456788403e-10
3.915486268546430892e-10
-2.022520484423750986e-10
-6.384366924017115252e-10
6.503128036072780560e-10
-5.194972230171401861e-10
-6.396302931754860310e-10
9.697627423310706263e-11
-3.951731164519856065e-10
1.583386199932590443e-11
-9.609855272652012559e-11
3.191207575969912114e-10
4.035979606076267601e-10
-7.820610825604035199e-11
-3.557733829762099731e-10
-5.131875480124392652e-10
-1.384848902219459887e-10
1.304579361205426835e-10
-1.181483022527629601e-09
-1.321717874036565377e-10
-6.702122884449934759e-11
2.769462992269211554e-10
-1.090599832664906899e-10
2.509301932906993216e-10
-3.732368580866562979e-11
-1.263730786682515372e-11
-6.602042801340246569e-10
4.519090657240099063e-10
2.311820457290281183e-10
-4.256657248902229185e-10
5.068993003121136098e-10
1.051344566960210614e-10
-2.406041477165388187e-10
-1.424733248045484402e-11
1.271072413988605376e-10
2.729748094232320454e-10
4.929420205357359919e-10
9.510252585442913187e-10
9.712951554163851142e-10
-2.358329365126365929e-10
-5.648652379175445049e-11
4.030936001653273593e-11
1.136365307408127023e-10
5.436777694711736331e-10
8.209747326404226442e-10
-4.806799402956585254e-10
4.448135193513280683e-10
1.670390353813999695e-10
-5.188386387189325433e-10
-4.004309939187322698e-10
2.085131234341730533e-10
5.119261681230113936e-10
-5.020308613268298359e-10
-1.533250748586567624e-10
3.087214928143566794e-10
5.905648192694457066e-10
3.692560146539847210e-11
-4.879996406970121825e-10
-4.339380521578561911e-10
5.925036017373486175e-10
5.125332380728764292e-10
6.439719868467363995e-10
6.372433691836931757e-10
-8.528015515985032380e-10
7.754918929236964686e-10
-2.490824213552400579e-11
2.723342940047501770e-10
8.496270353930412966e-11
1.816501254969793422e-10
2.377621988181033430e-10
-3.026622008572843470e-11
2.090779216423754860e-10
-7.551959058105239819e-12
-1.753993617015225936e-10
-7.825791403792692336e-11
-4.869544767416300601e-10
-9.063180761437195088e-11
1.914093744614930870e-10
3.440638884910640627e-10
-2.536015841769767576e-11
2.299125750893082909e-10
7.473027752169514315e-10
2.909219531943563197e-10
1.594758075595947844e-10
-2.233099261061965990e-10
5.882523912426051993e-10
8.713703369966907530e-11
-5.322670637575299679e-10
-3.364344913769912182e-10
5.719001938686574249e-10
-8.928184580536679960e-12
-3.262473624587869381e-10
-4.886591131736395255e-11
1.359470175321675356e-10
3.683037486101881086e-10
2.515953001491766372e-10
2.409256127933190328e-10
5.978478823109867335e-10
3.246242996635118061e-10
2.365469764509242623e-10
4.184740887147597732e-10
-8.044991062217121680e-11
2.460439352258703138e-10
-3.530636893955829692e-10
9.944201018186049623e-10
1.611384359279099954e-10
-6.339393454624087099e-10
5.910905098716057182e-10
3.592661168561050999e-10
4.797142683088395643e-10
-3.816951615887020921e-11
-5.623891352612986338e-10
1.292300988442462994e-10
-3.255127278833924720e-10
-1.928091020175770609e-10
-2.712422231265776418e-10
-4.826725685802557564e-10
3.772688828007630946e-10
7.736481455467014712e-10
-3.532635850511667286e-10
4.416696453013457813e-10
-3.033210904668237617e-10
2.797811426979990301e-10
4.994592517348905858e-10
2.385078246014415981e-10
-4.412763210392967039e-10
-3.600806319781213460e-10
7.515853217565648947e-11
4.975531792128506936e-11
2.285720501760124534e-10
2.972481150109729242e-10
1.906586138966659405e-10
-2.810355836935229945e-10
1.145535749591530816e-10
9.718084670318205553e-11
-5.038855999117686224e-10
-5.647615708426201309e-10
4.372002759822635198e-12
2.170857937855430464e-11
7.089200337873080571e-10
-2.444658364630925007e-10
1.133701604816295117e-10
7.023258086213957085e-10
5.260687441221989502e-10
-4.072502057805849063e-11
4.656691698912140964e-10
3.219782496177714393e-10
2.297446261012581203e-10
-8.991912769928944726e-11
5.715478090806414002e-10
-5.187277274387724901e-10
-4.983800039326524711e-10
-1.968419177655889030e-10
5.674084535556289666e-10
3.682557592199486862e-10
1.829908308215166812e-10
3.436411155632868031e-10
1.693002127378662180e-10
2.967638634832070466e-10
2.627935646870582787e-10
1.277129929588838309e-10
-1.139813660122612760e-10
4.945811538092925730e-10
-9.443990034441185344e-11
5.161095439909502147e-10
-1.277732919469087847e-10
-9.821157082035014696e-11
-2.337729454460202305e-10
5.129388580549232302e-11
1.020582063304686926e-09
1.161048618358861972e-10
3.610840793033531781e-11
2.237722646070139376e-10
-2.683680500048524209e-10
-5.478805187308921631e-10
5.085450116570910950e-11
-2.588338154918545797e-10
2.721676772843295566e-10
1.568035007393220326e-10
3.680769855574084204e-10
8.600622297683102602e-11
-4.212878934595210012e-10
-4.983312096307201955e-10
-9.648533083606025684e-10
-5.028519822758426017e-10
2.346215444148924689e-10
1.982105313214077569e-10
2.522978492791594363e-10
3.441583684704596635e-10
-3.944068960315405548e-10
1.982189967719705237e-10
1.687356088186930947e-10
3.654931912677739092e-10
1.243572744780152561e-10
-3.277218774133672241e-10
1.109278779942712845e-10
3.957992822378741948e-10
-4.066140757430503072e-10
-1.876616084750537539e-10
8.090475511757233562e-11
-1.827870355075589259e-10
-8.563398878891348431e-10
-7.311555527689250766e-11
-4.548099397094773622e-11
6.636065585929884492e-10
3.349737709434918997e-10
7.249369438078190342e-10
1.467755639250611921e-10
2.515436470229559518e-10
-5.223015353550408690e-10
5.908089018014095473e-10
5.263945945799264337e-10
1.137959587671488748e-10
2.382192221261902887e-10
-1.673859661988075231e-10
5.424671822851223624e-11
3.124066283444193459e-10
-6.805448427016358437e-10
3.967417783190541059e-10
-7.624197106981256411e-11
2.062604809172086107e-10
-7.609246566175897897e-11
1.553055184455587323e-10
-2.732048476339343779e-10
2.800643050804296763e-10
3.460333408700222435e-10
-2.174147945011029037e-10
-1.876531152689153714e-10
-2.721077529965754138e-11
6.072822800184951575e-11
4.888892624066443204e-10
4.907324546721270053e-13
-2.011062150142350902e-10
-3.574462947852907746e-11
3.956664162974021792e-11
-2.720250968923920709e-10
1.404995980669454525e-10
-5.748881926059823400e-11
7.115588118722371291e-10
7.086053965821292877e-11
5.990499207797483905e-10
1.392119752807730038e-10
-2.984487101898025685e-10
9.538556056121194615e-11
-1.065354540696894503e-10
5.459953600350786473e-10
-8.691739689092869980e-11
-7.544947999704731956e-11
-1.282977335481660930e-10
1.375960456684310884e-11
3.118186819861534786e-10
-6.179197153954874011e-10
7.601198837026146293e-11
-2.115318475937044695e-10
-2.620756112126088055e-10
-4.843105916307877123e-10
-2.751274763568289927e-10
2.406304600022224349e-10
2.511479357814039304e-10
-2.078048011444622034e-10
1.970471563694786710e-10
3.122903324825898608e-10
1.083794443079710845e-10
-1.108529656956847020e-10
2.289234218855185077e-10
-5.110873391167558566e-10
2.800643050804296763e-10
-1.279817363197821578e-10
1.373716557173665365e-10
-5.760696780710006237e-11
2.838019541595571127e-10
1.518172532133377217e-10
-1.759887652275082814e-10
-3.940220649756298599e-10
-1.490867013176355727e-10
4.767156669416294790e-10
3.020752259441650267e-10
-1.308722991089084076e-10
-4.208524639892630148e-10
8.159409259356209532e-10
-2.854590452905370057e-10
-9.808442946734885481e-11
-1.255452131143641736e-10
-4.985747231733839158e-11
-5.665203861582313039e-10
4.476288506527481559e-10
5.291028726261970405e-10
-6.119511009039513283e-10
2.009340194231157284e-10
-1.291737827813221884e-10
-5.731770613692788174e-11
4.420249999359526782e-10
-2.557337397401937551e-10
5.675420688966426042e-10
3.131020442914689283e-11
-9.256984068173323976e-11
4.910682277481370761e-11
2.280014649302941621e-10
2.474959126530507092e-10
-7.627284914768495128e-11
-1.357245010824570386e-10
2.068796661758298683e-10
4.858041191546647042e-10
6.744196312524763925e-10
-4.455045499174303814e-10
-2.219128492075839176e-10
-1.820186640300036629e-10
-3.960846095552028601e-10
2.046513514208925244e-10
-9.881817586432362077e-13
-3.084361654970280142e-10
3.153645677933525349e-10
-4.085248250795814329e-10
-2.638840257418451074e-10
4.023348321169351038e-10
-2.826558431756609480e-10
-8.518144523073090113e-11
4.967691813462238315e-10
4.137317433094978014e-10
2.293298606570459697e-10
-2.613183558430876019e-10
-9.987745075434872888e-10
-4.197703296071608747e-11
-1.657332326931992839e-10
1.286926537558130690e-10
-2.069384663627715781e-10
1.171585051196188942e-11
1.059022661231701079e-10
4.028938987987729092e-11
-1.069566935019139464e-10
-5.513750567232023059e-11
1.652074310687368097e-10
4.424961508320279790e-10
-1.598322724172263065e-10
-5.452464868493933636e-11
-2.315036495836864106e-10
7.048364669692830375e-11
-1.937948690411417374e-10
-2.717438774002545188e-11
1.486633455227703848e-10
-3.398436532187076864e-10
2.016709022001350604e-10
5.998468388668243279e-11
-2.765095930001848501e-10
-5.922821955106627456e-11
4.690172694665761810e-10
2.018806510850623681e-10
-2.314565483718666883e-10
-7.477510277631438385e-11
4.141026410664494506e-10
-3.451620100847208050e-10
1.689691164763473807e-10
-2.746312066648215477e-10
-1.047124331687854237e-10
-9.331378725274674935e-11
1.314650888151192021e-10
-2.627448258962772343e-11
-5.868930341712541576e-10
-1.864005200191698464e-10
1.209689015624348940e-10
-7.520693789953014630e-11
-7.948774971566763270e-11
-3.207716037234575879e-10
4.719270807473918694e-11
4.404178133299296860e-10
-7.416559033579517290e-11
4.054315910773098608e-11
2.780927155221490921e-10
-3.704930529035976861e-10
-3.516565927341730458e-10
-3.154154160078803670e-10
-2.500324391974118043e-10
3.083031052675266892e-10
6.662227991505176306e-10
5.108441447632117161e-12
5.695717231191110841e-10
4.312291634889220404e-10
6.423628851059959288e-10
-2.422995415418682796e-10
-4.995373004135217343e-10
-3.101294776541863030e-10
-7.047669114967902715e-10
-1.466368693137098944e-11
1.549743805506764716e-10
-8.264443990269043638e-11
-7.128180268267669817e-10
1.523433323935563521e-10
7.868705687030796980e-14
4.623003369008671370e-10
9.393870126217507277e-10
-1.328303578240763727e-10
-7.544179864149569426e-11
3.391963376841999889e-10
-1.676885713619569174e-10
2.820095268418754131e-10
-5.338153807876722112e-10
-3.928426473009949405e-10
-4.291301758385657195e-10
-3.640960311024343810e-10
-3.815019966602051227e-10
-7.605543972388773000e-11
-1.398334642521703586e-10
-1.746558453419311263e-11
-2.628795237047398814e-10
4.321910884730328917e-12
-1.409791727802200967e-10
-5.262157376506593209e-11
1.298248730741136114e-10
-2.103160146038618450e-10
1.735117882706305181e-10
4.783324292212398632e-10
5.755613763369638036e-10
1.355352358123340650e-10
-4.091510463766212524e-10
-5.405013936421454446e-11
-3.804590670286600584e-11
2.129961346186703963e-10
-3.743073906381511051e-10
-3.157244743423603950e-10
2.905647944473344069e-10
2.760556228054156236e-10
6.655368478547529776e-10
4.372852635547985756e-10
-2.638609886140841354e-10
3.302484674616579241e-10
1.823906858877677450e-10
-3.157191730274178099e-10
4.509810580533013535e-11
2.886309524718910779e-10
-1.507226426999963564e-10
7.154609127368871668e-10
3.546739568704992962e-10
-2.958536748920437276e-10
3.538057624652424238e-10
-1.158405107948290436e-10
-5.157053672988354265e-10
-2.436348622847361867e-10
2.067936377692092265e-10
2.607604687732134607e-10
2.017843669932517514e-10
-7.099576482261227284e-11
5.745889319896946290e-10
1.105478347751542856e-10
3.912108970105521166e-10
-4.324458569016087495e-10
-2.205632898544251930e-10
5.113859335992287924e-10
1.707330526956596373e-10
-1.790077669427958540e-10
5.362790211904666648e-10
3.420700944722909753e-10
-3.502081125095202196e-10
-7.203879714978711490e-10
1.546074657188256651e-10
4.855393864744428356e-10
-5.244506218193834002e-12
-5.242736245136825346e-10
-3.266395487422357746e-11
3.480511712172784655e-11
5.622834975405055502e-10
-1.753726053266291274e-10
4.199779690683413946e-10
-2.513668995174356269e-10
2.244559815789415325e-10
2.566965529027243065e-10
8.647977889353342107e-10
-4.148615895260832076e-10
-5.584226414612203371e-10
-3.353466948574634898e-10
-6.034364674611936152e-10
-8.885108204736980042e-10
4.946869580635393504e-10
1.711257940906207864e-10
9.587922122911152201e-11
2.329915149701378141e-10
3.565357731272200681e-10
-1.576859615104453383e-10
3.893863564918831344e-10
2.038192670195115852e-10
-2.230635814948200846e-11
3.021827510440999731e-10
-3.405797033284585495e-10
-3.187120845016266912e-10
-3.554609384615048384e-11
-5.323214091745853693e-11
-6.171521627074127991e-10
-4.049769686265136670e-10
1.667707638652871083e-10
-3.995849762183922849e-10
-1.899921608927712668e-10
-7.127489154434840657e-10
-1.767384294470986106e-10
1.296879270640260984e-13
2.042943314517486897e-10
-1.563755791522680738e-10
-7.036318194764135114e-10
-3.228846634506510327e-10
-9.611281770460777807e-10
-5.854148832362682242e-10
-7.369854032601708127e-11
1.747896827275496889e-10
7.718350958363373593e-11
-1.897816348517267215e-10
-8.963713105103465750e-11
2.860714998220714733e-10
7.747532615454133520e-10
-3.614497590120890891e-10
5.555155224712393647e-10
-1.566169693933971985e-10
-1.267467797383403649e-10
6.043469613636887061e-10
6.462063106837945270e-10
-6.461278179159535284e-10
-9.181730376006669303e-11
-8.249160243778419499e-10
-6.181774536706541312e-10
-2.582065949940925975e-10
1.484889988745408118e-11
-2.019580891410299728e-10
2.266189874644553015e-10
-1.568521146300128066e-10
-1.546720529432832336e-10
5.291236893079087622e-11
-7.080164232675656422e-10
6.271134722624083224e-10
-6.445974864988102127e-10
-8.638063042631927146e-10
-6.627084436772179288e-10
-7.035454441250976743e-10
4.248573715059933420e-10
-2.008775645823135392e-10
7.666117740612321541e-11
-2.158471734681199905e-10
-4.715333679072841733e-11
-2.674127030921624737e-10
-1.861311105244567443e-11
-1.786648745616403744e-10
5.378692630175763156e-11
-2.086738004614119291e-10
-1.827095141848644744e-10
-7.588154549154069173e-10
-4.543643239429684400e-11
5.569757433043776018e-10
-4.077392035117810565e-10
1.655354880947257357e-10
-5.017883886182517017e-10
-5.553431603466663091e-10
-7.286125036642943087e-10
-1.613893463314752807e-10
-2.122182846120423960e-10
-2.091904149903456300e-10
1.229533974633767457e-10
-3.607440735020617240e-11
8.888645375293435791e-11
1.618183087526148256e-10
-6.495041171561410920e-10
3.371515289174453756e-10
7.294110315747559525e-10
1.267536353655174253e-10
-1.817007794224778650e-10
-4.089496102865908256e-11
3.987408458971941627e-10
9.302273396016857987e-10
-1.519920717063527604e-10
2.980065916258212155e-10
6.004837183049005489e-10
-5.696265126253763356e-10
-5.893325411010508219e-11
3.864353975702172761e-11
-1.303210872549698252e-10
4.062524761039298937e-10
-2.277423666319222662e-10
2.638843588087524950e-10
5.409537262579533490e-10
-5.173819705994731066e-12
-9.853994703545865264e-11
-4.629307354120371087e-11
3.309259810624354259e-11
2.049222735944766782e-10
-3.383030522385865879e-10
-8.375419802142403114e-11
-7.982657868055298422e-10
-5.735275587781529794e-10
-4.472398562604951167e-10
2.684644728745411157e-10
-1.001710936421318365e-09
1.802200055855962546e-10
4.705633660506691740e-10
9.035910908394839680e-11
-3.700266759665282734e-10
-8.971230008869568451e-11
1.611516475819030347e-12
-6.019229559228733706e-10
6.196959612125851891e-10
-6.215052916758168067e-10
2.040869973018999417e-10
-7.538903945558672604e-10
-3.332903952824040061e-10
-1.225414214545139657e-11
1.919732289801245884e-10
2.703951784699398786e-10
-3.314239716001310398e-10
-1.266013266443266616e-10
1.778773239813347118e-10
3.988330499193892820e-10
-6.063982649351373766e-11
-1.133559357491265018e-10
-9.706167813927635279e-11
-4.201211253884729047e-11
-5.042826156653745784e-10
8.911207188821990144e-11
3.698696349196950450e-10
1.087716583469955367e-10
2.381897457048864908e-10
-3.825721683892169267e-10
-1.759557499703134908e-10
-1.443019731484085355e-10
2.448263258791882890e-10
5.305613171024958774e-10
3.648014529344933976e-11
-5.408342107493524509e-10
-1.200575472370957186e-10
2.593378845006100164e-10
-5.125996294097490136e-10
-1.031900329073742739e-10
-6.390749041074172965e-12
1.712043701251886318e-10
-4.713728296579233756e-10
7.379776789662173542e-10
-4.925110319575765061e-11
4.973767231408743328e-11
-3.002358917036929142e-10
-9.791702171302318902e-11
4.721120161477188049e-10
-2.287296185787823788e-10
1.153444006973813885e-11
-6.077955916339305986e-10
-7.275544056106753033e-11
-5.479604547886651744e-10
-1.956523137947030477e-10
-2.766195605907739719e-10
-1.010333761097825800e-10
3.238487950030233264e-11
-1.550886363776982080e-10
2.934384957242741621e-10
4.385704577281046568e-10
-1.482227535154478915e-10
-6.901487020760654900e-11
1.582075165318386212e-10
-1.564819662736027794e-10
-4.299234301896603938e-10
-1.165238461275919235e-10
9.962492636406139468e-11
2.286073552681955334e-10
-2.533689369421665560e-10
4.392849972667534075e-10
-1.153859785496536006e-10
-6.172146127525479642e-12
-2.239536056602986491e-10
2.568552315285188570e-10
-4.310020673692349646e-10
-2.683775979228641972e-10
5.336278086076617910e-10
5.266974634210441764e-10
3.060695030754345680e-10
9.353144925228207285e-10
2.093659828839022907e-10
4.495726013686862643e-11
-1.896244272714397994e-10
-1.915732850132911835e-10
-1.388275883140721589e-10
5.310926143309302461e-10
-2.893746353649362391e-10
5.137384961884094992e-10
1.242428104841764025e-10
-1.300130003656363442e-10
-6.622069559369947456e-11
-1.812849870219679360e-10
1.908834201813647269e-11
4.470399050937601260e-10
-3.801915449130888192e-10
-4.610338777411016054e-10
1.230181789768636236e-10
-7.786828126743472467e-11
-5.143963588416511357e-10
2.207456439862198749e-12
-4.726928293230514555e-10
4.937735775811802341e-10
-9.688647106820269528e-11
-2.904890217259037399e-10
-1.480023464894841823e-10
-3.227097755686969549e-11
-1.019924422696050215e-10
3.364134526506745715e-10
4.251587276682400329e-11
2.608842308848835501e-10
4.933269071027979180e-12
5.963392002428236083e-10
-5.047272599867369536e-10
1.145523398360381861e-10
-6.346181913308157618e-11
-6.133527019613893572e-10
8.297510456500845066e-10
-2.416916944358860064e-10
2.769713347561264527e-10
-4.319280488829235765e-10
1.627925433345112083e-10
-4.331315583971928618e-10
-2.051667169489235221e-11
4.673442743907685326e-10
-6.416568387734855605e-10
-1.536958893488815647e-10
-5.696293436940891297e-10
2.853950964443185967e-10
4.281029419850312934e-10
4.108496876042977419e-11
2.848347113726390489e-10
-1.243328773270491183e-10
1.456135212407616564e-11
-8.084733993385384565e-10
-9.253647847984325381e-11
-8.316080046810725435e-10
-7.384565181567381842e-10
-2.142321875453490065e-10
4.437161471582129479e-10
-1.348786360377829396e-11
-4.471642500725181435e-11
4.543648235433295213e-10
4.251668461741076044e-10
-2.556358735805730475e-10
-3.042111007545145185e-10
-3.021359828991876384e-10
-1.490775003443189917e-10
6.140447039726382172e-10
2.711838531510579742e-10
-4.454422664057489101e-10
-1.007117306217608643e-10
-2.021577072408575759e-10
6.185041923068013148e-10
2.284780142858267027e-10
1.475377181536785542e-10
-1.521490017308835263e-10
4.803013542442613470e-10
-3.210712806733795333e-10
-1.153432904743567633e-10
5.973789241053850674e-10
1.426485041200464821e-10
2.976597857085039323e-10
-7.840429416816618868e-10
-8.241119453522571803e-10
3.549348037701349767e-10
4.325510782887675987e-11
-7.113669375780062865e-11
2.993775227722039745e-10
9.031733694264687529e-10
-2.740201954232190928e-10
-1.150015360718015245e-10
-7.537751534059111691e-10
-5.883608045209598458e-10
4.120464525136924294e-10
5.039096917514029883e-10
6.166211291569467789e-11
-4.555947841211605009e-10
2.687199351925073643e-10
-4.009367005064490286e-10
-1.261844378985799153e-10
-3.073882814952355602e-11
7.420186687312479989e-10
-5.256550750232236169e-11
6.322992129881299661e-11
-3.718203245295370607e-10
-1.200992083560947776e-11
-7.673128799012829404e-10
-2.914373742335385487e-10
-2.607549731692415662e-10
1.025721729774886626e-10
-1.876127170286068235e-10
-3.827168859604768159e-10
-6.517699574493107662e-11
6.598933621759783819e-10
-1.429840967848150513e-11
-3.997666919719478074e-10
-3.169937645708387208e-10
1.003631136531346613e-10
-4.114897311779941447e-10
6.624928938769869546e-10
-4.246866192048059929e-10
-3.447701846237549717e-11
3.268743054007927640e-10
3.249215063672039605e-10
7.007630031807821069e-10
4.002208009445951120e-10
-1.565834684136291344e-10
-2.871933246773039627e-10
1.150357586965355949e-12
6.030204668938665691e-10
-1.297943003075729962e-10
3.547369897827223895e-10
5.445143780313799198e-10
3.036973172942936117e-10
-5.512856837697199808e-10
5.259951363356663023e-10
1.328784443588304498e-10
-3.588880304050690029e-10
4.097697181570936209e-10
-1.011333794487256910e-10
2.992837921933499956e-10
-1.878885796946505593e-10
-3.521904989867152835e-10
6.644343408801489659e-11
-2.361602580158717046e-10
9.348616325510761271e-11
-1.262119853073784270e-10
-6.686996512073051235e-10
-3.850757490653222703e-10
-1.591434761749610516e-10
2.606280469219512952e-10
2.357357087312550448e-10
1.338201355283175076e-10
2.647101149388930708e-10
7.663153445136572373e-11
-4.995956426334657863e-11
-5.649516965355871889e-10
-1.127474641426928770e-10
2.545680333199129564e-10
-3.409857118885639693e-10
3.514249724556606225e-10
5.334028219117215031e-10
7.606187901743055590e-11
-1.785305792090241539e-10
5.353004706165620519e-10
-3.135230963735580190e-10
-6.331124513536678933e-10
8.188151545684974053e-11
-5.298377847573476629e-10
3.005679316547826829e-10
2.653880171177291913e-10
-7.937857315898355637e-11
7.870851193025885095e-11
-1.204647492869526104e-12
2.748802574448205860e-11
1.617118383645532731e-10
-1.871690857857544188e-10
-5.741667141734296820e-10
-3.402721993062129968e-10
-6.544186720303102334e-11
2.210116950562834859e-10
1.738040683596508984e-10
3.255703762139461332e-10
4.131411324159728338e-10
-3.293151862315824019e-10
