-2.046784408626933782e-10
6.588362078119303078e-10
4.783968221566681223e-10
-1.127394705369155758e-10
-2.427902046076013676e-10
-1.236363927903383342e-10
8.486426839038330172e-12
-3.106948864850522796e-10
-3.205191112520822116e-10
1.145849110040231267e-10
-9.148479196419145865e-11
1.751687961348835643e-10
-1.861947818149189970e-10
-6.087319537328994556e-10
-1.184231185336059866e-10
-2.594897074992275066e-10
-2.937658449830848895e-11
1.170867292010768779e-10
1.769562274489544507e-10
2.378776342570887437e-10
-7.267327017945746093e-11
-3.114106195134525024e-11
2.704976520551127805e-10
-2.474345173197889380e-10
-4.677780940376408125e-10
-2.990767078436817883e-10
3.186276242850283325e-11
-5.509909750678332330e-10
-6.575672645281471773e-11
2.412816058061650892e-10
2.468640292185853014e-10
4.090455751892818625e-10
-2.003770760428125186e-10
-2.662522424756730288e-10
2.148630023901532127e-10
-2.266243859239125413e-10
-3.865892606036425150e-10
-2.814217747726388552e-10
-3.187183017505645921e-10
1.497822005314120020e-10
-1.868178528541264427e-10
-2.884437133587880453e-10
-5.886733461801796352e-11
2.614273242329545610e-10
-3.252363656169876549e-10
1.003848393299477948e-11
-2.743077431865970084e-10
-2.884435468253343515e-10
7.802203327855750103e-11
-7.544226354738725604e-11
-7.102442245443540969e-11
-1.914839953265357053e-10
2.691663281151335241e-10
4.354510918513909701e-10
-3.350897892495652286e-10
4.426596034168284177e-10
3.098435397141940939e-11
-1.577574182398677749e-10
1.923831927097552352e-10
4.251554941436808122e-10
2.009924587875744351e-10
5.595011121073412141e-10
-2.188299541572291673e-10
-5.359888921585564958e-11
3.704225814971096042e-10
1.227190987718174142e-10
3.820154609313064498e-11
2.576484511851440118e-11
-2.623344944052696803e-11
-3.739106524403013054e-10
-8.642482562937203738e-11
2.800263632085631116e-10
-1.308954333811840343e-10
-1.176493069632300603e-10
-7.197099860523081816e-11
-3.434857953621417437e-10
2.953127326010829279e-11
-4.834846967227690584e-10
-3.308397444889976668e-10
-9.364556352586816956e-11
-4.681000725925699157e-11
-1.208412259146030010e-10
-2.265796439360201475e-10
-8.067732593097787230e-11
4.217740601220043573e-10
2.514316810309225048e-10
-4.731925407064352385e-10
1.060675991482185054e-10
-8.777924220826349710e-11
5.437442163191974487e-11
3.944864573890427550e-11
-2.878771110381705967e-10
-1.130509366675802596e-10
-2.905710394518479234e-12
-5.225176957779353870e-10
-4.868381253686493437e-10
-5.966991345474070840e-10
1.260295617866447060e-10
4.099342532093430691e-10
1.553693562694746788e-10
-1.056456033765584834e-10
2.099626583706992733e-10
-5.029784921894986383e-10
2.209149668752630191e-10
3.769838607947662013e-11
2.181580749383016382e-10
-5.316797002663520288e-11
3.885245458690178566e-10
2.001752652525112808e-10
-1.250046732792498005e-10
3.061322306763258894e-10
-5.732581631612276851e-10
5.583411510912128506e-10
2.308764845970756596e-10
-3.538178638962108380e-10
-3.561302364119001140e-10
-3.791363056837582235e-10
1.360323104160343632e-10
4.345747373069031028e-10
-6.856054612924822322e-11
-8.918308314065370723e-10
-2.784356634144558029e-10
7.119144718181757980e-10
-1.940902299990554525e-10
6.110896511035690537e-11
-3.325651976027188539e-10
-3.339991616613247061e-10
2.343666927195897642e-10
2.805853882570374935e-10
-3.585261532101924331e-10
2.755375927421255255e-10
-1.877897559676711126e-10
-1.021380480192846107e-10
9.632127040415383590e-11
3.459682540452035937e-11
-5.247145773434880311e-11
-1.276737049415999081e-10
-4.491349792079546432e-10
-1.031362495407250890e-12
2.293785023033123593e-10
-1.388905102039927897e-10
-2.157563572247056527e-10
-1.482463318769333682e-10
3.895125888497830147e-10
2.387249287139070475e-10
-4.306165146683582634e-10
2.720171032866147698e-10
-2.383304387176821137e-10
-1.748927669353861347e-10
-4.279474552504325402e-10
3.497296341414823928e-10
-1.577157709986565237e-10
-5.208796172162521998e-10
4.644002959963700050e-10
-5.142707371064147992e-10
-5.625838683798178863e-10
3.059579811726109710e-10
-2.283552513748787760e-10
-8.504558168809239760e-12
-1.711830399653280210e-10
2.112462010872562246e-10
3.034510420718561363e-10
2.259292752881947308e-11
-2.117935132828208111e-10
-3.821065686082647517e-10
-3.775637025249523049e-10
1.483798917067957746e-10
-8.026094233670733047e-10
-1.381273290190776493e-10
-1.107529068455903598e-10
1.525537474122984349e-10
-2.335798221508866845e-10
4.635497541372046726e-11
-1.042777392212812515e-10
1.264820886914819198e-10
-5.846959028055209728e-10
3.713611917977033272e-10
1.308769898011874488e-10
-3.707313900314090915e-10
1.981628194869244908e-10
7.507543198226329650e-11
-9.303465636767427327e-11
1.355543177705698099e-10
1.603061433597119390e-10
9.833860115104897659e-11
2.841098467598612842e-10
6.718876566225162605e-10
9.122745892042871674e-10
-2.591443448718422360e-10
8.207734492060581033e-11
5.168263039756482158e-11
8.629959941108822363e-11
6.132656604762587449e-10
7.785843081364873797e-10
-2.797209130989131154e-10
2.685627276122204421e-10
1.261078880210320108e-10
-3.563403738748860405e-10
-3.148353244775137227e-10
2.710112967374556092e-10
4.630694161456005986e-10
-3.072400667214481018e-10
-2.489749517664563427e-10
4.046330492890604091e-10
4.668902486848480748e-10
4.562999977864024004e-11
-3.481117893944229991e-10
-3.519291802422941373e-10
5.855144702415771008e-10
3.211638732736332713e-10
5.260976099208392043e-10
4.256017205328532782e-10
-6.149053488613276386e-10
7.200866569689878816e-10
1.769745461288607657e-11
3.808049986453454494e-10
-1.153014628219040105e-10
-3.715773522205978452e-11
1.109704828028412749e-10
8.535883111449038552e-11
2.813378419119771934e-10
-7.508495214469945722e-11
-9.781131460329106631e-11
-1.477610117595062889e-10
-4.815778331668241208e-10
-2.645715868609954668e-10
1.571624774765467691e-11
1.899277957129186234e-10
8.915645999252319598e-13
2.097480245044636149e-10
7.173884819522413636e-10
3.438872520078462003e-10
1.870163190975659973e-10
-1.634116592041934268e-10
6.597777879591149031e-10
-2.802711535077051508e-11
-4.748650361818818055e-10
-3.438436479985540473e-10
4.950434506767464882e-10
-5.388167689801548477e-11
-1.805235960716800037e-10
-1.212269173933577804e-10
1.200045618432454830e-10
2.130681048262417221e-10
2.625584194504426705e-10
1.377865876950323809e-10
3.144840499125223232e-10
3.952526639316999990e-10
1.970362345504739210e-10
5.426113447448699389e-10
4.958371213614753970e-11
1.185313236451435159e-10
-1.950764549896177869e-10
7.214767117069698088e-10
1.953633643747565429e-10
-6.636468041776311111e-10
3.878604659668383192e-10
3.967122463865990767e-10
4.687745747133931218e-10
-1.681729477898130654e-10
-4.528919461677105573e-10
1.963454399067643408e-11
-3.286718674999633549e-10
-3.287915217864423312e-10
-2.848293267909696169e-10
-2.861433867629159522e-10
3.539421256082420086e-10
7.320631878471317577e-10
-3.976120543924821504e-10
3.940083814768513548e-10
-1.910498009793926144e-10
2.696974310545385833e-10
5.538539626925853554e-10
2.477592297989161807e-10
-2.643067431584711358e-10
-2.730369819126110542e-10
-2.348049532585605448e-11
-3.534297854379531145e-12
1.118115044995704466e-10
2.170321145023024201e-10
2.865966353127191724e-10
-3.017467387067540585e-10
2.224825879082459323e-11
1.265383492432547996e-10
-5.295462957022323280e-10
-5.848880268999323562e-10
1.272442845534627054e-10
-3.759158262450768007e-11
3.275796578439127416e-10
-2.578546265397108073e-10
1.189060794271057375e-10
6.846968547691290041e-10
3.866656717033123414e-10
-1.661652759832321635e-10
4.679198140067342138e-10
1.155656820239769900e-10
1.355631162880399643e-10
-1.256299508867186887e-10
4.488958094128747689e-10
-4.089989458222476060e-10
-5.205488817772163657e-10
-1.343099381712065110e-10
5.740581343616213417e-10
2.342457339210568534e-10
2.403036380993484045e-10
1.828356910316131234e-10
1.958195133822115963e-10
2.367507023759429785e-10
2.723064829179833168e-10
2.805416315920794545e-11
-3.005901430541690900e-11
4.940272635423070824e-10
7.735256879470853164e-11
4.748524906617035413e-10
5.711578432432418140e-11
-1.942875582638947662e-10
-2.615874183931055086e-10
-7.550485930929440315e-11
8.481831348383650493e-10
-1.776419705779019864e-10
-2.138555998953961534e-10
1.981333985767719241e-10
-2.053239384069982520e-10
-2.637299822971783669e-10
2.271162841127605247e-10
-1.798572402122999847e-10
2.163906831498252359e-10
2.405147192519052624e-10
3.030042050600201264e-10
1.716668196483084330e-10
-3.358270328490675638e-10
-5.394311664019824093e-10
-7.417850222957156348e-10
-3.308290863479612653e-10
1.080178446688506710e-10
2.001027295250867866e-11
1.661677739850375701e-10
3.556799577086877662e-10
-1.969295837511708669e-10
-8.316658473006555141e-11
1.150602668698041953e-10
6.192747703526180203e-11
1.873712573985386598e-10
-3.466018305697815549e-10
1.406738336928725630e-10
5.015571291622222816e-10
-2.070667942666304384e-10
-2.072436666722410337e-10
2.557809797298915555e-10
-2.140587845866903649e-10
-4.982677603848628678e-10
-1.571985597248470867e-11
-2.833819290337658003e-11
6.899371074453597430e-10
2.241760388432822992e-10
5.100564415272401675e-10
8.669898132751541198e-11
1.470227273259183676e-10
-4.264926745101149663e-10
4.707412792903653553e-10
2.485775751903673836e-10
-1.724291542881672967e-11
7.238468158199395930e-11
-2.072130939057004184e-10
1.430157242632290604e-10
2.265599374773330510e-10
-6.223713211461756600e-10
1.756178674705566323e-10
-1.782862191213041569e-10
1.725623810511223155e-10
1.386418757576279859e-11
4.756581239995227861e-11
-5.834888128219972714e-11
1.557217410574907035e-10
2.384946407030241744e-10
-4.556365840180376381e-10
-1.290853535174107947e-10
-7.030937637653167371e-11
3.390221992027875331e-10
3.131285786217574696e-10
-6.958920939492685420e-11
4.802191977404390855e-11
-2.591791503636642346e-10
4.476355397464715224e-11
-2.183598996063906839e-10
1.219608025682106245e-10
-1.353164247319682545e-10
4.673437192792562200e-10
1.169301044878778839e-10
4.731693370452205727e-10
1.478199090909626534e-10
-3.135960102707002761e-10
4.563788236211507865e-11
-8.892762221046623949e-11
3.149083493969584424e-10
-9.526717609231738493e-11
-8.056262601474628582e-11
-5.080347253993977574e-11
8.568816489695763039e-11
1.565076818144106596e-10
-4.091497418645673179e-10
1.531096083251526352e-10
4.773186013107277859e-11
-1.506117036642606877e-10
-4.898357830462884976e-10
-9.195867678446489890e-11
1.104236424520621540e-10
1.314982983613433021e-10
-2.122735320853053054e-11
4.352751492575634984e-11
3.633670031533142719e-10
1.569324115102688211e-10
4.569927769537684981e-11
3.037464724187088905e-10
-4.102784223469768676e-10
1.888216805134845799e-10
8.153972635982498218e-11
5.548571324620610312e-11
-1.118518749843033788e-10
-1.652147862962749514e-11
1.718765130220845094e-10
-1.676493943669754572e-10
-1.841992669504577407e-10
-9.339368167715633717e-11
6.061091073483737546e-10
9.698110370326418206e-11
-1.912163483108741957e-10
-4.162923616934932625e-10
7.349554853597339843e-10
-2.438207968857852848e-10
-8.599052025992648396e-11
-1.886742012624509357e-10
-1.698520213366805365e-10
-4.981348666888152366e-10
2.055377534837532494e-10
4.741789738638146900e-10
-4.504102091296147137e-10
2.982293856312878688e-10
-1.594339382737786082e-10
-1.625437423546927107e-10
3.979480633908849541e-10
-8.294129272279349152e-11
5.252238644004592061e-10
9.911976794896304455e-11
8.758958836008190474e-11
3.820039423674259638e-11
2.009707816830186289e-10
2.381536079454349419e-10
1.328916282572478735e-10
-3.070890763900990805e-10
2.638602947246937447e-10
3.772104850696678113e-10
4.275671205977715772e-10
-2.637718932163579666e-10
-2.030734053137805972e-10
-2.715438429667926812e-10
-2.809521504332224140e-10
3.753025668018494798e-11
-7.450623451532578656e-11
-3.556336336529852815e-10
1.221675399731836364e-10
-2.692848721785878752e-10
-2.888544681223237376e-10
3.296678208197789672e-10
-1.770034396830766354e-10
-1.006706107364863101e-10
3.969109763080069797e-10
4.255904517691533329e-10
2.049824754379869773e-10
-3.642939561121494307e-10
-6.465593616056253268e-10
-1.394388216002795389e-10
-2.449798419679183326e-10
1.520861492299019346e-10
-3.416510963027974412e-10
-1.431508245275381341e-10
1.638555402472263722e-10
-2.539923132927057736e-11
3.084774102823928388e-11
3.360238476357579884e-11
2.994686720825256998e-10
3.675333370978250969e-10
-1.427571949541572849e-10
8.982392607492784009e-11
-4.200657877095892445e-11
-5.549600362586559754e-11
-1.259407994558259247e-10
1.320218379063931025e-10
6.390098172825986467e-11
-1.764400431314427919e-10
2.282427441491208242e-10
1.000592525501886598e-10
1.559135320849946993e-10
-1.133593913182906476e-10
5.402224778627839896e-10
5.366235233950078509e-11
-3.566006934185850241e-10
1.266716592729366653e-10
6.165282728787246924e-10
-2.671645682461587512e-10
2.271315913127125441e-10
-2.616345751160764621e-10
-4.414021231857745420e-12
-2.364395901288673940e-10
2.144736332976293625e-10
1.384506398416363027e-11
-6.574925048852264808e-10
-9.988122828819001597e-11
-1.535343657765864123e-10
-6.499684124250393324e-11
1.730156851120767669e-10
-2.868196791183663663e-10
1.169825347702158069e-10
2.479666749710673912e-10
1.565160501204587717e-11
-9.371554227088907396e-11
1.240684499581590217e-10
-3.934794434723443146e-10
-2.344522909147883638e-10
-5.043777201452215309e-11
-3.786985447451485243e-10
1.852298869842172735e-11
4.806128828249711660e-10
1.777070990360840597e-10
5.485255583081993791e-10
2.994002823442087902e-10
6.020963172481685888e-10
-3.555797045695641145e-10
-5.066401187470148670e-10
-3.975368922937150273e-10
-7.211434227549773368e-10
9.943025569558727739e-11
2.883378535933900366e-10
-1.629950341364150290e-11
-6.704883315222787132e-10
-4.216557658587305468e-11
2.205016169654072655e-10
3.435226547665592989e-10
7.027315396257449720e-10
-9.039075044015021376e-12
2.503682539067852986e-10
4.460412039719585664e-10
-6.751857406506189818e-11
2.630068107745131556e-10
-4.836310241174146540e-10
-4.978396583865674074e-10
-1.639860608415588672e-10
-2.574650215247942242e-10
-4.071548098671939897e-10
8.436817910961735834e-11
-1.138739727513105038e-10
7.562328541155238781e-11
-1.513537212227689110e-10
1.434471014194471650e-10
1.796613552373926836e-11
-1.956472622799410033e-10
1.442132108175897542e-10
-2.776995855491293241e-10
1.799128762636215129e-10
2.832066248181774881e-10
3.556437366825093704e-10
3.512722751564112400e-11
-2.265691662062252476e-10
-9.515507826129976365e-11
5.316062867688486904e-11
8.311471649813384488e-11
-4.196916425502905668e-10
-3.165179507380599944e-10
1.959147705177244347e-10
1.650662107000044898e-10
5.578525419380753192e-10
3.754441757486404185e-10
-2.617574490493268513e-10
2.490094797025221851e-10
2.962686207474973799e-10
-2.919074981733160712e-10
-2.498003193185382997e-11
3.635221013098544063e-10
-1.641609070901495215e-11
4.838712208687923066e-10
3.991710018080851796e-10
-7.538684954067065291e-11
3.962309369498484557e-10
-2.144293353989468187e-10
-4.945610587725468577e-10
-3.684885729882125815e-10
2.078336946986780731e-10
7.569814219898773899e-11
1.101834179451088858e-10
-9.480234652858854361e-11
5.110354917015058618e-10
9.092263053567251063e-11
4.467504699512403477e-10
-3.248724067539399130e-10
-7.197275414538850669e-11
5.410122905225023260e-10
1.749879685597477419e-10
-1.687189138399602939e-10
5.757774257375558591e-10
1.043757857921434606e-10
-1.716002340224065392e-10
-7.132749391125514649e-10
-2.475392113510110903e-10
1.293213869324461029e-10
-3.383365809739302676e-11
-2.848702385094270539e-10
4.717598534043077052e-11
1.377791075674039689e-10
5.920403611803237709e-10
-4.739566378253456946e-11
3.099402956507901763e-10
-2.109430408125945178e-10
2.359909490046163683e-10
6.945489322562892198e-11
6.523967477356507061e-10
-8.270292783940647041e-11
-2.691138423216443698e-10
-4.654058527453486249e-10
-4.117468588304973309e-10
-7.320880568428833612e-10
4.350357019067274678e-10
2.869900150859194810e-10
3.129838055393463492e-10
2.552391353827232479e-10
3.410009496995769496e-10
-1.408796690416380670e-10
4.092715610859443132e-10
1.194499082979305626e-10
-3.073539339704112194e-11
5.673322922561396808e-11
-4.770330797043698112e-10
-1.586425990574014122e-10
-1.819616818332647767e-10
-1.314652831041485115e-10
-4.570634704048615049e-10
-3.989606423004943281e-10
1.223937895478144355e-10
-3.052136876569022661e-10
-2.322884801175817415e-10
-5.105104672331606253e-10
-1.249815251291863660e-10
-1.605142962990413480e-10
5.147660075977000815e-12
-1.232172697207545298e-10
-4.437146483571297040e-10
-4.076305126776702537e-10
-1.023387485865612234e-09
-5.285791804254813542e-10
-3.516693186655928116e-11
2.132197474136177107e-10
-3.670180132031575226e-11
4.137935827319694226e-11
-1.084436984655212655e-10
2.622400629981314069e-10
5.696723093251421233e-10
-3.920376800969904707e-10
3.662749825661393288e-10
-6.449457634616351243e-11
-2.534015497435149200e-10
5.454927620718308390e-10
4.443782564145237757e-10
-5.891267473856487413e-10
-2.866551440661169181e-11
-6.358048532106863604e-10
-5.668854274887280553e-10
-2.222587669464815008e-10
8.665278217190319765e-11
7.222969444775628745e-11
2.055972059267219265e-10
-1.609389288503848547e-10
6.134240337907215235e-11
-1.079862033126488541e-10
-7.265681389867495454e-10
6.831949450614160924e-10
-4.643065654175160262e-10
-6.699295562739848720e-10
-2.622210781844103167e-10
-6.490938342373908654e-10
1.407424177202187821e-10
-5.695490606916209231e-11
4.117392538027786486e-11
-2.211790750550335360e-10
-1.437054641950652467e-10
-4.109934059748354684e-10
1.652729342271896940e-10
-4.652885021716457459e-10
2.342402660726605745e-11
-3.237093648689182146e-10
-4.253431981626754066e-11
-6.298901400469958389e-10
-1.802675647644136347e-10
5.753191811841418257e-10
-8.942088736141329264e-11
1.488565104512673543e-10
-3.532252268456659294e-10
-3.915507917895411083e-10
-6.243074945899707018e-10
-3.638339074463203815e-10
-2.484463190732810745e-10
-1.271645566625068113e-10
-6.172759525746585041e-11
-4.985618168307226483e-11
-2.760452977312866096e-10
4.624477190073861266e-11
-4.507331730074781717e-10
1.151371636920472952e-10
5.249662371475949385e-10
-5.610015230139708819e-11
-2.058961334761022499e-10
-6.597858370760434354e-11
3.334663933873827091e-10
7.811254976175519005e-10
-1.475968097741642282e-10
1.519676745553866226e-10
4.195707670184845028e-10
-3.541990034605646542e-10
-2.862779457935005212e-12
1.620755474274204744e-10
-1.800584958910889100e-10
4.543392884137631427e-10
-1.838914853724560317e-10
3.788283853278784363e-10
3.134843495899986010e-10
-1.192367732327781482e-10
3.310099069842031838e-11
-6.593740831117855805e-11
4.132631736819547541e-11
1.051404241447784216e-10
-1.713731934138706947e-10
-5.249643775240286914e-11
-9.043980564449327630e-10
-4.050778323883008625e-10
-2.171202800882454653e-10
-3.203565884790648965e-11
-1.079901723599618890e-09
1.030633911547340631e-11
3.806259751826246429e-10
5.490000121177729397e-11
-3.519483038338933056e-10
-4.039497208951914331e-11
9.819997592863671798e-11
-5.727918694908851194e-10
5.599105623588229719e-10
-4.067099435012266895e-10
3.117339719693745792e-11
-3.290642203168658853e-10
-3.357907840673135524e-10
2.891141492877835617e-11
6.594319534869441668e-11
1.684361539133760743e-10
-4.189569802193204850e-10
-1.024583057285255450e-10
2.658114561793212260e-10
3.180572472061271583e-10
-1.070290522875438910e-10
-4.357646188335451143e-11
2.881311855773560637e-11
-2.342915306208226411e-10
-3.586949626210866882e-10
2.544353061573190189e-10
1.809480482117820088e-10
2.030353801751871856e-10
1.484194850354114692e-10
-2.578331992353355417e-10
-2.455630143671783117e-10
-3.896857836416245391e-11
2.131284593254179072e-10
4.751675164449409294e-10
3.305251905505457444e-11
-2.711043334269191973e-10
-1.819104589184661336e-10
1.830500750976682411e-10
-1.612110583915082884e-10
-6.822327425215490848e-12
3.956579508468394124e-11
4.202875547587581195e-11
-3.188136143972286618e-10
6.390987739024467373e-10
2.263292053772403278e-10
9.260725519766310754e-11
-1.719115405585114331e-10
-9.433774594835853122e-11
4.597305314213429028e-10
-2.392441245113730020e-10
5.703963690262270347e-11
-3.435410012020412296e-10
-1.433482915702555260e-10
-5.342185582790648368e-10
-1.921094811008217107e-10
-2.025806189465129137e-10
-1.517018316521401289e-10
-3.397619963152465061e-10
-8.530629674874390389e-11
1.397887916532170038e-10
2.614642113929477318e-10
4.178404844346061964e-11
-1.945374694667378890e-10
-1.222002221634710395e-10
-4.596584224358934989e-11
-2.242589308698583750e-10
-7.357973952348828561e-11
-1.079865363795562416e-11
2.594365555719235772e-10
-1.624354262208527189e-10
3.326889319588133276e-10
-3.291467376431711500e-10
-6.279643471884810424e-11
2.097964024727616561e-10
7.803416246510153087e-11
-3.110854351895397940e-10
-1.069372090878317749e-10
5.323964602510500299e-10
3.305496154570874978e-10
2.333813697852349378e-10
6.182335754445489329e-10
2.178731639546072074e-10
3.670750509110476401e-11
-1.529125159827060543e-10
-5.266936886627604508e-11
-2.245385682941858363e-10
4.977480094758846008e-10
-5.998997132383721009e-11
3.353752553447719720e-10
1.188428522258533349e-10
-8.559770947602629576e-11
-8.969219811305606527e-11
-3.947239479717978838e-10
9.558737135151318398e-11
3.128534653562553558e-10
-4.036252443384569233e-10
-4.547748566618992072e-10
-4.410484130690228710e-11
8.328410183722212423e-11
-4.623010585458331434e-10
-7.507652832750011385e-11
-5.349024001510827020e-10
1.809403321617608640e-10
-1.014491129991412777e-10
-1.168334040624330328e-10
-1.047269632126202055e-10
-6.730659085629753235e-11
-9.112288701373927324e-11
1.185479353571494698e-10
-6.151835985068743184e-11
2.824657174826938899e-10
3.987728897092424063e-11
4.042247092606032766e-10
-3.516239521772490662e-10
1.461201715180493466e-10
-8.392532502288219121e-11
-4.137569176165811768e-10
7.420847825123644270e-10
-6.320406004123313437e-11
2.376439045548295326e-10
-2.364230478058004792e-10
2.716763758403573092e-10
-2.852824088073191433e-10
-1.366966262406066335e-11
2.864897485910233854e-10
-4.975490019987205415e-10
-1.601732774192399233e-10
-6.849666389641129172e-10
1.050294989868305606e-10
5.170452954672555279e-10
3.493545730481883993e-11
3.326343644971530011e-10
-1.854787157196113867e-10
3.820183752667460908e-11
-4.710243306504935390e-10
8.685357988369446502e-12
-2.825332190425910994e-10
-7.328377904514127295e-10
-7.191533479833367437e-11
3.514694368877968600e-10
2.198339288383976964e-10
1.572314084485881835e-10
5.489892429544340757e-10
3.030861117636618474e-10
-1.515540332119869049e-10
-1.340676458738698784e-10
-4.441010892364261053e-10
1.094830059944484901e-10
6.806842867135287634e-10
3.259893466278640517e-10
-2.310338725886040834e-10
-1.557522583128800875e-10
-2.959968381510691415e-10
5.013829906808098258e-10
1.821255091183360264e-10
1.689425960238466473e-10
-8.104912574413702941e-11
3.527874659070562302e-10
-2.673328780566919249e-10
6.200871066619484395e-11
3.547327986908044295e-10
2.729737547113586515e-10
3.028395867410438314e-10
-5.236191480406660048e-10
-4.590329505393953013e-10
2.124563719396732608e-10
1.326273257884480472e-10
-3.591194008834008855e-10
3.002248727401735096e-10
6.890628068134674322e-10
-3.121499170255503941e-10
-2.352783246006850959e-10
-7.841264304531136986e-10
-6.236778871127057755e-10
3.677274040825295742e-10
2.930478637530598007e-10
1.928510129367566606e-10
-5.258971036425919010e-10
3.328805286972880140e-11
-2.120756625867414868e-10
1.014797065823636046e-10
-2.838789620041026751e-11
5.094873412048173122e-10
2.830255474428611251e-11
-5.431141647527226723e-12
-5.185689100350998615e-10
-1.170840924213933931e-10
-7.583885741624385446e-10
-1.720958098250235935e-10
-1.218146833403821461e-10
-6.437103627909834813e-11
-1.704957702797216257e-11
-1.900938573218269312e-10
-2.024852369109098049e-10
5.958041837672567453e-10
-1.514139369440670180e-10
-3.430474238008685006e-10
-2.228833784201356139e-10
2.209780414208495358e-10
-3.281766525198293039e-10
2.683445687878815988e-10
-4.995141522634582998e-10
-3.480232491082091428e-10
4.153888344404776944e-11
2.436196244737232064e-10
5.283610216011425109e-10
2.028505974305261361e-10
-1.635072216510380372e-10
-1.677461641813593474e-10
1.053283849028474606e-11
4.127870267822686401e-10
-1.722088027733548188e-10
2.675845656163744479e-10
2.566159507111365201e-10
1.937880411695402927e-11
-5.813179937419477028e-10
3.480323251814354535e-10
1.550239103753625614e-10
-2.866049619854038610e-10
3.738028220290345871e-10
-2.643485430553482729e-10
1.940004823453023164e-10
-1.693075124542531285e-10
-3.190379627149297903e-10
-9.328199324087904643e-11
-1.615825251377600580e-10
1.275487215846027311e-10
-1.359065082695565252e-10
-3.465335518537671078e-10
-3.510318702382164702e-10
-1.157126963691190724e-10
3.973476825347432850e-10
1.794584064684912050e-10
1.283248507455425624e-11
2.308029878328454743e-10
-1.117809178552420235e-10
2.080794217484971398e-11
-6.406161157102019388e-10
-8.720221766900237981e-11
4.039321654936145478e-10
-4.688007204656230442e-10
2.948238320144014324e-10
5.735529828854168954e-10
2.103263674335664746e-10
-7.377466693103684747e-11
5.203446007406853369e-10
-1.925120479695507925e-10
-5.381113332703080232e-10
1.303420149589840094e-10
-5.495467414462495981e-10
2.297140117013540817e-10
2.136579801970128756e-10
-2.887180217125973059e-10
-4.322656121935608553e-11
-7.812158558939685804e-11
7.005471203136437452e-11
3.152493543989720592e-10
-1.390300513604003640e-10
-2.998288006761384850e-10
-3.592243169592279628e-10
7.761415121709802634e-11
2.024133638478531338e-10
2.360632522790950816e-11
3.599690545641465178e-10
3.089701272607214833e-10
-3.890928135241722430e-10
