-3.923055977295142327e-11
6.307723232623629883e-10
5.196129082563061274e-10
-2.086693734471012363e-10
6.684958142599839448e-12
-1.668516297348432431e-10
2.344509586471588136e-10
-1.607347310805806728e-10
-4.674650111446965184e-10
1.010767441966820002e-10
-5.832320737475527039e-12
1.241400870988229599e-10
-1.228286222731966859e-10
-6.865198409755635112e-10
-1.335768856636221358e-10
-1.953603945281656706e-10
-7.519590505822293380e-11
3.299377715482165740e-10
1.039785618717203874e-10
3.451206265214779023e-10
-9.961156899329637326e-11
-1.258310955432051514e-10
3.962674632873586233e-10
-3.239914447838998512e-10
-5.030727501242893140e-10
-3.531346326468565167e-10
1.579183173117115757e-10
-7.424840742231708646e-10
-3.819886074118983288e-11
4.737003012067475538e-10
9.424035163352328937e-11
4.970292510897422744e-10
-1.017480405485216011e-10
-4.998163549707612674e-10
1.114303094240653991e-10
-1.506562652409115799e-10
-1.617360828598535250e-10
-2.799190323976574746e-10
-4.907622641603381908e-10
3.199270848242008469e-10
-1.178280667479825183e-10
-4.144558030105827129e-10
-4.909075229653225847e-11
4.259240182769019611e-10
-4.056986413480956344e-10
-9.005513001980602894e-11
-4.614219839549349444e-10
-2.207052596236991349e-10
2.411976174343521961e-10
-1.216862444142208233e-10
-3.599984893520868923e-12
-2.965237222429806252e-10
1.575013175436623669e-10
4.130008834923870609e-10
-3.223926126061371633e-10
2.382667396716442454e-10
1.009417549546753889e-11
-5.025637545008621032e-11
2.061570358868891617e-10
4.262289410306152604e-10
1.898954049561751845e-10
7.612899755038426974e-10
-2.009602484420724977e-10
1.400049520761115218e-10
3.423918371048273457e-10
9.428877123518475400e-11
2.652064123864761314e-10
5.049329010464731482e-12
1.073632432957438709e-10
-4.292193822585943508e-10
1.058734905301506046e-10
1.923127629366305769e-10
-2.577969782091571460e-10
-1.878715794045859866e-10
1.078286973599240639e-10
-3.958529060099635899e-10
1.721303932722406671e-10
-4.496511218921028785e-10
-3.617339205952418979e-10
3.689343275325995819e-11
-3.932622977265154418e-11
-2.163455803394498389e-10
-3.928494474170207695e-10
-9.973549763842015636e-11
5.193050989227288028e-10
1.898170370884244562e-10
-4.616407811575129472e-10
8.872752532695926675e-11
-1.689594436582453341e-10
1.589307851990184872e-10
-1.578222552645058840e-10
-2.079286326450713318e-10
-2.905122253871184057e-10
1.084184131361354275e-10
-4.847298118448861715e-10
-4.466786107659714844e-10
-6.825315868042025613e-10
4.124284247453147145e-11
4.228027095098951804e-10
1.031950358498789910e-10
-2.762464701433486880e-10
-1.505293806269847323e-11
-6.033060717669513906e-10
1.883873057550999874e-10
2.308234436920741928e-10
1.323276765941017175e-10
-5.965530847085176447e-11
4.872238168474041231e-10
5.196126862117012024e-11
-1.087738579763630753e-10
4.304770429008897281e-10
-5.741600528352819310e-10
6.250545081520897384e-10
7.857223205398611299e-11
-2.648941621608003061e-10
-3.491530120580677021e-10
-7.484385333711429666e-11
2.126143150427139972e-10
5.257650426138127386e-10
9.367742692667491156e-11
-7.169194127243372350e-10
-1.002031235763922723e-10
7.076247920956291182e-10
-4.559190802666535092e-10
4.740421943871808708e-11
-4.946315579346105551e-10
-4.260272135070408694e-10
3.463475062304155472e-10
2.375822039102359895e-10
-3.059434372509883815e-10
3.511511081910612120e-10
-3.512368174085622741e-10
-3.815902316350872070e-10
9.865890049365333425e-11
4.187589164317273571e-11
-6.132080954124319305e-11
-2.868065229755245582e-10
-5.959543969424885290e-10
1.640993244067523449e-11
3.291786287995535076e-10
-1.889748357797316203e-10
-3.008976401375207388e-10
-1.993069320693763302e-10
5.160188942809895707e-10
1.629733709096470307e-10
-6.872081237396798770e-10
3.533439374425739743e-10
-1.228421947496727284e-10
-1.558272955115569403e-11
-5.137400505006439744e-10
3.468109133208940875e-10
-2.685292821436036093e-10
-3.653959357308167455e-10
3.939704673605604057e-10
-4.052773117102503875e-10
-5.796830793158846973e-10
3.176179597108585995e-10
-4.026118327615790804e-10
-4.021249999652809493e-11
-2.861991199587521351e-10
3.544442517267043513e-10
2.913893570877235106e-10
3.872222820167081636e-10
-3.696477013370724762e-10
-2.148281275093921749e-10
-3.710352025620977656e-10
5.528026647549921790e-11
-1.078460765135957899e-09
-1.317746467499603114e-10
-1.250412967612746229e-10
1.382120529136443565e-10
-2.676970312087689763e-10
1.757427120496757311e-10
-3.587319052922310902e-10
2.511225116741400143e-10
-7.942330682020326549e-10
1.954146150451308017e-10
2.824755152008862069e-10
-4.074973136702908505e-10
2.960383049810388911e-10
9.275855084034390075e-11
9.170676718017745088e-11
3.237202172989839255e-10
5.239170208781729343e-10
7.735437290712354752e-11
3.626037525794600924e-10
4.671705244874146956e-10
8.225699565933553004e-10
-2.269946730582006467e-10
2.134872695291889499e-10
1.971145746626490336e-10
1.837861945963581434e-10
5.080092457809826101e-10
8.747435553679849818e-10
-2.344195115799863061e-10
1.310561104084229100e-10
1.086648410142387888e-10
-6.484791037486559162e-10
-3.515268631737455962e-10
1.657707304758559985e-10
6.501584826068551592e-10
-4.333573222492503874e-10
-3.296824480081284037e-10
4.749316495633593149e-10
7.503480614623470046e-10
-1.544084859972372215e-10
-1.703728547131078130e-10
-3.212434762644988950e-10
6.536349239638639119e-10
4.345498960667271149e-10
6.822420406393803205e-10
4.793482277776206502e-10
-5.397946534202446855e-10
7.302003446341132076e-10
-1.316958764263631565e-10
5.090997068357694388e-10
-9.627310060267291192e-11
3.064500042615492248e-11
2.296886847386048203e-10
3.197946074617874501e-11
2.898133399931168697e-10
-1.704481000786017830e-10
-3.379549418092153701e-11
2.759512063299496276e-11
-3.000674708708572780e-10
-2.867822368468608829e-10
1.029953899944757723e-12
1.884448708189268018e-10
-9.068973350068176842e-11
1.287982775988183448e-10
7.418173852968834581e-10
4.413771015343570525e-10
2.683591404650798040e-10
-2.554816358468769977e-10
8.283700392297532744e-10
-7.428446746615691154e-12
-5.809906444831369754e-10
-1.539427474384069683e-10
6.142656938656898546e-10
7.419472675129767936e-11
-3.156782613089603728e-10
-1.058708815060427355e-10
1.861026055482994934e-10
3.859838282327388015e-10
2.443912572314133058e-10
2.070057181224882470e-10
3.756469579840882034e-10
4.723439417375630001e-10
2.412354205283406827e-10
5.744806852447936762e-10
-1.086584711096350020e-10
1.612678185436422496e-10
7.805270318961277098e-12
9.996126149047768195e-10
3.365764333906895445e-10
-5.483520859606016984e-10
6.085643100561810570e-10
6.247766193290260617e-10
3.098235556997508411e-10
-1.659432591338827478e-10
-4.932725339301669010e-10
2.293364942396181050e-10
-1.112588771112754671e-10
-3.376242618813307672e-10
-3.780110668927250117e-10
-1.819747269538041223e-10
2.406833343737702080e-10
7.165864568392521505e-10
-4.836769873506341355e-10
3.989093222411810302e-10
4.371591977303523890e-11
2.084940137203616928e-10
5.838071137631573038e-10
2.379566543808664392e-10
-1.558269902002251683e-10
-4.406431053372017459e-10
-1.162853840996902477e-10
-7.662864787150169832e-11
4.034909906192041262e-11
1.672052496459741633e-10
4.400145803273858292e-10
-4.808539677547685187e-10
1.986355524508098824e-11
2.346659255803018596e-10
-4.046995516482354560e-10
-6.180789213772186486e-10
-8.706761700505438739e-11
5.501984978728557962e-11
1.652776665528321587e-10
-3.890433530884251923e-10
-1.516906045218036070e-11
8.518437066840078842e-10
2.746086968929972727e-10
-6.110076333776248703e-11
5.707841976843042175e-10
-1.218335987651641972e-10
4.456657265450303385e-11
-2.778690055826871230e-10
6.302431354576754075e-10
-3.867531572776528037e-10
-9.010323598346303697e-10
4.148657459235316480e-11
7.163662996134689820e-10
3.156399031034595737e-10
5.566585525862421946e-10
3.904042644720107091e-10
2.673677390596651549e-10
2.508826757452453649e-10
2.449571934182159794e-10
1.234131130622984074e-10
1.391289305985310421e-10
4.207008352796748341e-10
3.162051731564474721e-10
6.010582587201440674e-10
5.475986331049398359e-11
-2.768119067297902802e-12
-2.785887909251272276e-10
-4.194575242699727369e-11
9.768026387746431283e-10
-6.392165963209350821e-11
-1.969167190418730229e-11
3.253529945457245276e-10
-2.327935899604227643e-10
-3.779527524283565754e-10
3.263837533573621386e-10
-2.736527393576437817e-10
1.708484187457059988e-10
3.111137458766677355e-10
1.904234686600503323e-10
-1.161511303804374506e-10
-3.548382143669925881e-10
-5.345935361056319834e-10
-9.350411556141580149e-10
-3.653728430919045422e-10
1.289698764450619706e-10
-9.257255378924966749e-11
3.439443868602509724e-11
5.296871274929060291e-10
-2.079520722286787304e-10
-4.505099071572260527e-11
6.135289498665486008e-11
2.023530926154037957e-10
2.683139266324019445e-10
-6.377761652132107884e-10
2.329528792088808586e-10
5.606433650662268064e-10
-3.577722007541694893e-10
-2.738045901118368874e-11
2.616516447950800739e-10
-2.613578797827642575e-10
-8.077160051911391747e-10
-9.168588110952669012e-11
-1.392375797992784214e-10
6.974834043660393945e-10
1.961041051767864474e-10
3.625427180686813244e-10
5.794612012444133597e-11
3.860166353231164749e-10
-5.118504509127319579e-10
4.636194483875755168e-10
2.764610207428574995e-10
1.163182883345825758e-10
1.321126819053830559e-10
-9.894697561296794674e-11
9.911687443020511523e-11
4.380446561036421826e-10
-7.019033687605258365e-10
2.139703830783545868e-10
-3.493924871644793484e-10
2.407567478712735465e-10
9.043632509531107644e-11
4.889753046910527701e-10
-2.174946334143612603e-11
2.059444004220978286e-10
2.745517424518340022e-10
-5.446904038919342383e-10
1.588593145918082428e-11
-7.192482720519421946e-11
2.568915635769997152e-10
2.713178015589789993e-10
-2.052431835597445797e-11
1.722899045653036865e-10
-3.078688415314445592e-10
8.955543251421005380e-11
-2.011370237031684383e-10
1.780723069000345049e-10
-2.907925011896850265e-10
4.456844338029952723e-10
-1.410916106170390094e-10
4.738388570402207733e-10
2.814652122484773145e-10
-3.108729107470509234e-10
2.098790030657937677e-10
-2.664464759938312000e-10
3.358382183460406623e-10
-2.119937558830997659e-11
-1.180595760041924791e-10
-6.117395479066090047e-11
-1.145720324169374749e-11
2.727005565805740162e-10
-7.495235543331091321e-10
2.896785589179273757e-11
-6.707827349128336891e-11
-4.464839331586034632e-10
-4.929431307587606170e-10
-8.289077757517304690e-11
1.220751832953226312e-10
1.734584004209338559e-10
-2.779648733408635053e-11
2.940454824074123508e-10
4.442340939547761991e-10
6.199829538644507920e-11
-1.461814558290086552e-10
3.058883146778157425e-10
-2.727172376815190091e-10
2.416103705993322137e-10
6.102970906418647701e-11
-2.606324878140497958e-11
-2.720711989034896305e-10
1.104871610868585208e-10
2.455758651986883478e-10
-6.691350251664118787e-11
-1.836445578939915890e-10
-1.632043389321324867e-10
4.515920970504794241e-10
2.591753200942292779e-10
-2.378024444027460049e-10
-5.545954806507324975e-10
8.479635882352454246e-10
1.589726128514712400e-10
-5.131063629537635506e-11
-1.050068504371282074e-10
-2.255061554157222758e-10
-6.927122764288640155e-10
3.566897055495843460e-10
6.382964157225501367e-10
-5.703696959180604154e-10
1.649891195887320805e-10
-1.384148351490921414e-10
-6.449597800273210169e-11
5.957264681555329844e-10
-1.008077579744970365e-10
3.844601026425920054e-10
1.956494410926268301e-10
-3.472684639849177302e-11
1.966238144524012910e-10
4.341235704252710548e-10
2.439422552846792769e-10
2.435306678538751157e-10
-2.502059670561607163e-10
2.761437745135708610e-10
2.811358923437978774e-10
2.154291606215608113e-10
-1.660935833314169940e-10
-1.137958477448464123e-10
-3.100712464565447135e-10
-4.821625876338941907e-10
4.273051357195356559e-11
1.360311585596463146e-10
-2.867237003378875215e-10
2.116968822463149991e-10
-3.641326407066713955e-10
-6.355819204273416290e-10
3.048230834412635204e-10
-2.313414182442130596e-10
-5.654560153445231663e-11
4.308410850306643169e-10
3.668113868204869732e-10
2.139374649656744509e-10
-3.866126307983108745e-10
-9.080258767113491558e-10
-1.605008764782311914e-10
-4.203818126935487953e-10
3.241865109693264912e-11
-6.365119542550701226e-10
-5.359615529165751013e-11
1.166067797875314227e-10
-1.908386643156845253e-11
2.541619692486563054e-11
1.386400577674251622e-10
3.709038076671333783e-10
3.271653226111226331e-10
-2.049819342042624726e-10
2.069579230212781340e-11
-6.091341320235699186e-11
-5.190148311129405556e-11
-1.684836159476787998e-10
2.540650190230309136e-10
-1.000845864518318251e-10
-3.335955400807222304e-10
3.426745276424725262e-10
-6.589012668811733420e-11
9.441995796333202406e-11
1.226159590528297372e-10
5.465407570959257555e-10
1.385963566136183545e-10
-3.928972425182308825e-10
3.227639822078742782e-10
8.486554237130405909e-10
-5.803105912471906436e-11
2.166585522100916705e-10
-2.522011210981389695e-10
-1.319087894469106459e-10
-2.171046814547494819e-10
1.924991277491017172e-10
2.557408451675513561e-11
-5.621072496353463066e-10
-9.411638135503608282e-11
-2.578507130035490036e-10
1.667605289967788451e-11
5.470013331176915017e-11
-2.307306012916399141e-10
-5.186090445974400609e-11
3.494200762066412835e-10
-3.282527721859551662e-11
3.734182407733044329e-11
6.177609812585416194e-11
-5.001771774537644433e-10
-3.882461574455930986e-10
-3.817392513205675186e-10
-1.895593404466211496e-10
1.336423194331359809e-10
4.803781261664141766e-10
2.410834865074207300e-10
4.084020344130578906e-10
4.892161675762451978e-10
6.552748343935377306e-10
-2.163608736616140504e-10
-6.804268815052694208e-10
-2.316511565902956704e-10
-8.301792586706824295e-10
1.584535835874589793e-10
3.929627456766837668e-10
-1.235866686766229350e-10
-7.227015652588875128e-10
5.774819511472628619e-11
2.041318225565191824e-10
7.164157045380648015e-10
8.712764953955343117e-10
-9.180657623009125246e-11
7.370672128192978789e-11
3.566424378043109300e-10
-4.259781416493524375e-11
4.155321642329568022e-10
-6.249709638694866953e-10
-3.188045938351535824e-10
-1.663765930581817543e-10
-3.365729639437375909e-10
-4.764714178762119445e-10
-1.642995461903495880e-11
-1.898459167648525181e-10
1.419797612811635190e-10
-2.198663473507167510e-10
1.858683207345279698e-10
-2.923974395940831528e-10
2.902386664338507671e-11
2.053303638227532701e-10
-1.599148036213193791e-10
1.581300229647197853e-10
2.438888258016191912e-10
4.633580741320031393e-10
6.429895504922455984e-11
-2.395264264709595636e-10
-2.116764402648740884e-10
-2.059149933897330698e-10
1.372439106805956044e-10
-3.239443158165045134e-10
-2.506511942446110197e-10
2.186799491488145009e-10
1.560593598792792136e-10
6.179142753026667378e-10
4.798488273394241332e-10
-1.083595713158302942e-10
2.724361014561083039e-10
1.828075191223632601e-10
-5.095101562879733592e-10
-2.146233468725000648e-10
5.417551407482790182e-10
-5.342798425900241455e-11
6.822613585200087982e-10
2.797961307088314697e-10
-2.157722750473212159e-10
6.753203551923547820e-10
-1.225940737814568138e-10
-3.876269860647596488e-10
-3.437479190182557431e-10
1.068727883968279002e-10
4.752849780409462710e-10
2.011373290145002102e-10
-3.812631807487143476e-11
4.577578316400376934e-10
2.774541429939603177e-10
3.941948434338371499e-10
-4.185798929690065506e-10
-1.498867835403316917e-10
4.645031581596015258e-10
1.017628203925369235e-10
-2.644272578677941965e-10
5.640798939055002847e-10
2.154587203095914560e-10
-3.080151134149389236e-10
-7.880214258904061353e-10
-1.464020016328504425e-10
3.410539073378515695e-10
-1.609056221596461000e-10
-4.075660087199395321e-10
-7.505579491251523905e-11
1.172268115912089570e-10
6.754679593434786966e-10
-1.466385762816102556e-10
4.785246643379537090e-10
-4.165109368514663402e-10
3.405071224982236799e-10
2.114131092412208091e-10
9.196947092782181699e-10
7.137290758407743851e-11
-2.996808912136827985e-10
-5.856875540111161627e-10
-5.525386814753119324e-10
-7.868963258772510017e-10
3.658500447034640501e-10
9.411748463916680407e-11
3.039220264344777434e-10
9.534295575264195577e-11
5.246035272854498999e-10
-5.526127888622056616e-10
6.561380327951837899e-10
2.119789899168722513e-10
1.682656791679448816e-11
5.596301200228026573e-11
-6.538471986061722419e-10
-1.554613937582161043e-10
-3.687598837398553542e-10
3.037299856067932069e-10
-3.970485051851824210e-10
-6.187151901926313258e-10
6.491827908572389561e-11
-5.731959906718486764e-10
-2.338977900251393294e-10
-6.420212139701675369e-10
-1.940008709233609352e-10
-2.183137975952931242e-10
-1.489153939049359110e-10
-1.637300850454437295e-10
-4.548402210424740133e-10
-3.589621933031139633e-10
-1.211374556220334853e-09
-6.922200035397452211e-10
-1.438035246437152637e-10
1.464484089552797741e-10
-7.646822758333726711e-11
-2.656115605237374666e-11
-1.872098864819093933e-10
1.914009922776571671e-10
7.083409969688148067e-10
-5.206600706131325751e-10
3.596826170237932274e-10
-1.211949152146729602e-10
-2.699314383125539507e-10
6.320945988846915498e-10
4.321384361460900436e-10
-5.049944351576129975e-10
-4.712381873606119598e-11
-7.345639652100999228e-10
-3.785366742281581764e-10
-2.830050638280567910e-10
6.296038690400962423e-11
9.027411457251943716e-11
1.010825242953039549e-10
-3.196388154158569250e-10
-1.185011810900249429e-11
-1.346918965250409883e-10
-7.822228975662426365e-10
9.427478797618960016e-10
-4.128938579928131958e-10
-8.805476348072716064e-10
-2.198857762536476912e-10
-5.883438181086830809e-10
1.555800072106094945e-10
-3.450701391294330733e-10
1.190244847126820105e-10
-2.519383590637858106e-10
-6.598765978083065420e-11
-5.472481912072169052e-10
3.558952021975869684e-10
-3.898807943158999478e-10
-1.539734312272500460e-11
-2.723776482138617894e-10
-1.666134452626977236e-10
-4.963817135106296519e-10
-4.082877369526727307e-10
5.627994181800488604e-10
-5.298336075432175107e-11
2.475768479115458831e-10
-3.684407223758512373e-10
-3.571532514179409645e-10
-8.070752399724767656e-10
-3.792020863979672640e-10
-3.023094274912097035e-11
-1.342240901758273708e-10
-1.122093112870814480e-10
6.257715873259073192e-11
-2.366126183872552247e-10
6.844150246543279081e-12
-5.010215575751431061e-10
1.137953481444853310e-10
6.683083531022759871e-10
-2.014405031669497248e-10
-4.372440742805849823e-10
7.937619311837451619e-11
4.274730291964345952e-10
7.459153295030773734e-10
2.137162322113361768e-11
9.050978022617783836e-11
5.008231052094913593e-10
-4.128805075609420783e-10
2.300812318445366600e-11
2.615709870923410563e-10
-1.305107688587270331e-10
3.151560679093279305e-10
-3.262309311580224858e-10
4.377164186664117551e-10
6.219593173817372644e-10
-1.254926718097237881e-10
-1.124119825002267703e-10
-1.436392671472219718e-10
1.286418055412852368e-10
-5.700456773283235634e-11
-2.273272542430149201e-10
1.504929514339892194e-11
-9.191708505440487897e-10
-4.936120956422485051e-10
-3.109349999697030853e-10
-4.760940253145662382e-11
-1.253179116034175422e-09
-4.967373734565683208e-11
6.562254073472217897e-10
-1.191943765910252750e-11
-3.053705899258574163e-10
1.410414146585381445e-11
2.671264320852628771e-10
-5.663409741174518786e-10
5.210283315904007395e-10
-4.983865542484977595e-10
5.697348148814285196e-11
-4.326941582810661657e-10
-2.737276516562303641e-10
-9.008083168282610131e-11
-3.124006608956619857e-11
4.431359446055438411e-11
-1.744983879614636635e-10
-1.441355368392294167e-10
1.666033144775980190e-10
2.366731255420972957e-10
-1.454402431821932851e-10
-6.938516428078855824e-11
-1.498102336627837872e-11
-1.017374101630608152e-10
-3.544402549238157007e-10
1.671406346659409792e-10
1.906442642640726604e-10
3.094174916284941901e-10
1.038962804678078555e-10
-2.485681105390824541e-10
-4.123903440955700717e-10
9.903632081087465622e-11
4.302966316593881402e-10
5.629864907596981993e-10
-2.411727484386005926e-10
-2.844765256693193578e-10
-9.233329378854904235e-12
3.763075684393157871e-10
1.868581678277081437e-12
2.277622535018508643e-13
2.550658573241548766e-10
1.642975061555418392e-10
-3.896351019605504007e-10
1.040799002538506102e-09
1.377432612414963842e-10
6.337130126210510639e-11
-4.500865513623608649e-10
9.354075847234355479e-11
5.043767625778627917e-10
-3.205871124123405025e-10
2.970725887507796870e-10
-3.802826387122593133e-10
-3.740276144359455657e-11
-5.337869035670905760e-10
-1.147514375188229963e-10
-1.839412094861714309e-10
-1.558517204180986937e-10
-4.486377380708006513e-10
-1.845312652681840859e-10
2.931481724033346836e-10
3.855554209231115692e-10
2.509126240113346284e-11
-2.432883894343262909e-10
-1.659486159599765642e-10
-3.493203226678787132e-10
-2.792336362134051342e-10
-1.367007201880099387e-10
5.461386898275577551e-11
3.017380789671619823e-10
-3.775963985930275157e-10
3.794129732614948125e-10
-4.384770047050068342e-10
8.395700801244743161e-12
2.877896254638301343e-10
9.564923852956042083e-11
-5.588546292401019855e-10
-1.979898467396878914e-10
7.645922783794389943e-10
2.965468981486196753e-10
2.682168376288984746e-10
8.422839092858680488e-10
3.035481865865108375e-10
-1.040565134058368812e-10
-1.814960404189491783e-10
6.059835966354398806e-11
-2.075172256255086722e-10
4.002264075708694691e-10
-8.857847788590333948e-11
5.465129460091588953e-10
2.219409100945313185e-10
-2.300640233876549701e-10
-3.306352414078617130e-10
-2.977517676860941265e-10
2.117512276633704005e-10
2.732318260534327692e-10
-4.337106507268373434e-10
-5.023615967658656700e-10
-1.147102482446094029e-10
1.087596263049661616e-10
-4.600150815825543305e-10
-7.026600135073834963e-11
-4.731745550934363109e-10
1.346931455259436916e-10
3.292881245453571637e-11
8.440328991277112891e-11
-2.811718635697957325e-10
9.410042189905709620e-12
-1.253033232728739677e-10
1.531532400900204038e-10
-9.725391325599019865e-11
1.980105523990971506e-10
1.729655585425149411e-10
2.327148335146134173e-10
-4.126949337823759834e-10
1.167396596057912461e-10
-1.203304678121241977e-10
-6.333185087470383223e-10
7.413398228628409470e-10
-8.958316033425006708e-11
3.699885398056323993e-10
-2.544457700093261110e-10
2.770513263250506952e-10
-4.760798977265778831e-10
3.110418311802476410e-10
1.781961245228558255e-10
-7.535432833272182052e-10
-1.875959942942984071e-10
-7.789997535923021132e-10
-8.515688154631106954e-12
6.939076535594779216e-10
1.245927250259626362e-10
5.291078686298078537e-10
-3.651745572597064893e-10
-1.049336451064419862e-10
-6.980750422158621404e-10
4.543469767082086719e-11
-3.899034428656023010e-10
-8.199597112401590948e-10
-3.047316010640344075e-10
2.481289063105407422e-10
-1.476507804909488186e-10
1.012137387790268406e-10
4.271238640551899834e-10
3.047280761059312226e-10
-3.324758524048121444e-10
-7.039847871315174643e-11
-4.938963682477037764e-10
7.982720040544677431e-11
6.431946641960450961e-10
5.607192488099599359e-10
-4.531307828958830441e-10
-1.611683148050602199e-10
-4.322238122966837182e-10
4.165787437226953216e-10
2.130171317116236196e-10
2.729899639675181788e-10
2.474204174873761986e-11
5.037142369879177295e-10
-3.179149998810970601e-10
1.079692585337355126e-11
3.535143289212783202e-10
4.839593725769475441e-10
3.905588907837653778e-10
-6.260053031503787224e-10
-7.433673121504114079e-10
2.453644509792241024e-10
2.006291799361292760e-10
-4.336265235771463722e-10
2.641056262575602886e-10
8.855595701184881818e-10
-3.283199823123084116e-10
-2.452316683054789337e-10
-9.224914165884001704e-10
-9.293361635798191855e-10
6.501350013898843372e-10
2.428832135414893401e-10
2.925629530303730519e-11
-5.536442415632336633e-10
-6.534946889180659468e-11
-2.934357479222882148e-10
6.766721905027139883e-11
-1.031693341868589187e-10
4.973602085733830336e-10
8.988851329938540857e-11
-3.013336247192910378e-10
-6.044555966866482777e-10
-1.421525952505220403e-10
-9.349953034032409960e-10
-2.451269742742567814e-11
-2.061589787771822557e-10
-1.666028703883881690e-10
-6.780553202245798161e-11
-1.936149712777890386e-10
-1.723242937234914507e-10
6.471561619925125797e-10
-1.245809011507503783e-10
-3.419228511436500639e-10
-2.249658931363640590e-10
1.331816740224311957e-10
-3.808589832399178476e-10
3.559490480142812885e-10
-5.744335007662471071e-10
-4.281573151576623104e-10
7.754425573880396882e-11
3.299440998194569374e-10
5.458742347030920428e-10
2.298887608054300813e-10
-1.519164377628001716e-10
-1.940763660890354458e-10
2.997441184149352011e-10
3.354309885406081548e-10
-7.635640730807580212e-11
2.537691723425439250e-10
3.449655144871499601e-11
1.665578508447396189e-10
-7.168286519920741284e-10
4.247386886646609128e-10
2.233837836929097875e-10
-3.030731221542737330e-10
7.093460263618567296e-10
-5.905569089303952524e-11
-3.058774067365988003e-11
-3.173737939121679119e-10
-4.808334286288129533e-10
2.538390608819440786e-10
-1.762017198814191943e-10
8.884418201127175507e-11
-6.657131790266390681e-11
-3.810025628325774960e-10
-2.851915092971779586e-10
-1.720485837131136009e-10
3.093714173729722461e-10
3.257700775805005833e-10
-2.040668328762151873e-10
8.057883527090581310e-11
-1.677035316172137414e-10
-1.441844976746153861e-10
-6.737576052628924117e-10
1.470604749087556229e-10
4.457651747724611369e-10
-5.348167464447328712e-10
3.064596076907122324e-10
5.939423952661115891e-10
7.238115662389077443e-11
-6.905987587346729129e-11
3.601053899515704870e-10
-2.094308060307525921e-11
-6.231766769282387486e-10
6.474124014665960658e-11
-4.017476074036352429e-10
3.687422589493394298e-10
1.425988493952701219e-10
-1.950251210525166812e-10
-1.414745126604444181e-10
1.176103242572779095e-10
-2.695792755691428511e-10
4.860190583322321345e-10
-1.745425748378437447e-10
-3.093075240379050683e-10
-2.921698716296106113e-10
2.854900343907118554e-11
1.144338165892655468e-10
3.331672160378218450e-10
4.940151621113386682e-10
4.222553973143305939e-10
-4.249526563970817961e-10
