-2.320228210950237013e-11
4.939385567226395324e-10
4.752891413772886153e-10
-1.082100867244584208e-10
-2.023789885674531774e-10
-2.519824626734390449e-11
1.436046420666414747e-10
-8.106285087627895791e-11
-2.163690199230572375e-10
9.375266535327497763e-11
-8.013756325198073682e-12
1.421119333322451439e-10
-2.382438690773369672e-10
-6.169051935955849331e-10
-1.315113573596704555e-10
-1.474331629003344801e-10
5.807937464297197039e-12
2.382427866098879576e-10
1.116855913307901460e-10
2.017046391022958574e-10
5.688161053285512025e-11
-5.415939918762546768e-11
4.370325490388182743e-10
-1.422601342282447945e-10
-2.535404108883199115e-10
-7.218572961598113125e-11
5.886299780932802150e-11
-4.961521193891371695e-10
7.355207415349340749e-11
3.959046424029111222e-10
9.572843906457961793e-11
3.321763974994951241e-10
-2.148736327756139985e-10
-1.384517500646609278e-10
2.514500829775556667e-10
-6.229557147907627268e-11
-2.058940379301432699e-10
-1.153348389015818043e-10
-3.005188320415186354e-10
1.803428933966344516e-10
-1.030991680917026088e-10
-2.610596183671987092e-10
2.105680213526639477e-11
2.295113682437843750e-10
-2.319948122497805798e-10
2.310638139157994431e-11
-3.131718773197178507e-10
-1.832800022860681111e-10
7.826748971151431533e-11
-7.573966454010871985e-11
-8.835779330418347399e-11
-3.395883019230439004e-10
2.478021399188179430e-10
2.838692614304250128e-10
-2.241284380311014957e-10
4.060307645659122500e-10
-3.047181951210120587e-11
-2.054365150216952429e-10
1.355966727789592596e-10
4.437225309406045426e-10
2.148587835426596371e-10
4.771298911521171249e-10
-1.908463109767666310e-10
-7.587257211394415890e-12
2.660602016479884924e-10
6.885596259831316956e-11
1.491482493065632298e-10
-9.782986920559011423e-12
3.390419195392624374e-11
-4.576833911862365767e-10
5.405086100918055081e-11
2.168348139930387219e-10
-1.093090618020653437e-10
-1.630972995547708138e-10
-1.282083050835325366e-10
-3.879661036876314029e-10
5.001421499173375196e-11
-2.974263058064252618e-10
-1.664817311786137566e-10
-5.894236487780091238e-11
-2.317804975726645011e-11
-8.572752230318059219e-11
-1.107395841692948579e-10
-1.565267637726464045e-10
2.805698451346927413e-10
1.854156966851761013e-10
-2.493952544480038114e-10
1.536542004743068901e-10
-8.798227424389182261e-11
9.638902176423158608e-11
-1.342786576374876972e-10
-8.500722348259159844e-11
-1.617850992063907256e-10
1.706121216527023421e-10
-4.767823913454094509e-10
-4.259511354742784306e-10
-4.928601970988211178e-10
1.302638275024747827e-10
4.031435185680720679e-10
7.423139880557982906e-11
-2.107347907287504540e-10
8.597948047972536756e-11
-4.934562203295911331e-10
2.415999345029007372e-10
1.391047416143820215e-10
-1.848218800226675285e-11
-1.245198388843959947e-10
4.397683328605239694e-10
1.487683587431121168e-10
-1.374203667525719652e-10
4.786764873365711992e-10
-3.465954467873899603e-10
4.917443119367703730e-10
2.623598283069128456e-10
-3.423590855256009036e-10
-2.880644889291517075e-10
-2.756973815909447012e-10
8.606530071952889216e-11
3.786972124775189741e-10
7.100023347028638909e-11
-7.529202816769497986e-10
-1.836659990761546624e-10
6.046851352969895288e-10
-2.193961262664245737e-10
9.459046740323273639e-11
-2.490382344788599767e-10
-1.625176659914018273e-10
2.915302999006996743e-10
3.226776068565584410e-10
-2.370984519828311932e-10
2.419639766326753261e-10
-2.123946851728675256e-10
8.098355319674510611e-12
3.592803138330324941e-11
8.496728320928070843e-11
-1.365182689117006021e-10
-2.226542283878529815e-10
-3.622625255328415506e-10
-1.595259757625200336e-10
1.382381847880864711e-10
-3.862167530233051593e-11
-1.154356679688994802e-10
-1.165423452187397402e-10
2.511716390429796775e-10
1.551639650099190249e-10
-4.075393911229241439e-10
2.468430460034198859e-10
-3.357093769640329128e-10
-1.257340342952772971e-10
-3.694722860991817015e-10
3.452426677874598226e-10
-1.153768885986394821e-10
-3.996027675423619030e-10
3.777419765871314894e-10
-3.961250216732992158e-10
-4.755857929694684572e-10
1.208810274100358129e-10
-2.899231132946766820e-10
-4.709291290261319318e-11
-1.331711130259094489e-10
2.613763094849730351e-10
2.468339421746179596e-10
6.365878657543788677e-11
-3.010309779227782201e-10
-4.093096417356889560e-10
-1.622950107638132522e-10
9.823813984510820774e-11
-9.324496730300779745e-10
-6.001550645340358869e-11
-8.527645256606319890e-11
1.655504761055581753e-10
-1.470634447553464952e-10
1.331060678344542225e-10
-1.198124932599853310e-11
5.937365876729217007e-11
-5.440135564249715117e-10
3.362372602566665591e-10
7.479697416989949943e-11
-2.570818280478448514e-10
3.508430768128789623e-10
7.028500004224724762e-11
-8.400925094464994913e-11
4.231624078920859233e-11
1.828357742983399703e-10
1.959881423818643498e-10
3.398487880001965777e-10
6.202605096206070812e-10
6.257973028667151993e-10
-2.141232469110576631e-10
-5.947824177621185981e-11
2.583155217505961332e-11
8.382313593235934945e-11
4.727933045067800322e-10
5.990111739961889725e-10
-3.587893038226042108e-10
2.511085783751809686e-10
9.349229029842476280e-11
-4.010007881305455157e-10
-2.524560560601685211e-10
1.016026013322957056e-10
3.545530813386932323e-10
-3.271024562323532336e-10
-1.555466588865073163e-10
2.493774631240341932e-10
4.884541660032937216e-10
-2.897718176519958888e-11
-3.808806048333224226e-10
-2.883114580409795735e-10
4.380515949975460899e-10
3.604009313207257037e-10
4.622039417867540578e-10
4.063023251177355633e-10
-4.846155143845010116e-10
6.173214162075169043e-10
-2.499027373925599704e-11
2.187651171325910582e-10
1.859870590870116303e-11
1.793420412177226808e-10
1.384105191570839111e-10
-1.826625656287106381e-12
1.609476163455525466e-10
1.152206108301356835e-11
-1.231282714675430157e-10
-1.059666798752800787e-10
-3.542542093004641401e-10
-2.497621207075972904e-11
1.269474664278291698e-10
2.549198074852654372e-10
2.989377495543621421e-11
1.133243568429698200e-10
5.613853826247350298e-10
2.670800525184091612e-10
1.301064811443097824e-10
-1.402539889783227522e-10
4.422442134721649154e-10
-2.730628223535092047e-12
-4.228080385804133812e-10
-2.372677887496621452e-10
4.586240831550014718e-10
7.452199968227546378e-11
-2.312341013110952304e-10
-1.226133777842974837e-11
1.623365608605098487e-10
2.693201217596197239e-10
2.120096320723519057e-10
1.609010424896695213e-10
3.939168158328953950e-10
2.087441330900219327e-10
2.632948581382521525e-10
3.136565451811179628e-10
-9.714430648788408007e-11
1.597736803971017139e-10
-1.890127221404469537e-10
7.667860235649470724e-10
1.406343652643471387e-10
-4.445811219166984074e-10
4.363390204709105546e-10
3.546083426897439494e-10
3.750466326390977656e-10
-7.219354281051693079e-11
-3.871734877147758880e-10
1.722817444260726916e-10
-2.306853319478108233e-10
-1.068756194655406944e-10
-2.461140458098753925e-10
-2.955373168411767892e-10
2.072642613093478303e-10
5.488364207550944229e-10
-3.179430885236200766e-10
3.093994227487684157e-10
-1.596602294817728307e-10
2.419960065669357618e-10
3.979938323350751261e-10
2.299533063965242263e-10
-3.875663123764638840e-10
-3.393966496734179827e-10
1.268440213975097208e-11
-6.118772155616625241e-12
1.713649777634884686e-10
1.669618193700372899e-10
1.820192052637281677e-10
-2.736568194272592791e-10
9.574210868557031517e-11
1.307604718947530387e-10
-3.851267915688794119e-10
-4.716873558407996825e-10
3.157102357320695774e-11
-8.589184918861292317e-12
3.929622460763226854e-10
-2.640821172850138510e-10
8.150834174269760979e-11
5.421382232029259285e-10
3.694172190371602937e-10
2.457537645605967214e-11
3.895863631697693563e-10
1.846838793007066215e-10
1.559852108590220610e-10
-1.554624762256651138e-10
4.282872945182703006e-10
-3.620353461464276279e-10
-4.783571316835377729e-10
-9.266837297516872241e-11
4.562524802409484437e-10
2.838173862595994024e-10
1.576222624644074699e-10
3.200260612068461796e-10
1.839190189034667355e-10
1.809891403414809474e-10
1.813598160538276716e-10
1.078246519847780860e-10
-6.453786116633608572e-11
3.770819767545674495e-10
-4.306011103238915894e-11
3.983466889678766165e-10
-1.126662652062293546e-11
-2.940451354627171554e-11
-2.264635839965833952e-10
5.546048342797149644e-11
7.495086773445791550e-10
3.306179635620409840e-11
-7.066185137016844919e-11
1.619042677702964284e-10
-1.574473468268777765e-10
-3.647026014519383352e-10
1.157678397589734232e-10
-2.039251822960608251e-10
1.348172684600967841e-10
1.359298229530736535e-10
2.099119489340495193e-10
-1.012696870805740446e-12
-2.473157789673052775e-10
-3.727796404895400428e-10
-7.244664868011341241e-10
-3.292677241972796764e-10
1.334235083527701704e-10
7.895859660544957137e-11
2.283332134478399666e-10
2.994529901823028695e-10
-2.829672607340683044e-10
1.143342642784261898e-10
1.030873997276415821e-10
2.468979742875632155e-10
7.009972463611902072e-11
-2.892093786677207845e-10
1.046369935142621443e-10
3.317260077739803137e-10
-3.125293357442160413e-10
-1.134319999041011329e-10
1.254808756900871458e-10
-1.812154454272629778e-10
-6.160405519040068612e-10
-3.128633463411745197e-11
-4.899392350155018505e-11
4.692212174361998223e-10
2.509670804506924924e-10
4.493153626938806156e-10
1.173139640986420318e-10
2.641261376279402384e-10
-3.828135031191948201e-10
3.732716080673270653e-10
3.669835546560307193e-10
8.829717512703894045e-11
2.330159121211039519e-10
-6.832065468920234252e-11
1.553929207531723478e-11
3.008251425740127161e-10
-4.487811233744309902e-10
2.269242155295003727e-10
-1.223500745162198200e-10
2.100511153901862826e-10
-4.396263908468256432e-11
1.998304299810627072e-10
-1.134408816882981341e-10
1.659771625694972386e-10
2.458958314743853180e-10
-2.415442290626401700e-10
-8.395453776621764064e-11
3.173232510089718517e-12
1.674480831770353007e-10
3.507429346960577732e-10
1.698577389852573560e-11
-6.204270430743008546e-11
-6.918872419436894461e-11
7.240104349381937254e-12
-2.136300997213069763e-10
5.286688795069771629e-11
-1.696601192868740782e-12
5.359771515500710848e-10
-2.751543437540249215e-11
4.219773697133888390e-10
9.902872966094378171e-11
-2.901965889812174737e-10
9.934758571361612667e-11
-1.546410777208961917e-10
4.183731971973969621e-10
-6.749399650285425878e-11
-3.568847301016475626e-11
-2.655016484442995761e-11
5.775936673391157683e-11
1.970046070720599118e-10
-4.763517913453085839e-10
1.448725167607634035e-11
-9.057796873657153469e-11
-2.331722870341224052e-10
-3.702445849906865760e-10
-1.931280968481274840e-10
1.920374970154625771e-10
1.244801206556900297e-10
-2.245063995820473224e-10
1.919018832730046142e-10
2.201177018434918864e-10
8.411761565074726832e-11
-7.099162924184554413e-11
2.369854867900755835e-10
-3.418518801368009008e-10
2.549789268613267268e-10
-7.425120240878158029e-11
9.235465170398526880e-11
-6.805133540010999127e-11
1.300632934686518638e-10
1.372978952751680026e-10
-1.077070099775312428e-10
-2.319839320641392533e-10
-9.049089255697140288e-11
3.895808675657974618e-10
2.158152823117376329e-10
-9.292292629803355908e-11
-3.379163615591096459e-10
5.663085556051328240e-10
-1.476641725561833596e-10
-4.185689989055774163e-11
-3.781654850376625632e-11
-7.643201349605277528e-11
-4.004201969998177901e-10
2.950270583390590673e-10
3.817969274066967955e-10
-5.077532838626552802e-10
9.647040111193661005e-11
-1.300724389308172135e-10
-4.915186313514396943e-11
3.258721625876148664e-10
-1.686845246817725297e-10
3.776735035820877329e-10
-8.444522858752634420e-12
-5.576582251531903012e-11
7.065156099050895477e-11
2.103688612198340024e-10
2.347532723767642437e-10
4.126037012053274111e-11
-1.125894655285009094e-10
2.691868949966647051e-10
2.684756306159385986e-10
4.550170240591455695e-10
-2.863074499703799347e-10
-2.100295909412963624e-10
-1.601808963247464135e-10
-3.513126733967197879e-10
1.473282051911439794e-10
3.271102833046768410e-11
-2.311141278354966744e-10
1.801540583379335203e-10
-2.273966015486905690e-10
-1.981504682557755359e-10
3.230299916445744657e-10
-2.352517625148209390e-10
-2.391559172920665333e-12
2.668132381700161204e-10
2.712391422576843070e-10
1.567558721715656134e-10
-1.863175447258669237e-10
-6.409747732583070956e-10
-7.453291456238630985e-11
-1.509427027812648703e-10
2.971472373713979209e-11
-1.579175401555943381e-10
-3.019565153472569818e-11
6.700058563513522358e-11
1.069208957482636890e-11
-5.049544116175752606e-12
1.644952923873788109e-11
1.460566112498895563e-10
3.218682820271823175e-10
-1.264679611034935647e-10
5.047780249345379389e-11
-9.710499071502454171e-11
3.047819635559889662e-11
-1.065660337751239695e-10
1.259837928424545339e-10
-1.991049686234092064e-12
-1.862709292366204750e-10
2.272490529087178857e-10
4.699685085540750151e-12
-1.363203439019855523e-10
4.184184249078626294e-12
4.435669054281277113e-10
1.155026352339660889e-10
-1.356073309199956611e-10
3.862379860386511155e-11
3.799905112789048189e-10
-2.479269289867858106e-10
9.605643364052340871e-11
-2.112790220554217058e-10
-8.118992977923511489e-11
-9.156651825659167798e-11
1.425468076909908177e-10
-1.372926078380132253e-11
-4.246179519107329270e-10
-1.654701375919387374e-10
4.130632641485831869e-11
-4.902696998376754323e-11
-4.007630338698220385e-11
-2.558459832879833584e-10
2.943750104789089050e-11
3.388261615722143461e-10
-4.126569919105094186e-11
-8.350015817670808360e-11
1.506346297697191972e-10
-3.451270658150207282e-10
-2.291027367817832783e-10
-2.490146422395866921e-10
-1.318201103828187115e-10
2.295345580272112329e-10
4.753921145628225986e-10
1.119375980795922487e-10
3.842675344589707720e-10
3.619814448185820766e-10
4.686198096237603750e-10
-1.413165418018280661e-10
-4.292421418305991665e-10
-2.469517645931063043e-10
-6.039762023846151351e-10
1.175093355954004437e-11
1.731162990736834217e-10
-6.198118407407804398e-11
-5.768814870243943460e-10
7.903218357530050753e-11
-4.026204716844894449e-11
4.453699076201189655e-10
7.208407759584645191e-10
-5.814000669790431175e-11
5.033993361047706117e-11
2.112448271862632510e-10
-1.406189470420926568e-10
2.190404801982737126e-10
-4.322279201218748312e-10
-2.216630767826188730e-10
-2.481473082571739042e-10
-2.401309706634435770e-10
-2.971153600928033711e-10
-9.290511415738222922e-11
-1.353546719151665911e-10
2.609668037223400461e-11
-1.816684580546734651e-10
1.160180979065117413e-10
-9.866651939915982439e-11
-6.628345095016641153e-11
4.016961763220194825e-11
-1.855157416574826357e-10
1.054748718920528461e-10
2.804368126607670320e-10
4.262546982047865640e-10
4.877143133796835173e-11
-2.656704578551938312e-10
-9.787093357971343721e-11
-8.905192555586083358e-11
1.178447339711397035e-10
-3.024508699045469484e-10
-2.328712223054196784e-10
1.697551543777819916e-10
1.322670722947449917e-10
5.413586245950341436e-10
3.473771825746041486e-10
-1.625830026164010178e-10
2.217084849043260419e-10
1.885596540018852352e-10
-2.021548067832057427e-10
2.177932834079854274e-11
2.611993676904234007e-10
-4.657452201684009196e-11
5.524521395905424015e-10
2.141857524673440594e-10
-1.933903870376951772e-10
3.887237198796356097e-10
-8.298808862328144187e-11
-3.602002862646003223e-10
-1.866487520096882236e-10
1.465537552425288936e-10
2.659017173112232513e-10
1.677622207818529887e-10
-4.184553051289618963e-11
3.832259787284186814e-10
1.430672386115716677e-10
3.065001030755354350e-10
-3.350235644461463380e-10
-1.590911846705012067e-10
3.652118885089095102e-10
5.309201689396303436e-11
-9.525619182326749979e-11
3.644670121261128770e-10
2.882145078153541817e-10
-2.104001972647040475e-10
-5.844700834423122160e-10
1.483590507389553892e-11
2.826748279893820381e-10
-1.167737018192838150e-10
-4.265508501966053245e-10
2.368989726608816682e-11
-4.151914922978505729e-11
3.790008862303295700e-10
-1.178911551713568429e-10
2.608976368279058988e-10
-2.773923035714886964e-10
2.011776578658697190e-10
1.159623924662511740e-10
6.165818966508140875e-10
-2.655889397296107290e-10
-4.250148288864608048e-10
-3.269670367789245802e-10
-4.552156152026753944e-10
-6.712433942013262822e-10
3.836639894672089213e-10
1.353534784254151191e-10
4.122183150379044037e-11
1.569719354499454766e-10
2.930028164538356350e-10
-2.247272368194330738e-10
3.063382048029694715e-10
1.232038360221565654e-10
-2.113026420502706060e-11
1.470108479395548784e-10
-3.310800800182533976e-10
-2.291032502599321674e-10
-5.262924818172365349e-11
4.073963388862011925e-12
-4.167102496399621714e-10
-3.211304555605920541e-10
1.228807749997784526e-10
-2.539994881090024137e-10
-1.778672764629618541e-10
-5.353150145381846414e-10
-8.717035426819563781e-11
-4.591609037429833506e-11
5.890889859250236782e-11
-1.298097740409787093e-10
-4.941518305656700250e-10
-2.658614162154293581e-10
-7.712603888876401470e-10
-4.993538360587024272e-10
-8.082368802009298747e-11
1.068635943624052231e-10
6.762634896517738525e-11
-1.127625631758277791e-10
-1.133070859360429949e-10
2.285645561705962336e-10
5.467176711348997742e-10
-2.857351022456100509e-10
3.826136074636110607e-10
-8.061196155040306621e-11
-1.271788230283732446e-10
4.851762325230879469e-10
4.215597315671004708e-10
-4.504943362793056849e-10
-1.737416460700913490e-10
-5.612079689853999298e-10
-4.428916677845506911e-10
-1.281350581194828919e-10
2.138984822597223001e-11
-3.792192254659099149e-11
1.616358158429420655e-10
-1.975438979062715816e-10
-7.062986306927143687e-11
2.977743052134940172e-12
-5.595953145309806587e-10
5.290274884828249924e-10
-4.392535501995809000e-10
-6.548481756851742830e-10
-4.145289389523298951e-10
-5.548610459982228349e-10
2.382308239567976216e-10
-1.451756492798494946e-10
1.276187489018809629e-11
-1.493706824895468799e-10
6.954992137764293147e-13
-2.443260593842921935e-10
3.962219441433489919e-12
-1.408049232765051784e-10
-2.688639241799073432e-12
-1.654884007606938212e-10
-1.258017301442038161e-10
-4.820317478504421160e-10
-1.114943970481618862e-10
4.071790959958576650e-10
-2.228350282074131883e-10
1.953391060016684833e-10
-3.567646733593221597e-10
-4.397206487816163190e-10
-5.960449356301467105e-10
-1.296792950800096378e-10
-1.400777410731635086e-10
-1.437928109915276309e-10
5.002494252170919253e-11
-3.035676571228052012e-11
-4.145984944248226611e-11
5.670196256968296211e-11
-4.424142163728106425e-10
1.529216892004470196e-10
5.682103121351644859e-10
3.607136811467626103e-11
-1.092470003349887975e-10
1.455605080913358051e-11
2.610106020206615085e-10
6.968863264233959853e-10
-5.348074066935382120e-11
2.295089396309180074e-10
4.413075738174399021e-10
-4.101380068899374010e-10
-2.951895672342885746e-11
1.253311343596408278e-11
-1.259966297961767623e-10
2.881736793636235916e-10
-1.306812713597338416e-10
2.213757649416336903e-10
4.524965402374903078e-10
4.801767317097471732e-11
-2.354021838568698399e-11
-2.728691578246511540e-11
-4.827675759155880542e-11
1.259355675298223787e-10
-1.990171638599491644e-10
-7.729692580449309958e-11
-6.644336192351829595e-10
-5.222104970670216062e-10
-3.648605029216156481e-10
1.067147203936968936e-10
-8.288942310308300421e-10
5.111992079642746489e-11
3.924899849572227595e-10
5.548722592507715490e-11
-2.517200892171445048e-10
-3.821968783124241043e-11
8.456470246276381886e-11
-5.503294486786103334e-10
4.151266275176368481e-10
-4.377493922902431223e-10
8.967374065527167204e-11
-4.584514989858234912e-10
-2.731219972407217256e-10
3.914180091157959396e-11
9.802668399228053886e-11
1.416820549771102833e-10
-2.169568136256572188e-10
-9.012244422956783296e-11
1.840356200766279926e-10
2.905527207719416083e-10
-6.803127505783379547e-11
-1.427767348793906876e-10
-7.647982247505069608e-11
-6.180611578088246461e-12
-3.268064152628369357e-10
1.169065400041802150e-10
3.137057003055332416e-10
6.798105134375731495e-11
1.796892357130985829e-10
-2.592937808909567821e-10
-2.081688016408733688e-10
-1.103745567165859143e-10
2.669691689938247237e-10
4.765843275578163230e-10
-3.882182422754176798e-11
-2.988490288569067843e-10
-1.221418799435269875e-10
1.943167293738667922e-10
-3.136616522070312385e-10
3.749636018346436117e-11
7.000298951620465004e-11
2.006705079882209475e-10
-3.460828290613449099e-10
5.100733169172144699e-10
3.408624771328305769e-11
6.431679494545150533e-11
-2.010789174056171191e-10
-5.238506850524515812e-11
3.581908381011800202e-10
-2.260560627576069237e-10
9.213635410176834739e-11
-3.998586461939623860e-10
-7.040024119220333887e-11
-4.057928437717350789e-10
-1.428578921824907866e-10
-1.996899867684476249e-10
-1.402670202210742900e-10
-8.524299321965855825e-11
-1.466527455029620342e-10
2.496396422912994240e-10
3.082341604176974670e-10
-7.127567980269589043e-11
-7.240480437431529026e-11
8.710893117935825103e-11
-1.270236832384696868e-10
-3.370145829073578625e-10
-5.615691245353104932e-11
1.302547514292484720e-10
2.371131069267562452e-10
-2.153192069087594973e-10
3.394216574470476644e-10
-8.127780393163419603e-11
4.910932771551301812e-12
-3.322017660956078089e-11
1.060781046335890210e-10
-3.189906672140807586e-10
-1.748932665357472160e-10
4.485382065766430060e-10
3.671626336299027571e-10
2.072701593691661515e-10
6.383819028954462738e-10
1.335005855862547719e-10
1.849011221910501490e-11
-2.183609404404762699e-10
-1.011534467298957907e-10
-1.607184385576942987e-10
3.835936568385989176e-10
-1.464726395727922181e-10
4.106479323251477354e-10
1.909835345426103004e-10
-1.400374816107330389e-10
-9.190811306458712693e-11
-1.982796704602662885e-10
9.230016750905178924e-11
3.240515633606833035e-10
-3.575100493424798742e-10
-4.072747694650047379e-10
7.468627799545046742e-11
-7.599582074746535909e-11
-3.014482552465835852e-10
-4.153766913761458568e-11
-3.007853133230042886e-10
1.828269063919307769e-10
-8.378062132941010987e-11
-1.634613278067575948e-10
-1.484731781964399033e-11
1.993447767967282402e-11
-1.354832912525694155e-10
2.418639732937322151e-10
-1.232503682446761673e-12
2.292532969017102573e-10
1.486117479077009307e-11
4.076616821890866049e-10
-3.188760921979394425e-10
8.360328401790795283e-11
-1.722871845188933548e-11
-4.491216287760835257e-10
6.164260768493079468e-10
-1.932244086955137163e-10
2.112185149005796347e-10
-3.143701410301957822e-10
2.061865400637685752e-10
-2.995437231589903604e-10
8.859159933427562805e-11
3.259411907041709355e-10
-4.634010952742073641e-10
-1.408305555505862117e-10
-4.509039808198167520e-10
1.696556506391999619e-10
3.937323245217783096e-10
3.785239482967384106e-11
2.588350922483328986e-10
-1.399563798187841712e-10
-1.276936195671041219e-11
-5.348946841010615572e-10
1.958795625700560095e-11
-4.645184792373413529e-10
-5.863916019421822057e-10
-2.035066420935649489e-10
3.099103473847009127e-10
1.375509428580556914e-11
8.997420863909866284e-12
3.706072115861047678e-10
2.549114808125807485e-10
-2.308281898955044653e-10
-1.693536144653506881e-10
-2.623299910631260445e-10
-2.896780038064150631e-11
4.984591073231570135e-10
2.417318012426505902e-10
-2.405239618585852668e-10
-6.576219430121099663e-11
-2.111535946092146787e-10
4.136183062719567261e-10
1.681798589281413570e-10
2.112865993275647725e-10
-1.526799797701983152e-10
3.259014169643137393e-10
-1.296395490957280572e-10
-7.281227010214053053e-11
4.262425412626669186e-10
2.174954383260541135e-10
2.341588589693799349e-10
-5.310850093032115637e-10
-6.349937242688952210e-10
2.822602707119870047e-10
-1.417064382502886133e-11
-1.145190053897238158e-10
2.164951551364424631e-10
6.224192272696882355e-10
-2.512856034364574498e-10
-1.384825934480637954e-11
-5.898973531870410625e-10
-5.616114795436999430e-10
3.651895730261145445e-10
3.970641593298296357e-10
5.584292056548534333e-11
-4.053633539946588371e-10
1.314033326593744277e-10
-2.413463873196519671e-10
-3.316485974735883246e-11
-3.470887466328065329e-11
5.047146589554074581e-10
4.095410122140208387e-11
4.454835805800527737e-12
-3.144869364923863486e-10
-5.333145036701125719e-11
-6.164835308908322986e-10
-2.061194825930812158e-10
-1.704584251527307970e-10
7.328455897681607212e-11
-1.000185836930178596e-10
-2.024451162263574133e-10
-8.535280121568789014e-11
4.552407895097587698e-10
-4.113532431349042895e-11
-3.047243568587987284e-10
-2.087825468066739631e-10
7.578207505964940083e-11
-3.238553314410808071e-10
4.540979536837852493e-10
-2.955446443131393153e-10
-9.140146972619334065e-11
1.285142825491192298e-10
2.195676140903657370e-10
4.827944710683595986e-10
2.892471262505580398e-10
-1.038376953865771668e-10
-2.394505149716508186e-10
4.854401602916169622e-11
3.924089941875763543e-10
-1.270796939900620259e-10
2.047684521944148628e-10
2.651814046128464497e-10
2.173710794695082882e-10
-4.457168523153143269e-10
3.167694995198644392e-10
8.759999670093776558e-11
-2.611893479276261587e-10
3.846360452364194771e-10
-5.156733373645749907e-11
1.748710065641034817e-10
-1.486438055975369821e-10
-2.847589108956327664e-10
4.566075295642235687e-11
-1.163649940294497753e-10
1.299765295392774078e-10
-1.510156721895583587e-10
-4.673337827831858249e-10
-3.024190065037402064e-10
-1.690544509935776318e-10
2.655403119611321472e-10
1.712103653295216077e-10
3.031100370698425195e-11
1.588140452479791520e-10
2.817063249338502828e-11
-9.092991637427161322e-11
-4.822242605229121182e-10
-5.830257110428505030e-11
2.819080247018490581e-10
-3.188082298155592298e-10
2.579299274163560085e-10
4.079475091067763515e-10
1.297645185749374264e-10
-6.417993914098474306e-11
3.927950464888141369e-10
-1.274414740404239410e-10
-5.206813868952053781e-10
5.551115123125782702e-11
-3.889356892106121677e-10
2.475138427548984055e-10
1.245111375114404950e-10
-1.024147780470663349e-10
6.628209092696124571e-11
3.372807588775117438e-11
3.881477084188844628e-11
1.775311009311053567e-10
-1.335553612147322156e-10
-3.549131544211547862e-10
-2.508767360520636203e-10
-3.630802256071596901e-11
1.437787111591148914e-10
1.857185238929304205e-10
2.687210454155319894e-10
3.442344742587977180e-10
-1.795396609161059587e-10
