-1.229433568838977919e-11
3.815838200971199967e-10
3.714927254705457926e-10
-1.177377639827170697e-10
-9.045098697813003241e-11
-5.942730335606327685e-11
8.656696887099357696e-11
-1.222451723181805505e-10
-2.207994065361873481e-10
4.155348287682159025e-11
-4.746195797489249912e-11
1.114102143873196837e-10
-1.569555596603322556e-10
-4.189615321337214482e-10
-1.195508414486567972e-10
-1.363543444821146977e-10
-4.062968017581880531e-11
1.483693168324862199e-10
1.072497091136881409e-10
1.813238448278298165e-10
-2.333964965739454556e-11
-1.862184018097678972e-11
2.442495927734711358e-10
-1.815857048059754675e-10
-2.862944326054162048e-10
-1.830067208885566288e-10
4.013613746911559588e-11
-3.965494876911890287e-10
-1.428094448252537063e-11
2.492728801151145035e-10
1.095063484335412340e-10
2.963032319502900691e-10
-9.289249924826492588e-11
-2.234168683390436172e-10
1.377648828349009591e-10
-7.082405495406618456e-11
-1.919813197304165442e-10
-1.141776256874393880e-10
-2.710841551234466351e-10
1.276768413216444742e-10
-1.182751674377868767e-10
-2.850893965344880598e-10
1.878802148580493991e-11
1.819161765670429531e-10
-2.181320402083741783e-10
-2.668307241826539666e-11
-2.688431977038163723e-10
-1.622140477497424627e-10
1.000779389914718820e-10
-6.013659709092067374e-11
-1.913139612008674106e-11
-1.592471987610366568e-10
1.239521540963295365e-10
2.296822870784254178e-10
-1.742716249086839753e-10
2.539133348022915015e-10
-1.494587786865508861e-11
-3.578047233498971025e-11
1.772366142738235339e-10
3.102348378192232303e-10
1.020578413446493471e-10
4.092756966667110419e-10
-1.490734202747034942e-10
4.163300607040731904e-11
1.947045996653073985e-10
6.702682159298589681e-11
1.244857134041765789e-10
3.565654022041897520e-11
1.689222720036021030e-11
-3.007136761823403504e-10
2.614644611931282725e-11
1.457926973591483488e-10
-1.086198700428475661e-10
-1.344431510563737220e-10
-1.917296182929462134e-11
-2.684493460858305980e-10
9.215823937314127079e-11
-2.652192354624105519e-10
-1.887569545111489333e-10
-2.252112038525488913e-11
-3.221514721651885793e-11
-1.654701098363631218e-10
-1.264689325486401117e-10
-1.615616529448971050e-10
2.958292499855019742e-10
8.585947230965729204e-11
-2.475244453847835757e-10
1.515631370407888312e-10
-9.250136073779557933e-11
8.944588125725516647e-11
-6.677984554226412683e-11
-1.266964588797492297e-10
-9.150719071371327118e-11
2.188917797019129807e-11
-2.717236435856307253e-10
-3.158687478244104341e-10
-3.798525383125195276e-10
8.296494047321800736e-11
2.817723554482398640e-10
7.274357505249184896e-11
-9.600970019008059353e-11
4.057942870616670916e-11
-4.026329547546225740e-10
1.795230353263121970e-10
5.673564396069252780e-11
3.718725327672700587e-11
-6.280909126132883102e-11
3.051290609068502135e-10
1.062729071410473125e-10
-8.255746780649886318e-11
3.012062266272153011e-10
-3.184193186900330375e-10
4.129436792510432497e-10
1.307526170668538157e-10
-2.013495759012329245e-10
-1.939846339116257923e-10
-1.734100085748480069e-10
8.437182896781081354e-11
3.385164371039195430e-10
2.979602675701187309e-11
-5.251654111582126916e-10
-6.198615232211324155e-11
4.468911352084603550e-10
-2.467772652892108454e-10
1.007980504619254702e-11
-2.565833379097881561e-10
-1.759207640672499906e-10
2.561264811351549042e-10
1.890170242546673762e-10
-2.659926168213644360e-10
2.153090206125085615e-10
-1.848163566631200183e-10
-1.268507521245965108e-10
2.237035556795774482e-11
3.651054458764235733e-11
-5.680743375702235198e-11
-1.293437856819679155e-10
-3.049587804504483302e-10
-1.538540822521028417e-11
1.334132804231558111e-10
-1.259493481731155384e-10
-1.565825108462703952e-10
-1.127246213039612144e-11
2.355611261606327389e-10
1.760562806651932988e-10
-3.695227457356509149e-10
2.527356102177691355e-10
-9.053462146635382624e-11
-4.810266074350977306e-11
-3.792661185109125199e-10
2.581431735038108854e-10
-1.081182782192158243e-10
-2.602896231884699318e-10
2.777996721547992820e-10
-2.433376000698928010e-10
-3.488496158610132625e-10
1.931818732758827650e-10
-2.285598654783171924e-10
-5.233319333441954768e-11
-1.728209242379818988e-10
1.824139866934970655e-10
1.626462298176534205e-10
1.339714311709983008e-10
-1.910929470216871096e-10
-2.552404398947771824e-10
-2.073782812139768339e-10
3.166052142677955317e-11
-6.932688312311086065e-10
-5.051067897277050633e-11
-6.150729925380460372e-11
1.081918374334911448e-10
-1.582993874871263529e-10
8.364780396119542161e-11
-7.000106050369936384e-11
6.646247441288721802e-11
-4.500556594067006699e-10
2.053782005573268066e-10
1.216299144735089044e-10
-2.180823854835978182e-10
1.698514662251682239e-10
6.668787744246174043e-11
-1.753779413360412320e-11
1.101801705427618572e-10
2.061428527877495753e-10
1.172625330170262714e-10
2.210955307724304930e-10
3.634835765708999133e-10
5.469333874685844421e-10
-1.550983647069514859e-10
2.180996355738429315e-11
7.114048239387216199e-11
6.000912267101199404e-11
4.006320275529162700e-10
4.859883051544500177e-10
-1.803819871248890649e-10
1.930343662692735052e-10
6.042244482529213201e-11
-3.224313316341209656e-10
-1.990896059123059558e-10
1.100514679386321859e-10
3.462004571908039452e-10
-2.356645989465278035e-10
-1.530698484630832468e-10
2.313233771200629008e-10
4.439865974870116361e-10
-1.991279363622311394e-11
-2.090795314657611925e-10
-2.159365186660267000e-10
3.912893342672418839e-10
2.573817547979473375e-10
3.778361512551953183e-10
2.839093404816139810e-10
-3.353831101726711950e-10
4.464510150459233273e-10
-3.693495509438093904e-11
2.560336109791450099e-10
-6.628163295996358784e-11
3.558476430187695883e-11
9.605735651341262837e-11
4.269578440796450991e-11
1.349792499993895944e-10
-2.339838045539721634e-11
-4.023572447442447242e-11
-8.961734826451461799e-11
-2.740460081085416277e-10
-1.502225011051905312e-10
1.127802712330705504e-11
1.404312222064163507e-10
4.998543245982034477e-11
1.276102140623791570e-10
4.748692550293753811e-10
2.196697684864190592e-10
1.448003661419505761e-10
-1.219139511565714429e-10
4.025582645006409166e-10
-2.580800156914975219e-11
-3.021108918588311099e-10
-1.359146128976362888e-10
3.598673026239396222e-10
-6.263302376741108901e-12
-1.474862870720627939e-10
-3.184214350526737292e-11
1.894910617306067024e-10
1.784504349844340254e-10
1.680309363871757000e-10
1.332922938690472847e-10
2.776232299606107290e-10
2.768243412276660820e-10
1.346893430120843504e-10
3.732064102202059530e-10
-4.408327175520199148e-11
1.290493822914129396e-10
-3.950254012785592295e-11
5.535567559888932010e-10
1.427625101468876778e-10
-4.019345967165577349e-10
3.098469258944192006e-10
3.615307775373111099e-10
2.316321440209989646e-10
-8.865619349762710044e-11
-2.871264614956459127e-10
1.268854465941160470e-10
-1.489156575829042595e-10
-1.790721876337997287e-10
-1.998714249662469911e-10
-1.608549821119353851e-10
1.419501877153450664e-10
5.075281861444125298e-10
-2.680572430691086083e-10
2.520584851950502525e-10
-6.585050560392602392e-11
1.694423212850182381e-10
3.366317224973158773e-10
1.649508862833215517e-10
-1.646454916848227867e-10
-2.536079679593683522e-10
-7.238804000664345040e-11
-5.413099482542982344e-11
6.792298667956941927e-11
1.209028432924696972e-10
1.858036641211313622e-10
-2.649394037490537812e-10
-3.540785720179684404e-12
1.065062413263540009e-10
-3.302298989815710684e-10
-3.724493491397140588e-10
1.611845379390075550e-11
-1.934791216129383429e-11
1.956280692994027959e-10
-1.635508395381179980e-10
3.607496246171848497e-11
4.829719957299971611e-10
2.310584223952361071e-10
-4.369252876168516764e-11
3.004395066064091679e-10
3.275234944366545164e-11
6.409955899400188173e-11
-1.565574753170650979e-10
3.656566716081499635e-10
-2.428071910198781325e-10
-4.232570682827230257e-10
-2.616089636586771405e-11
4.399411945854581063e-10
1.884228051363123768e-10
2.430892709348597691e-10
1.992361831071320921e-10
1.847599573334690604e-10
1.356691287091038589e-10
1.962789236698014861e-10
8.470326523513094230e-11
4.759223570793835734e-11
2.313046143509467356e-10
1.022735091060766877e-10
3.655213631770237726e-10
1.973568530821978584e-11
-5.156815946483206403e-11
-1.722582215757384461e-10
2.816434585550808833e-12
5.600684360729246691e-10
-4.838113243366137795e-11
-6.904253557760142712e-11
1.241097780102506931e-10
-7.627383447061930610e-11
-2.700115131482050401e-10
1.592050380416765165e-10
-1.616546063676338463e-10
1.042799388506487901e-10
1.800391502548848166e-10
1.510824382267017540e-10
-5.486818985267483129e-11
-2.404493271157548406e-10
-2.884301963934632340e-10
-5.449081186270632315e-10
-2.731939119371418201e-10
1.029133445129559732e-10
-3.932902614689481879e-11
9.430532743603947665e-11
2.339877458457095827e-10
-1.409704575294767892e-10
4.344379023191180522e-11
8.469357160034718390e-11
9.700219794073206003e-11
1.218890544052442237e-10
-2.468474313843671553e-10
3.595426734115392264e-11
3.956006078276175231e-10
-1.939884919366363647e-10
-1.109224379014506212e-10
1.715339675856242252e-10
-1.045090541884619029e-10
-4.665940966930293143e-10
-1.176873182240356641e-11
-7.260639312001160306e-11
3.985041185927684637e-10
1.780345593171972496e-10
3.148082350357128689e-10
3.300588968802031786e-11
2.081036870604791034e-10
-3.007429583146148389e-10
2.594667813937689971e-10
2.402011090030242713e-10
4.897431071793079127e-11
9.054662575280758574e-11
-7.355997755364995783e-11
4.049248436555075159e-11
2.394542342187833128e-10
-3.641873747017854157e-10
1.474341621010566428e-10
-1.269603311371270138e-10
1.258943643778209776e-10
-4.546918397352328611e-11
1.730571935754099400e-10
-1.503946966963098930e-11
1.389183490463352655e-10
1.704312801997787119e-10
-2.911861307630658757e-10
-1.879066346965885259e-12
-7.808684254761999455e-11
2.359872297574838740e-10
2.026800810517315199e-10
-3.466131548446327315e-11
2.447571312291785262e-11
-1.413525962945527681e-10
2.130367757202655810e-11
-1.878410205158331792e-10
5.996216023707034992e-11
-1.227395268754705171e-10
3.350378308120127713e-10
6.597805635166764660e-12
2.845963464892520278e-10
1.750326827920645201e-10
-1.668942345434132335e-10
9.463888006600029712e-11
-1.517413417140289766e-10
2.702087442685296992e-10
-3.171280946179244609e-11
-6.905134797285938930e-11
-2.849227798140674395e-11
1.296876495082699421e-11
1.342618932698158574e-10
-3.402034209898374684e-10
3.170289031295681070e-11
-3.123939301685751957e-11
-1.916196784579327073e-10
-3.350241195576586506e-10
-9.774385467675728023e-11
9.500134012796479510e-11
1.179609188106667261e-10
-6.107708089286845166e-11
7.904331356112237472e-11
2.079735134108418038e-10
6.468309221574486401e-11
-3.279384402921081687e-11
2.242061813984008722e-10
-2.188612208131601733e-10
1.069233729333873839e-10
2.015863864723854704e-11
2.524652362168033903e-11
-1.280612699217087425e-10
-2.763761441926249063e-12
1.130792126602386816e-10
-9.806901124509437295e-11
-1.265178795062382733e-10
-1.330529020293624853e-10
3.481933630311573324e-10
1.593837145597021276e-10
-1.062456581046866688e-10
-3.135958437372465824e-10
4.929822106092274225e-10
-6.921703488149688610e-11
-4.473280079686503541e-11
-4.165956468682452396e-11
-1.414005579292165748e-10
-3.055330988210869236e-10
1.914468861219376095e-10
3.292255912334951518e-10
-3.695903860734262025e-10
1.406338101528348261e-10
-7.602823925978441366e-11
-3.442485879689982653e-11
3.059779096759029926e-10
-6.794995816017390666e-11
2.684546751563487987e-10
1.150280842798778735e-10
-1.615154190948153712e-11
5.574365968818995043e-11
1.804804083960220851e-10
1.920379411046724272e-10
1.101122942825938367e-10
-1.701902507811325904e-10
2.363322870735373726e-10
1.971567492597969817e-10
2.915408747750092289e-10
-1.286135226097329110e-10
-1.901960533512436768e-10
-1.518019598911735102e-10
-1.974612695576638544e-10
-6.321151935217983464e-12
3.298839673648856774e-11
-2.176044344714966883e-10
1.132766380695926500e-10
-2.532172527214271440e-10
-2.786860742176600070e-10
2.211261868056979552e-10
-1.626032641866004269e-10
-6.837017063610062451e-11
2.187178216317420265e-10
1.940957394808151548e-10
1.700464768994436326e-10
-2.157442974271006619e-10
-5.071402187084572688e-10
-9.638806419687284688e-11
-2.250637731737725744e-10
-4.463171499047291491e-11
-2.846164415259977432e-10
-1.035330571275139278e-10
4.779643694718949121e-11
1.790925047151503691e-11
-1.647595948561786372e-11
5.163965088872402021e-11
1.860324394531431835e-10
2.537735022123399631e-10
-9.219729146803246067e-11
2.828573486546304139e-11
-3.521953562124480186e-11
1.701863996950159219e-11
-8.914938232074121061e-11
1.193774801233615790e-10
1.542764874185031942e-11
-1.550274908446169775e-10
2.154205425153321585e-10
1.308135544331179290e-11
3.319920033328926934e-11
1.906042337851410196e-11
3.471949949762631604e-10
1.438922592189584293e-11
-2.096862544709310328e-10
1.250618913983814195e-10
4.648899598613809303e-10
-1.496486545793374034e-10
1.140840824587208147e-10
-1.597541682274439268e-10
-4.303779554959419329e-13
-1.284494177689055050e-10
1.247518893743304602e-10
-1.153942913445504814e-11
-3.607679155415155492e-10
-5.623139454069558951e-11
-9.426284752755975660e-11
-4.257691421649667518e-11
1.793093451496474700e-11
-2.072142180065128514e-10
2.605061999449986843e-11
2.224879169787641331e-10
-2.744965366119345163e-11
-1.055452253373445615e-11
7.415491137807705968e-11
-3.357901734446500086e-10
-1.583822656359146208e-10
-1.113253794704505140e-10
-1.632609186730249462e-10
9.101884523854408826e-11
3.132060166777250743e-10
1.556055562179636809e-10
2.788587694091404501e-10
2.498609652512584489e-10
3.763361844377755006e-10
-1.527246801247272856e-10
-4.274988141261815144e-10
-1.873545069086546278e-10
-5.046368323213812346e-10
7.452692629694723792e-11
1.869568666545973201e-10
-4.760111402268840664e-11
-4.439988932070093597e-10
-4.713118784138714545e-12
1.255129056243475816e-10
3.045654284328236372e-10
5.827547333581151179e-10
4.459051183847151378e-11
9.804744516284102929e-11
2.230287066140590468e-10
-5.633239014146695922e-11
2.116562342058259105e-10
-3.343132992661423941e-10
-1.821421624637054038e-10
-1.203933341908935972e-10
-1.886699546593817445e-10
-2.550547828494842406e-10
-3.708200413399254103e-12
-1.232604435186246405e-10
4.462294422857837617e-11
-1.103132377111570861e-10
7.062762874543437874e-11
-7.355741016290551215e-11
-6.722707807105265942e-11
1.116136488787944359e-10
-1.365452473311989934e-10
1.496598955874617332e-10
1.929903459263471177e-10
3.166594486625484706e-10
4.349504784117996792e-11
-1.453328013489851855e-10
-1.058388168773127802e-10
-4.004893638942519374e-11
6.113868439294734003e-11
-2.378428287652667450e-10
-1.400718152577695719e-10
1.721094378126508673e-10
1.296052015709037164e-10
4.281342502743257228e-10
2.543673605082119593e-10
-6.601657415172823562e-11
1.668675198018831907e-10
1.347965350451119093e-10
-2.913304597562671461e-10
-5.993472385057430074e-11
2.899427919977881629e-10
1.520962869538955431e-11
3.659107183917598149e-10
2.419890399174562390e-10
-1.183824149819656668e-10
3.802442805067585141e-10
-4.630588620879727557e-11
-2.522176356656302687e-10
-2.258294523604931214e-10
7.127044787669234438e-11
1.688449241532552492e-10
1.364121871016976684e-10
-1.134594501683849899e-11
2.942266985606067919e-10
7.633906007331603405e-11
2.663286258197672396e-10
-2.442888391573916351e-10
-6.522495044070097947e-11
2.951307531695590569e-10
6.013136516491712769e-11
-1.297452284498845643e-10
3.298993300759889280e-10
1.517325570743466301e-10
-1.785610270754744988e-10
-5.552164838995565788e-10
-7.221803710599772330e-11
1.359336532225086103e-10
-1.232902113734724026e-10
-2.817016342415712415e-10
3.297785655664853266e-11
3.576901969060131137e-11
3.354624633633562780e-10
-7.439496935157663415e-11
2.240814339637964281e-10
-2.258241926789139598e-10
2.030403206676467676e-10
9.126246286461636714e-11
5.125609381373408269e-10
-7.613561170405347411e-11
-2.397635978645951127e-10
-3.290830385971332817e-10
-3.377512713953478851e-10
-4.985286072844985483e-10
2.643910923527670320e-10
8.307207005620043105e-11
1.409302952115609742e-10
1.204189248316112071e-10
2.802379439614810508e-10
-1.866633514424620444e-10
3.684833271844212277e-10
1.179542991058823986e-10
-3.431590428482067523e-11
3.471625764639441059e-11
-3.088329592060290452e-10
-1.353278045179706623e-10
-1.064163202002532671e-10
5.428082983094384417e-11
-2.956188349667598914e-10
-2.693376632834088014e-10
8.747905178019266259e-11
-2.655615172209024877e-10
-1.302672275604876972e-10
-3.846459539769142566e-10
-9.648543769502637701e-11
-1.287898399038311936e-10
-3.195222558760590914e-11
-1.215116202102350940e-10
-2.968370826916810756e-10
-2.218984718194150219e-10
-6.500436300349576868e-10
-4.141957887782155012e-10
-1.014279493727343606e-10
1.401673499490385666e-10
4.511780879457027993e-11
-3.294527844976968822e-11
-1.303318147849452657e-10
1.252291048636777759e-10
3.907397461144768158e-10
-2.189023962095859588e-10
2.367689100335468311e-10
-6.235040261870494760e-12
-1.036602886861359707e-10
4.463514002850388351e-10
2.377107399809119670e-10
-3.786062574562265581e-10
-6.856412659850263935e-11
-4.002778108969096138e-10
-3.043282847947637038e-10
-1.639247626528117507e-10
5.904297190051366329e-11
4.632624145406438743e-11
1.150220682588631860e-10
-2.125855325108005900e-10
-2.888843331216861543e-11
-4.432465505743721224e-11
-4.870257530598109952e-10
5.321796336943407368e-10
-2.914129493269967952e-10
-5.075787568031842056e-10
-1.876372807130266551e-10
-3.594715636268119852e-10
1.282052936035782409e-10
-1.026140006299414154e-10
1.375535796377391762e-11
-1.799295296089908902e-10
-5.893445453875045814e-12
-2.874696869437087798e-10
9.401929235153261288e-11
-2.852656999507985347e-10
2.493851306017980107e-11
-1.724650422474383049e-10
-4.886946403104275305e-11
-4.196755998275847332e-10
-1.163325824560246247e-10
3.781408242087280769e-10
-5.699033259198849066e-11
1.265074711653824124e-10
-2.772617968549440093e-10
-2.779211583092688898e-10
-5.007074199703254180e-10
-1.775789792990423166e-10
-8.360039743804392742e-11
-1.105937008638591124e-10
1.968360197057705818e-11
-2.466948867407836588e-11
-1.551806738664396335e-10
2.635237861259298597e-11
-2.937529663959992376e-10
9.261385408576572331e-11
4.134325659599369374e-10
-7.537015456193785212e-11
-2.682463140502022725e-10
-8.110095928159921641e-12
2.251444031209359764e-10
5.021765780988118877e-10
9.957278057637353186e-12
1.013196748722577922e-10
3.404715676058600593e-10
-2.501405471644346790e-10
-1.904679886033378011e-11
1.251260761669925614e-10
-9.622247443275000478e-11
2.146255118073980839e-10
-1.486419876073341584e-10
2.225596651417305338e-10
2.914090357908349915e-10
-2.355913034102208314e-11
9.613466273039605881e-12
-6.032659094490355756e-11
8.384716532194858019e-12
5.632058708293641303e-11
-1.397289922655531313e-10
-6.282072084751177954e-11
-6.163030086270282482e-10
-3.566174022751056327e-10
-1.990272946450488689e-10
7.326729500878315093e-12
-7.087854747567234881e-10
5.768080457713153919e-12
3.786565505592420777e-10
6.563742604992484075e-11
-2.059501180706746482e-10
9.827316044264122752e-12
1.286431516867025948e-10
-3.966721395798344929e-10
3.167903717127273922e-10
-3.060660336284826144e-10
4.100758621561340078e-11
-2.472965165978280311e-10
-1.882590472401801662e-10
-4.601152792105267508e-11
3.128339601254914726e-11
1.107113498099998594e-10
-2.053685832503759912e-10
-1.098093144191736314e-10
1.710106639629671577e-10
1.237179803048604754e-10
-9.233763753613288827e-11
-6.047608247516933488e-11
7.582157124375044077e-12
-6.762766735501912763e-11
-2.273710109079729591e-10
1.345473593650226007e-10
1.453762527026114526e-10
1.553637218876247061e-10
9.547082568950315817e-11
-2.193339954104089884e-10
-1.804414673234333577e-10
-6.634919696990593252e-11
2.290178741093384929e-10
3.550530147666819403e-10
-9.498730968449109469e-11
-1.670061311465076415e-10
-6.198500046572519295e-11
1.683544137431880472e-10
-6.951182685011048079e-11
-3.718650387618538389e-12
1.224562673485252162e-10
1.444543373807505304e-10
-2.064011739300042336e-10
4.665182129492961849e-10
1.174086383670669420e-10
9.619191554399719735e-11
-1.767333224211853349e-10
-3.565728268206669327e-11
2.700902279606509637e-10
-1.904011809328309823e-10
6.177088007763842370e-11
-2.713474722693121066e-10
-4.944881309976167927e-11
-3.217845989667011963e-10
-1.022123427563137454e-10
-8.861319317210458735e-11
-1.072828700876549135e-10
-2.631956319554262791e-10
-8.687964236919754057e-11
1.553813883115040539e-10
1.954410522309046883e-10
-9.844798587455017014e-13
-1.166435142918587076e-10
-2.910314350623721680e-11
-1.341588645731306428e-10
-1.477357403079082587e-10
-4.927241947783045362e-11
6.403894775575125209e-11
2.128947851343099273e-10
-1.669695215422706269e-10
1.712961716915373245e-10
-2.074308641519806429e-10
-5.362543742393199864e-11
1.409970612487043695e-10
7.419248548856671732e-11
-3.040481755256507768e-10
-1.280895806088366840e-10
3.885940180747837758e-10
2.312962599226864313e-10
1.761492618435056556e-10
4.825292942989278799e-10
1.725534437557740830e-10
-2.703958237870729420e-11
-9.874868978076989379e-11
-1.304610586227994418e-11
-1.306697527958533556e-10
3.376233459473354515e-10
-6.445786265851793928e-11
3.258697756081119223e-10
9.587355909168593371e-11
-1.255379133979772632e-10
-7.792505529735649361e-11
-2.043079039282247322e-10
1.146641184779362277e-10
2.181774622078691550e-10
-2.698569978587528340e-10
-3.132259174254414802e-10
-2.701063331334019324e-11
-3.777193835485803675e-12
-2.846525792854492920e-10
-1.043246600218594722e-10
-2.430726731006416230e-10
1.067687258049510035e-10
-6.728421986235133545e-11
-3.712252033549745533e-11
-4.618420229585140646e-11
-2.390553380249293980e-11
-4.544570275655246405e-11
1.173439956314581423e-10
-1.068454352770586979e-12
1.907197594297471710e-10
1.559146735330418920e-11
2.444323632389000522e-10
-2.230929885271848434e-10
2.106765456533210568e-11
-4.612038528861717168e-11
-3.400893733296328492e-10
5.189699781027456993e-10
-8.690680119993743347e-11
1.872725724494372912e-10
-1.747354344550089422e-10
2.396080001076938970e-10
-2.276516614108103909e-10
9.352525698336222604e-11
1.733022614303081355e-10
-4.042356172018202187e-10
-9.454485111470845027e-11
-4.189693036948938243e-10
4.293041616643122893e-11
3.556235861346124238e-10
1.158955570401687396e-11
2.520875730382954316e-10
-2.054834358222734636e-10
-7.308467719902012050e-11
-3.639155921053571774e-10
3.194607078871314343e-11
-2.606973525942635206e-10
-5.005205139241297729e-10
-1.545358840893129582e-10
2.063064025170646687e-10
1.764921542246611352e-11
6.828476672993133434e-11
2.949641086935628209e-10
1.683879424785317269e-10
-2.087063438738212540e-10
-1.016639272766184376e-10
-3.098644119070570468e-10
4.757520766229816900e-11
4.175703671727148958e-10
2.865719883615724939e-10
-2.381747576940540512e-10
-8.520822936119998303e-11
-2.450018798949571419e-10
2.509158714136816570e-10
1.051169151722319839e-10
1.825200407479243836e-10
-1.197168753019894893e-11
2.550454847316530049e-10
-2.056605719058524073e-10
-3.193825759417734389e-11
2.216439531910197047e-10
2.121406939004089054e-10
1.987283393400929299e-10
-3.583452978794809951e-10
-4.491425009689464787e-10
1.652867842594218928e-10
1.037541164095046042e-10
-1.949027328418395655e-10
1.477816202744008933e-10
4.710004608554640981e-10
-1.995635323659428195e-10
-4.752034876709387845e-11
-5.081481901925144484e-10
-4.585096469167382338e-10
3.048104268987827936e-10
1.999428400623060043e-10
7.642594890278076036e-11
-3.213562194126495797e-10
8.001578566396716496e-11
-1.491826107091753784e-10
2.221928196988187665e-11
-4.842705403351743598e-11
3.190399056052228843e-10
6.675150709956056971e-11
-7.091344178533631748e-11
-3.533239256725551058e-10
-9.434818204479000769e-11
-5.295021643370034781e-10
-2.220107986339314721e-10
-1.251064807306079274e-10
-1.414553196799062107e-11
-6.721917467089610909e-11
-9.548629942290887129e-11
-1.370591695692979783e-10
3.708265361446194674e-10
-1.109192598880426317e-10
-2.338834959036972805e-10
-1.498050017367802411e-10
1.161101631508287824e-10
-2.473904969768625506e-10
2.426003287148148502e-10
-2.754123595849478079e-10
-2.266363208214272618e-10
2.646720342891484279e-11
1.473567101673012303e-10
3.189555841665026037e-10
1.647667002835362382e-10
-1.055844300879016373e-10
-1.360674489747637494e-10
1.040438846189317701e-10
3.051157937417059429e-10
-1.029070023639278020e-10
1.949316125182676274e-10
1.089960621758478965e-10
1.385039027912426945e-10
-3.882547339184583279e-10
2.145511684981116218e-10
4.614995885443562429e-11
-2.031793483459054528e-10
3.855170627176107701e-10
-9.877074158559651096e-11
1.301229402006498503e-10
-1.383953784905855855e-10
-2.732744031064271439e-10
7.121890577277412149e-11
-9.558977220880393588e-11
7.812566565901235549e-11
-1.152795914283188949e-10
-2.478775795733412224e-10
-2.369146268055288829e-10
-7.771426557834359983e-11
2.739330429157860181e-10
9.872021949908216243e-11
-9.405906609138980912e-12
1.431087470749048407e-10
-3.806435722175649516e-11
-6.184048412238851711e-11
-4.192622637955167875e-10
7.476139152196026316e-11
2.874097349003790214e-10
-3.902896894558693930e-10
2.102583523955203759e-10
3.662115888314332324e-10
1.230650858996540364e-10
-4.620338139860180604e-11
3.091704114943638615e-10
-4.790132873688790482e-11
-4.148517085411640437e-10
5.080175863314551066e-11
-3.431989692437298345e-10
2.178598829116751290e-10
1.297501550645563384e-10
-1.462098775384390592e-10
-2.429892398403410425e-11
3.591994063301129358e-11
-4.375378878651581260e-11
2.121984116199016057e-10
-1.139458249976854631e-10
-2.154820211153207765e-10
-2.282180416868229145e-10
3.747748292259878156e-11
8.650099386775522703e-11
1.228017687537885649e-10
2.306875940272234971e-10
1.974062718845814857e-10
-2.305041157946163821e-10
