-1.433998753075371724e-11
3.928739278347137542e-10
3.357426281436204363e-10
-6.929831708468725537e-11
-1.072850835948102599e-10
4.883995985416333951e-11
1.082685052722354158e-10
-1.134830077131887549e-10
-1.692056217361681547e-10
2.598452009117124817e-11
-9.222712871181926175e-12
1.184209952320713910e-10
-1.595114457186852519e-10
-4.651420359991220721e-10
-1.083888395703169749e-10
-1.138777266929125176e-10
9.750616980497284203e-12
1.812927724609281199e-10
8.414316465810145473e-11
1.543735972386883759e-10
3.605555090602230450e-11
-8.282430297157361565e-12
3.573479567808846014e-10
-1.694455686873652667e-10
-2.528724452055541860e-10
-8.532605177968832777e-11
4.250332030775183512e-11
-4.163200617579576601e-10
3.608936066656909247e-11
2.575879509691958447e-10
7.318893407992632660e-11
2.838813073502421958e-10
-1.364041657403447516e-10
-1.663090637427089291e-10
1.597533771935388813e-10
-8.598424749983735182e-11
-1.533815296994589517e-10
-1.410687677783073468e-10
-2.453259817514208407e-10
1.353682166360670180e-10
-9.603168954486207554e-11
-2.827614808964540316e-10
5.413428733058722742e-11
1.807339139459074318e-10
-1.388309467387216500e-10
-9.921351934449873511e-12
-2.846806124168210772e-10
-1.282566275406793466e-10
3.208454335545951608e-11
-7.474233038040623001e-11
-6.533784624451755008e-11
-2.273813914932532043e-10
2.011041888572151493e-10
2.011792676892554255e-10
-1.739743626938405896e-10
2.971880519453407032e-10
1.923070036546903339e-11
-1.466301524644109122e-10
1.457938630933242052e-10
3.095706191391656148e-10
1.852848707795118344e-10
4.078448412325741401e-10
-1.698069185263051395e-10
1.085680850776427064e-11
1.755627865307474167e-10
5.997027180404401747e-11
1.277479927397351389e-10
-9.976776349507332498e-12
8.273607493558543524e-12
-3.545839732943534273e-10
1.720618786338334871e-11
1.801802457235268662e-10
-1.098922342013253228e-10
-1.331242616142702673e-10
-9.641393239334661303e-11
-3.056529473965952093e-10
9.131595479772158797e-11
-2.053790748579586989e-10
-1.610901134707631854e-10
-9.800701916695686577e-12
-1.823155515445762376e-11
-9.558284025379393256e-11
-8.351663111083595936e-11
-1.549568806602508175e-10
2.683488153909507901e-10
1.162667531695582568e-10
-2.538012300323799764e-10
1.318892078883138197e-10
-2.626157624696645598e-11
1.228543239362167583e-10
-9.232471731568381301e-11
-1.043271719014526866e-10
-1.303414459696838890e-10
7.523882905591250392e-11
-3.865992526108641414e-10
-3.566884010375304115e-10
-3.924406910549294025e-10
6.304389649214314773e-11
3.039308804630991290e-10
5.464569075019909405e-11
-1.113452663403791121e-10
5.743136174962693019e-11
-3.865767150834642507e-10
2.199925797086166313e-10
8.668993300986471695e-11
1.266978189029543955e-11
-9.827855196320456344e-11
3.609056942188715311e-10
1.502529767272164918e-10
-1.096269880429545651e-10
3.659272052036754985e-10
-2.920887698376617436e-10
4.090882077534274686e-10
1.378787639616518845e-10
-2.550206990026282483e-10
-2.298719409266070102e-10
-2.056624037738430388e-10
9.907646925100266344e-11
2.659418518735634507e-10
6.199563085118597883e-11
-6.305398980721577118e-10
-1.355336121111605507e-10
4.923512708643329461e-10
-1.747526845452540556e-10
6.380575234832264186e-11
-2.456138070705549126e-10
-1.547958983216801698e-10
2.312709607155127856e-10
2.379433039489953217e-10
-2.248837505103296053e-10
2.018063910425027530e-10
-2.031718127071258095e-10
3.110578461473778589e-11
5.249496670689524080e-11
2.235045482024133889e-11
-1.345137473629520741e-10
-1.548333128376100376e-10
-2.860189307618554722e-10
-1.318924969240242717e-10
1.259759518923431187e-10
-9.678899348664060653e-11
-1.668207516569708559e-10
-4.946019288576408712e-11
2.545228472428107125e-10
1.332794846709006720e-10
-3.667081360791968336e-10
2.189854131362523049e-10
-1.821473666341333342e-10
-8.014040819848133879e-11
-2.872612148152597911e-10
2.683950284243508122e-10
-1.422113121707369032e-10
-3.130689041341838674e-10
3.262571879325548707e-10
-2.824489531150220500e-10
-4.007679743622816204e-10
1.637551899635880659e-10
-2.586174052687795211e-10
-3.785396995859002800e-11
-1.455132264682745813e-10
2.149871669576697286e-10
2.226981932196281377e-10
5.285311077685150849e-11
-2.136513327366529325e-10
-2.769220963649843270e-10
-1.111510467000087488e-10
3.120506630871489051e-11
-7.041122684903200479e-10
-4.708164413891324784e-11
-8.808770379786778904e-11
1.260568455174748692e-10
-1.372828517531843318e-10
9.733731876071516353e-11
-4.547286158729235694e-11
5.832181265708058504e-11
-3.776846058123339844e-10
2.242293017928886911e-10
1.076062780547282216e-10
-2.204980087405772338e-10
2.469446036545974721e-10
5.300765382187933028e-11
-5.602773453516896041e-11
6.059037993555449475e-11
1.615465955451256264e-10
1.424529244564709529e-10
2.670708099117291567e-10
4.766761985131040547e-10
5.362168487010876561e-10
-1.259197329739336624e-10
-3.924535002530760153e-11
6.279220893246062474e-11
7.400881296693029299e-11
3.148975247224683471e-10
5.089193511054190822e-10
-2.411346955444315654e-10
2.205788884879211764e-10
8.784843685827325999e-11
-3.198903919532369855e-10
-1.796721105229437399e-10
1.341739774840533528e-10
2.925018283139735331e-10
-2.828318690362152665e-10
-1.285797163186330749e-10
2.281724392760864362e-10
4.064759639987869377e-10
1.155434081745454478e-11
-2.681097288625977626e-10
-2.264585741151847742e-10
3.993035069260741921e-10
3.162713424487151315e-10
3.756437105817411748e-10
3.633828793425664117e-10
-4.154998289873645945e-10
4.916229090490276121e-10
-1.795882886845845405e-11
1.716955883024340324e-10
-7.379027944232063874e-12
1.004116234604168767e-10
9.087352398351455918e-11
4.282952464906841783e-11
1.260039017569880571e-10
-1.001449617676897219e-11
-6.313350536801820567e-11
-7.295074266888690318e-11
-2.692984446550639177e-10
-6.389803963724460800e-11
7.321369205337546759e-11
1.940855670623520268e-10
9.399106493113151828e-12
9.147467505687956191e-11
4.296931699343531363e-10
2.206005239591135592e-10
1.326924820022057361e-10
-1.407890193316774230e-10
4.026207700569273129e-10
5.743010234038337103e-12
-3.125856795627157680e-10
-1.859020298811131511e-10
3.608340570782075929e-10
2.147771543947740724e-11
-1.686731587735579296e-10
-6.251037187876562484e-11
1.370698554659099955e-10
1.893187412393970703e-10
1.613671557487705854e-10
1.212962230656700058e-10
2.823658529216288571e-10
2.238983026758845085e-10
1.465922938592711944e-10
3.090697142660303598e-10
-1.837652252589805357e-11
1.038618288595749561e-10
-9.400320799546335593e-11
6.428392818058625835e-10
1.191138576661643356e-10
-3.851274854582698026e-10
3.601430265121052798e-10
2.966882295396544578e-10
2.687528255496118845e-10
-5.408943085094541914e-11
-3.191114039680087444e-10
1.070657174029321368e-10
-2.051518677159691606e-10
-1.378412384234195542e-10
-1.622592893379959378e-10
-2.174290192336059135e-10
1.965253237923292318e-10
5.199494168550700124e-10
-2.554026989898261490e-10
2.673247179174609300e-10
-1.035948826721977412e-10
1.884107453387073861e-10
3.462168052248415506e-10
1.720525250048510202e-10
-2.712531310677945839e-10
-2.463080572834286386e-10
1.319402226362953456e-11
1.135982280464631344e-11
1.170362140534564332e-10
1.369472035772645313e-10
1.566056173629704062e-10
-1.842936636631264946e-10
7.487394731997554231e-11
7.595819806471837410e-11
-2.750761840530913105e-10
-4.280607535100955374e-10
8.168039161704498952e-12
-1.186742371039883892e-11
3.049292207624176854e-10
-1.957524142781608134e-10
4.383020335563259096e-11
4.326914382346558341e-10
2.745380311974798815e-10
-1.149906558861601980e-12
2.718463787410030363e-10
1.050891873521919706e-10
1.115264131046345142e-10
-1.425300155677433622e-10
3.423480388065058833e-10
-2.973024326724527100e-10
-4.404883402475689991e-10
-1.249255837665330660e-10
3.549822658044377022e-10
1.897930562710925528e-10
1.828156653838064472e-10
2.530800014000078590e-10
1.192433790597746679e-10
1.726103565635739301e-10
1.667285476347757367e-10
6.957093928727786647e-11
-2.819681987897837416e-11
3.231521161772832329e-10
-2.565362158812867222e-11
3.358600342284745466e-10
1.800420923459000733e-12
-2.002850316151771892e-11
-1.561837881247640780e-10
6.180924522203312677e-11
6.064098667657447095e-10
-1.688221784590382413e-11
1.311478703414081792e-12
1.331488669320535223e-10
-1.524078641068626894e-10
-2.837977908232147684e-10
1.365136892417240233e-10
-1.929143650380993336e-10
1.658728848719093207e-10
9.575031045816473352e-11
1.945812261316959280e-10
-2.375759311501468574e-12
-2.007892324629168002e-10
-2.869792181670050013e-10
-5.618084886194196770e-10
-2.901222317941432038e-10
1.076724542858897848e-10
5.631980992681917542e-11
1.524947390585396079e-10
2.213592364963545833e-10
-1.785886577509998574e-10
1.134859983764613389e-10
1.226389129138638623e-10
1.760356860280865021e-10
8.967801501391647889e-11
-2.305487190046306978e-10
1.094468682349969413e-10
2.791046282979436910e-10
-2.398699572303542027e-10
-1.159693452379428891e-10
1.545414768377995074e-10
-1.242082547925349445e-10
-5.025229121713437053e-10
-7.298155135782025127e-12
-3.016504060426861145e-11
3.523213387701673582e-10
2.078777566749678840e-10
3.530582493027623059e-10
5.668682190318463654e-11
1.941029836860508340e-10
-3.059189290777197812e-10
3.127291203774973383e-10
2.611444949174313024e-10
3.718699653765256130e-11
1.105225633235562555e-10
-1.331482146760265550e-10
-1.074512701038088380e-11
2.235332891009633727e-10
-3.710705076542808456e-10
1.660120652058338919e-10
-1.159056947641623481e-10
1.304216318276374409e-10
-1.956350359488823187e-11
1.753119038827577469e-10
-7.818784508728526816e-11
1.640551999804173988e-10
2.195987280906308570e-10
-1.935459570390207773e-10
-5.909416012084278691e-11
-2.847956592777478591e-11
1.353258338721019527e-10
2.574576107861048513e-10
1.596899001921059380e-11
-5.571088035338789268e-11
-8.826184227928024484e-11
1.821285136593964182e-11
-1.801625376662840949e-10
2.576682617272396669e-11
-4.565499367448211387e-11
3.871154508061636079e-10
7.649561539757598894e-12
2.998105652629590168e-10
9.610171686214030728e-11
-1.880096911488493561e-10
1.342134736681543927e-10
-1.315654252209697006e-10
3.108323043399252583e-10
-5.853720286275176932e-11
-5.115084397711022746e-11
-3.570242712580551370e-11
8.950465368862126070e-12
1.659706816425909892e-10
-3.697007977532251743e-10
2.628048473285460318e-11
-7.426186054981798179e-11
-1.821548328839739384e-10
-2.934994747239016988e-10
-1.392048698534154028e-10
1.442443109400670664e-10
7.516103017746189607e-11
-1.120948472932425943e-10
1.530675447503071496e-10
1.593343235128941160e-10
9.808866219263023822e-11
-4.888620064313897728e-11
1.986881215110258836e-10
-2.595220705003953299e-10
1.578145114589091236e-10
-3.969231887612778564e-11
6.773654553926533595e-11
-4.473330039722611673e-11
8.507010373914880574e-11
1.221508311166630278e-10
-9.538064782432797983e-11
-1.848253772251950977e-10
-1.069961827471210825e-10
3.314679086763305804e-10
2.064810544766260136e-10
-8.574831816821060215e-11
-2.532973553126538491e-10
4.982770307471184879e-10
-1.009612393687575604e-10
-6.435936505955197617e-11
-6.913329630986453367e-11
-6.399799440393039163e-11
-3.758282018928582602e-10
1.988273018449504548e-10
3.287113359284887792e-10
-4.190990332553212738e-10
1.211799133260527128e-10
-5.541411080001168443e-11
-5.732837815575209106e-11
2.478509064651746030e-10
-1.054925452548260978e-10
2.781290198150543347e-10
1.782915481918223577e-11
-3.404885401403490164e-11
4.376656675963985776e-11
2.129930398719892537e-10
2.057231052177144193e-10
2.948430388727274476e-11
-1.244629121988083398e-10
1.890774758983582160e-10
2.280863137249511396e-10
3.608993104364799365e-10
-2.108382635146455186e-10
-1.677245287101669646e-10
-2.024312661941252145e-10
-2.759265038676517179e-10
5.771608191373900354e-11
2.036314172837450087e-11
-2.354055284037315232e-10
1.642522229339249407e-10
-1.970094365422170313e-10
-2.235848312048815956e-10
2.642545626763137534e-10
-2.005481614109072552e-10
-4.638046890992342242e-11
2.973256640892429914e-10
2.361032480635572028e-10
1.171121810639164096e-10
-2.002287363689347899e-10
-5.213267595394199816e-10
-7.388334388735984248e-11
-1.388200526752925157e-10
2.196864912207274756e-11
-2.227805301346919009e-10
-8.248013383393981712e-12
7.900624598988770231e-11
-1.654548373308806219e-11
-4.553772636750608171e-11
5.733294394794086202e-11
1.169914720655640394e-10
2.531642118164256772e-10
-5.668032709849057937e-11
2.304527402241518530e-11
-1.004211713784286530e-10
2.907526996942522146e-11
-8.775914717151778177e-11
4.833446837215760183e-11
4.454178692547827723e-11
-2.012864597222829843e-10
1.877493438495747569e-10
3.054900776788826988e-11
-6.518094397556239983e-11
1.945645033973875115e-12
3.376955659550873179e-10
5.962426385952568353e-11
-1.744304700679322195e-10
6.862671542151588255e-11
3.477307608523716453e-10
-1.590455267486134971e-10
8.792476469121623950e-11
-1.822202666534877835e-10
-4.892448252080683346e-11
-1.139996361199102637e-10
1.181516551262973280e-10
-1.888039030673027696e-11
-3.203659837414107869e-10
-8.535345347171485741e-11
-9.408203383021174204e-12
-7.764087289752197307e-11
-2.781927466166678187e-12
-2.143773492058187458e-10
1.528543264184278883e-11
2.737312598810603959e-10
-1.352103151663897052e-11
-1.632010845908915542e-11
1.085082301788276027e-10
-2.835343071438956031e-10
-2.084380862354962005e-10
-1.926459963774718176e-10
-1.622142281609839642e-10
8.795063288769000565e-11
3.357782385471352882e-10
9.459981409332129942e-11
3.322065955657649283e-10
2.618187333602861600e-10
3.714407947885689509e-10
-1.537017318975486546e-10
-3.974264528583404399e-10
-1.357435691629049757e-10
-4.877339088160681513e-10
2.945791874320313752e-11
1.841495844701057649e-10
-4.701363257031410114e-11
-4.423205413051078949e-10
4.318563562311084070e-11
4.907611123039501422e-11
3.250735236548507601e-10
5.575407358016093440e-10
-1.220985118566275673e-11
4.806733483464498136e-11
2.173485280643205897e-10
-5.431354671570076675e-11
2.086754519181610590e-10
-3.601035580835798555e-10
-2.145106869910762271e-10
-1.427889195770859487e-10
-1.984269970556340468e-10
-2.566023782346604776e-10
-2.139027843739427226e-11
-5.478562742355919113e-11
9.015121982258733624e-12
-1.314503783600429188e-10
3.106453289047905741e-11
-9.485164736977580446e-11
-6.660706708405683685e-11
7.086992104277101134e-11
-1.460366133576584957e-10
1.463947019164635321e-10
2.131609888600394243e-10
3.331130371542201374e-10
2.408083454863430006e-11
-2.210259475443621113e-10
-7.883220465298990121e-11
-6.113447248434766834e-11
9.149623420023900167e-11
-2.297748935564669637e-10
-1.973301383406678156e-10
1.790568943116355172e-10
1.118730941218615271e-10
4.213568105537746078e-10
2.797811982091502614e-10
-1.559916362747770791e-10
2.206559795991935857e-10
1.098817425937426151e-10
-2.171212515333920123e-10
-3.417503779967745459e-11
2.235717583287666343e-10
-8.417271740723819562e-11
4.197623360013835736e-10
2.272442234385607662e-10
-1.661782933481958935e-10
3.042781304696262623e-10
-6.830985777028786288e-11
-3.099007161999622895e-10
-1.899807533511932434e-10
9.008528645271240975e-11
2.135135401815091427e-10
1.509295743939986778e-10
-3.935435310964408018e-12
3.172538343143571637e-10
1.014446721070427770e-10
2.581816149760385315e-10
-2.544438271190330170e-10
-9.606924283867002146e-11
2.891591688314321118e-10
7.394061751764269275e-11
-1.096543203460420557e-10
3.253367575339893847e-10
2.088548362033648687e-10
-1.883490030607504195e-10
-4.768282435563264698e-10
1.864176521482185933e-11
2.111186503395146019e-10
-8.175897459050673888e-11
-3.658949809803857534e-10
-1.078988287606108543e-11
-8.874165291494762187e-12
3.440849272173807094e-10
-1.239701119537528484e-10
2.257383446835348195e-10
-2.279603589228074156e-10
1.864675497342815902e-10
1.213044803494156554e-10
5.075882492100447507e-10
-1.577231401039824732e-10
-3.046716212651290334e-10
-2.759416029007866200e-10
-3.643682577880724693e-10
-5.019329396560578971e-10
2.662036979739212939e-10
9.811917944801962221e-11
5.543365766413899109e-11
1.609032629357187716e-10
2.501616691574781726e-10
-1.793846460262926712e-10
2.620430539224116728e-10
1.009685113295688552e-10
-4.541322179418827432e-12
1.097453516951674146e-10
-2.814342370260902726e-10
-1.763673929122688833e-10
-4.665402786319106099e-11
8.100901893737244563e-12
-2.934410492372307999e-10
-2.669434118196534200e-10
1.115018563591085865e-10
-2.268456672505081428e-10
-1.755721817930933071e-10
-3.651515756430967485e-10
-1.012366648844853501e-10
-3.619907151808376966e-11
4.535275627270962673e-11
-1.033281654683193551e-10
-3.360907940841428854e-10
-2.219501804567869385e-10
-6.475335267985826704e-10
-3.759880740084042827e-10
-4.863071056959711314e-11
1.291408091574908212e-10
3.264089692978089374e-11
-5.170179562252741334e-11
-8.555300912149732540e-11
1.524068232727771033e-10
4.172256706791444003e-10
-2.162272028094491816e-10
3.200014697668507324e-10
-5.715394824079567115e-11
-9.869952771746071107e-11
4.034573508615579840e-10
3.313032626017786697e-10
-3.763332423467602439e-10
-7.987319139424187142e-11
-4.270543085826972174e-10
-3.586552999035319544e-10
-1.514761649445972580e-10
4.009942378147002273e-11
-2.819906808060324011e-11
1.196402699132903535e-10
-1.760170620368484151e-10
-6.151847087298989436e-11
-3.199107645457388571e-12
-4.727848113006416497e-10
4.386177532289536884e-10
-2.990725445073394440e-10
-5.148121928755244880e-10
-3.013667648765760987e-10
-4.291461075389690905e-10
1.892400680603145702e-10
-1.503178970185814478e-10
5.247437900868234806e-11
-1.937202342983113112e-10
2.013251371169033632e-11
-2.336551507831075014e-10
3.941336146340290725e-11
-1.704029417570751548e-10
9.567291403556055229e-12
-1.542068694959652930e-10
-1.110250710811833130e-10
-4.159290412086846800e-10
-5.616039577827081075e-11
3.498050182848544409e-10
-1.897743073797641955e-10
1.524395332186401220e-10
-2.688216316215630286e-10
-3.084220101534640435e-10
-4.818281884588770936e-10
-1.191186732585336472e-10
-1.294719886857365054e-10
-1.209244926414498877e-10
9.902393488525618181e-11
-6.153300091682467610e-12
-3.540173709737359786e-11
6.449998174451465616e-11
-3.254042590938865942e-10
1.445921021803187045e-10
4.767244932146752490e-10
4.075396964342559158e-11
-1.246524827802630853e-10
1.548449563015807939e-11
2.047140512662082301e-10
4.975366785231472022e-10
-4.267788900058633317e-11
1.786003983594852684e-10
3.699862083372806865e-10
-3.400821568799727856e-10
-5.068154576570726988e-11
4.115278257055265954e-11
-1.180225778218968458e-10
2.404023091706619653e-10
-1.298018637019282551e-10
1.524310538902895473e-10
3.427657602195210984e-10
5.626714372208851955e-12
-2.043244046179282236e-11
-3.101689044493483038e-11
4.084128868431236015e-12
7.367680771031004383e-11
-1.846219011003569221e-10
-7.036166094209761468e-11
-5.405650371770320817e-10
-3.697163408755699265e-10
-2.846338997830599737e-10
1.127950788326614884e-10
-7.041812133401492702e-10
8.363613274164904965e-11
3.477701182585946071e-10
6.902980964618166126e-11
-2.082383432355783270e-10
1.322677731230292864e-11
1.337796540212821128e-11
-3.891555966362147956e-10
3.153640681929914535e-10
-3.553476402018418412e-10
7.696082660046954516e-11
-3.380575264166907345e-10
-2.531990450638232915e-10
2.621278194503418035e-12
5.743989658912873608e-11
1.335269117497261959e-10
-2.038232915779758514e-10
-8.578987520380110254e-11
1.433687474294842445e-10
1.931762250162449845e-10
-1.085900536157424767e-10
-9.490190577832180452e-11
-3.227123429594414006e-11
-3.732508052634031515e-11
-2.418032718498608347e-10
1.231542923196826678e-10
2.009566263394546581e-10
1.214805894766968208e-10
1.247902059464678359e-10
-2.021103839844329286e-10
-1.715934200285929023e-10
-8.968552289712050651e-11
1.913713770784752910e-10
3.320359542868800418e-10
-3.914198132282109555e-11
-2.511406915761682512e-10
-8.469200341032490087e-11
1.255819337409036507e-10
-1.843905583776006551e-10
-4.376164708386198754e-11
7.176835514766111146e-11
1.380473929613046380e-10
-2.554471911775380022e-10
4.678543663594325608e-10
4.138593634461784632e-11
4.441947504263410451e-11
-1.779299763082775598e-10
-4.920895288473836615e-11
2.880581606579113441e-10
-1.387716191958432432e-10
5.319993751085050349e-11
-3.370428380833345727e-10
-6.348787467969074783e-11
-3.354090893914474236e-10
-1.421120998656988377e-10
-1.642019298309094211e-10
-8.109422855451242640e-11
-9.753816504476375826e-11
-1.256133114191371192e-10
1.963447876507373735e-10
2.738270721280855469e-10
-2.234417859070525481e-11
-4.371920186985178702e-11
6.463984902893571416e-11
-1.217030226596804710e-10
-2.342792904119761488e-10
-3.104264068021223011e-11
9.542738821366469892e-11
1.869066845738842630e-10
-1.520640974250753175e-10
2.124572323625173453e-10
-1.144928180041304699e-10
-1.463784649047283892e-11
-2.467456794441602597e-12
9.311371118592148832e-11
-2.791700204340941127e-10
-1.377840619376513587e-10
4.084577676088940734e-10
2.581973246318369775e-10
1.738369725945432265e-10
5.073675923839005009e-10
1.461660098511785577e-10
-2.774483767731261707e-11
-1.120089715422878385e-10
-5.756202459128445525e-11
-1.523546566684075287e-10
2.939864462980779081e-10
-1.293105345023803920e-10
3.403760051590154490e-10
1.670116961394185751e-10
-1.049375170092403664e-10
-7.704040183575955325e-11
-1.845830710500706573e-10
8.084684310905032589e-11
2.516954977771490576e-10
-2.484331629304392663e-10
-3.163612427581341535e-10
1.815440506258703124e-11
-4.968661593274248389e-11
-2.966960566119780651e-10
-4.320448859784775664e-11
-2.498719564592022380e-10
1.590347853408502488e-10
-7.383604838651081081e-11
-7.090893844319268169e-11
-6.454329432026284508e-11
-3.661317776737504914e-11
-8.653247562939725412e-11
1.615953759692700942e-10
-3.049829833123851586e-11
1.378654967965076139e-10
2.757478620440956263e-11
2.706025126197886266e-10
-2.693461009783959526e-10
8.673423784744116460e-11
-1.064898169644834525e-11
-3.832640871337389399e-10
5.346565412622794611e-10
-1.319958725654046816e-10
1.612066591327732112e-10
-2.681136423987595663e-10
1.930436921426803565e-10
-2.340324600780263609e-10
5.654706564106604105e-11
2.228372625312502464e-10
-3.843834694983172540e-10
-9.143990425952708279e-11
-3.661048686431911392e-10
1.320477893695937155e-10
3.443132168268192572e-10
5.217955234559923383e-11
2.033497537023976065e-10
-1.515997882783892692e-10
-7.496479131896549575e-12
-3.833677264530876982e-10
-1.380651842852742561e-11
-3.554110616921235533e-10
-5.246549306114900446e-10
-1.809248445505673430e-10
2.093208245623756625e-10
-1.961169421305086757e-11
2.017931655107219058e-11
2.972282142632565183e-10
2.279338107147310666e-10
-1.658236048474037716e-10
-1.168449226263135188e-10
-2.376311092344707276e-10
-1.138644734055560548e-12
3.816600646633361293e-10
2.316649372335888302e-10
-2.295569706545208533e-10
-5.857823948129947667e-11
-1.893684375975368539e-10
3.110229296332533977e-10
1.453337450385561169e-10
1.580358899300193798e-10
-8.849383725806347911e-11
3.219237099116867284e-10
-1.462819448905250397e-10
-5.321068932695460774e-11
3.179340679615449972e-10
1.782471947819885827e-10
1.959940126861070553e-10
-4.306920098340327741e-10
-4.476284343191139214e-10
2.188005054915009850e-10
8.100752013628920167e-11
-1.290873657966429278e-10
1.500209123594942184e-10
4.980377776853117666e-10
-1.405641436580395975e-10
-6.009344410973227468e-11
-4.955179599974712801e-10
-4.427066768730725244e-10
2.595489934087424899e-10
2.169407431473757697e-10
6.326651008636829943e-11
-3.321673769374200447e-10
6.710922095809479515e-11
-2.092317846758007249e-10
7.360570486447670646e-13
-9.695157177080915289e-11
3.985003715900603538e-10
6.088933524051043378e-11
-4.083107463248580871e-11
-2.723006264915284191e-10
-5.422497173501739098e-11
-5.443511197356087905e-10
-1.665828031072180693e-10
-1.510715164076970041e-10
5.424815457955034503e-11
-1.128435192510046647e-10
-1.432998303352306380e-10
-1.125211521180169427e-10
3.574148199625426514e-10
-6.803851232417557071e-11
-2.859726899728798344e-10
-1.807139438092519867e-10
5.892187432410267434e-11
-2.531554965656823697e-10
3.329639897131642101e-10
-2.585801850418789627e-10
-1.375283220639289539e-10
8.721566524538815202e-11
1.931205750871356486e-10
4.019443944347500519e-10
2.157589801266013296e-10
-1.045196637572409770e-10
-1.496247570287323470e-10
7.478894586965267877e-11
3.142012205969990646e-10
-1.289980067209484105e-10
2.032867624235379367e-10
1.939824689767277732e-10
2.064994286676835600e-10
-3.910732293554985972e-10
2.643184005002296999e-10
7.203328211691228944e-11
-2.120069536593049975e-10
3.442881535420383443e-10
-7.217384329072373816e-11
1.315575287597070542e-10
-1.355296569416353236e-10
-2.192618031582327376e-10
3.436095852293874486e-11
-7.423914261117658953e-11
1.007739586222911043e-10
-1.176633651622793764e-10
-3.385080826756592387e-10
-2.666186160737993305e-10
-1.396106702467037053e-10
1.828121404257032623e-10
1.279709810342311016e-10
1.192751453160667552e-11
1.445445152459257088e-10
-1.095891433156026551e-11
-3.913870963434540329e-11
-3.789726032987772442e-10
8.113856808655839359e-13
2.647192465232706127e-10
-2.840440382900766281e-10
1.747675060226328014e-10
3.371065093737968255e-10
1.097528040672202110e-10
-5.982381950930815151e-11
3.221672373321382565e-10
-9.453698240902141947e-11
-4.671475428708049549e-10
5.614540082854446723e-11
-3.135920689789628568e-10
2.208924154700753206e-10
1.205537059068007011e-10
-1.023209364459098936e-10
2.654168551607938298e-11
-2.392924053351563884e-11
2.227641682228664877e-12
1.553645823104687906e-10
-1.308701341740103885e-10
-3.073330478997604587e-10
-1.844773361847629189e-10
1.156910157951163143e-11
8.254077976665996630e-11
1.660381415691247753e-10
2.187836023459510670e-10
2.355500794415377186e-10
-1.961846241016473869e-10
