-9.857947097513530821e-11
6.374455407964774167e-10
3.424730499190786759e-10
-3.517922897433578555e-10
-1.231889867892022039e-10
-1.728171494796981733e-10
4.517050899988106494e-10
-5.634334665494122873e-11
-5.767158417491202727e-10
2.279078731293182614e-10
-1.876371974462998082e-11
2.276881183593815194e-10
-2.872682647314661608e-10
-5.780441125757818099e-10
-3.280307692143935583e-10
9.869682848773209116e-11
-1.896954815450158094e-12
3.916945656712300661e-10
-9.926726107778449659e-12
2.510676666567235316e-10
8.013823632468941582e-11
7.939293666936464433e-11
1.199477739355359063e-10
-2.490788408859856418e-10
-2.276600713502219264e-10
-3.292781602937111529e-10
5.116861795384508582e-12
-8.068828938334604572e-10
-6.796527229901982992e-11
5.946976244786128518e-10
3.498020761938391843e-10
6.011544595452278372e-10
-1.655020842594723263e-10
-4.565231526143520568e-10
5.535741309792285847e-10
7.859157769019020634e-12
1.259078952209335966e-11
-1.045029202062508489e-10
-3.684612337462311871e-10
-6.164566079824851386e-11
-6.405576069568041930e-11
-4.651464213800693415e-10
-2.632742635011453558e-10
3.292128236687119625e-10
-5.803146851945939488e-10
-2.976855151270996203e-10
-6.250681083841413965e-10
9.216585827864776093e-12
1.673730876117218713e-10
-3.354385380571756059e-10
-2.542294708085535149e-10
-2.990381275935760641e-10
-5.856445189911241300e-11
2.352264771854351011e-10
-1.746159189464080441e-10
4.168731471132502975e-10
4.179662171921449954e-11
2.243763508325002931e-11
1.972201985056543094e-10
5.927996982180161467e-10
3.415726035349564427e-10
8.355343084076594096e-10
-5.155223470332259694e-10
3.524377317765114981e-11
3.215183397298204682e-10
2.785551789230567010e-10
4.671580899895388939e-10
-7.855938122247607680e-13
-2.312463692755173383e-10
-1.761800982880146194e-10
9.893529051563376697e-11
1.969319568528860032e-10
-3.159627559590205692e-10
-4.196161196290404405e-10
2.156647083140228460e-11
-4.909973538858025677e-10
1.291566020800161141e-10
-4.660803964995352544e-10
-1.887016098933713693e-10
-2.516190034107523843e-10
7.942072000055588887e-11
-1.417301137562887448e-10
-1.361880191952380414e-10
-3.603707887656071307e-10
3.787002933464123089e-10
2.080925015635060049e-11
-1.570649721394090648e-10
-9.731299099868806479e-11
-4.290852118060684006e-10
2.040741187148142899e-10
-5.197801217216024838e-11
-2.813290433945070390e-10
-7.547309999189621976e-11
1.967747076392356576e-10
-8.164846576619311236e-10
-4.020969113227579328e-10
-7.110436128776598252e-10
1.269180038843131797e-10
3.644360091481502195e-10
-2.507283269892468525e-11
-2.586587333208711925e-10
1.943725042030663985e-11
-8.996267064631524590e-10
8.595607559058748848e-11
-1.726618847897043452e-11
8.262784900736619420e-11
-1.993756271190250118e-10
5.594344432147124735e-10
2.209367133687578644e-10
-2.489402017857855753e-10
5.839955741215874241e-10
-8.459186684461883488e-10
7.144395075542320228e-10
-7.006430158273957431e-11
-2.465287141095728884e-10
-5.707163630574996205e-10
-1.817699601946998200e-10
-5.841570283049435375e-11
4.478204751467984579e-10
-9.841294446033543863e-12
-5.291043714272802845e-10
-7.471828711302919146e-12
7.606707486118580164e-10
-7.291314774171553381e-10
1.279842343215875644e-10
-1.690531881148871207e-10
-1.369289404085094475e-10
4.969087363804192137e-10
2.306591029288540540e-10
-6.766868315688512325e-11
3.337535248171263902e-10
-4.793689334370299093e-10
-2.312278424287939060e-10
3.178339813558750393e-10
3.247724866817236489e-10
-1.295730189809773947e-10
-4.124075525524517616e-10
-4.934572750414645270e-10
-2.258283560152563041e-10
2.983865377004235597e-10
-1.049119680018861800e-10
-1.858108944485792335e-10
-1.030982937910707165e-10
2.609505111994536719e-10
4.131934794315839099e-10
-5.619131826506418292e-10
2.439351221017460603e-10
-3.361769196352781819e-10
-1.502362678706958832e-10
-4.074436066314746085e-10
7.062567197735347690e-10
-2.736192106223001019e-10
-3.074246968104432653e-10
-3.599912035134877897e-11
-3.550834071219810539e-10
-7.709313187831412506e-10
-1.892971335237803032e-10
-5.167103411807261182e-10
-1.144518091411583782e-10
-2.556979628032252094e-10
3.642761092770285813e-10
6.427029741740142299e-11
3.849076612993940216e-10
-6.748802627853933700e-10
-4.344071491413359354e-10
-6.845004563160728139e-10
2.558370182370595103e-10
-1.022135487360742445e-09
-6.706901700681555667e-11
2.923082886852057527e-10
1.295269447254554507e-12
-6.199359081637823010e-11
1.359984624915711038e-10
-4.891301252918367481e-11
-1.026541837645389421e-10
-8.298075560020379271e-10
3.941684201258510711e-10
1.318791742477287698e-10
-2.000627719045411368e-10
2.440614932375240187e-10
1.304256841416773227e-10
-4.967037198211343707e-11
4.029944156158649093e-10
5.410044634501787186e-10
-1.421562034753520720e-10
3.936133363691141085e-10
3.016924488008498884e-10
3.111360058483114699e-10
-2.425626643987044417e-10
1.383125003417973176e-10
1.275021616065075136e-10
-1.116130798894943155e-11
6.764719895357984569e-10
6.744982350426198536e-10
-9.919187693441244846e-11
2.468959481305432746e-10
8.299199522054934164e-11
-5.779404177452818203e-10
-2.213536576256558419e-10
-3.807132387123601802e-11
4.905947315059222547e-10
-5.263117719422893970e-10
-2.825989442456489087e-12
2.702401913357022067e-10
6.035819066774195107e-10
2.671776688778493281e-11
-4.599405301064507512e-10
-6.431393195782675321e-10
6.997844526068774940e-10
6.501640892331295163e-10
6.217053538648542599e-10
7.603909168985012457e-10
-3.282683569416633418e-10
8.545146812366510858e-10
-3.022259109641822761e-10
4.179991075492495156e-10
7.748299224452637191e-11
1.472378330369394916e-10
-2.406948251820750784e-11
-1.475791711058604960e-10
3.015799276973041287e-10
-1.436393781695244343e-10
-3.634110373740284672e-11
5.958140925077515249e-11
-4.650751450618884064e-10
-2.065816684382326684e-10
3.776517987219563111e-11
2.975887591905035379e-10
2.834830425957335365e-10
2.911613727896167347e-10
7.515447153494392296e-10
5.890111731687852625e-10
2.861489378780390780e-10
-1.017814860171384339e-10
5.330388352930981455e-10
-2.108038466008821388e-10
-5.147626214174749748e-10
-1.241974717514082727e-10
8.223431380294243809e-10
-1.627529777614711293e-10
-7.228794229874324628e-10
-1.722573750306821694e-10
4.071133430372242401e-10
4.650037022102537776e-10
1.338509580950386635e-10
3.381961100057395697e-10
1.782547165429804181e-10
2.455667058587351903e-10
1.382536446437043764e-10
3.201548193221270822e-10
2.422065326079803071e-11
3.651967062090477611e-10
-1.884714606603665743e-11
9.756225827217690494e-10
3.435413620245242328e-10
-5.036676631320347042e-10
2.323131687020918434e-10
5.227235866378521223e-10
4.965594047057209082e-10
-2.806617160899804730e-10
-5.110952217002306952e-10
1.526897358550272088e-10
-2.553768863045036142e-10
-6.364102300704388426e-11
-2.790704334287852362e-10
-1.072490152242977501e-10
-1.318189446486428551e-10
4.561946376213654730e-10
-9.230576303309590003e-10
3.082508692742180756e-10
-4.949052279101806562e-11
2.928471354302075724e-10
6.417695264104850139e-10
-6.598498136778374601e-11
-3.786899127611320637e-10
-5.308395945036181729e-10
-3.605243881210640211e-10
1.930980028652662384e-11
-8.682259772241351925e-11
1.780040143062322500e-10
3.505873646947321731e-10
-3.633837675209861118e-10
2.029959811356008004e-10
3.152392791250235859e-10
-3.628942701894288803e-10
-7.347097930043844372e-10
-2.911232366287208606e-11
-6.433845817221950369e-11
1.725490306192511980e-10
-4.476702342159910586e-11
-1.421207040941396826e-10
6.759959259028391898e-10
2.216595240689400725e-10
2.895828021820534559e-10
6.020637877135470717e-10
2.410517063733408349e-10
-1.862042464662039265e-11
-4.947465770399617213e-10
1.887698747315980086e-10
-2.570967327919504442e-10
-4.856252067142463602e-10
2.266276333262595699e-10
5.326131757854568605e-10
1.117321721255670752e-10
3.655687974557508824e-10
-1.450199960117970477e-10
2.768329177005313113e-10
-7.743509999880160422e-11
3.786983782116948305e-10
9.161060798845710451e-11
1.605464233778164385e-10
6.235272298482641418e-10
-2.315769798144629021e-11
5.414828030403384673e-10
-1.619606115887961550e-10
1.829821433263489894e-10
-1.498952351131066507e-10
2.138718091515556807e-10
7.274044144800484446e-10
8.486406022356618450e-11
-1.819567135852295792e-10
2.839057877679351805e-10
-1.002865707144806606e-10
-5.379202638877700338e-10
1.467435895019519876e-11
8.813216823000402655e-11
1.155445183975700729e-10
2.109255270443810559e-10
1.210744560165011308e-10
2.367961382532257630e-11
-2.605001214739388615e-10
-4.267775022270825502e-10
-1.093729329326720290e-09
-2.573486979073891234e-10
1.317089770580537333e-10
-1.660933612868120690e-10
2.734633630652183456e-10
3.685364236005739258e-10
-4.211594128999962550e-10
-6.539924157777932123e-11
4.480575632737071601e-11
2.365808660087509452e-10
2.045519309490373416e-10
-5.360919486108173260e-10
1.207284272553010851e-12
6.577531852514084676e-10
-6.830361831688946950e-10
-1.560756524021655878e-10
1.871493793270673223e-10
-9.065795336660187331e-11
-8.732234935138194487e-10
1.007804326103034498e-10
-9.651496268858750227e-11
8.284014030301989351e-10
-3.540881476915558324e-11
2.074278665498141550e-10
-1.675137806245174943e-11
6.907419081159105190e-11
-3.685028948652302461e-10
2.631203588343566935e-10
6.425064924542311928e-10
3.975455520333071036e-10
3.557914518559357475e-10
1.132248184099182708e-10
1.833708185294824489e-11
5.538624003875725066e-10
-3.790114055934878934e-10
6.368622296193393595e-11
-2.001025317666105252e-10
8.091985415070723775e-12
5.184576379324568052e-11
4.665839936635052254e-10
-2.527545395203389944e-10
2.881725413850233508e-10
2.279942901139975220e-10
-5.189731977495171122e-10
2.387663400327255658e-10
-3.827670819189776807e-11
3.951324267781330946e-10
2.251663439034601311e-10
-1.552460243692266317e-11
4.210685966565819172e-11
-1.664640647547344088e-10
1.909883501349796120e-10
-1.343025690658805615e-10
-6.556713505467826053e-12
-2.679603761102100634e-11
4.594700453441902255e-10
-1.159576323850330937e-10
6.071943503549448451e-10
3.968194384196266356e-10
-2.645340058116119053e-10
-5.079942022589989392e-11
-1.912304203877113196e-10
6.150191467213517171e-10
1.083684808556029111e-10
-3.570574391709158135e-12
-7.149647540671821844e-11
2.935725273989220341e-10
-3.759788314017242783e-11
-9.936862443993277338e-10
2.475185612027530624e-10
-3.550172933408646259e-10
-6.555834763943835242e-10
-2.751253669330822049e-10
-3.461727293707639319e-10
3.297823125691934365e-10
1.145086803155948019e-10
-2.901634765795080284e-10
3.420262406628182816e-10
2.245620217555810427e-10
1.023070794747837908e-10
-1.429396045971031981e-10
5.191032048657007181e-10
-2.866636095166796849e-10
5.367954969415222877e-10
6.615256953335091339e-12
2.586327818576705795e-10
-3.013516103322899653e-10
-1.643229996517447944e-10
-4.257990834921621115e-11
-2.415922739640308237e-10
-3.936176731778040505e-11
5.194383811968350528e-11
4.227462824246686068e-10
1.476393451937951795e-10
-1.488104917068966415e-10
-1.902019930444254214e-10
3.652940727683073874e-10
-4.532546560298555960e-11
-5.684686055218435285e-11
3.376105645047644543e-11
-3.771535306285045408e-10
-1.888945666550512215e-10
1.440224189908079211e-10
5.134421776631370449e-10
-3.318111341243934476e-10
9.398836570140289837e-11
-4.433097500200489094e-10
1.466993471144206751e-10
5.879847719825193053e-10
-2.744866556270153524e-10
3.272946358379158482e-10
-5.641845324255712057e-11
-6.630883342406690417e-11
5.352380344492146946e-11
3.012963767368148638e-10
-1.670947546994483446e-10
2.089525219517440746e-10
-3.891155175850258274e-10
3.013522764661047404e-10
-7.144854152763002730e-12
2.700935031185736079e-10
7.564689152861348020e-11
-4.347883719724165985e-10
-2.381985164667810295e-10
-5.501645805594534977e-10
8.099787507376277063e-11
8.989094885114568001e-11
-3.894579658769714570e-10
-1.458074078142246321e-10
-4.676946607773402320e-10
-5.442436501468250754e-10
3.051768837636359422e-10
-3.006490612023071662e-10
2.935850451635246827e-10
4.048412438617532416e-10
4.038392953376046535e-10
3.585437502451327418e-10
-2.728552384034799161e-10
-5.809498437869820009e-10
2.071600391229111437e-10
-4.612859538788427471e-10
9.423981039979878460e-11
-1.989524101020379021e-10
2.129021958729993003e-11
-7.666460521971174558e-11
-2.119274200573784128e-10
1.088183987363322558e-10
1.982451980353516774e-10
3.793244052197053406e-10
2.367994134111484072e-10
-2.707479795915901377e-10
2.181404085144222904e-10
-1.226328760761674630e-11
8.716556643140194183e-11
2.412716137989434628e-10
3.991920127788262107e-10
-2.967017465049792690e-10
-2.351253358678917493e-10
1.223759982238448174e-10
-3.174552842821753984e-10
-2.633237516924680222e-10
3.466535947183047028e-10
5.250421764024792992e-10
-8.786441713093395833e-11
-2.419656697227878794e-10
3.087349265129546438e-10
8.475030677246309097e-10
-3.127683667614178376e-10
4.942745102098911048e-10
-3.043237328803627406e-10
1.414025146972974767e-10
-1.247028036388542205e-10
1.045173669833587837e-10
-4.016280363838831136e-11
-1.477350880518812914e-10
1.213892042439823626e-10
-1.814690064882995557e-11
-1.177401787177956294e-10
-1.686330242112177302e-10
-1.784813269400942204e-10
5.307874972881876374e-11
4.594756242148889669e-10
-5.000214131634095338e-11
-4.567785039100158428e-11
2.230025331062535088e-10
-4.600812508748219898e-10
-3.455951635977783098e-10
-3.547118432312146297e-10
-2.524971620676552675e-10
-3.065189768669540626e-11
6.170785549208801513e-10
3.943384785376480295e-10
5.361195931641304924e-10
4.674038378560396723e-10
5.433642980001707201e-10
-1.310185848701905797e-10
-6.028668120272584474e-10
-1.760649265269975672e-10
-6.145941533475252072e-10
1.994793080717371936e-10
5.007980696802860621e-10
-1.889381706643433745e-10
-8.999603284820523186e-10
-9.420546287497444382e-11
6.746896097364896150e-11
4.897610095255799934e-10
1.054692555513270236e-09
3.969563219796690134e-11
3.350877075813940564e-10
1.085174866632954149e-10
-4.048196777794998980e-10
1.675186378502502293e-10
-5.634673838628145859e-10
-5.069991648731786427e-11
-2.753536842980963684e-10
-3.517734159519392279e-10
-2.297784740257213798e-10
-3.078424182234584805e-10
2.672066387598981407e-11
1.409426464427099290e-10
-5.645299505641077076e-11
5.021242310832008116e-10
-2.391417619485025625e-10
6.371334015931040540e-12
1.189518761268715252e-10
9.714208604183482976e-11
2.226215323197777707e-10
4.186701263453329602e-10
3.771120915541104068e-10
2.392039899490328025e-10
-3.556047400987694118e-10
-2.021694756049186026e-10
2.640414553667369546e-10
-2.098873297384784564e-10
-5.732860297591457766e-10
-2.617983607677842883e-10
3.917298707634131461e-10
-4.711304263382842805e-11
7.613404351403119108e-10
4.370747652693296459e-10
1.017472911479799791e-10
1.351150302753012511e-10
1.798708543221394507e-10
-3.231602208053629965e-10
-9.638827236368996410e-11
6.419967890636257835e-10
1.650432845945459803e-10
5.385379919786714709e-10
1.108550751194314898e-10
-2.810121579877034037e-10
7.491108844348559614e-10
-2.691978237545633590e-11
-4.742609083230320266e-10
-9.098613529268106959e-11
1.665141635687206190e-10
3.020063366054870357e-10
-1.239686131526696045e-11
-1.271951016734718110e-10
4.190390812119915154e-10
-5.234267186349228496e-11
2.506755636400015419e-10
-5.057791963025692894e-10
-4.330801550711527170e-10
4.429305811015638028e-10
-2.142739874422261437e-10
4.934374436826871602e-11
5.583442597156818010e-10
2.770720042288843388e-10
-3.923231184366215984e-10
-8.191672895563328893e-10
-6.432774452003187093e-11
-4.605862913287239735e-11
-3.386727009946355338e-10
-2.805874144140574344e-10
-1.386432080252575361e-10
-9.065663497676013094e-11
4.687733534680660341e-10
-5.373482214743319219e-11
3.763500622255833150e-10
-6.302204313968218230e-10
2.975726054454952418e-10
-8.818820673717198133e-11
5.222350885070170534e-10
-2.410346922054884544e-10
-4.948087495293407301e-10
-3.868998454947814025e-10
-1.082730127777153939e-09
-5.204452979690188386e-10
3.726207120635649517e-10
2.460006642834855484e-10
-1.332210175508663497e-10
1.380069392098448589e-10
5.213305898088549384e-10
-4.381236762274198782e-10
4.306195122705247513e-10
3.795978809062461323e-11
7.036295157636374142e-11
-2.321902531354780308e-10
-4.440506573555325076e-10
-4.955453825061795214e-10
-3.615646393395621772e-10
1.923948361737259916e-10
-5.315118345450287052e-10
-4.494594418869013452e-10
2.804447507553931018e-10
-4.243698170647292045e-10
-9.821765623030387360e-11
-1.085852074922399879e-09
-2.312915553526195822e-10
-1.416339823201440140e-10
7.108820476720012493e-11
-1.826314099950820946e-11
-3.620070909704509177e-10
-3.057162856201500745e-10
-9.936327316495408013e-10
-4.412840648448934644e-10
6.400064506140168419e-12
3.419121097358868155e-10
2.006241145435794238e-10
-8.803720252803515223e-11
-2.985181823955684877e-10
2.377139041165321487e-10
3.634387513162806727e-10
-5.275782033464793130e-10
3.199731590797227909e-10
-1.391440573872415598e-10
-3.730694086989672087e-10
6.415200592968517412e-10
6.560393894794458447e-11
-5.424430904454879965e-10
-1.495005785834280232e-10
-8.230228165650999017e-10
-1.577100117167162807e-10
-1.841679864167389269e-10
9.509647236338736320e-11
1.525302800731154207e-11
5.050748014268080510e-11
-5.264313429620415263e-10
-3.315683838600591571e-10
-1.139427441287921283e-11
-7.856867378919218936e-10
7.471431806571615653e-10
-5.691752069658662094e-10
-9.016559721075623202e-10
-1.954969242046189493e-10
-6.145929876133493508e-10
1.153352552352160387e-10
1.958393169854133475e-11
-2.792055475708821177e-11
-7.334483020926541030e-11
8.065481615915359725e-11
-6.521181372676210231e-10
-9.274042644946689506e-11
-4.809725950849497167e-10
-2.887825534259036431e-10
-2.739098670101469679e-10
-2.625683837020886813e-10
-3.650482693906553777e-10
-2.935404697090859827e-10
3.827597683248029625e-10
-2.177732993935421746e-11
-2.505329277369128249e-11
-2.922895536716652032e-10
-3.502976242408806229e-10
-7.130199763949462977e-10
-8.562439646198072296e-11
1.784695169426697703e-10
-3.237015655521702229e-10
-7.942209390154886250e-12
-1.693686857429099746e-12
-2.297889378777284719e-10
-1.937298377274743189e-10
-1.675083127761212154e-10
7.024328341209695736e-11
7.516242628291536221e-10
-6.084104053893923947e-11
-3.188683206367670664e-10
1.514773029231974988e-10
1.919870096234177481e-10
6.701379451357070138e-10
7.298761595109226619e-11
1.074500141640122308e-10
6.735050295247901886e-10
-5.471774700005482828e-10
-7.244446015297612007e-11
3.188403152609708968e-10
-4.351415061609742452e-10
4.203690451287656060e-10
-4.310403700635845325e-10
2.269267274090935871e-10
7.677221636193110044e-10
2.131431420249185749e-10
1.829859874735717540e-10
1.449792508267933044e-10
-1.190576248699670714e-10
-5.724434815057577453e-11
9.041824927669139811e-11
5.942234204692198318e-11
-1.151114648045847844e-09
-5.235241129497580914e-10
-4.662780717090697635e-10
-4.211372361950793675e-10
-1.060064036551011668e-09
-9.526561484118900580e-11
8.233379533706397524e-10
-1.662392862256112380e-10
8.338849055711250458e-11
1.399109855748648101e-10
2.842583113338292833e-10
-8.576821475259066574e-10
4.423311994461442964e-10
-2.260024389855175286e-10
-1.504411317743148402e-10
-4.513729667809940338e-10
-3.854759289545484080e-10
-2.367414597692629741e-11
4.717082280336626354e-11
1.920628101004240307e-10
-2.245588159865974376e-10
-7.020659054113309594e-11
2.185377434571478261e-10
2.139430438363731923e-10
3.384456603860996893e-11
-2.247660391141437231e-11
-9.330874961577251270e-11
1.010797973099997193e-10
-3.205492538072007846e-10
3.345273780208657399e-10
1.682791544999062694e-10
-9.535044281916427167e-11
-8.999287426370017329e-12
-3.705936113540531096e-10
-1.991094789044467461e-10
-1.258323861774712782e-10
1.807918814655806727e-10
1.008278682768093404e-09
-1.124118506612425961e-10
-1.362970292184684240e-10
-1.797341997455959017e-10
4.366056682858499016e-10
-1.081474215736122346e-10
-1.297481844186876287e-10
2.679430011198746797e-10
1.091018456134129622e-10
-4.456753022186177304e-10
7.501780863172768932e-10
7.094369536275735300e-11
1.295377138887943147e-10
-4.438260592376508384e-10
3.246000135348481308e-10
6.479121683611310800e-10
-7.467332308053187262e-11
3.797863135091006370e-10
-3.677177173866397197e-10
-1.995667658905020403e-10
-5.282643211756976598e-10
5.479049158818583010e-11
-3.029506923102331939e-10
-4.823771937445542335e-10
-5.755225185311019231e-10
-2.902166007512363421e-10
5.100966871118828294e-10
4.332771363912968354e-10
-1.773936900151262819e-11
-4.971747458171194012e-10
-2.233220691705284366e-10
-4.745845938458614910e-10
-3.639804846411465178e-10
-1.268229410378296507e-10
1.329413246153876571e-10
2.247347585804249093e-10
-4.079495630193719080e-10
4.675483333826946364e-10
-4.207632575692343835e-10
3.161484962710403579e-10
-6.234451843667443427e-11
1.066115806747092165e-10
-5.819205117774117753e-10
6.155126408557975992e-11
6.447321565516972441e-10
3.230789247243848195e-10
5.252106527464661667e-10
6.311435818417976407e-10
5.453941742672441251e-10
1.931632631624324858e-11
-1.291433071592962278e-10
-2.290967415774503024e-10
1.014242023700262507e-10
5.578998374389243509e-10
-1.664913762411401876e-10
5.166853056515208209e-10
1.772156171808703107e-10
-3.792197666996344196e-10
-3.182257790612652570e-10
-3.595644892939731108e-10
2.729370063292435589e-10
5.128595326198137627e-10
-3.162799189215803608e-10
-5.266237446122090660e-10
8.599906203832219376e-11
-6.107239713948331428e-12
-2.959231748533852624e-10
-1.174273178694562603e-11
-4.233708106315958730e-10
1.161471196997609923e-10
-7.508093452512909494e-11
1.981038250109534715e-10
2.805588539267489523e-10
1.677460392812690770e-10
-2.196521298181153270e-10
4.864974534335431144e-10
3.823266703228966890e-11
3.425885686247909234e-10
3.386016467210595238e-11
3.683027494094659460e-10
-4.219122273774189580e-10
2.444174307392188439e-10
-1.660330206654236918e-10
-2.423594935851980381e-10
7.907312582489112174e-10
-2.317163960707802062e-10
5.199182195880780455e-10
-6.347639081027978136e-10
4.569876144167039911e-10
-1.945512778656066644e-10
3.018201799598330126e-10
8.127509776301167221e-11
-8.052553623905112090e-10
-5.375930950402008079e-11
-6.473239166915334408e-10
1.858298931400881315e-11
3.503516921021798680e-10
-1.799562165949453174e-10
2.767001072712105270e-10
-6.194732227182697670e-11
-4.826966049087388910e-10
-4.035805578617157607e-10
-6.744076130882348252e-11
-3.999608144678035160e-10
-6.397329888052638580e-10
-9.873671324989174991e-11
3.792646752209805072e-11
4.951996451785234399e-11
1.145459629925404954e-10
5.240081701884946597e-10
3.722303021369555154e-11
-4.671433240233113793e-10
-3.286542149538718149e-10
-6.038982092171352178e-10
-5.620910681347623949e-11
6.985676481718883224e-10
2.459478176675133909e-10
-2.873537519043622979e-10
1.080802600195163166e-10
-5.217082321706811854e-10
5.581567985579738433e-10
5.216710396993562426e-11
4.582136892139487827e-10
-7.197908935552277399e-12
2.979417823567587220e-10
-2.101199214621374267e-10
-8.830879083543408115e-11
4.687130683578288881e-10
5.455849660940259582e-10
4.738910375223781557e-10
-2.854581848676929212e-10
-1.008513272893196699e-09
3.097924139439101054e-10
-1.756211842618426999e-10
-1.859908060897197402e-10
1.928365522818609179e-10
9.736638162394228857e-10
-4.649843565740496842e-10
1.450643771772064383e-11
-9.619499641289053216e-10
-8.434632992049273525e-10
5.907435096652591255e-10
5.558172810893324822e-10
-6.968210036761846027e-11
-8.023808284463029850e-10
5.387540066847940068e-11
-1.243805336503811532e-10
-1.798209081638191265e-10
-1.308348707151907320e-10
3.120453340166307044e-10
3.130146697394309285e-10
2.901056062043494421e-10
-7.903023790944985194e-10
-1.491944900955388675e-10
-6.298025434503529141e-10
-6.168354715896384732e-10
-1.625558715412367405e-10
-1.061153942494286184e-10
3.852540508830770705e-11
4.580297252587683943e-11
1.831385043615796349e-10
1.036017716060655403e-09
-2.958450429080272670e-10
-4.641894368884180722e-10
-6.154000919966762240e-11
3.921749036628341401e-10
-4.436365719229229398e-10
1.239562064103694183e-10
-5.651572543285965367e-10
-2.167546558906607856e-10
-4.102230360958358801e-11
4.659211905178040070e-10
5.591939133964274333e-10
3.764535350114783796e-10
3.406881027290253883e-11
-2.435522894472796906e-10
-1.427875734316685907e-10
3.880975818493226370e-10
-2.492938910858555346e-10
1.406299798833998693e-10
2.271944160581185201e-10
5.241512779363688423e-11
-7.703607196596351514e-10
2.494261186480883907e-10
3.375336121713701232e-10
-3.825593175577068905e-10
5.871636510335065395e-10
-3.874284226768054396e-10
3.865916753387210747e-10
-1.844927821625930164e-10
-5.877602293757888674e-10
-1.578628894272071648e-10
-1.711279312699431898e-10
8.441969345795996560e-11
-9.802333944541885558e-11
-4.192903246824641883e-10
-3.617105781561491540e-10
-2.835050250116211146e-10
5.465566887963291265e-11
1.504209951042057014e-10
-1.236433178064544336e-11
1.577567937394164233e-10
2.133000165382981095e-10
-3.439637463742428736e-10
-4.839070255613364679e-10
2.623189998551822555e-10
1.566087537430149723e-10
-3.230046230484617809e-10
3.777900492440977587e-10
4.205863435302603648e-10
3.729646036454425939e-10
1.134165678040588432e-11
5.553567605787179673e-10
2.486044703431389280e-10
-6.299787913555121577e-10
1.993559761714891465e-10
-2.820362277056176481e-10
2.508922236632571412e-11
-6.210845726606351036e-11
-2.334403503834181492e-12
8.570870402291319579e-11
2.323320702490860867e-10
-1.815403383176317220e-10
3.516265056902057040e-10
-2.426187029058723965e-10
-2.850590041791889462e-10
-2.947201371839014428e-10
3.621122846020341512e-11
9.275458179303086581e-11
2.367261386915231469e-10
5.346262876848584256e-10
4.227201921835899157e-10
-3.136438053719103891e-10
