-2.121275238797792895e-10
1.007147920617512682e-09
9.198491968120947604e-10
-1.716059516709833588e-10
-7.244003175088664648e-10
-2.225532258481877079e-10
5.453241747055415090e-10
-1.176409247793941404e-10
-9.990357430211815881e-10
-2.222923789485520274e-10
-3.019490768529919933e-10
3.609943455273878499e-10
-1.752719913650224726e-10
-1.348107403487119882e-09
-1.695422829905979256e-10
-1.494768475662766605e-10
-3.472744314336750904e-11
5.762321175772910919e-10
4.467811398622956176e-10
4.649741702777987484e-10
1.343634231654178279e-10
-3.763417355528986263e-11
1.033278240747392829e-09
-6.538091179564275990e-10
-5.277688286398074524e-10
-3.132411552364544605e-10
-1.303624430626371122e-10
-1.247993153263848853e-09
2.601773518851047129e-10
4.627283001212845193e-10
-2.306823829179016627e-11
9.297217440362715024e-10
-4.080140669771026296e-10
-6.538894425922592291e-10
3.773138745888360290e-10
-3.863998010444902320e-10
-2.004563459667707548e-10
-2.571872437240330100e-10
-8.757441438689284041e-10
5.085774024138345339e-10
-2.547850819212271745e-10
-1.643804398154813384e-10
1.099152296957228714e-10
4.140457421364374113e-10
-3.535290393763546035e-10
7.746116248430467977e-12
-3.833194595070921196e-10
-4.962776856132222747e-10
3.976677875883183333e-10
-2.380634023246841480e-10
-4.032193468006539661e-10
-6.592644208325282307e-10
1.206746230719701884e-10
8.058901324048406423e-10
-5.324116703064873946e-10
8.849363464236148502e-10
-5.145944781403954948e-11
-4.102916617565455226e-10
-1.189579268423557323e-10
8.999205824977707380e-10
3.116870095354329351e-10
4.890562399495479440e-10
-3.096224387988399940e-10
-1.014480027761166525e-10
6.024113985425572082e-10
2.135934762392821540e-10
3.030591888553146873e-10
2.007701921380444787e-10
2.647023156221450790e-10
-6.511588490631936565e-10
3.116621960508325628e-10
2.210854832540576353e-10
-2.863752013304576849e-10
-5.250626600172836334e-10
1.256866555277014186e-10
-4.381660589913849435e-10
2.949420707665240116e-10
-1.016453143876105969e-09
-9.163625414032594563e-11
-5.808790670691621472e-10
1.238292801630791473e-11
-3.026759676227896989e-10
-4.689102994781535472e-10
-2.200447879463496292e-10
5.912439426936089149e-10
1.049433207001015944e-09
-5.848557749210669954e-10
2.278511823661233393e-10
-5.898074251220464248e-10
-1.448564601602697621e-10
-5.247398626728738691e-10
-1.854421061153743722e-10
-6.190495338564971917e-10
3.579739560333194959e-10
-1.811639505078233015e-09
-6.961735632415866348e-10
-1.293021911763503340e-09
3.484234567530108961e-10
7.384411970789983570e-10
1.279003014609259026e-10
-2.160051582045241503e-10
3.235611500951307562e-10
-1.092080204045942082e-09
5.502219235786753870e-10
1.463883181340719375e-10
7.421546710517645806e-11
-8.734746259619896591e-11
1.036759345041105007e-09
2.740519478017233723e-10
-2.284146760622718375e-10
9.016188906585398399e-10
-1.031950302987638679e-09
1.453615228186322383e-09
9.508875908892377993e-10
-4.379671625365233467e-10
-6.640109018185569312e-10
-5.481101128523846455e-10
2.194331938376592461e-10
6.699024668321840181e-10
1.529532056565585663e-11
-1.663234217019748939e-09
-4.378701012885954924e-10
1.665656501614876106e-09
-4.489487670511493889e-10
1.260795634561162615e-11
-4.830775779396390135e-10
-2.517883124220077207e-10
7.116658373718109942e-10
9.705575232388241602e-10
-1.550702066754894304e-10
7.583509931130549830e-10
-5.537520997300759973e-10
-3.115833979716597923e-10
-1.163610041654550287e-10
4.341966786114426213e-10
-3.450668362159348135e-10
-5.081299825349105959e-10
-1.088220291656227801e-09
-8.475316282119393918e-11
5.094071275912881447e-10
-2.508019902869307316e-10
-7.456109063497251555e-10
-6.157654941496559786e-10
2.650205332965782645e-10
4.392405328346171700e-10
-9.116872257131092283e-10
7.883395325425368583e-11
-3.984703123016686277e-10
-4.937126818482795443e-10
-5.746556563934746009e-10
4.595038793908656771e-10
-4.942677378494408913e-10
-9.310464066381030079e-10
9.945795298449411348e-10
-1.015605155529897274e-09
-9.840254167059470092e-10
3.426214589818954437e-10
-4.501089778674582931e-10
3.693079730915371783e-10
-2.128532905487645621e-10
5.655117485403593491e-10
5.782748724314501487e-10
3.704272444338130299e-10
-4.163593914086050063e-10
-6.926359485959210360e-10
-1.062299359588791958e-09
8.397048611996638101e-10
-1.948699868137282465e-09
-1.203572241870176640e-10
-3.774314194515682175e-10
2.996846104608152928e-10
-7.771605581297080789e-11
5.823619919631539688e-10
3.479277976836669950e-11
3.627821376639417394e-10
-1.288541273680721133e-09
3.715305285645342792e-10
2.044534402889652824e-10
-7.112942457254689543e-10
6.183565326445261690e-10
7.891625686262671024e-10
2.247459440773980077e-10
5.279922332679376495e-11
4.318385093959875576e-10
5.285007431687915869e-10
2.952337263550930402e-10
1.696283669083697987e-09
1.522955428434613623e-09
-8.953596752903081324e-10
-1.044858644050350449e-11
4.615427484644385459e-11
1.677332717164858877e-10
9.810725565273514803e-10
1.791160442188299839e-09
-4.478236947935698709e-10
3.743126919530936902e-10
2.351607519823772918e-10
-1.115605940960051612e-09
-3.683070515236863685e-10
2.332201098909081338e-10
1.024057061371763666e-09
-8.824149744235398884e-10
-6.899626425749261216e-10
4.710162260224137754e-10
6.763595794545551598e-10
-2.823717926148106017e-10
-7.077673447319909883e-10
-8.826333552924836567e-10
9.209197848747407988e-10
1.039949903969272782e-09
1.484509404292566614e-09
4.550707033423861958e-10
-8.727731870550314852e-10
9.989709059965434790e-10
-5.269001901453407299e-11
6.456281065325697455e-10
3.732985309756742254e-10
1.525148618508609388e-10
8.290015340861600635e-10
-5.129054958530332442e-10
5.832903604563455247e-10
-1.880314237645563935e-10
-6.127231499952756621e-10
1.245510639069635772e-10
-7.032090465486362518e-10
4.522735796985699608e-10
4.329091807253604429e-10
6.314193612411145295e-10
3.835686213093936203e-10
4.570516187740736314e-10
1.281317052459485240e-09
7.542690361184156700e-10
1.563764395751121583e-10
-4.228336292211309910e-10
1.050075359998459135e-09
5.148104165186850878e-13
-9.725886762623758841e-10
-7.807872126619486153e-10
1.445504160813015915e-09
2.058434950269472097e-10
-4.337301906520707462e-10
-4.120732366441615113e-10
1.212770855962830296e-10
4.974801681711937817e-10
-1.915292924259404117e-11
2.725808467829438086e-10
1.040154629095013661e-09
4.902723227395711092e-10
8.642087601096193339e-10
9.097840814042967850e-10
-5.139994541103476422e-10
8.581615973390910312e-11
-7.558215164849002576e-10
1.515489289616311908e-09
7.382370270647697907e-10
-9.432815639698333143e-10
1.224715773240347971e-09
9.890739338658249835e-10
7.253482259272914234e-10
-3.632239231610157049e-10
-1.328108734099942012e-09
2.702981172220120243e-10
-4.166673117644847935e-10
-2.535061049968589941e-10
-1.106424618591006492e-09
-6.419558218340171152e-10
8.692013775402074316e-11
6.798986929013040026e-10
-8.275582441541473600e-10
1.174381258906009862e-09
-2.666277754137524880e-10
3.440833729051462342e-10
9.535012779338103428e-10
4.827974131593748552e-10
-5.841488404101369269e-10
-9.388330113324627746e-10
-2.112645336449503475e-10
4.138951681387226245e-11
2.036575352803993155e-10
5.302965844222740088e-10
3.842655360575264467e-10
-1.530281457107207643e-10
5.995751117815473208e-11
4.832700906121090156e-10
-6.888249970415927237e-10
-1.249034320416342325e-09
-7.930490292240577332e-11
-4.456253699380852140e-10
1.532577509344434930e-09
-3.387414793110110622e-10
-2.741204485623427445e-11
9.631060393644474971e-10
9.175595283572590688e-10
-7.150530167976398843e-12
1.206839073120136163e-09
6.052232048858741109e-10
1.500060631265398570e-10
-3.812154203419737541e-10
1.151099882079620329e-09
-1.086751355572346256e-09
-1.272265404139716338e-09
1.046022019002279535e-10
1.630919177486589433e-09
9.535572331742514507e-10
1.186953868526074984e-10
7.518419220531313840e-10
6.030279608992827889e-10
4.699776123828769414e-10
3.289654104676742463e-10
7.253542211316243993e-11
3.679362370334615662e-11
7.537890867048702148e-10
-2.361872086797944803e-10
1.112762437749381661e-09
-1.898184387449930455e-10
-3.090769029601148077e-10
-7.116732758660759828e-10
-5.253140977767856157e-11
2.018466949138542077e-09
1.612151662166994015e-10
-1.820815165309852546e-10
7.827439807428504537e-10
-7.403441748543571066e-10
-1.061166932103674299e-09
3.588393193698635741e-10
-5.072502973213488531e-10
6.412947950451552970e-10
4.985685198022338227e-10
3.965874573186312091e-10
1.393527099269320502e-10
-4.068755055097739159e-10
-9.134356049322889248e-10
-1.733703403061781501e-09
-1.075893596436117150e-09
5.804967617706324745e-11
2.295898887672009892e-11
3.603903842019917647e-10
1.275725858285170489e-09
-6.273389585587096917e-10
5.460795704514964655e-10
2.900661377758240178e-10
2.459056291925776350e-10
4.503839245995067131e-10
-6.841917588040757892e-10
5.153687476777690790e-10
8.495647518813598253e-10
-5.627951438214040536e-10
-1.480023881228476057e-10
3.085130484414833063e-10
-5.790468660116232513e-10
-1.118446002479345225e-09
-2.309275548562084168e-10
-1.579509578686355553e-10
9.633638331507654584e-10
5.012869008780285185e-10
1.149415340684356579e-09
-4.941287379267578217e-10
4.173412726515834947e-10
-8.459465905552576714e-10
1.020993178890705622e-09
5.571242911450724478e-10
4.219944393923924508e-10
5.986348083908410445e-10
-3.085185995566064321e-10
-7.534720070090372701e-11
1.026563056782947569e-09
-9.147478885473958599e-10
1.008299888027863744e-09
6.434829058488134024e-11
7.003663204940835385e-10
-3.313151142325665433e-10
5.290495819210150330e-10
2.080063898901585162e-10
5.305820227619051366e-10
2.600155091236899807e-10
-4.675996256864323186e-10
-8.937262041541771396e-11
1.360096479885442022e-10
4.290069965939835583e-10
1.155798567964438917e-09
-3.113006796784389962e-10
-1.955143824616811798e-10
-8.052830624549756067e-11
-1.393069409827418781e-10
-5.058461427509541863e-10
3.832975603579313884e-10
1.075626809843299725e-10
1.014068495841513595e-09
4.128917208134907924e-10
1.383868242221808487e-09
6.715194511563993274e-10
-8.836523734956358567e-10
2.161512080434135896e-10
-1.684375139365812402e-10
6.588665169005025746e-10
-3.351511429494635763e-11
-1.751408185146630103e-10
-2.678562649460758394e-10
2.818717481645194312e-12
7.352976005847722263e-10
-1.445485287021597287e-09
2.031795842682981856e-10
-1.968460255907800160e-10
-7.247501487839258516e-10
-6.430068144602785196e-10
-4.518489749028020697e-10
4.541450548956049715e-10
2.966745737964515683e-10
-4.305714396135584821e-10
-4.263006614380060455e-11
7.007054381169552926e-10
-5.806140013220328910e-10
1.538333488371179669e-10
-1.847133557220104194e-11
-6.039586608608260576e-10
7.527322654077295283e-10
3.010890980981173470e-10
3.373051837840534972e-10
-2.143295263490330171e-10
5.697735616649879375e-10
4.237931117145876669e-10
-1.856007569855933070e-10
-6.785302320011510346e-10
-1.378803737850375910e-10
1.382772341074200995e-09
7.047973316076650008e-12
-7.444618255192381184e-10
-1.119285220063659381e-09
1.278111172453577637e-09
-3.360592915058191466e-10
-1.739555166579975776e-10
-2.844434687787611438e-10
-2.413677591128760014e-10
-8.970210685355084479e-10
9.322681515655517615e-10
1.367038038324608351e-09
-1.091291501609248371e-09
6.302652844070166793e-11
-3.906424628219440365e-10
-5.023331750564352660e-11
8.398853834634678606e-10
-3.864881470416747788e-10
1.170860519650318565e-09
5.125538882211344571e-11
-1.045740438687658980e-10
3.221713729129049852e-10
7.288782355452383399e-10
2.771829987757712388e-10
2.506023721871031285e-10
-3.746737364807017912e-10
6.892296733340685932e-10
6.043587297277497328e-10
9.456599947554877872e-10
-3.928620484483502651e-10
-5.749148934697245750e-10
-4.355082405815835500e-10
-5.041035922026537719e-10
6.520635142948094654e-10
1.180849168447295483e-10
-1.358603368695199265e-10
1.749548700358261044e-10
-2.330362569580302079e-10
-8.851658295228048701e-11
8.849274646394178490e-10
-3.742751109037101287e-10
4.085137783604864126e-11
1.041567054826941785e-09
1.277835892654621830e-10
5.271026948250323585e-10
-4.948825793604783030e-10
-1.488570711138947900e-09
-1.529301685287975943e-11
-5.754236531707590530e-10
-1.454560638602941935e-10
-5.157398397237500376e-10
-2.727077452746584640e-10
-1.221843320964310919e-10
2.144276978199854966e-10
2.532833387469679565e-10
-1.390436099590885988e-10
2.678166577396723369e-10
3.600331421882430050e-10
-1.453230591419440998e-10
2.364321793901780211e-10
-2.849534497251227094e-11
2.950209521124236289e-10
-6.020284271102127605e-10
-3.713719887166178069e-10
4.875703313311774423e-11
-1.038922281537679737e-09
5.143923065276112538e-10
-5.992850660163639986e-11
-2.204693094753906735e-10
-3.488360711401128356e-10
9.539768974775597599e-10
5.404665603947478303e-10
-2.282646155427059398e-10
2.866684112312611887e-10
1.121593151687250156e-09
-4.391310648443891296e-10
2.911041130371216923e-10
-4.255763796923162090e-10
-2.139408927792629811e-10
-5.721395579527666087e-11
1.861882870102249399e-10
2.066107007703266163e-10
-8.834860620865470082e-10
-6.399413221558347686e-10
8.734318823755415906e-11
-1.279381461882778126e-10
3.754465072169921314e-10
-3.708433560234425386e-10
3.899298384180127641e-10
7.872343332770981306e-10
5.167422045815328602e-12
-9.768053033099022286e-11
-6.912800887270975636e-11
-6.327425805530140224e-10
-3.952689842101619888e-10
-4.029777067593443007e-10
-2.775187579739935018e-10
5.871926278544492561e-10
1.152140161053694101e-09
8.900735704031603746e-11
1.190145537677267384e-09
5.797837765442181990e-10
1.299150342859434204e-09
-5.317551399208753082e-10
-1.039149211123913119e-09
-4.720534518831698279e-10
-1.287610573719177864e-09
-4.051138591254499488e-10
6.621225789871232337e-10
-4.641987627618249235e-10
-1.136384430999726192e-09
3.004435589204490498e-10
2.544203181464865793e-10
9.246406418306207797e-10
1.673794880474588354e-09
-1.786404635328864288e-10
-1.121065462683645819e-10
4.137084563815562888e-10
-3.317857932838563784e-10
1.062717247535260867e-09
-1.596575316398229916e-09
-2.410971422506236195e-10
-6.592948964545541912e-10
-5.763762245258874373e-10
-9.427884029022948198e-10
-2.726114889384234630e-10
-5.746328413103185540e-11
-1.678424066398065406e-11
3.996802888650563546e-11
2.140836952158053919e-10
-5.142037351468786710e-10
-2.181918534738258586e-10
2.112636177109550317e-10
-4.748884063765501651e-10
4.276132226088691368e-11
4.605640868682314704e-10
9.267580036720346470e-10
4.854988633340440174e-11
-7.471037122286361409e-10
-7.982027538933067490e-11
-3.830206984911654899e-10
4.963909283617340407e-10
-4.909758155591248396e-10
-8.782205518365060470e-10
3.592547370701026921e-10
8.212748536795544396e-11
7.682390279484252460e-10
8.632379255857358658e-10
-2.365417028915572928e-10
2.312256497383202714e-10
2.242397378893201676e-10
-3.481173405095461248e-10
1.087097079022214530e-10
6.782112649261762272e-10
-7.208478258746708889e-11
1.198421473169730689e-09
7.234848831139117920e-10
-2.842154289695031366e-11
7.116074951518669423e-10
-3.430141171101297459e-10
-7.284202130364292316e-10
-5.493500099262860203e-11
6.960254594901016389e-11
8.264099404797775605e-10
7.426487758088740065e-10
2.543557031664533952e-11
1.205622823796659304e-09
5.435240035822630489e-10
8.447165189551242293e-10
-8.888022540176621078e-10
-5.576057393597011469e-10
1.114586090089630943e-09
3.887044575101583632e-10
-5.190001761690155035e-10
7.838998339337877042e-10
5.166739813766696443e-10
-1.575821001464916549e-10
-1.729880017009577386e-09
3.590474029202539441e-10
7.265062995642779242e-10
-2.415820321566286566e-11
-9.614841145477726059e-10
-1.777900604515991745e-10
1.751149919515526676e-10
9.667125988599423181e-10
-3.742739451695342723e-10
5.827884841380637226e-10
-8.751152580366294842e-10
5.856662377290433596e-10
2.408069854631378348e-10
1.446493591572561854e-09
-2.695120793205774135e-10
-7.490070785820535093e-10
-8.092382319802027268e-10
-6.927268758616378364e-10
-1.697077478546304974e-09
6.043854861026431990e-10
6.498065419080489846e-10
2.223762701758502658e-10
4.657646490713318599e-10
9.794863808920695192e-10
-7.572399374211613576e-10
1.154640161260545028e-09
-8.589207123321784820e-11
-3.923245062154023799e-11
2.292326467534522294e-10
-7.189772666116311939e-10
-5.412599257681449672e-10
-2.770332852009005364e-10
-1.682301103977934531e-10
-1.417963302330349507e-09
-8.711833476837682610e-10
6.922046269508541627e-12
-1.084257683636735692e-09
-2.044781011178997687e-10
-1.584165243428969916e-09
-6.424119014525331295e-10
1.442257008266167873e-10
-2.563683709766451102e-10
-6.009714947907696114e-11
-1.069791921715079752e-09
-7.710193039578427943e-10
-1.784480341271432735e-09
-8.820764119121804470e-10
3.785752267226882850e-11
1.355140166747759167e-10
2.106209096019995286e-10
-3.299710504833797131e-10
-9.007139478711678748e-11
3.008172599905378775e-10
1.056332132876036667e-09
-1.287301487629122221e-09
7.800447510142305418e-10
-1.618585543372574875e-10
-4.518314056234373766e-10
1.218023015781000140e-09
6.613749548023406533e-10
-6.826345044785853133e-10
4.575093082159753521e-11
-1.715986464034813253e-09
-1.365324076019192034e-09
-2.768959506127544046e-10
1.962932039134557272e-10
-3.350033861426737758e-10
3.536496095968288955e-10
-1.173544039723140031e-10
-2.307721652661243184e-10
-2.477549276846957582e-10
-1.327496890191071088e-09
1.717688213886958692e-09
-1.295576534943165825e-09
-1.774229207995858815e-09
-6.556086229458912840e-10
-1.141980399133046831e-09
1.263806004292433727e-10
-6.041692701685974498e-10
3.812555826598895692e-11
-3.213072030661123790e-10
4.682759735530339640e-11
-9.174286330626557628e-10
-2.711314506242956668e-10
-2.963289058577345259e-10
-3.099680512264058052e-10
-4.738298642337213096e-10
-2.671419752076076293e-10
-1.095515456128737242e-09
-3.883779409186161047e-10
1.126738924384085294e-09
-4.802574449236374221e-10
1.669200888620991918e-10
-8.272684204335689628e-10
-1.040739827651293581e-09
-1.576712760353871090e-09
-2.733396009535482563e-10
-4.653802898602066307e-10
-2.201189230888189741e-10
-3.092671119198087126e-10
-7.659417544658708721e-11
-4.099897088494230957e-10
-3.107328283569188443e-10
-4.854905366613593287e-10
6.066596114351341384e-10
1.198567689542073822e-09
4.914004758660439620e-10
-4.368626571604750097e-10
1.372360697304841892e-10
7.259838286088893256e-10
1.745200428615589772e-09
-2.018820943749943808e-10
2.019986816703678301e-10
1.639625324401094986e-09
-8.191083367137252935e-10
5.422365334517564861e-11
1.135196936452587124e-10
1.240126890067472232e-10
8.231193504570910591e-10
-3.106798429630686087e-10
4.371034090233649749e-10
9.937581868513234440e-10
1.981358549452139073e-10
-1.842593438938777695e-10
7.916097638505092959e-11
1.502634267014357761e-10
4.014167609422969463e-10
-1.032150337421100517e-10
2.604809423711884619e-10
-1.446580299990785079e-09
-1.378889002978667122e-09
-3.785898261554621058e-10
1.408600319718900096e-10
-1.976835362071938107e-09
3.048359620283491722e-10
9.582000748409313928e-10
-1.433728136213119342e-11
-7.515874589358872981e-10
-8.054554245795486622e-11
4.955302834730446193e-10
-1.099114577129967074e-09
1.169753516272464822e-09
-1.034100138852522832e-09
3.680802329597554490e-10
-1.041102204446531232e-09
-6.293696674930515655e-10
3.920042068727980222e-10
2.460179282515184696e-10
1.529182891424341051e-10
-5.140549652615789000e-10
-4.702533917821938303e-10
5.046177919965089131e-10
6.358403803474743654e-10
3.490404909545219425e-10
1.074859368177527585e-10
-2.110120134179993556e-10
-2.074816152219938203e-10
-8.554224550927358450e-10
-6.580642974984840521e-11
8.306270671276649864e-10
9.468888173547185261e-11
8.905545051396401846e-11
-2.571024226849516481e-10
-2.439292101641399313e-10
1.151377326813474156e-10
6.518442452474459969e-10
1.071070010461028232e-09
-1.414457717618944343e-10
-7.809824453808289491e-10
-2.903860485403697567e-10
8.407958773659629514e-10
-4.392998742552833846e-10
3.468425546770959045e-10
2.559054912421032668e-10
5.393574475931472989e-12
-5.602320274356031859e-10
1.480579880919208335e-09
2.617658312331627712e-10
2.470087190342695749e-10
-1.100557867061979778e-09
-1.767086477144630408e-11
9.731493388898115882e-10
-6.992771361957750287e-10
2.361261186578644811e-11
-9.476758267012996839e-10
-4.626694027898281547e-10
-1.250782588613219559e-09
2.221932082768773853e-10
-3.414539762047752447e-10
-2.705483059806113033e-10
-4.510439799432219843e-10
-1.740212973722066181e-10
1.542355132500006221e-10
4.088914484778882752e-10
1.413407724193405102e-10
-2.835038870330208738e-10
1.157568485510296341e-10
-1.306404984191544827e-11
-7.980915928129661552e-10
-7.250705591488326718e-11
5.168927508236720314e-10
9.213728668910903252e-10
-6.712334021941046558e-10
1.349726552746233210e-09
-3.793807767937806830e-10
1.094037638260658696e-10
-9.960399172115330657e-11
-3.587657948500577731e-11
-7.997444928520280882e-10
-6.476079672523837871e-10
1.278846473162786879e-09
7.265192891736660386e-10
4.940775566453226020e-10
1.448097419753935355e-09
1.819079609166607270e-11
3.685475258308201774e-10
-3.922894231678242249e-10
5.741140896020624496e-11
7.231498733162311510e-11
6.576856836915112581e-10
-1.534376653511415611e-10
7.952519753828823923e-10
3.267446868626677769e-10
-5.760210086691586184e-10
-1.115003783747070543e-10
-5.107343437060762881e-10
4.067041148303474074e-11
5.182757556454475889e-10
-9.763451158661951013e-10
-6.294599841361048220e-10
2.410006916253593090e-11
-1.816505279528257688e-11
-8.602174528249406649e-10
-3.001365822541401940e-11
-9.062178785157470884e-10
5.218024901054718612e-10
-4.423287569554901211e-10
-6.145433051329973750e-10
1.049408893116776653e-10
3.322278563366865001e-10
-3.645627688619867968e-10
8.255056638262203705e-10
9.956160895718824122e-12
5.060108443366573283e-10
6.090312282269749744e-11
1.379523828504147787e-09
-6.292388832207507221e-10
1.433626689584244218e-10
-2.748720973055895911e-10
-4.616210191876746194e-10
1.462831966669853045e-09
-3.873226184225586621e-10
5.514793621763658393e-10
-6.456106760310831305e-10
6.695961007885387062e-10
-1.117978820630582959e-09
3.773947265806043561e-10
6.088055615194321035e-10
-1.235692437262514431e-09
-2.821944899977779642e-10
-1.175265440522821336e-09
-1.073221789216205480e-10
7.489304731933543735e-10
-3.688860328310283876e-11
7.226043097219303490e-10
1.082205297597838012e-10
-4.878340439939954365e-11
-1.399662608037033351e-09
-2.021097456061937692e-10
-1.131587934466438128e-09
-1.450701003768983810e-09
-4.244849471923828332e-10
8.972052545352937614e-10
2.156979733713981773e-10
-2.684549249565293394e-10
7.210734787044259519e-10
6.333380486722717251e-10
-1.373364061363346877e-10
-6.524942808283640261e-10
-7.015848457747608791e-10
-1.335111465827765187e-10
1.289655271463630015e-09
5.713922113237401845e-10
-3.990993646674212414e-10
-1.669614863031299024e-10
-7.068344798355497005e-10
1.297063678684651222e-09
6.480823100396548853e-10
6.058214485626933765e-10
-4.275405585119074203e-10
1.083387157763127107e-09
-7.415477676353532388e-10
-8.028572251461696396e-11
7.071020990956355945e-10
3.985879959422788943e-10
7.833045878591349265e-10
-1.147379302679496504e-09
-1.316045383781272449e-09
7.770408760876534870e-10
-4.539676967674211028e-11
-4.676796727665077924e-10
5.896683141770608927e-10
1.376723957058345604e-09
-6.405366237416387776e-10
-1.748851896632430680e-10
-1.341153410550077751e-09
-1.134264682178809380e-09
7.232433540949045891e-10
1.131375770846432260e-09
1.805871008286885626e-10
-1.119448755915186666e-09
1.297966734092881325e-10
-1.002246841075304928e-09
2.357264383689994247e-11
-2.489560502194620994e-10
1.374384162033948087e-09
7.473441310246187186e-11
-1.819731448859940315e-10
-7.512371280604668300e-10
-1.229546464642794490e-10
-1.101623681165619928e-09
-3.883781352076454141e-10
-2.404565435654149042e-11
3.362257694483616888e-11
-3.962047911976185333e-10
-7.512983568602749074e-10
-1.363627405437384255e-10
1.088470646948280773e-09
-4.019811150612895290e-10
-5.572022288014011338e-10
-2.388899633665175770e-10
3.854595531649351869e-10
-8.854105226774322546e-10
6.950345854406236867e-10
-1.184683573463019002e-09
-1.910369085145191548e-11
4.445678825071297524e-10
2.530037845893673421e-10
1.387722825541004568e-09
5.449216633479636585e-10
-3.583628949144213038e-10
-7.949043645538722558e-10
1.641342617375585178e-11
8.283709274081729745e-10
-9.615991336531237721e-11
4.337187831104927227e-10
2.680380362107825931e-10
2.536281185072652988e-10
-9.869662864758765863e-10
8.594699396624605470e-10
2.786013642008811075e-10
-5.450992990319036835e-10
5.037171790789329862e-10
-3.383897606568098126e-10
2.981895008691282101e-10
-4.012010168530366627e-10
-3.632081857496416433e-10
1.994849702091627819e-10
-4.406013054403246088e-10
-9.646594634205030161e-11
-4.515875451360784609e-10
-1.055610487910030315e-09
-6.637542182552635950e-10
-4.508841355832515774e-10
4.059427793912107063e-10
5.769688060652811146e-10
4.483958204737348296e-10
5.232831390422632012e-10
5.623837506796292018e-11
-2.944489096989855170e-10
-1.193095400253696425e-09
-2.819209865556615568e-10
6.648973593925688874e-10
-7.110501631935051137e-10
4.341040860111888833e-10
8.148102192961914625e-10
3.323817332478995468e-10
-9.800780326196800729e-11
1.029987650724706327e-09
-4.291761945829364322e-10
-9.522039823295358474e-10
4.491506333526018580e-10
-1.019647699607162394e-09
3.896439282335961707e-10
1.487367173869102999e-10
2.629333972770098171e-10
9.934231215424915717e-11
4.401578546087137056e-10
3.738924447826974529e-11
3.682860127973697217e-10
-1.145232103594295836e-10
-6.283726872169381750e-10
-8.467701539949246126e-10
4.921874019458982730e-11
1.382276654249281478e-10
1.566529128638194379e-10
6.493500182003231203e-10
4.425638744365301136e-10
-4.489618676828399657e-10
