-5.878131315029122561e-11
6.604183866443236184e-10
6.310866274006343701e-10
-1.464492832559116664e-10
-4.389728580633800448e-10
-1.225904100454755508e-10
3.101444934205943582e-10
-2.745248472990624578e-11
-6.425037724078208612e-10
-7.563318027425935952e-11
-1.054007436884774052e-10
2.509460972355270769e-10
-1.774423941114378067e-10
-9.130296518833347363e-10
-1.239058300406270519e-10
-4.736537551064401441e-11
-1.240701430482715750e-10
4.036561918052683495e-10
1.947010608294164058e-10
3.126981173995346808e-10
8.237937415556118026e-11
9.581724302876182264e-12
6.447783418295216507e-10
-4.097000516622983923e-10
-3.068481857493310372e-10
-1.274224753489150430e-10
2.574217922157728822e-11
-7.678832569801841146e-10
2.682433997147626314e-10
3.587072305855087961e-10
1.363881230176389181e-11
6.080340675396200822e-10
-2.577038027418154797e-10
-4.424552668691461577e-10
2.524326303543489303e-10
-1.534771199018791776e-10
-1.964488849370837897e-10
-9.254619293130872393e-11
-5.685603099436775665e-10
2.598911086337807319e-10
-1.712787689456263251e-10
-1.610771238613750711e-10
1.219508521943524215e-10
3.903405376703972252e-10
-2.850232272422204005e-10
2.088273304279297804e-11
-1.477720446008135013e-10
-2.605674565003823773e-10
3.082549215882579574e-10
-1.806548244331906972e-10
-3.221508060313738042e-10
-6.011303677055934713e-10
1.593030013458118788e-10
5.210751830020399211e-10
-3.854449814877369818e-10
5.503834055176071161e-10
-7.328249118643270776e-11
-2.969905987804111192e-10
-5.976698996823515131e-11
6.288806697618554153e-10
1.533337345982488387e-10
3.307690510379046600e-10
-1.525585907602433622e-10
-4.575462231315441386e-11
3.432144846104989711e-10
1.232729751610150970e-10
3.295619055432297273e-10
1.105289054725844267e-10
1.240753610964873133e-10
-4.612476511844931792e-10
2.070054128111564751e-10
2.051880054754207094e-10
-1.435152413575835340e-10
-3.516260616009958540e-10
2.237857121833997098e-11
-4.283893795253845838e-10
1.308279318212868247e-10
-6.328787494069842978e-10
-6.881835379335399239e-11
-2.972202761686304484e-10
-2.489085326740081427e-11
-1.302390140178744105e-10
-2.532974940905319272e-10
-1.874069788243559742e-10
4.014683585573664004e-10
6.158433762948334333e-10
-3.277060844908419313e-10
2.059760140227240299e-10
-3.313996299603161333e-10
-5.030037497633088606e-11
-3.311982632592247455e-10
-5.082253368149380890e-11
-2.981789259948186555e-10
2.413554911484538934e-10
-1.145413985881305052e-09
-3.912849766418702302e-10
-9.001787648621473181e-10
3.400165149436418233e-10
5.058167218408016197e-10
1.255106296671471000e-10
-2.596654002928744376e-10
2.103489604721175965e-10
-7.224785214532403188e-10
3.605763465586164784e-10
2.074769106519269712e-10
5.464323438175711090e-11
-3.716388308205864632e-11
7.013893355001243890e-10
1.873080579528618728e-10
-1.117916592630052719e-10
6.454453638227164447e-10
-6.109657224584452706e-10
9.686225155292049749e-10
5.742046838008718623e-10
-2.873322968444114167e-10
-4.847792167694819909e-10
-3.041852048024651367e-10
1.031116997340930652e-10
4.474178250113425293e-10
4.000308417850817477e-11
-1.169284336022258231e-09
-2.154955658362212034e-10
1.112153258375769838e-09
-2.821131939167997871e-10
-4.107332529645901786e-11
-2.918401909024481711e-10
-1.532908244783470764e-10
4.695480670946494683e-10
6.294747501023323366e-10
-1.449647624163219461e-10
5.741671582626395320e-10
-3.418744731753520227e-10
-1.582220465756734029e-10
-3.785413649204372177e-11
2.760320583217179546e-10
-3.108032720078313105e-10
-3.481027410767723040e-10
-6.898770443797275220e-10
-1.017146228354803839e-10
3.243257884477657171e-10
-1.322454090679769934e-10
-3.861625463841278361e-10
-4.138406284326379136e-10
2.565156420608616372e-10
2.588604886000211991e-10
-6.460962875820541740e-10
8.549558283554858917e-11
-2.943613686134938234e-10
-3.293046391128484629e-10
-3.793325931145119512e-10
3.030348749710753964e-10
-3.537874715409117243e-10
-5.769782429609904284e-10
6.189704859771438805e-10
-6.355758142007061906e-10
-6.592834056462493209e-10
1.614452183051895418e-10
-4.166453571041728310e-10
2.547440314248916593e-10
-1.551617861972331980e-10
3.979918339336308009e-10
3.348848143236438091e-10
2.867306392317914288e-10
-3.443296203720080939e-10
-4.458429181397605134e-10
-5.763005073156080016e-10
4.787514273907333973e-10
-1.336808552743207201e-09
-1.044422048845916606e-10
-1.575982955248633743e-10
2.842555635318433360e-10
-9.162415270935753142e-11
3.072290755135043128e-10
-9.839037917735993233e-11
1.805418869960107031e-10
-8.933011552691993984e-10
2.585022751411258923e-10
1.796462006931065503e-10
-4.564871813883542018e-10
4.913283668805945581e-10
4.783869966829001896e-10
1.349243078374584570e-10
4.168164424722675676e-11
3.677856075245955481e-10
3.561299866117195734e-10
2.510892327389768752e-10
1.147779093990664023e-09
9.664440359102854927e-10
-4.994905045130337840e-10
-3.883771082513476358e-11
1.018978651456947659e-10
1.886681089136033052e-10
6.528902973812478194e-10
1.186471809688782741e-09
-3.250872071536292651e-10
2.474010163400208739e-10
1.762951173933657856e-10
-7.656188460991586453e-10
-3.387609082139420025e-10
1.061828056037050771e-10
6.610531566586530516e-10
-5.760572574509126298e-10
-3.820581351288154792e-10
3.130801173867325815e-10
4.829989186383443212e-10
-1.283305128829681507e-10
-4.604255032791826352e-10
-5.315883289114253785e-10
5.816249148971053273e-10
6.262608209794962022e-10
8.713031962592765467e-10
3.603372877858390666e-10
-6.428064192043336789e-10
7.782005595480256943e-10
-1.517909409276541055e-11
3.994579389487995513e-10
2.483601102554189310e-10
2.067585408438432637e-10
5.564141369873709664e-10
-2.987819991417950405e-10
3.230979928048327565e-10
-1.356871559554662099e-10
-4.836026024079842500e-10
1.072125999090900450e-10
-4.055381863654616836e-10
2.689400369071393015e-10
2.741688820417920169e-10
4.055880631348429688e-10
2.084070693797457352e-10
2.721009806361252004e-10
8.616814484163626275e-10
5.227667188023588096e-10
1.474652067123827237e-10
-2.840760682243370638e-10
7.810897484361589704e-10
7.368051307965473029e-11
-5.947082826196492533e-10
-5.206252651213105764e-10
9.359111263762542876e-10
5.271497127701252339e-11
-3.082697985767879345e-10
-2.389461406515636099e-10
1.130174911989634268e-10
3.378763102634962934e-10
-1.372307822933294119e-11
1.827206719262619572e-10
7.196786500074381365e-10
2.494191242430332522e-10
6.372712357816112672e-10
5.638982614186716091e-10
-3.622978028694490149e-10
1.157579865296298749e-10
-5.564094740506675407e-10
1.055333265220781414e-09
4.161282707304536643e-10
-5.327739360794225831e-10
8.034001797163625724e-10
6.505385674593355816e-10
5.109778711265278162e-10
-2.288277345385836270e-10
-7.722743555760303025e-10
1.177410113850640982e-10
-2.037476853899988782e-10
-1.496034407466595439e-10
-7.490986164704338535e-10
-4.709620471388120677e-10
1.096264190536544447e-10
4.943220832664962927e-10
-5.320821006016274168e-10
8.047381649944895798e-10
-1.244942204881027692e-10
1.898487200779896966e-10
6.443474642736646274e-10
2.242338259517140386e-10
-3.858930397449000793e-10
-6.246896333550466807e-10
-1.178025177406283319e-10
1.125076837249494588e-10
1.465166737935064134e-10
3.297310202654557543e-10
2.521819975065398012e-10
-2.137674481872409160e-10
1.823097228736969555e-11
3.766773004620915799e-10
-4.337218639793860575e-10
-7.464881490726327229e-10
-1.569521596023193410e-11
-2.313572666778895837e-10
1.003983784997330986e-09
-2.093145101689231069e-10
-5.335260011563036642e-11
6.529742302419094813e-10
6.184072698367515386e-10
5.160277760651865719e-11
9.120733057699226265e-10
4.167045042358097362e-10
7.420762615506504289e-11
-2.627943973543267475e-10
7.085309006171769397e-10
-7.543131119724932887e-10
-7.691438597134947486e-10
-4.225311073247084437e-12
1.002455229937027070e-09
5.951815706950469576e-10
7.324349460269274914e-11
5.428122951123270923e-10
3.219623179173680683e-10
3.003455262273746484e-10
1.848976666218860032e-10
3.458948405477002552e-11
-9.403981759970037047e-11
5.380568213197989280e-10
-1.182321462955826519e-10
6.628392834606700035e-10
-7.936534762720270919e-11
-1.342495975498181338e-10
-3.894316258357122251e-10
-5.209411374496042413e-11
1.328648524534514763e-09
2.110701058377628669e-10
-9.676854456630579193e-11
4.324050562054537750e-10
-3.834860762275127399e-10
-6.913218886239747007e-10
1.426034013096710851e-10
-2.963056744409442445e-10
4.884003201865994015e-10
3.220196886921655732e-10
3.356110389596267396e-10
1.221915901794545789e-10
-2.643360530463212399e-10
-6.704863331208343880e-10
-1.114948466884868594e-09
-6.749907299763435731e-10
6.436487454131167851e-11
3.085749017417427353e-11
2.618398275977540379e-10
8.287381891847189763e-10
-5.009485604112740020e-10
3.116934488289757610e-10
1.673128025014847253e-10
2.102906182521735445e-10
2.722456149406582426e-10
-5.357668753092070801e-10
2.237991875153610977e-10
5.122013924108159699e-10
-4.603140646430858851e-10
9.552150737057729657e-12
1.708311825332486933e-10
-3.180388175039183807e-10
-8.245809590690100777e-10
-2.315136415909080370e-10
-8.510455534738170513e-11
6.841209820862559354e-10
3.144347004990777350e-10
6.976443311934588110e-10
-2.420690314863804815e-10
2.953881028666671682e-10
-5.822953230705252281e-10
6.877420855033733460e-10
4.319918867068395230e-10
3.333158471452435379e-10
4.465523784080716041e-10
-3.170942675101429131e-11
-9.421039642854012186e-11
6.210149061658398750e-10
-6.858144607768679180e-10
5.194416008436064658e-10
-2.390887487990767113e-11
4.348306437140792013e-10
-1.960839129955260773e-10
3.516962554517277795e-10
-3.806954751439661777e-13
3.518564883897568052e-10
2.201101245713488197e-10
-2.513594610231706383e-10
-1.224482737427479151e-10
9.447524706995835686e-11
2.899079865059661643e-10
7.539904256503859870e-10
-1.557558804154979271e-10
-1.670103222384256014e-10
-1.632909085724776332e-11
-9.924824850848779079e-11
-3.122104241803924651e-10
2.144224242606185271e-10
5.484611376171955044e-11
6.843560718117203123e-10
1.526797022144421589e-10
9.130906586385378887e-10
2.938496113102928575e-10
-5.727422980328356061e-10
4.532929587242051639e-11
-1.043443109693953375e-10
4.530396613411369344e-10
-6.196505808464536358e-11
-7.472250596052276705e-11
-2.394640041814000142e-10
7.490888465078171521e-11
4.204479542302408390e-10
-9.720513283184573083e-10
1.044449804421532235e-10
-1.515582381816926727e-10
-4.728684110943959240e-10
-4.031450173691553118e-10
-2.767619466936821482e-10
2.733388793085822499e-10
2.658042119740855469e-10
-3.664736014652447693e-10
8.889818048363196112e-11
4.268410624952423404e-10
-3.311861063171051001e-10
-2.256421438584510497e-11
6.943207120357897111e-11
-4.402016529070351680e-10
5.220373022751800818e-10
4.426446709171472094e-11
2.077935462585500659e-10
-1.813038330578109480e-10
3.196326536780702554e-10
2.569954526965290142e-10
-5.932193625213244559e-11
-4.327255220815118264e-10
-1.886349687563182442e-10
8.278779883852394050e-10
-2.747652105838938041e-11
-4.145881138395424159e-10
-7.178048710976270286e-10
8.312245336483670144e-10
-1.864617904523413472e-10
-1.052203185691880094e-10
-1.768739044116784953e-10
-1.800994353651219626e-10
-5.918019407857855185e-10
5.861343632673765569e-10
8.173818288881307126e-10
-7.636241639019658578e-10
6.377826045067536143e-11
-3.060021402934154366e-10
-2.136485433013035617e-12
5.615748976950385440e-10
-3.219309263613467920e-10
8.046922017612700984e-10
1.679437144908035862e-11
-6.566047705547362057e-11
2.190592984785411090e-10
4.712010781560138639e-10
1.559651852112153847e-10
1.322502940492853440e-10
-2.712033375651401457e-10
3.950435534250118508e-10
3.821030991613127981e-10
7.048431838185820197e-10
-3.361780298583028070e-10
-3.214783161897827313e-10
-2.005260402171415990e-10
-4.393955199688548419e-10
3.290112349230156497e-10
6.440303151888926436e-11
-1.071845945332938754e-10
1.007689348631046755e-10
-1.324692439075292327e-10
-1.092779200462246081e-10
6.327271484529717327e-10
-3.005838633551860539e-10
4.775821405011981824e-11
7.023055470511962994e-10
1.300569513196236926e-10
3.358042455214871325e-10
-3.404528325923195098e-10
-9.606324624655826483e-10
9.308206982971967136e-12
-3.354715949477338199e-10
-2.460705250673100863e-11
-2.104889318399472131e-10
-1.941172361741294594e-10
-3.969005679671511189e-11
1.585554187943927218e-10
1.042708142051651521e-10
-6.837243271551329826e-11
8.820561642197688457e-11
2.786347819139223247e-10
-2.412634536597124679e-10
1.902326351999050758e-10
1.911532043763486399e-11
1.207332567254582045e-10
-3.484213473292641083e-10
-1.876312993864814871e-10
5.861835322695796435e-11
-6.445026734525072243e-10
2.939152810021994355e-10
-2.536776344541635808e-11
-1.834768170727585357e-10
-1.774913549468237761e-10
5.388509083381620712e-10
3.376675605792911483e-10
-7.046148386979922407e-11
1.118519304954546101e-10
6.319137990651313430e-10
-3.784416668928258787e-10
1.705150604047744878e-10
-2.281487221367228813e-10
-1.107612057626994329e-10
2.817990285564064834e-11
1.004584748720560583e-10
6.957326381673567539e-11
-6.408756858533593004e-10
-4.569853939706547408e-10
5.335223929314736324e-11
3.074054899521172501e-12
2.311923846809449401e-10
-1.405038446700146437e-10
2.492620554406244082e-10
4.696597000197755278e-10
-6.317918410658762696e-12
-4.240962442336737581e-11
3.133691917067693566e-11
-4.374099971116152119e-10
-2.673195553803964231e-10
-2.913060348497253926e-10
-1.125908394294938830e-10
4.601839465045998168e-10
8.179806831876135220e-10
1.670447113966133657e-11
7.411720126526688546e-10
4.658223806686123680e-10
9.039882176153923865e-10
-3.322988828546868945e-10
-6.362618210076220748e-10
-3.789164815248824425e-10
-8.784323823896045269e-10
-2.012850996990778185e-10
4.018488874990566728e-10
-3.244559343418274011e-10
-7.544933566805411829e-10
3.429184158854070574e-10
1.281273698250373627e-10
6.655883622030955848e-10
1.143928063385146743e-09
-1.631376561617159382e-10
-4.781300355638506971e-12
2.883121519303699642e-10
-3.108749924152220956e-10
5.807815894876000584e-10
-1.004045180330592757e-09
-2.412255395434215188e-10
-3.744293763929817942e-10
-4.077045367978371360e-10
-6.242485972585143372e-10
-2.139008553614374364e-10
-1.339963556779011356e-10
1.438404950704352814e-12
-3.601571818556692506e-11
1.286780126896758247e-10
-3.353853583742960609e-10
-1.074965394476379288e-10
1.100246838081631040e-10
-2.807999111009706894e-10
1.686371875475600746e-11
3.575981177839082648e-10
6.185910672584782333e-10
2.667366327813169846e-11
-5.444642514618180940e-10
3.359514055834011970e-12
-2.584916725112407221e-10
3.115109836748786165e-10
-2.947975752398690474e-10
-4.813939802339461949e-10
2.951178745824734051e-10
7.111371214119088791e-11
5.621239029807156840e-10
5.851274464951927712e-10
-2.212177524496539149e-10
1.534511129275273333e-10
1.550297529240296512e-10
-3.180758434417896297e-10
7.033016530266777977e-11
4.459663749400988308e-10
-5.864161933821776529e-11
8.370035775584483417e-10
4.625680394276798779e-10
-2.093802908831321474e-11
4.468729830620077337e-10
-1.595619469885178887e-10
-5.147414716688558656e-10
8.169909193611601950e-12
4.286823673815831626e-11
5.727534557742330890e-10
4.912473205997969217e-10
-6.101127936197769941e-11
7.589600059532131127e-10
3.569021189697707541e-10
5.299409244763353399e-10
-5.188401375200157872e-10
-4.383065577151512571e-10
7.597673601367205265e-10
2.796924913894827114e-10
-3.465544518022056764e-10
4.471072401202036417e-10
3.078862165217799429e-10
-1.330714705094493411e-10
-1.098214186256996072e-09
2.019416439624777126e-10
5.228947275170980902e-10
-7.871646390267272864e-11
-5.722549101250251624e-10
-1.564710860879614529e-10
9.591660798946577415e-11
5.367128963484901760e-10
-2.471106097523545486e-10
4.590395841219674367e-10
-5.674100633790146730e-10
2.987637914841911879e-10
2.466596371597518100e-10
1.000333149647758546e-09
-1.903969759631252145e-10
-5.282629333969168783e-10
-4.923911278709169892e-10
-5.174928263684819285e-10
-1.041940977941635538e-09
4.298447986439413171e-10
4.415307008898139429e-10
1.129503435226553165e-11
3.586514418785213820e-10
6.117920059445225434e-10
-4.999369807023867907e-10
7.487248598891937945e-10
4.215422455544626246e-11
1.431715856980986246e-11
2.039458601998944687e-10
-4.153563604170074086e-10
-3.970199724534495545e-10
-2.315829750187958780e-10
-9.585920945909265356e-11
-9.478042795052488145e-10
-5.673882474965807887e-10
3.602737552732548920e-11
-7.213001307349031777e-10
-7.721523420656239978e-11
-1.048611086851281016e-09
-3.411588789248298781e-10
1.308909092223586867e-10
-1.804074389877285967e-10
-7.870848417468323532e-11
-7.618313202506499238e-10
-4.418867494138112306e-10
-1.134802696256542731e-09
-5.827999749463685930e-10
-2.601503040766672825e-11
5.965872240665248682e-11
1.052691822600593241e-10
-2.298628926089563151e-10
-1.643084002189709736e-10
2.728505754667764904e-10
7.836563620244874073e-10
-7.660475587201176495e-10
5.550606640980504380e-10
-1.843356856046085568e-10
-2.737486071158201639e-10
8.019368502587553849e-10
5.102335220996678800e-10
-4.832703681678651719e-10
9.522216348756273874e-12
-1.092709256411694696e-09
-8.875826185139601421e-10
-2.000400678436875523e-10
-4.057396085777043027e-11
-2.408926391694876656e-10
1.919042424969319427e-10
-9.980682946775232267e-11
-1.724142495440617040e-10
-5.953149084803044389e-11
-9.029771375068662564e-10
1.142784977758992682e-09
-8.226845871206478478e-10
-1.101938096326193772e-09
-5.348277931638278915e-10
-7.112337385706268833e-10
1.408448913053916840e-10
-3.351506849824659184e-10
2.593092407465746874e-11
-1.528290272112542425e-10
1.013961137275032343e-10
-5.928222357454160374e-10
-1.282111639078209464e-10
-1.852752118391975955e-10
-1.679961170175658935e-10
-2.204224164303880684e-10
-1.995354714789954187e-10
-7.979430449722713092e-10
-2.173974888997065591e-10
5.940454794739480349e-10
-3.672036008595114254e-10
8.797262918136539156e-11
-5.824321025471590474e-10
-6.613517511411259875e-10
-1.002830929408560223e-09
-1.160033527569659384e-10
-2.835580104054713502e-10
-2.078295174845479210e-10
-1.530985338504819993e-10
-4.997241509485661481e-11
-1.485975509307735365e-10
-2.458845349551097570e-10
-3.868350639812945246e-10
4.570074874088447814e-10
8.585003818950553978e-10
2.625260286936992316e-10
-2.816875066535828864e-10
1.071517180539771630e-10
4.299154920950343239e-10
1.197162147192898374e-09
-1.357515072575310455e-10
2.097827050961953432e-10
1.029539009600455302e-09
-5.817007986408384568e-10
1.172699715112912600e-10
7.750877717427329117e-11
7.919404021450304754e-11
4.317520785335204891e-10
-2.130709775283179397e-10
2.553024180951268818e-10
6.521106987733560345e-10
1.451165715371516285e-10
-1.294829660158924867e-10
-1.987397052483075299e-11
2.189483316872298246e-10
2.997496972856339426e-10
-1.064188112631647698e-10
1.171743535532954184e-10
-8.382584626431821562e-10
-9.432581382640137235e-10
-3.729736519630932889e-10
7.066752044648794140e-11
-1.244743863537678408e-09
1.983897213175822571e-10
6.656675766159025898e-10
-7.872504037553795797e-11
-4.408224618668299399e-10
-7.865399997974975577e-11
3.387528313414378545e-10
-7.558201842172707074e-10
7.824185743743328203e-10
-7.102338162034982361e-10
2.797267417697923975e-10
-8.457294864427922221e-10
-4.280247822840976823e-10
2.390859177303639171e-10
2.206673593851959936e-10
5.276065695447584858e-11
-4.103754835949047219e-10
-2.379002272956398656e-10
2.178693891963234819e-10
4.137644671331486279e-10
1.730691423507124682e-10
4.539199571773622210e-11
-1.171004265776431907e-10
-1.200290145053628521e-10
-5.518259738046538132e-10
-3.787892915996238230e-11
5.269014113906678176e-10
5.239604583540113936e-11
1.335544175251612842e-10
-1.882927841423409632e-10
-1.388918979827735711e-10
-4.447853196865025893e-11
3.711690399477163282e-10
7.965322290637288916e-10
-9.148364010780341005e-11
-4.878316084422351651e-10
-1.069363347871998826e-10
5.393700486244767944e-10
-3.602296794191772733e-10
9.325135108539939210e-11
5.905774480563508178e-11
7.331514562114449518e-11
-3.637403989120713277e-10
9.391473154707341564e-10
2.021348088909746821e-10
9.118650279305029471e-11
-7.103529986451917466e-10
9.631784952945920963e-11
5.881058973145059099e-10
-4.393080066389387639e-10
4.565606226414331559e-11
-6.840516486583680944e-10
-2.823306588517482396e-10
-7.424720838145049129e-10
3.443467733177385526e-12
-2.207920374308613987e-10
-1.584273406907144022e-10
-2.759166506383081696e-10
-1.101420135651842713e-10
1.418852257906166869e-10
3.680020177476706067e-10
-2.033383184052439674e-11
-1.878176086878013962e-10
8.576234167279039866e-11
-1.029323848378282946e-11
-5.645820477795382430e-10
-1.110015412919551636e-10
2.708457347289083827e-10
5.700285798937443360e-10
-4.663955333050751051e-10
8.859982747466688124e-10
-2.038509083757134022e-10
5.766369326476450397e-11
-1.223839918296221185e-10
2.969022250276509567e-11
-5.736356389896002383e-10
-4.265082731436109498e-10
8.547715313333981157e-10
4.994190616613991551e-10
3.218312005781598373e-10
1.005537653142596355e-09
1.331163235196441974e-10
2.365077855781549943e-10
-2.862826087302039468e-10
-4.221173410812184557e-11
1.227538626302759894e-10
4.931901553817397144e-10
-1.077746780708821461e-10
5.115435297575743334e-10
1.729465043398548119e-10
-3.071146670308166904e-10
-1.729793253080202931e-10
-3.446189444922254097e-10
1.195983589941107539e-11
3.743988452598046024e-10
-6.177345301949799250e-10
-4.703449851817254057e-10
9.556723468140404520e-12
-6.084203973966140211e-11
-5.532078684034047455e-10
-1.182148823275497307e-11
-5.876273911908924674e-10
3.897288602949799952e-10
-2.648179175945841735e-10
-3.700883766111218165e-10
6.272440900012554721e-12
1.560556545099345271e-10
-1.816521655317870909e-10
5.147129944482742303e-10
6.438538591169162828e-11
2.534264187392665235e-10
5.648642664723979578e-11
8.977534271537024324e-10
-4.805746911529240606e-10
1.246518721575995414e-10
-1.832000384727194842e-10
-4.124908470348742640e-10
9.184407678830552868e-10
-2.563284307033342202e-10
3.030707074191951733e-10
-4.676153353422307646e-10
3.985759777780373270e-10
-6.855285228368757089e-10
1.879449790243015173e-10
4.280963916691860049e-10
-8.101374571189978724e-10
-1.036669361464959138e-10
-8.049856337066785272e-10
5.534549207819594585e-11
4.107973405886866658e-10
7.602807272633071989e-13
4.624818028542421189e-10
3.950742510916427364e-11
-2.309914759468512102e-11
-1.027945062404000964e-09
-9.169760784022429334e-11
-9.056914662686210704e-10
-9.556679891886687983e-10
-3.248970259495109758e-10
6.180634892771763589e-10
1.741379818120947220e-10
-1.284802958467778922e-10
4.310612145008718699e-10
3.481681887240739570e-10
-1.319452186399061588e-10
-3.898469880248001118e-10
-3.830034622787081844e-10
-1.198693089232705233e-10
7.983683159018539754e-10
4.470472325657226520e-10
-2.950844013582809566e-10
-1.835034624253495394e-10
-4.108182127815496187e-10
8.139441898258326091e-10
4.658412544600309957e-10
4.123905661401749967e-10
-3.515542301713026063e-10
7.098165388796928710e-10
-4.371836781480453737e-10
-7.358101627996660454e-11
4.914046947135375376e-10
2.903892126759899384e-10
4.686677157472729505e-10
-7.707347537966313666e-10
-9.612362017463738084e-10
4.817780618893152678e-10
-2.326917825090646375e-11
-2.749911132138294079e-10
3.737982978702092396e-10
9.143502066599751288e-10
-4.377986584369608636e-10
-6.445544098454547566e-11
-9.210421869632057223e-10
-8.033693155162779931e-10
5.199893848839565180e-10
8.278370766667819680e-10
1.539419147711384994e-10
-7.197897833322031147e-10
8.663333939118444960e-11
-6.991496270813968295e-10
-4.333143566181973938e-11
-1.445903813346305355e-10
9.685259261260625863e-10
-1.679614780591975887e-11
-5.083084647639068976e-11
-4.301102529691291920e-10
-1.183360631706875665e-10
-7.328606610457200077e-10
-2.780233820942612510e-10
-1.018296835741949735e-10
9.176441551073111214e-11
-2.111422703343635021e-10
-4.483129423249465617e-10
-5.033428882028623264e-11
7.865130213779991664e-10
-1.991566633829933153e-10
-3.901822753782369091e-10
-1.366829843751915519e-10
1.865146925794647359e-10
-5.735006913809570506e-10
5.173045325435055020e-10
-7.819854763724265467e-10
1.142867467329722331e-10
3.616257293614921764e-10
2.534268350729007580e-10
8.789688421551034025e-10
3.716646157503333825e-10
-1.937611460167687483e-10
-5.066645991647078517e-10
-2.471894910982541660e-11
6.100364657868340146e-10
-4.988413848661110706e-11
3.149379090849890872e-10
2.362816886591900811e-10
1.453495102055057941e-10
-6.536095553677512271e-10
6.564128685049297474e-10
2.380539654289748341e-10
-3.984561014469534257e-10
4.013238907862870519e-10
-1.942618566008746939e-10
2.183434960612018472e-10
-2.015697886381673243e-10
-2.550755717756203467e-10
1.299421126255140280e-10
-3.419147742711459159e-10
3.275640869659923737e-11
-2.384962227708342652e-10
-7.293681214548541902e-10
-3.537354298366324201e-10
-3.107100132737627973e-10
2.606926063908332480e-10
4.532181852034966596e-10
2.883486227567289006e-10
2.580614055780472427e-10
3.917421942389864853e-11
-2.071979809947777085e-10
-6.578393385581193797e-10
-1.810198935192630643e-10
3.458555941637797559e-10
-4.289554822456409511e-10
2.910562346691847324e-10
5.267173364131849667e-10
1.229878143771401255e-10
-6.638974092698646245e-12
6.654119477644826475e-10
-3.431130102260482317e-10
-6.975657829144665811e-10
3.130142256502210785e-10
-6.585002543246787354e-10
2.648818664408025825e-10
1.678989169917599611e-10
1.480199435244244910e-10
2.790645492467547228e-11
2.750819572128193613e-10
4.693429672686377785e-11
2.281595745667885922e-10
-5.715189432820011461e-11
-4.363135408524954073e-10
-4.697151001487043231e-10
-1.149209824524710655e-10
1.010471012419245085e-10
8.268649653864201809e-11
4.521764074283396440e-10
3.896598599339995417e-10
-2.944838817242612095e-10
