-1.073423364084113985e-10
7.006245583696113499e-10
6.493478532654251012e-10
-9.181685967085684297e-11
-4.211677950838321749e-10
-1.423811069045655131e-10
1.344237776645940130e-10
-8.041198262809245989e-11
-5.322018936659844712e-10
4.521408247804004077e-11
-5.502308331184480039e-11
2.008573862788409770e-10
-1.871649502049876901e-10
-8.560978037586153278e-10
-1.932441984209276598e-10
-1.031062735190602098e-10
-6.676881270095691434e-11
3.153307892578283145e-10
1.523620396515212860e-10
3.296806716512890034e-10
4.909747955417209653e-11
3.531985814930749257e-11
5.886310328051536089e-10
-2.984382740933710920e-10
-3.699534567580542443e-10
-1.377107317068748671e-10
-1.592284637474961073e-11
-6.822620801649748046e-10
1.659601345238570502e-10
3.722750441248479092e-10
6.310863637226660217e-11
5.461136542983524578e-10
-2.074973248777922663e-10
-3.310351992524829257e-10
2.257427855756333201e-10
-1.307673691552935225e-10
-3.204231879827545981e-10
-1.956768774791228793e-10
-4.808121678578913816e-10
3.675701409910914208e-10
-2.408215848959116556e-10
-2.329265114120460112e-10
5.417064713464370129e-11
3.791710556644289909e-10
-3.694302641576996393e-10
9.861420707801826779e-12
-3.058436282010745799e-10
-3.489442068627113258e-10
2.237186685905001582e-10
-2.066815746326611247e-10
-1.949717609583956346e-10
-4.749585724717064750e-10
1.778222014081620728e-10
4.708994305602232089e-10
-2.985634794949731941e-10
5.973673222747777345e-10
-1.518765668784283207e-11
-3.110510737869276454e-10
1.589442744087676829e-10
5.480130793600324068e-10
2.102175100660019780e-10
4.557608179744931931e-10
-1.880148675637016709e-10
-2.783268754358303454e-11
3.838778184217517264e-10
1.069988264656984711e-10
1.890337747445514083e-10
-7.156747416914299720e-12
4.674136078186563736e-11
-4.794983299305499713e-10
1.334556076759696452e-10
3.648924495891492370e-10
-1.037368246858960674e-10
-3.030398709746862096e-10
-1.788093978438709541e-11
-4.301686507002244753e-10
4.710785928008220935e-11
-5.900074873110838780e-10
-2.601683035674540179e-10
-2.265012760682694193e-10
-1.504277258312924914e-10
-1.854078834906403017e-10
-2.622791150930225967e-10
-1.000910881954197862e-10
3.821092053879482364e-10
4.365675876361052588e-10
-3.889690514125021537e-10
2.747994609642034902e-10
-2.496186868317096241e-10
-2.602804083373655430e-11
-2.855135572410461009e-10
-1.652176173649877455e-10
-1.790816800406602738e-10
2.143417110467282782e-10
-8.729927891693023412e-10
-4.672212616796400653e-10
-7.818895531030989332e-10
2.357906647709739900e-10
4.544064013956017334e-10
1.738217625391058618e-10
-2.227737855298173031e-10
2.285731881546126942e-10
-7.106823463054467993e-10
2.772257978733705386e-10
1.868316751307830259e-10
4.153022370445569322e-11
-6.024281073990778168e-11
5.455411677957044958e-10
2.061152637455876402e-10
-1.038891611626624467e-10
6.406049024576532247e-10
-5.425073168474625618e-10
7.484714514838231025e-10
5.276926118291669354e-10
-3.159723871437591924e-10
-4.092753358442280387e-10
-3.847678009538668675e-10
1.020683260133381509e-10
5.120554535942289931e-10
3.552524940886314653e-11
-1.086924994453397630e-09
-3.110635915515302941e-10
9.821028434942036256e-10
-3.432283623983067855e-10
7.200587348599185589e-12
-3.956205085753339290e-10
-1.593754850315320937e-10
5.079671128171980854e-10
4.917927176606440298e-10
-2.952054434235407143e-10
4.172795997625655673e-10
-2.375090679684888073e-10
-1.413369421499055534e-10
-6.038552990972334555e-11
1.718510334036693621e-10
-2.833951961989100710e-10
-3.120358138541945436e-10
-5.935176239368900042e-10
-6.755613429776374801e-11
2.424793144051307081e-10
-7.764223292072713889e-11
-3.132504811098613118e-10
-2.742994720250635510e-10
2.929522180394883435e-10
2.808262511422299212e-10
-6.303996213929963233e-10
1.516712033744482824e-10
-3.061684517025042851e-10
-2.141318927728619315e-10
-4.495896710476898761e-10
3.654131996988496667e-10
-2.598088688632316234e-10
-6.061009472091427597e-10
6.069251767826244759e-10
-6.236839378281899826e-10
-6.190626344881877685e-10
2.168744350772300322e-10
-4.053589686137115677e-10
1.135294636078754138e-10
-2.539873034113071526e-10
3.005330428962338374e-10
2.910362228991658640e-10
1.709292152263230946e-10
-3.209280619032028881e-10
-5.360681343269391164e-10
-3.971167839011968681e-10
3.950597349255957624e-10
-1.205959332395423189e-09
-1.055535936433926736e-10
-1.385355580252323193e-10
1.781416403279223459e-10
-8.132301776431205553e-11
2.455222136710233372e-10
-4.140454645806812550e-11
2.063907378335727572e-10
-8.013748553636901306e-10
3.261995951131524407e-10
1.561297480190404485e-10
-4.363192585010722269e-10
4.124100505542571682e-10
3.102541556998517081e-10
-4.870021053093864793e-12
4.920819307585588831e-11
1.579725794620401302e-10
2.660303366486260757e-10
3.396780634545848443e-10
1.014973660673490485e-09
9.861411687239751700e-10
-3.457716890586937097e-10
6.346768943732428170e-11
7.855008310464484111e-11
1.765583235169287946e-10
6.382492867551547988e-10
1.056498222240520590e-09
-3.359414413317551862e-10
3.416177896120586865e-10
9.344079676676386725e-11
-6.396070340031201340e-10
-3.439906415270144180e-10
2.065367044057353496e-10
5.883890041857853248e-10
-5.040676209766559168e-10
-3.135191273262449840e-10
3.016676630718251317e-10
5.099768385363745438e-10
-3.623090716331489602e-11
-4.894258887055968898e-10
-4.616993176664863086e-10
6.819033671057184165e-10
5.665734548188083863e-10
7.203582175208111948e-10
3.675525994673023433e-10
-6.711741717957409037e-10
7.633772503012892230e-10
-7.361430909291755142e-11
3.683415239486009796e-10
1.113113767825524292e-10
5.764944077668587852e-11
4.322444902005173617e-10
-1.912187075348015242e-10
2.305209911845906845e-10
-1.172141828043038458e-10
-2.242076246883328849e-10
-1.200265858924964846e-10
-4.346409898658976090e-10
-2.696495804421772391e-11
2.669702237056981176e-10
2.919291752778718774e-10
9.585236770970340103e-11
1.987278674953074642e-10
8.100943249544911851e-10
3.915245905261599546e-10
1.774410340882326409e-10
-2.003685134477350971e-10
6.031947163975814874e-10
2.890565564683811317e-11
-5.444076300875622110e-10
-3.935688441814022553e-10
7.710966309915079364e-10
1.190550436014348179e-11
-2.164123186210176186e-10
-1.566201057734417645e-10
1.003520253006762175e-10
3.061144115967806556e-10
2.150369188269607434e-10
1.907125984912383387e-10
5.540375380697071250e-10
2.990150349546638608e-10
4.116376406404498312e-10
5.545569559117780045e-10
-2.899950835022480078e-10
2.013679223367148552e-10
-4.025243471872386181e-10
1.003562122292578351e-09
3.143041382713818166e-10
-6.499361604461739716e-10
6.314429534803878141e-10
4.079512838650600770e-10
4.582718649004391409e-10
-1.673702842985846928e-10
-6.856140100097718459e-10
2.430855516877272748e-10
-2.474319638068323002e-10
-1.941481420075774622e-10
-5.778367784259330620e-10
-4.809248554948908350e-10
2.169456281286841204e-10
6.863016821512246679e-10
-3.784598190392785000e-10
6.309591182862561709e-10
-2.072379212680885985e-10
2.345388327995578948e-10
6.003121333364447310e-10
2.337142979147444066e-10
-3.014115068644684925e-10
-5.143768744275689642e-10
-3.661052017100985267e-11
5.505869024591270033e-11
1.449586700674743156e-10
3.037327056532035385e-10
2.737419457776724130e-10
-2.648999075649527413e-10
5.210690212642532515e-11
2.462418324800097480e-10
-4.870340242213444526e-10
-6.843984268201097620e-10
-4.351659310675159986e-11
-1.852601405616383090e-10
7.911855059994366002e-10
-2.650656916181048928e-10
8.312958654776991807e-11
6.998420731818555396e-10
5.534622760094976002e-10
-3.047416485824072652e-11
7.308518235049632494e-10
3.529027070570123215e-10
1.928246451399218131e-10
-1.228175200429504343e-10
7.112230804295904818e-10
-5.937836333735901917e-10
-7.614925912058367885e-10
-5.452146373263744294e-11
8.066449730392832862e-10
4.769126205061979817e-10
8.984041288684352367e-11
4.303932765736817601e-10
3.074998033980591572e-10
2.805284338158742230e-10
2.519809361167801853e-10
1.014898443063572131e-10
-5.553978804639925215e-11
5.104724976057184449e-10
-1.056203458027482611e-10
6.212875769406878135e-10
-5.906300448721424345e-11
-2.674200305641249997e-10
-3.585912955461623142e-10
-6.612072001033197921e-12
1.226937995646437685e-09
7.318535361067191047e-11
-4.383412383068829854e-11
3.284906513467689138e-10
-3.381906976684945221e-10
-5.478281162041298558e-10
1.178432768034198830e-10
-3.237542456346886866e-10
3.894299327455996718e-10
1.990776293814278119e-10
3.612674603914456384e-10
8.324461259201498819e-11
-4.118317353807299241e-10
-5.454441343033522571e-10
-1.054569986891351618e-09
-5.671715874733251894e-10
1.554208844956050939e-10
8.259991995940296761e-11
1.642804364765382275e-10
6.917086903257541053e-10
-3.732687492430386555e-10
1.752311629132918824e-10
1.604878452354796536e-10
2.117454822592179653e-10
2.580647084915455025e-10
-4.265126030134069879e-10
2.740672966350388151e-10
4.274461895548142820e-10
-4.091892380486683578e-10
-1.308495117813279762e-10
1.780906394577286278e-10
-2.290746758948358774e-10
-8.020695774213493223e-10
-1.190942622297797016e-10
-1.285721668020656239e-10
7.130665502508293230e-10
4.015488497266517243e-10
7.942950186468067386e-10
5.161621130511662159e-12
2.840099821987962514e-10
-5.360238364282565726e-10
5.914023715192229247e-10
3.694141659238425746e-10
1.979222619130638350e-10
3.200486820009729172e-10
-5.744724140832602188e-11
2.300380719244543570e-11
4.980133527787700132e-10
-5.834669414284121558e-10
4.616216020547625476e-10
-4.648201268331320080e-11
2.717536751184468358e-10
-1.040131591967252689e-10
2.102708285267596011e-10
-6.409109354343911491e-11
3.093066913706365995e-10
2.776914531654739449e-10
-2.293535361630461011e-10
-1.990765330361909946e-10
1.563924684200301840e-11
2.681344313248956723e-10
6.081569692284460871e-10
-1.004769600854160672e-10
-1.249530479086047308e-10
-9.104730858133791571e-11
-3.103198253917582861e-11
-3.064943576713829998e-10
1.479276423577147170e-10
-1.758690588993250259e-11
6.801191831939945587e-10
1.362422119566275569e-10
7.427052306496761958e-10
2.725813463833048900e-10
-5.348720355513592040e-10
1.003639948926604575e-10
-1.300762553224643625e-10
5.420425219782032400e-10
-8.807873874694394090e-11
-1.501610363829897210e-10
-8.270342743976755173e-11
-4.273235931773200491e-11
4.269632425391023389e-10
-7.361704579267325244e-10
9.539294354432570344e-11
-1.543194044772988605e-11
-3.257054626004673992e-10
-5.732865293595068579e-10
-2.595011983075323769e-10
2.161091028352046806e-10
1.527027948533543622e-10
-3.000540371722593136e-10
1.040442038080513498e-10
4.164181777177589083e-10
-7.813986957483365359e-11
4.918024321121094999e-11
1.853664027828827443e-10
-4.420138144389795798e-10
3.827154704261204188e-10
5.744311970534710099e-11
1.414034583868684081e-10
-8.761838476978311974e-11
2.410603383573572955e-10
1.847302449897725296e-10
-1.924711778844567789e-10
-4.731298686166951484e-10
-1.146533146201278441e-10
7.198545648456899926e-10
5.113712231441525091e-11
-3.365647482933553647e-10
-6.217857340118371212e-10
8.128099304727243180e-10
-2.874297466703978898e-10
-1.200324978301026135e-10
-1.354840961642622688e-10
-1.926683396158423989e-10
-5.307290162903655073e-10
5.270117675593155582e-10
6.758981152543697135e-10
-6.745806691021982715e-10
8.735556722427872955e-11
-1.492772849776002886e-10
-6.857620027389543793e-11
4.773639816768593391e-10
-2.313917113472285791e-10
6.759356407926020438e-10
-2.728928194528634776e-12
-2.581712621463339019e-11
1.468883070732118767e-10
3.948745774806639020e-10
3.087717859173721990e-10
1.460472714986948972e-10
-1.489054851644411315e-10
3.340087650904877137e-10
3.861065911436867282e-10
6.128639262747981320e-10
-3.741678078483801073e-10
-2.534174814439182910e-10
-9.880898876879484760e-11
-3.738897802474383525e-10
2.716524782897522527e-10
1.327132015394028031e-10
-1.058180279511766742e-10
8.933578876657577439e-11
-2.220804651287267006e-10
-1.779831282355814892e-10
4.983442547512595411e-10
-2.579510494093995021e-10
-2.160235879067329279e-11
6.131593011104996549e-10
2.690146994055453433e-10
2.819113276153473180e-10
-3.906100720652005975e-10
-8.861305023089016686e-10
-4.405434350651660225e-12
-2.894442463485802364e-10
5.283029569369546152e-11
-3.175734675231467463e-10
-1.216864664588257483e-10
2.658377684650048423e-11
1.263576743237848632e-10
7.080849795393362456e-11
-5.014237636213891847e-11
1.143564409833430773e-10
2.664298226484618226e-10
-2.479512983821763328e-10
6.969798349576450391e-11
-3.567136863669162494e-11
8.845199572782291852e-11
-2.660081599437091882e-10
-1.323906539951735795e-10
5.032874811350396271e-11
-4.669562514436620404e-10
2.978981505918909534e-10
-4.112543638967736115e-13
-1.077112288250248184e-10
-7.203102697639351959e-11
6.362460003295211663e-10
3.393358372072441398e-10
-2.018665512526496286e-10
6.818473563541260773e-11
5.824037918600311059e-10
-4.398876263245199425e-10
2.052809033870062194e-10
-2.233623841441101376e-10
-7.380347721852587028e-11
-1.093289625497817497e-10
1.711414759908436167e-10
6.075967506902202331e-11
-6.499228932810297010e-10
-4.126079200528209867e-10
2.855841951809878765e-11
1.883342787278863284e-11
1.074743904982966569e-10
-3.529982417482813162e-10
1.650214548343242882e-10
5.078720777262901720e-10
-5.941347414051278975e-11
-7.423645032034187352e-12
1.219779277583654675e-10
-4.086854188400934618e-10
-3.093560407840811877e-10
-2.868064119532220957e-10
-2.895833295379901529e-10
3.843382834212150101e-10
6.961209386702194024e-10
1.545474859199202911e-11
6.494099147325016474e-10
4.451869428656607397e-10
7.224486564538779021e-10
-2.855113367949968506e-10
-6.220677861712431422e-10
-3.711804474892943517e-10
-7.978759875015839498e-10
-1.535270383046238862e-10
4.130223385523379420e-10
-2.034954565965918505e-10
-8.445841803705889106e-10
1.975038188550826135e-10
9.049717225595443892e-11
6.251626993858394599e-10
9.848838411485871802e-10
-8.586399646848263956e-11
8.112457927644811662e-11
3.190104291839190864e-10
-2.012115751792720175e-10
4.534059239169607736e-10
-8.525005146253761268e-10
-2.359850370670102393e-10
-3.540923110278981767e-10
-3.946011573052743415e-10
-5.198661501282231256e-10
-6.872108437860902086e-11
-1.673353955400358473e-10
1.034292096413480522e-10
-1.853093511972048191e-10
1.749422412489209933e-10
-2.086110312271571843e-10
-1.068450328212122713e-10
1.847514918829062935e-10
-2.445566527065068385e-10
9.975165832232235630e-11
3.289266081729635971e-10
5.135943892398131538e-10
1.023633539043444785e-10
-4.175452206212071360e-10
-7.633563225972750388e-11
-2.718095193365854811e-10
2.951739963563682068e-10
-3.264394310420470902e-10
-4.008893772500243813e-10
2.806982979386418720e-10
1.226688334243775103e-10
5.657387891488951936e-10
5.181665096998244735e-10
-2.684402977681799030e-10
2.560710532506504933e-10
2.170706669968325286e-10
-3.044522411954631025e-10
7.184317030173303920e-11
3.931051317795919431e-10
-7.449865724318271987e-11
7.026775272755969581e-10
4.364408556778442971e-10
-8.358244651951451942e-11
4.594355174081243831e-10
-1.495107926352545746e-10
-5.247330903124236556e-10
-1.869190635606088335e-10
1.980167418924594358e-10
4.541029496873960625e-10
4.295648836638576995e-10
-7.569160576093025838e-11
6.579627953584576971e-10
2.772575502518748181e-10
5.302022709763321018e-10
-4.803526465479990293e-10
-2.848622449036497528e-10
6.395778351375724924e-10
2.780168317784159626e-10
-2.690662692650391818e-10
5.500713773365362158e-10
3.079881349954405323e-10
-1.773926006087833684e-10
-9.777809673039428162e-10
2.928671888335898643e-11
4.223590921448305835e-10
-5.829135785173633622e-12
-5.120223134369439322e-10
-8.781259053236567524e-11
-4.793471175545960250e-12
6.492574256000693822e-10
-1.804543320327312017e-10
3.967998152276663859e-10
-3.319030883464080262e-10
2.683661071145593269e-10
1.495178425514609444e-10
9.198330985782376956e-10
-2.097851892202129420e-10
-5.320157647759060637e-10
-4.600521075204255794e-10
-4.613577020418091479e-10
-9.890183116922912632e-10
5.048946261076991959e-10
3.912833668184845237e-10
1.632136925611149536e-10
2.833102641375262465e-10
4.995698299481432514e-10
-3.732043007964591652e-10
6.654741202538616562e-10
1.104313307465076832e-10
-8.567084541777347795e-11
2.167294815835774102e-10
-3.946280802136215016e-10
-2.860258419001837638e-10
-1.381916525655668693e-10
-8.833489495430058014e-11
-7.638201182658121979e-10
-5.263470215233212457e-10
9.412400026054257296e-11
-4.948491616474370858e-10
-1.755947609538566212e-10
-8.758513914131071942e-10
-2.897430906312337129e-10
-2.605021753865344181e-11
5.128217295258252761e-11
-5.142558601178848221e-11
-7.012102565262523513e-10
-4.846760770504943139e-10
-1.113887870829444182e-09
-6.577006717023436977e-10
-2.695604850444510703e-11
1.146434752685721037e-10
6.487105297381390301e-11
-2.072858273916011740e-10
-1.336319388478557357e-10
2.393264197930733417e-10
7.033227888975090991e-10
-5.690367066435442212e-10
4.817397591949656999e-10
-9.161810199387332432e-12
-2.331485560169710425e-10
7.174579819135828984e-10
4.998378377862877642e-10
-5.802122116094210469e-10
1.114303094240653991e-11
-9.660663380373080145e-10
-7.348226471748375843e-10
-2.246969971197998461e-10
1.196854004792413662e-10
-1.004628047418520964e-10
3.050278918337312462e-10
-2.269283649880549092e-10
-7.092793713470157968e-11
-6.157803433826103401e-11
-8.317952993053268074e-10
1.039720420870082762e-09
-6.498973581514633224e-10
-9.536000877830019817e-10
-4.967818933998557895e-10
-7.093290954607311960e-10
1.724770326561042566e-10
-2.447232694269274589e-10
4.830089106455659476e-11
-1.869118748665243857e-10
6.005551611565351777e-11
-4.366669803523848259e-10
1.765310120305230157e-12
-2.332901094526107499e-10
-6.421688875102304905e-11
-2.748235250482622405e-10
-1.450659314894409135e-10
-7.177122229862220593e-10
-2.672291277150407041e-10
6.431131738260376096e-10
-1.891635875717057047e-10
2.000168086713216553e-10
-5.831781724197071526e-10
-5.806422009868583700e-10
-9.245171295191312311e-10
-2.249972708145975275e-10
-2.129481452284309739e-10
-1.230694435250256902e-10
-5.607586617273341290e-11
-7.187474226899581708e-11
-1.569543106594295523e-10
-1.128449417242549657e-10
-4.671464881589315610e-10
3.370499157551165581e-10
7.314011063463965456e-10
1.700563578843627965e-10
-2.371143281720833329e-10
-5.135959019186842056e-11
3.966768025165379186e-10
1.035140861915806454e-09
-1.353879092169663068e-10
2.331306814262745775e-10
8.043394839063466861e-10
-5.748245768266713185e-10
-9.187192673287825073e-12
7.825333436795034459e-11
-4.962288913112899991e-11
3.806414072826669326e-10
-2.000676846414251031e-10
3.341841248172272572e-10
6.281308251310235846e-10
5.824550564081931725e-11
-1.241460545475803201e-10
-1.033674604244971817e-10
1.380864311784080201e-10
1.393558740625522319e-10
-1.870447963181476325e-10
-3.972849826894275793e-12
-8.839035614549572983e-10
-8.175982113556301556e-10
-4.101968209546669186e-10
9.214406321289558832e-11
-1.239404134878441255e-09
6.972787625070253625e-11
4.817408694179903250e-10
-2.233689622155310417e-11
-4.224598171287397008e-10
-1.497104246128699856e-10
2.575636370849565537e-10
-7.058885143074178359e-10
6.315364342590612523e-10
-5.749506426511175050e-10
1.626056511661033710e-10
-6.102763849824555109e-10
-3.658476854795367217e-10
1.612745492707290396e-10
1.616297651274578584e-10
1.604918142827926886e-10
-3.640165113782956041e-10
-1.571015123547070402e-10
3.696811190501136934e-10
3.653851943230534971e-10
5.626765720023740869e-11
-4.275249598784114369e-11
-3.314318264280302628e-11
-1.494764034770668104e-10
-4.903806805067745245e-10
4.533121794603189869e-11
4.099723893702389432e-10
1.185212483711950426e-10
1.445253083875996936e-10
-3.345247967523334864e-10
-1.639142988008046586e-10
3.817209048850855879e-11
4.293682076550453530e-10
6.025008825183419958e-10
-1.375196623243368776e-10
-3.987968011376352706e-10
-1.938779969901105460e-10
4.040079937261964460e-10
-4.326349278827024136e-10
1.498533658272904745e-10
1.705563468235027358e-10
8.812783836020798844e-11
-4.551150567522199708e-10
8.754478253436559498e-10
1.813630357005990845e-10
1.018840845024016062e-10
-4.671377729081882535e-10
-3.913885882056433729e-11
5.774608013986437527e-10
-4.204065151558467051e-10
-3.505111478840916561e-11
-6.632341342793779404e-10
-1.794522030973411120e-10
-6.808886787723622547e-10
-5.222669519078237954e-11
-2.400016574366503619e-10
-1.459488502275618771e-10
-2.414978217402108385e-10
-2.814783128801678913e-11
2.029824641702759891e-10
3.274256976659728480e-10
-2.945363397621747481e-11
-1.302000451897100675e-10
7.423743564327622835e-11
-7.047620820266331521e-11
-4.988049417953277498e-10
-7.060951823234518088e-11
1.701805640852427359e-10
4.403188924584355846e-10
-3.508782986383351954e-10
6.551755249439850104e-10
-2.360788231570154494e-10
4.697743583026436909e-11
-7.461624373927833176e-11
9.689030133763765207e-11
-5.207170805654470769e-10
-3.349285015996628090e-10
7.235050336618087385e-10
4.352612714697556839e-10
2.347325667173549846e-10
9.528063893426974573e-10
8.885838592709305317e-11
1.107739178163313909e-10
-2.772956309016194609e-10
-4.475952941618288605e-11
1.811092942283210050e-11
4.966104194537024341e-10
-1.519945419525825514e-10
4.682521037580045231e-10
1.053550857665896956e-10
-2.292523670899271337e-10
-1.563427165507391692e-10
-3.258495973046393601e-10
3.590050479118644944e-11
3.733552911278081865e-10
-4.999215486023445010e-10
-5.062623653628861575e-10
-2.000583032568670205e-11
-7.963213422002013431e-12
-5.490115584372290414e-10
-9.694221814182668595e-11
-5.986570128513335476e-10
3.589287755900727461e-10
-2.141984090098247862e-10
-3.543552673512806450e-10
4.308103873640334314e-11
6.883137809721162625e-11
-1.550445605236205893e-10
3.269775838976585192e-10
-1.005571667600513308e-11
2.533649956504291367e-10
3.230976597379253690e-11
7.052160522214023786e-10
-4.837104605748265840e-10
1.690002721099759242e-10
-1.715508290978107198e-10
-4.962868449531754322e-10
8.460373512875207780e-10
-2.438097779222658801e-10
3.226116596088957067e-10
-3.997440156666698385e-10
3.131813697265783958e-10
-4.857687585513303929e-10
1.286194484251268477e-10
3.680823423835022368e-10
-6.612480563106259979e-10
-9.273751211402725403e-11
-7.355401843156528230e-10
1.330677790178924624e-10
4.305497069978514446e-10
3.354225230900453880e-11
3.733885978185469412e-10
-1.208954464315681321e-11
-5.799238866899258937e-11
-8.146939789455132086e-10
-6.605466174036678240e-12
-6.911612393523114406e-10
-8.459812295136259763e-10
-2.768651696793966721e-10
5.117543055987994194e-10
9.802419986826294007e-11
-7.919936928502124829e-11
4.700108080513132336e-10
3.215596400263365240e-10
-1.531760274176008352e-10
-3.277960125558365689e-10
-4.033703371320029873e-10
-3.910893831005068932e-11
7.297192849975431272e-10
3.865798237079332011e-10
-2.854015912490126539e-10
-7.327442125282246366e-11
-4.321896729386764946e-10
7.341716679043486238e-10
3.778104495921752459e-10
2.600148985010264369e-10
-2.153496408974220344e-10
5.846714778989792194e-10
-4.002737585828697320e-10
-1.637185526037754357e-11
4.451928548032668687e-10
1.808043992301833214e-10
3.519774471882897160e-10
-6.915163441867377969e-10
-8.965383990755526611e-10
4.479276949354016324e-10
5.982957185235449060e-12
-2.914734564818388662e-10
3.325052733149647111e-10
8.819890373601424471e-10
-3.285012817322296996e-10
-1.292010387565767360e-10
-8.844787680040155919e-10
-6.677020603085281891e-10
4.793619945431260021e-10
6.633785187837304420e-10
1.110974506834949693e-10
-6.363669591280540772e-10
1.555277434617252652e-10
-6.092066295870779413e-10
5.163562633025975401e-11
1.858915799068938668e-11
8.538407203495523845e-10
-1.764707824314371010e-11
-4.498188627133359319e-11
-4.427921362903930458e-10
-1.047119890795755737e-10
-6.854840028935882401e-10
-1.648577385715555010e-10
-1.283748940483775414e-10
2.370009744012691044e-11
-1.696367768477813343e-10
-3.293930961323354722e-10
-1.565338414444283899e-10
6.457753221056350412e-10
-1.179116387861611770e-10
-4.000577924490045234e-10
-2.393764075847570894e-10
2.337016691278392955e-10
-4.958526922393957648e-10
4.775811968116272510e-10
-5.598738139767078792e-10
-1.276210387368692523e-10
2.121116199349515341e-10
1.945259786584330186e-10
7.035673710298340211e-10
3.814911997412906430e-10
-2.072151616960837828e-10
-3.995113961874352526e-10
-1.393071769051346109e-11
5.499009581022562543e-10
-8.558323494334274528e-11
3.274926996255089762e-10
2.849970814899904781e-10
2.141224142437891942e-10
-6.465901147834074436e-10
5.104919265086493851e-10
2.083687389298205517e-10
-3.034273665658560049e-10
4.464371372581155129e-10
-8.595235634345499420e-11
2.228749823585118861e-10
-1.704013596892650639e-10
-3.819836669194387468e-10
8.950379326577717620e-11
-3.056386810307287760e-10
5.661039692572700233e-11
-2.057127662657975975e-10
-5.789136947598194638e-10
-4.425397825968957477e-10
-2.598267156983524728e-10
3.201629239502068458e-10
3.132504255987100805e-10
2.455154135549975081e-10
2.573103952130395555e-10
-5.145897596925408379e-11
-6.947471764551238493e-11
-6.631251103783597500e-10
-2.096431084286365376e-10
3.637694589997408912e-10
-5.695210969491881769e-10
3.257741298945404651e-10
6.055264067938992412e-10
9.835972314409247019e-11
-1.567839469363008220e-10
6.981015765461506817e-10
-3.516257285340884664e-10
-6.608772418204011956e-10
2.293699813415983613e-10
-5.967220051417143623e-10
2.897753703656746893e-10
1.791675696694028375e-10
2.480135541382821884e-11
1.885297473691593950e-11
5.501848976408041381e-11
8.292182218649912784e-11
2.826912315345708748e-10
-1.286315776116708776e-10
-4.471307768483256950e-10
-4.315380830455239902e-10
-3.663321035407562931e-11
1.847619834904890013e-10
1.395034920914639542e-10
3.649742175149128798e-10
3.542345305973526592e-10
-3.974563456132784722e-10
