1.500477658789023394e-10
7.975662907888647624e-10
5.893360799369418146e-10
-1.273994243433662632e-10
-3.749298094213315835e-10
9.136544298904425432e-11
2.833873968821620792e-10
7.953918079728339308e-11
-4.674086673261967917e-10
4.183442481320298612e-11
9.876045814483092045e-11
1.970230090186930738e-10
-3.513992985482161657e-10
-1.103543700864406674e-09
-2.801933129958911195e-10
-6.124767359949601087e-12
1.803274196632287385e-11
6.392258944387663178e-10
-1.065953575407618814e-11
2.824343814378238449e-10
1.867435650559912119e-10
1.809311589440198986e-10
8.370398263402023531e-10
-2.267190185589740281e-10
-2.252617675724266633e-10
-7.220907205507387516e-11
1.361217735751374391e-11
-7.775545762811475470e-10
2.843780211314594908e-10
6.014853615177173651e-10
9.619087470991161126e-11
5.443697714824224931e-10
-3.017165961516354855e-10
-2.083683225961863172e-10
4.649376161847129652e-10
-7.069780871837849645e-11
-1.994277243344555473e-10
-9.490551400315183628e-11
-4.515856577569365982e-10
1.289306578167170869e-10
-3.171884976893579733e-10
-3.395108638670762957e-10
4.924124996641410235e-11
5.664894109358442620e-10
-1.597827148369646011e-10
-5.782221923489316850e-12
-3.903246059699938542e-10
-1.811295280429447985e-10
2.315409253217382002e-10
-2.446839952874313440e-10
-3.988562813361795634e-10
-8.091632364148892975e-10
3.427591266369489631e-10
4.705426603912599148e-10
-3.675227067123643110e-10
7.037737614901118377e-10
-1.415370876056698535e-10
-3.782106849925526149e-10
7.258312700875180212e-11
5.621695886581790091e-10
1.964366447282372974e-10
5.524951607327466263e-10
-1.938296051440246970e-10
7.923864342451736320e-11
3.003251813904483924e-10
1.770363994291201948e-10
4.019399257870759357e-10
2.632130624569128940e-12
2.106475549545905324e-10
-7.596936413278854161e-10
1.770902174902388992e-10
2.362657014476354789e-10
-1.593110365849526033e-10
-2.028445189594663134e-10
-1.813816596918371715e-10
-5.866509500407346422e-10
5.235378797152634434e-11
-3.764961953311996012e-10
-6.257355744665460406e-11
-7.019748671233116966e-11
-5.704819949770012499e-11
-5.097622324257145010e-11
-1.662409654379359836e-10
-2.182169445141823871e-10
2.626326378596388622e-10
4.165796041455394061e-10
-2.217352412792195082e-10
2.645854646488032813e-10
-2.940463428302564353e-10
2.528439957405481664e-10
-3.189689068427981056e-10
-8.183746041945383354e-11
-1.995121290399026748e-10
4.419913324227309204e-10
-1.001068339334665325e-09
-5.362990052049099177e-10
-8.721601774119847050e-10
3.971871720409581030e-10
6.874471547568816732e-10
1.886218403690520518e-10
-3.463435649386781279e-10
1.720924652781619102e-10
-9.365594966226353790e-10
4.950308496454169926e-10
3.479765642300236550e-10
-1.879605637800096929e-10
-5.642469824707063708e-11
8.606541590516769702e-10
2.504054741336858569e-10
-2.779725061241578032e-11
9.123062305604889843e-10
-4.023177346823558764e-10
9.950252843893281351e-10
5.978386674598823447e-10
-3.306736273689381278e-10
-4.207004189460405996e-10
-4.497174577178242316e-10
1.187905884769691056e-10
5.273221859170007519e-10
1.477058753085458420e-10
-1.349233613723299641e-09
-2.560374967597311979e-10
1.087874790250964452e-09
-5.006034475840692721e-10
8.572363652259440414e-11
-1.904863072832441162e-10
3.058781006259891910e-11
5.547101111780250449e-10
5.481715636967976479e-10
-2.506322371864655452e-10
5.168456218562766935e-10
-3.099606959988676635e-10
5.420000559475113278e-11
6.874392721734068346e-11
6.360414972483852125e-11
-4.998749192353102444e-10
-5.356673993262006661e-10
-5.365732302919923313e-10
-2.764823370249303025e-10
2.754899641743691063e-10
-1.756624290472075245e-10
-3.844058960034146821e-10
-4.134724229665209805e-10
1.898352447460283088e-10
1.286541290168585761e-10
-6.940534813537624359e-10
2.188514092171800485e-10
-4.239926743032640388e-10
-3.584571528492119796e-10
-4.392260166685701961e-10
4.378768458934700902e-10
-4.143834719805283839e-10
-6.116693263003014636e-10
6.756169512733833926e-10
-4.874418091382892726e-10
-7.142880731336731515e-10
-2.251684949605703423e-11
-5.091924659694768707e-10
7.385000944104547216e-11
-4.963679467451242999e-11
4.316904056445025617e-10
4.134846354197918572e-10
8.099343418166427000e-11
-5.131475799835527596e-10
-6.593117163333772623e-10
-3.051167651868524899e-10
3.160443018401792870e-10
-1.662192716800348080e-09
-7.606515417535320012e-11
-1.732784887797933493e-10
3.088602151812835928e-10
-6.540137875710172466e-11
3.771501444482794341e-10
-7.009141878011604376e-11
1.029827473297828533e-10
-8.221247016493293813e-10
3.215074872997547573e-10
2.266523357885574796e-10
-5.014080262100151231e-10
5.943694425525336555e-10
3.687726235490629279e-10
4.552733190443802869e-11
6.999598817225560765e-11
3.600715281493194198e-10
3.346160848405332899e-10
5.515507495168492369e-10
1.095009083407205708e-09
9.556130331489498531e-10
-2.545650634733220841e-10
-5.904710054238648809e-11
2.730146664298160886e-11
2.089254741433066442e-10
6.719365064355997674e-10
9.753292617986630830e-10
-6.295674537248885372e-10
4.115588703168526763e-10
2.295527101736638542e-10
-8.102701287704405786e-10
-4.937902864377008427e-10
8.318995492473391096e-11
4.901981043303749175e-10
-5.598993491062742578e-10
-1.020804274443065651e-10
2.880316818387740341e-10
7.250149369752989514e-10
-1.243859459876262008e-10
-4.898156880095427823e-10
-5.484905862829236867e-10
6.691278642279030464e-10
7.311121708042378486e-10
7.746973063049722441e-10
7.241890975784315287e-10
-7.753310216074282835e-10
8.648586291570836693e-10
-3.145583793440209774e-11
2.421330358437501218e-10
2.558578349187712320e-10
4.119730945273403222e-10
5.551595849695445395e-10
-1.512369951495173837e-10
1.415433048546077544e-10
-1.203050437048602817e-10
-3.832079098486929070e-10
2.851610614307276137e-11
-4.769663553005898393e-10
1.850355424437566398e-10
2.755601580251010319e-10
4.250155782870024268e-10
1.164211782533897122e-10
1.882088374038914935e-10
8.586253930076281904e-10
4.417277654766849082e-10
2.118206859913485118e-10
-1.643301189568902032e-10
6.770891070040363502e-10
7.533701440465279120e-11
-6.139743158328769823e-10
-3.863903919043565338e-10
8.649415628170231685e-10
-2.809590754493385134e-11
-4.090883742868811623e-10
-1.724191345253700547e-10
1.008517991341051356e-10
4.415664223156312573e-10
1.101743349329886712e-10
2.517260844214774806e-10
7.652254940815339523e-10
1.281058037427840191e-10
5.078918952072797310e-10
4.880313375643652307e-10
-2.609937821418384374e-10
2.363637063851342646e-10
-4.665965391836834897e-10
1.179092379288704251e-09
2.368117646422973621e-10
-5.094102917269083264e-10
8.976493992562950552e-10
6.155362330950708838e-10
5.303728012329145258e-10
-4.901081623875924720e-11
-7.165119608742998025e-10
3.532985015652911898e-10
-3.262280445781584604e-10
-6.537637098347204301e-11
-5.138862668729871075e-10
-5.465129460091588953e-10
2.548203037466834076e-10
5.314672590905900051e-10
-4.760875027542965654e-10
6.445848299563294859e-10
-2.196746118343639864e-10
2.780453645101488291e-10
6.115721817856467624e-10
2.283060129837366503e-10
-6.394206830684368015e-10
-7.024048009895977884e-10
1.035609653587954426e-10
1.418673511999202219e-10
2.015004413324916754e-10
3.122901659491361670e-10
2.182942993034231449e-10
-2.956344613558314904e-10
1.521587578157124199e-10
3.603304321586620063e-10
-4.079901416709219575e-10
-6.276869024546272158e-10
-7.893594111685331427e-11
-3.813564741772523803e-11
9.855828375648911788e-10
-2.277587562993232950e-10
6.243894290491880383e-12
7.221478415253557159e-10
7.616085540007588861e-10
1.406222360778031089e-10
7.239087107535624455e-10
5.018732651684842949e-10
1.379749925423112700e-10
-2.083983680067902355e-10
7.221573339322162610e-10
-6.559096599190183952e-10
-7.630648890533109352e-10
-1.162439658419778254e-10
7.442805816104680616e-10
5.286021620420910949e-10
1.372862934445606697e-10
5.061502883485502480e-10
2.443131530416309261e-10
1.981066144463028422e-10
2.673440080425137921e-10
1.920095749063932544e-10
-2.358672146485218946e-10
4.973244593919901035e-10
-1.628171208967188477e-10
6.089886928073440231e-10
-2.986186298237214487e-10
4.021002975029830395e-11
-2.732327974985793162e-10
1.621459078116060937e-10
1.378483327485469090e-09
2.769300344596103969e-10
7.447252536874060524e-11
3.399755477140331550e-10
-2.548634081556144793e-10
-9.180955995446993256e-10
-2.914425645261786713e-11
-2.875175930672213553e-10
5.000060365745184754e-10
1.956635409250395696e-10
3.529198600027427801e-10
6.549950165579687678e-11
-3.365946965594446283e-10
-5.974356009907921816e-10
-1.211082345520253511e-09
-7.379349908909205169e-10
1.723055864655265168e-10
1.190586101929014262e-10
3.349295285559605873e-10
7.338412100210689459e-10
-6.334563984466967668e-10
3.208102949958657746e-10
3.180089247489803483e-10
4.812353848748784912e-10
9.940093886884326935e-11
-6.179084466317874558e-10
2.189454173517901836e-10
4.328913061346639779e-10
-6.769698690511916084e-10
4.789729723952973472e-11
-7.354727937780580760e-12
-2.679363675373025444e-10
-1.133049543078357146e-09
-2.242070973323961880e-10
-4.397028574576467008e-11
6.782046590991797075e-10
4.019851118641781795e-10
9.652726395970034901e-10
3.958711136675674425e-11
2.538479704217166955e-10
-5.763365895639083192e-10
7.428316850521810011e-10
7.484138864199962882e-10
2.797418963140785308e-10
5.098539368475485389e-10
-1.984304387470103848e-11
-9.805396078421679817e-11
6.397680163416907817e-10
-7.778148125581196837e-10
3.964803485523304971e-10
-1.106857661081761535e-10
4.053351543298333581e-10
-1.242326796990766979e-10
2.720706715475529336e-10
-2.142444277541954989e-10
3.373203938394908619e-10
2.948097321819886929e-10
-4.988882917889014834e-11
-1.620646949973547635e-10
1.065821736423444577e-10
1.703438501365894808e-10
7.204810081873347372e-10
2.036287805040615240e-11
-3.490778777148761947e-10
1.228540325026727942e-10
-4.864914721069979464e-11
-2.712895463830022891e-10
1.271224236987222866e-10
8.423324537876197837e-11
7.863037998490085556e-10
-4.288308597111267773e-11
8.420317776369756757e-10
1.952356054601978030e-10
-3.985600738332095716e-10
5.583355999760897248e-11
-1.557451112521590630e-10
5.712745831942811492e-10
-1.536798466261757312e-12
-5.256778345952284326e-11
-2.624161998809881879e-10
2.807432064599879595e-11
3.821718497221127109e-10
-9.030918235453100351e-10
-8.533035389390875025e-12
-3.915852919700313350e-10
-4.574375045418577201e-10
-5.507708178420500644e-10
-4.107487960869349308e-10
3.564617212514775701e-10
3.123857006404051617e-10
-3.750743049479865476e-10
3.517870439395665016e-10
3.316266428132763622e-10
-7.598682794096589532e-11
-2.870744475469422241e-10
2.988764513656150257e-10
-5.181858275804529512e-10
5.023451099539499864e-10
-1.221676509954860990e-10
2.240353041971232528e-10
-7.137444801852410592e-11
4.364375527643460373e-10
2.014108185788288097e-10
-7.690587056075059991e-11
-5.157064775218600516e-10
-2.043935576345745631e-10
5.941053204949753308e-10
2.337566251675582407e-10
-2.752947869666400038e-10
-5.583506434980733957e-10
9.889237206905931998e-10
-1.496903156983364624e-10
-1.685121209238360507e-10
-1.006377273182756937e-10
-1.463669324630600954e-10
-6.165201682506449288e-10
6.686869391536731655e-10
6.927839413251035694e-10
-8.874899704025551728e-10
1.269029881179051245e-10
-3.464623865578886353e-10
8.130254802729552921e-11
5.732395114144139825e-10
-3.500490453056670503e-10
6.901638149869882000e-10
5.612071918292826922e-11
-9.207998252769300507e-11
2.066520704557817112e-10
3.928010139375714971e-10
2.993354730751462967e-10
-1.419179496142675134e-10
-1.265128279914762288e-10
3.402025605669933839e-10
4.386749852258731153e-10
7.946405755632213186e-10
-5.243300238433334926e-10
-2.206236859869648015e-10
-1.293509743760523634e-10
-5.572415862076240956e-10
3.406716020393218969e-10
1.329608506628332520e-10
-2.348253813622136477e-10
3.443125229374288665e-10
-3.214754018543430902e-10
-1.383642644903204655e-10
6.702368660072011153e-10
-4.294208322264125854e-10
3.267264236939126931e-11
5.619081311358797848e-10
2.742938098876379627e-10
3.160608164076705862e-10
-2.377201213654700496e-10
-1.134955018855521303e-09
1.646967423551970455e-10
-6.051947831764437069e-11
1.123304435579619565e-10
-1.368378743649145690e-10
4.165404132727701381e-11
-4.141673115576338660e-12
-8.562373032816594787e-12
-1.039362207411187455e-10
-1.092349821707472302e-10
4.981043355556380448e-12
3.702879669553738040e-10
-3.032328277363660618e-10
9.426312508331591289e-11
-1.507475255735357678e-10
1.878500688334838742e-10
-2.740450089078194651e-10
-1.884256362050251710e-10
1.276250355397579028e-10
-6.249742945385605708e-10
2.713145264010563551e-10
-5.971223515643941937e-12
-5.286230342349540479e-10
-5.848002637698357375e-11
5.541583858459375733e-10
3.332421560919840431e-10
-5.697631255685564611e-11
-8.921201277711787725e-11
4.889582072564735427e-10
-3.749177635015144006e-10
1.141774313984100786e-10
-3.145747551336341985e-10
-1.431929991246860823e-10
5.152051008039393309e-11
1.376683211873341861e-10
9.674401557635547988e-11
-5.439059758138853340e-10
-4.217736992995213541e-10
1.785359360351179703e-10
3.780177559864483783e-11
-4.012917775852997693e-11
-1.369183655341998929e-10
1.120111295382919536e-10
6.257700468914606518e-10
2.607047910885285091e-11
-1.527833415337909173e-12
2.604695903407616697e-10
-3.544000093391730388e-10
-4.541824694115348393e-10
-4.462018532436218266e-10
1.306181551807839014e-11
4.730772995564791472e-10
8.028265274795387541e-10
-2.909178453691652066e-11
6.610711977828032104e-10
6.156335441431792788e-10
8.355144354155186193e-10
-1.578498859400312426e-10
-5.909389644287443843e-10
-3.403300419257959675e-10
-8.286938912860364326e-10
-8.666148354485869731e-11
3.332972509095810665e-10
-2.310418800721691923e-10
-8.714554078359526557e-10
3.715058538578119851e-10
-4.589062463367099554e-11
7.371271926182032530e-10
1.193583565317624107e-09
-3.903960488216284830e-11
-1.862744403169358520e-10
2.846476387929897101e-10
-2.776283647420996203e-10
4.039856227322502491e-10
-8.506101378813468727e-10
-2.643444352301571598e-10
-5.710493744537359362e-10
-4.476114756624127722e-10
-4.548647014601669980e-10
-2.502773543966441139e-10
-1.905842150762282472e-11
3.676425830434482123e-11
-2.086411876600635651e-10
1.949391481570472706e-10
-3.394289571634345748e-10
5.846156891919918053e-11
3.517111601958333722e-11
-2.534973897461156866e-10
2.860958692174619955e-11
5.073197972826903879e-10
7.253085909653123053e-10
5.348087250833799544e-11
-6.181334888388789750e-10
-4.753708537919010269e-11
-2.794039444253826332e-10
3.111824131707408014e-10
-3.934829684304474995e-10
-3.322181418852210300e-10
4.389895669199006534e-10
2.667608356432538130e-10
6.582572265045882887e-10
5.733598595902833495e-10
-3.777417822981021800e-10
2.196173798374445596e-10
1.052571779736055646e-10
-4.493643790404178162e-10
1.112667458169624979e-10
3.242097978972680039e-10
-1.278574746077509872e-10
9.104902387591096158e-10
2.915453989338345764e-10
-2.843902335847303675e-10
4.172716894235151130e-10
7.733053780656362619e-12
-5.661803248457886184e-10
3.203812215524237672e-11
2.151033517971967512e-10
7.589478490110934672e-10
5.539946279498053627e-10
-8.772578496962779582e-11
6.727699508601858724e-10
3.270842485747493811e-10
4.247329155049328619e-10
-6.507740457628585773e-10
-5.044943907073218270e-10
6.324901158372142618e-10
2.174945917809978368e-10
-2.272384225232570998e-10
4.941026476856791305e-10
5.679285375315146212e-10
-3.172189733113839338e-10
-9.013662038981351543e-10
3.312222995877078802e-10
5.577949768742485048e-10
-2.696422252146390974e-11
-7.028380100138065245e-10
-1.573089714046460585e-10
-3.222387634504997322e-11
4.523836305558859294e-10
-2.656952435842185878e-10
4.627899730103024467e-10
-5.029690552937893244e-10
2.823948297425715737e-10
4.862529823235206550e-10
9.611287321575900933e-10
-4.105850659463783359e-10
-8.048181010522625911e-10
-4.061857794557255374e-10
-7.909231602987176757e-10
-9.340611617503213893e-10
4.185986834936983314e-10
1.750159600577561037e-10
-1.149744327522128629e-10
2.853265956836992245e-10
5.047735562868638226e-10
-4.617427551423247678e-10
6.618455228313280259e-10
1.806959026851018280e-10
-8.934046558106700786e-11
3.740894538584171869e-10
-3.374427126612289385e-10
-5.321110219114189022e-10
-3.415490112956831581e-12
9.365420938767243797e-11
-8.896696157556505113e-10
-4.942929399120998823e-10
1.472686417258728397e-10
-6.005255737129289173e-10
-1.547112438160525016e-10
-1.035805330396044610e-09
-1.991112968946495698e-10
2.212661442957397639e-10
1.325164422638636097e-10
-9.733169825665299868e-11
-8.927378281065045940e-10
-3.200795184454818809e-10
-1.002817828776869646e-09
-6.189266876788224181e-10
-6.706377814191810671e-11
1.480276318188700202e-10
5.563091654003926578e-11
-3.578910778845312279e-10
-1.825778417341439308e-10
2.454166314613814848e-10
8.972544374152846558e-10
-5.555071957985546760e-10
7.476416707952182605e-10
-2.472135829378885319e-10
-2.485917582895069700e-10
9.103299225543537432e-10
6.363667925946003834e-10
-6.311420275295631654e-10
-1.030716068051162893e-10
-1.003415350808722906e-09
-7.392331191624634812e-10
-2.367236962008689716e-10
-6.988631895410435391e-11
-3.180529728474823514e-10
1.969571311599693786e-10
-1.825575107750054826e-10
-2.942864840704828566e-10
1.052135878421012194e-10
-7.699749726697291408e-10
8.763682557422214359e-10
-7.839192628367186444e-10
-1.234270685657179456e-09
-8.063832934723791368e-10
-7.516920974559582191e-10
3.652278757204641124e-10
-4.364265615564022482e-10
1.086107870307273515e-10
-1.226170276424909389e-10
2.117143960145284609e-10
-3.768910183943319225e-10
-1.875462563027952001e-10
-3.021534758507193885e-11
2.479230362673057186e-11
-1.250455294865560063e-10
-2.631219964133180156e-10
-8.272499352202089540e-10
-2.490461170623348153e-10
5.409971359782161926e-10
-4.749701743023138079e-10
1.405890681649424323e-10
-6.733127388969251115e-10
-6.927475260098958643e-10
-1.065078913953243500e-09
-4.764746236451955497e-11
-1.567223295584341258e-10
-3.493682010358156731e-10
-8.704171411411110171e-11
-5.404551806087454224e-11
2.034045709642384736e-10
-6.197695134879666057e-12
-6.590830103903044801e-10
5.233556366057712239e-10
9.031990710894888252e-10
3.570521656115488440e-10
-1.108836217289521642e-10
7.002755320062448163e-11
4.302340150807992813e-10
1.162858920267240137e-09
-1.186289955157349141e-10
3.851372554208865040e-10
1.012752326445820472e-09
-6.887154180290622207e-10
-4.839503797704480803e-11
-2.495602335894631096e-11
-2.818795197256918073e-11
3.234552070630059006e-10
-2.883336069903208454e-10
1.841166386018500134e-10
8.990617139659207169e-10
1.178952629965479559e-10
-1.891210243964991378e-10
-6.517187484122999308e-11
1.010999964301539933e-10
2.575140101157558092e-10
-2.448212743644262446e-10
7.819406233622316904e-11
-7.444910243847857600e-10
-8.035684340157445149e-10
-5.404331426817066131e-10
2.495455231343868263e-10
-1.111823633159758629e-09
2.154765810225001132e-10
6.450950884584472078e-10
-8.662701111994408620e-11
-4.504298878327261946e-10
-2.261812959147846414e-11
1.769774882198760224e-10
-7.154040138068751276e-10
7.812830382647462102e-10
-6.443202638095613111e-10
3.318160191057017983e-10
-1.099021540440503486e-09
-4.880733595058472929e-10
1.494600276874535894e-10
3.396107839392925598e-10
2.334000215320486404e-10
-3.308556206782498066e-10
-1.783662245680162073e-10
1.130512350400181276e-10
5.393754332061462264e-10
-5.142858361395497013e-12
-2.604352844493007524e-10
-2.040580759921084564e-10
1.754539569187585357e-11
-4.938643938245945719e-10
-1.324879095321307432e-11
5.522309831640370703e-10
1.016203510229019003e-10
2.102219509581004786e-10
-4.004831188897384209e-10
-1.900904988971774401e-10
-2.710399127359153226e-10
2.923086217521131402e-10
7.777740673731159404e-10
-9.029148262396091695e-11
-5.688234328005137286e-10
-8.341829310642978612e-11
4.743810344542964685e-10
-7.171041538356348610e-10
-9.544329215849245429e-11
8.708353482766995057e-12
2.021765116433371645e-10
-4.337371017903990378e-10
9.133119815984969136e-10
-2.276198673989426879e-11
9.962773661609247711e-11
-5.293608884571199269e-10
1.494827317483071738e-10
5.460704666226945392e-10
-3.151333360928987304e-10
1.552488693157272337e-10
-8.237361348584215648e-10
-3.526110792240189085e-10
-6.058777923811931032e-10
-2.712716162811545928e-10
-4.632628725076415321e-10
-1.959680889784820579e-10
-1.191234749731151510e-10
-2.883870087178053154e-10
4.742017334358195058e-10
5.051711826631333224e-10
-2.264366333326606195e-10
-7.194538714783149658e-11
2.172860641413976168e-10
-2.021967038245975345e-10
-6.939528951477313967e-10
-1.269520599755935564e-10
2.781789520955868511e-10
3.478075050189488593e-10
-3.808956483553060934e-10
7.415533742616275958e-10
-2.911292040774782208e-11
1.639000324349382254e-10
-3.494800560055466576e-10
3.164660755672343839e-10
-5.326170060548918173e-10
-4.508297346550449447e-10
7.069179130958502810e-10
5.483666853933755192e-10
3.124496772421991864e-10
1.098426238854699477e-09
1.881388933533401087e-10
1.113376196792970063e-10
-3.998930075965745345e-10
-1.777074876141426785e-10
1.336931398920881975e-10
6.040427602549414132e-10
-3.925236247148689017e-10
7.166695015214941122e-10
2.177308749962136858e-10
-2.646547425655398911e-10
-1.583008168992705578e-10
-1.625219819834100576e-10
2.146820221593515043e-11
5.530964020117323798e-10
-4.093907990387890550e-10
-6.269380015133663164e-10
1.314698766519128981e-10
-2.189220194015462084e-10
-5.645668377241008784e-10
1.339648392217895889e-10
-5.036880357245365758e-10
5.371570965806427012e-10
-1.665619864255063476e-10
-2.875609195207573521e-10
-1.059229856603671749e-10
1.327749715729353852e-10
-1.165526009039297151e-10
5.355104137905186690e-10
1.005906330453498754e-10
1.989094167154092929e-10
-1.127281601398522071e-11
8.356713099288981539e-10
-6.912701522310271685e-10
1.568775387372767227e-10
-7.584488592726756906e-11
-5.603534303233459468e-10
8.817255259252476662e-10
-3.845542217995046030e-10
3.452196861708500819e-10
-5.819631998527086125e-10
2.229382234375520966e-10
-5.920756662725068509e-10
1.512033415140834336e-10
4.572670575520021430e-10
-8.043025689907778997e-10
-9.829630165381075813e-11
-5.556627380443046604e-10
3.097639644789040858e-10
3.695998507247111320e-10
9.694953173600140417e-11
3.493006994759184636e-10
-9.979521375935718197e-11
1.153886708404883166e-11
-1.129683235845391209e-09
-1.126687909636103768e-10
-1.141218120004339198e-09
-8.714911570173455857e-10
-4.345960258334002901e-10
6.226312798673916404e-10
-8.422038066946413437e-11
-1.673250427103312177e-10
4.630448802167563827e-10
5.195587293727044198e-10
-4.108247908529705228e-10
-3.432180650797533872e-10
-3.704827000738930565e-10
-1.400309312948877505e-10
7.044048677684600079e-10
5.019141768869417319e-10
-5.574083972170740253e-10
2.406627674922390270e-11
-3.407950865952358299e-10
7.030351856229799523e-10
4.132757192021330184e-10
3.977504714480772918e-10
-3.545062576826296663e-10
6.550686104667136078e-10
-3.499601441969701909e-10
-1.978373714850434339e-10
8.020816233411665053e-10
1.953498751650073473e-10
3.432715500739647041e-10
-9.779763665562768438e-10
-1.257000947774145061e-09
5.940323233311062268e-10
-1.412906458497786844e-10
2.290471978749764048e-11
3.692925409914948887e-10
1.064119015126152590e-09
-4.627414285085507117e-10
-9.922048599397825797e-11
-7.646499544655682712e-10
-8.074398372137636670e-10
5.397544078356020236e-10
8.593922240507367860e-10
6.134596997053876066e-11
-5.599625207963754292e-10
3.066064069301432937e-10
-6.123221929499322869e-10
-3.687403438146219514e-10
-6.816458508751566114e-11
1.085797673994193246e-09
-5.887754173095061105e-11
3.425991434991004780e-11
-3.370289880511023739e-10
-8.820444374890712425e-12
-7.922090206058385320e-10
-3.412075066933084599e-10
-3.266851511529722529e-10
1.497262036576074706e-10
-2.962598499856028411e-10
-3.733771347658176865e-10
-2.032846113664277254e-11
8.996141054318229635e-10
-5.133932168277510755e-11
-5.594001928344027874e-10
-1.664704762927016191e-10
9.644535170494350496e-11
-6.039304056848493474e-10
7.390889011915646734e-10
-5.760343313454541203e-10
1.647959546602351111e-10
3.625431899134667901e-10
2.896537176777513878e-10
9.533818179363606760e-10
4.847887646874937673e-10
-8.486517044659080966e-11
-3.784315638633017898e-10
5.326430962959705084e-11
6.744392822000122578e-10
-1.448247355373410983e-10
4.449344226387097478e-10
5.381047829544627348e-10
4.073104631352464367e-10
-5.864300156588342361e-10
6.872917235334341512e-10
2.949024358045448935e-10
-2.836980095288765824e-10
5.074093367696264067e-10
-6.029057808554227904e-11
2.983774616271972491e-10
-4.939895714706210583e-11
-3.794018987868241766e-10
1.600616167385382482e-10
-2.766398221609733810e-10
9.498846154087914329e-11
-1.747366418225482221e-10
-8.837580667275801716e-10
-3.873543708010629416e-10
-3.852834717932296371e-10
1.796428283906692513e-10
4.255577557010781220e-10
2.344054950143004135e-10
3.214496724357474022e-10
4.406547349233846944e-11
-2.306232982363098927e-10
-6.210686409602317326e-10
-1.174550456894962736e-10
3.009684168553405925e-10
-3.666709991190231221e-10
3.553090599517361170e-10
5.179160988966202694e-10
-2.375159791068170989e-11
-6.038525235396718926e-11
7.299175708297411802e-10
-2.889436190312011377e-10
-7.360970721848048015e-10
1.220955003766732716e-10
-6.255106432817569839e-10
3.684120231106646770e-10
1.857936582361219280e-10
-1.066834121044024641e-11
9.003986445321743304e-11
1.080018435795082610e-10
-1.213657646603749640e-11
1.274212679813757632e-10
-2.468238391450938707e-10
-6.672159491571960643e-10
-4.930114094747750642e-10
-2.780812247138442217e-10
1.601448418320217115e-10
2.716655234102915983e-10
4.346459858695084222e-10
4.649596541117517745e-10
-2.039631519235030055e-10
