-3.003958748415413993e-10
1.014400785592783905e-09
8.007436380630394979e-10
-4.556726940219135713e-10
-5.796322311013568651e-10
-2.907594442991268124e-10
7.485995712208648456e-10
-8.252554195564698603e-11
-1.212078659662552127e-09
1.693235829325345776e-12
-8.326260514390781964e-11
4.368064798754289768e-10
-4.516615970118209589e-10
-1.329744425682122255e-09
-2.021027095677752072e-10
1.584321007719324825e-10
7.230516185785518246e-11
6.927950435553498210e-10
5.111746026464913939e-10
7.023411852102867670e-10
4.887230203864945111e-11
-2.885364169813442459e-11
7.093401421798262163e-10
-8.895145731102616082e-10
-5.405665359781153256e-10
-6.169055266624923206e-10
6.345710068522691927e-11
-1.720706022112494793e-09
4.293115862807894700e-11
8.477719082300438913e-10
1.338050503729704133e-11
1.130621374301199467e-09
-5.727369134511661741e-10
-9.007996570886689369e-10
4.404096531906986911e-10
-4.011261323100256959e-10
-7.894562781274316876e-11
-4.173970058474196776e-10
-9.421270430465256140e-10
6.978684852221306301e-10
-2.628912643132252924e-10
-4.801420372402276371e-10
-1.925222758991651517e-10
6.348712666692790663e-10
-6.321692058719463603e-10
-9.775870390971164170e-11
-6.471698177357154691e-10
-4.792249930218872578e-10
5.936942604201078666e-10
-4.330976688393661789e-10
-2.399273280051517077e-10
-5.049010098900907906e-10
-1.085495304753436585e-10
7.763484854983460082e-10
-3.760242672790070628e-10
8.573770027275884331e-10
-1.338519850513364418e-10
-1.867426491219958962e-10
-8.272507678874774228e-11
1.017014250592751523e-09
3.698753248126962490e-10
1.182226094798011218e-09
-4.617285165320339502e-10
1.159799478678280593e-10
6.152933162972828995e-10
2.199535137359376336e-10
7.466719464943594176e-10
1.112861053309543991e-10
-3.841335582954741312e-11
-6.847018507727398173e-10
2.917311392458543651e-10
1.770816548951614777e-10
-2.666389609107255865e-10
-6.759907633657746828e-10
4.207441062220595995e-10
-6.348769288067046546e-10
5.607726505374444059e-10
-1.062658849804165584e-09
2.445206537249333678e-11
-7.692757542088202172e-10
6.212227954272009356e-11
-2.256950598633622462e-10
-3.938546433435163863e-10
-1.276588279530699310e-10
9.269375267351165348e-10
6.276873465438370658e-10
-3.087486377673087645e-10
1.950208883272352978e-10
-9.152319457861324281e-10
-8.176292976003196600e-12
-5.050683760110530329e-10
-5.867202279574712520e-10
-5.211237552593672717e-10
2.584942537797729756e-10
-1.669275384585944266e-09
-7.241380828304500028e-10
-1.501643587253909118e-09
4.616184101635667503e-10
6.585850753637600974e-10
1.280930361780008298e-10
-3.360178246758493970e-10
3.166025219769608157e-10
-1.528532855843423022e-09
3.465401299251880118e-10
-6.610269276396962823e-11
2.414090038982408259e-10
-6.133837882060788615e-11
1.059042187279146674e-09
2.192873660433747318e-10
-3.642789958568926068e-10
7.507112709248531246e-10
-1.445310537917521287e-09
1.459853016250178825e-09
4.286601629210906594e-10
-3.058863440319470328e-10
-9.898853958745235104e-10
-2.839870560933377419e-10
2.165539830789597886e-10
8.425948272439143238e-10
-3.155998240522706055e-10
-1.719182907145011541e-09
-3.082938904164223004e-10
1.692285089838208023e-09
-1.117058334720866242e-09
4.659427010889061194e-11
-5.829147720071148342e-10
-2.408592769675976797e-10
8.357009528836556456e-10
7.689299752478007122e-10
-2.841060164904263274e-10
8.782516935923467827e-10
-6.492670845403836211e-10
-6.061406931934243403e-10
7.201067520057335969e-11
8.073448576340069849e-10
-3.735154407991103653e-10
-6.727752799307040732e-10
-1.299872542936952868e-09
-1.065292021262820299e-10
6.545800013135760764e-10
-5.000391212206523051e-10
-7.764634490925459431e-10
-5.551782367163582421e-10
5.540907177525866700e-10
6.459258128366229812e-10
-1.226091339567858540e-09
3.031354611771064356e-10
-3.871016840406582560e-10
-3.524858183112655752e-10
-9.363035902154592804e-10
7.659401446424851656e-10
-5.888033394185754332e-10
-8.900064019101705526e-10
5.611385245352096263e-10
-1.005629579609035318e-09
-1.210714417609892735e-09
2.765222217870899613e-10
-6.191056001192407621e-10
3.400308368206594878e-10
-2.452633651728319819e-10
4.783214935244473054e-10
4.220733207382920682e-10
6.920227724194205621e-10
-7.212666019995594979e-10
-6.840751853864901477e-10
-1.310606956295146119e-09
6.288765064255130710e-10
-2.071769200640005693e-09
-2.965669931853653907e-10
-6.517097972391638905e-11
1.242521918687344851e-10
-8.386241701074936827e-11
3.734122178133958414e-10
-2.192708237203078170e-10
1.968997187518084502e-10
-1.709825614426563334e-09
6.979207767265904749e-10
2.929749776114931592e-10
-6.329628488010996534e-10
5.149251025571288665e-10
8.203047685562125935e-10
1.667340293609598234e-10
4.908244366497171995e-10
9.451071036892244592e-10
3.810289861405635747e-10
5.009089254492948839e-10
1.246653003050823827e-09
1.081454148454952247e-09
-9.750782403727953351e-10
2.404003385247932556e-10
1.811818473029802590e-10
1.625186235587605665e-10
1.065511456843637461e-09
2.037509050367702912e-09
-4.446706891592100419e-10
3.283173732882005424e-10
3.115921409779787155e-10
-1.489409928723262055e-09
-7.175716132401532832e-10
4.972056100172039805e-11
1.149149331247656391e-09
-9.052431027001262009e-10
-4.892964922120768279e-10
6.244985639725086912e-10
8.177576393819663281e-10
-3.477492738213072698e-10
-5.848475037595335380e-10
-1.067530508436220771e-09
1.160131546384945977e-09
1.150775030822615008e-09
1.473873911805867465e-09
7.587652728346938602e-10
-7.777825050681030916e-10
1.323134601882713923e-09
-3.979258589303924509e-10
7.735934670627386822e-10
2.557606626485409151e-10
9.188333427445627422e-11
7.199420504200304549e-10
-4.511847007115932229e-10
7.512005462118054311e-10
-2.099207474515196736e-10
-4.241367257407091529e-10
4.995182045774981816e-11
-6.441566169357315630e-10
1.647209729727094896e-10
3.046658203498253670e-10
6.870318758345206334e-10
4.034149403420173030e-10
7.437635507479001262e-10
1.352351897132564318e-09
1.087998358073605232e-09
3.564931128074988465e-10
-6.157890863889292632e-10
1.308075425754395837e-09
-1.310010711019771179e-10
-1.196756804766607729e-09
-5.426746274572735729e-10
1.676635053016184429e-09
2.043108737748156045e-11
-5.714044792881622925e-10
-4.761784300200133657e-10
2.407862242925773444e-10
6.646415640076952513e-10
-8.002905282911143559e-11
5.400950797707082529e-10
8.633463388640905123e-10
6.816534003917240625e-10
6.286756670803583802e-10
1.052876674734193330e-09
-5.226161170490684071e-10
3.055187769440692591e-10
-4.575786416438631932e-10
1.752903378005044033e-09
9.541540890722899348e-10
-9.194405237167302403e-10
1.099097701739992772e-09
1.208608435554481275e-09
5.618122633777034025e-10
-2.997951609184923427e-10
-1.305505925586203375e-09
4.318251589641164401e-10
-1.085490655694520967e-10
-2.749027672166448610e-10
-1.029846319333671545e-09
-4.514255635967856506e-10
-2.134524224040035278e-10
8.669021056562087324e-10
-1.295993756755819959e-09
9.086368879529516107e-10
-2.135031873518045131e-10
4.045703771993203191e-10
1.049817233145233786e-09
2.198041748613377422e-10
-5.487589826991268183e-10
-1.079253020286330411e-09
-3.309616469771015090e-10
-5.246979933870576929e-12
4.597293379315914308e-11
5.047174345129690209e-10
8.322127986737370975e-10
-6.755686565718121983e-10
1.134648486278422297e-10
8.073849366851959530e-10
-7.096135345996401611e-10
-1.450636277766648163e-09
-9.922247745652867934e-11
-1.901325763498107335e-10
1.130973870111517954e-09
-4.248119633842861731e-10
-2.762087433771931444e-11
1.157673734653030806e-09
7.715358352200496483e-10
-6.410914854537708152e-11
1.429944607167499271e-09
3.663578884705032124e-10
1.693569728900001792e-10
-9.615849227984085701e-10
1.107751557150038479e-09
-8.310361843122393566e-10
-1.538859706329276378e-09
2.098730633726120232e-10
1.580715336402249704e-09
7.722156247780276317e-10
7.982655647609249172e-10
3.429294070933508465e-10
6.335053592820827362e-10
5.069313857575252769e-10
5.001740688292954928e-10
2.152581723979807293e-10
1.986013714594392354e-10
1.042413821927823392e-09
-8.287706632081892621e-11
9.805158907028044268e-10
-3.978900542378482896e-11
-3.278893823122075446e-11
-7.222126230388425938e-10
1.453770437365164980e-11
1.968219809356241967e-09
6.638506411249522898e-11
-1.627185330921321338e-10
8.248751681705357441e-10
-9.945330115002093407e-10
-1.207263289337845436e-09
4.250432783514668245e-10
-4.742474191132828309e-10
6.444258460192031635e-10
5.136288061535765337e-10
4.168734246690064538e-10
-1.355097145605554942e-10
-6.466508994940056709e-10
-1.007208094705447365e-09
-2.071382176893621363e-09
-8.090340619659741606e-10
-3.044259289097794863e-10
-6.439485056297655774e-11
3.813117044337843708e-10
1.207199118447022101e-09
-5.105977307628961626e-10
3.163991291188494870e-10
1.670958371668973541e-10
3.433198725311115140e-10
5.050645457416180761e-10
-8.261623052341349194e-10
4.101588235716491226e-10
1.227823065441668859e-09
-9.643691400995635377e-10
3.025538153345053161e-11
4.541281795056306692e-10
-6.294582632904166530e-10
-1.375872415998458109e-09
-1.246838465807087459e-10
-1.020750498015310370e-10
1.328521515020497645e-09
2.702149615174676001e-10
8.720133504169780281e-10
-3.089719036175608835e-10
3.582020235981531187e-10
-7.540963409269352269e-10
1.109917047159569847e-09
4.404833997551094171e-10
6.024170051688315652e-10
8.762952585783523318e-10
4.735933867294761512e-11
2.617345229438683418e-11
1.209126576640073836e-09
-8.934091244583441949e-10
7.662259715601749122e-10
-4.844752377053396231e-10
5.766618293989722588e-10
-2.579930991064571799e-10
8.206297308355203768e-10
1.162902552032107906e-10
9.069951456552871605e-10
2.684371058769841056e-10
-8.080580093938749542e-10
2.284517020001430865e-11
7.657909029123999289e-11
6.118975326430131645e-10
1.046223996326034467e-09
-4.822364729761829949e-10
1.911802660625738781e-10
-4.216048621330514834e-10
-8.870759682366724519e-11
-5.155744720042321205e-10
4.526524710612989111e-10
-7.296840215387234707e-11
8.490631531188341796e-10
2.097941542711367902e-10
1.330834997759211547e-09
8.538553197823262053e-10
-9.587972638058772645e-10
2.931712095310956556e-10
-1.884019051878738082e-10
8.143548613226414545e-10
6.978473354735115208e-12
-2.033271884194221002e-10
-2.343181204622624136e-10
2.936005327747182037e-10
4.871465453248902122e-10
-1.741623512074852442e-09
2.690748734934800268e-10
-2.453471037444643343e-10
-1.096022717028688476e-09
-7.382604527705893815e-10
-5.880090303556073650e-10
6.328914059494650246e-10
1.617297962219765850e-10
-3.770863621355147188e-10
1.045509234742780791e-10
7.658907952290405774e-10
-3.597615816364196917e-10
-3.505236378931186891e-11
2.213763339309338107e-10
-4.000340059207019294e-10
1.007020244969680789e-09
2.435439072634437707e-10
2.485504579929909141e-10
-4.943589426709138479e-10
2.020997258433965271e-10
2.542968613461482619e-10
-1.156456042039621934e-10
-5.921369505834661595e-10
-2.525342712722533633e-10
1.334462318425266858e-09
2.075530858292040648e-10
-5.297942085036311255e-10
-1.038003571984802420e-09
9.520442212362922874e-10
-2.265905241216614741e-10
-2.520667008454324787e-10
-1.404803218196803982e-10
-5.170864847414691212e-10
-9.588485561096149468e-10
9.115571075746231600e-10
1.596012877413954811e-09
-9.155360913837284897e-10
-2.070131288611776199e-10
-4.880974513454816588e-10
1.545978345340870419e-10
1.201088783986392627e-09
-4.152920785038816121e-10
8.308803645107332159e-10
2.397882448157417912e-10
9.652686983052660707e-11
4.814625365057167983e-10
7.064193674466423545e-10
3.634387235607050570e-11
4.253686847199844578e-10
-5.657682100590477603e-10
6.708270605670918485e-10
2.414431155006724339e-10
5.824267734766408466e-10
-2.060532300340867096e-11
-9.973946113461806817e-10
-5.621663135002563649e-10
-7.840070814779664943e-10
6.731706303497730914e-10
1.440114832940153633e-10
-2.915314378792999150e-10
3.110287027929814485e-11
-4.981310919305315110e-10
-5.448704820665284387e-10
8.788048067032150357e-10
-6.511990946478363185e-10
3.025658612543224990e-10
1.032184782090439512e-09
4.387768481883824734e-10
5.888708964896238740e-10
-7.215120167991528888e-10
-1.570255259153441330e-09
-5.187936191752839932e-11
-9.245518239886507672e-10
-5.670314218164662634e-11
-7.529364909331093259e-10
-4.280450438542970915e-10
-1.179046582588938463e-10
3.119857844291473725e-11
3.170192164336782525e-10
2.640043739177144744e-11
6.223925819170972318e-10
5.883039055909478066e-10
-3.125569247863779765e-10
2.965458156811706658e-10
-2.325188097618280381e-10
1.320701881191155280e-10
-3.981022733690053883e-10
2.932209475225988626e-10
-3.448846208620182097e-10
-8.773449189369841861e-10
6.307473432443089223e-10
-9.377043586056288405e-11
-1.363490709227477282e-10
2.384814568046067507e-10
1.072242961086544710e-09
4.803241138162661628e-10
-1.189169318571714484e-10
8.159214970326900129e-10
1.535067961633274081e-09
-3.049884789163570531e-10
5.777566203235551257e-10
-5.152517301709735875e-10
-1.708176655679238820e-10
3.375366652846878424e-11
2.511293117901658434e-10
-2.584127356541898735e-12
-7.744249685970316932e-10
-5.506592959392264675e-10
-9.477577056493657892e-11
-2.081491090599740801e-10
3.348892552157423097e-10
-4.747670034888074042e-10
9.391618038812055147e-11
9.662937117127512465e-10
-1.507302893610784622e-10
3.422080674386762666e-11
-2.309480384710127510e-11
-8.829402209364900500e-10
-4.803320519108922326e-10
-6.487853587699987656e-10
-4.463973635182583166e-10
5.058221064224710517e-10
1.223300682973160747e-09
5.084506149444223411e-10
1.227754897747956875e-09
7.166829352200920766e-10
1.342654210034766038e-09
-3.475543186581830923e-10
-1.057228748990723943e-09
-5.779245970671809118e-10
-1.365143109666178134e-09
-2.830289891342374631e-10
9.767875397415082261e-10
-4.281286158924757501e-10
-1.428694940130981195e-09
2.736593729402159170e-10
3.886118649099046252e-10
9.429966807417144992e-10
2.074112881444989398e-09
7.996547868316383756e-12
1.901233059875551135e-10
5.626937249481045455e-10
-3.482158450474059919e-10
9.327976169259954986e-10
-1.535666038776639652e-09
4.604860937007515531e-11
-4.821163468449185530e-10
-7.179362659925914159e-10
-9.724605565253341410e-10
-4.343126969175159502e-10
-3.225518185878684108e-10
2.703949286697593379e-10
-4.465103287110139263e-11
5.093690469415435018e-10
-4.740966508265387347e-10
-9.051046023778042127e-11
4.624158278510037690e-10
-3.832759110089511978e-10
3.819566329887891243e-10
5.680782511063853235e-10
9.051838167906112176e-10
1.166181318179582149e-10
-8.354463787441090972e-10
-2.823242195582054137e-10
-3.818672322797311836e-10
2.149468103507246042e-10
-6.831704091325718764e-10
-8.639293169743211820e-10
5.367022382074537745e-10
-2.035425161750481493e-10
1.202959065693676166e-09
9.125316058344878911e-10
-1.907000668488478823e-10
4.145556120604965145e-10
1.961225765123586484e-10
-4.075895732036372010e-10
1.078147016109198830e-10
1.156741369356950599e-09
1.340960953388758981e-10
1.151890360873153440e-09
6.124947216079590362e-10
-2.190664871726255569e-10
1.166524321583040091e-09
-2.993972847420423022e-10
-6.852766132325882609e-10
-2.926577313822065207e-10
2.186423264660675159e-10
7.055706019443164223e-10
6.003845198776502912e-10
-1.689575840346790869e-10
1.025893370254493675e-09
3.974631734848799169e-10
9.212418050630333255e-10
-1.056915777120082112e-09
-4.817904408760398383e-10
1.075054156807198069e-09
1.610610256275180063e-10
-2.904449736274017368e-10
7.283522673873221720e-10
5.391533886012211951e-10
-1.664316462424153542e-10
-2.005581034580927735e-09
1.155241943773255286e-10
5.864134733357673213e-10
-2.640502816397827246e-10
-7.379976629806606070e-10
-3.564786521526031038e-10
2.214382566201322788e-10
1.016242423546032114e-09
-3.096666811863713065e-10
8.438317267156492107e-10
-1.283531059215192727e-09
6.552159370620813661e-10
5.123260149453301437e-11
1.530494175838725823e-09
-1.007595673563344008e-10
-8.628990300074690367e-10
-9.915217535905185287e-10
-1.171263752652862422e-09
-1.703246654827239581e-09
4.968929157023183052e-10
6.072489178166051715e-10
2.263673554159240098e-10
3.474033838379853023e-10
1.084302647669233011e-09
-1.121008064153272699e-09
1.471092359039971598e-09
3.766113532144288456e-10
-5.158432014873426397e-11
-1.605952038019609063e-10
-1.158794060707180051e-09
-5.366111999194345117e-10
-6.650600070656764728e-10
1.558366768961150228e-10
-1.267144833505540191e-09
-1.207600019981214245e-09
-9.034395453966226341e-11
-1.284724659988967232e-09
-2.400626364362778986e-10
-1.891122813901802147e-09
-5.882839770876557850e-10
-7.104755672671103639e-11
-4.054420965626803763e-10
1.239918168138842702e-10
-7.176610417047868395e-10
-7.247955569056330205e-10
-2.065090765057675526e-09
-1.087948175992892175e-09
3.309740814749773108e-10
3.132246684245387769e-10
1.676166150321733994e-10
-4.490139648982705012e-10
-2.488399486466619237e-10
2.370779128568756278e-10
9.164887182500081053e-10
-1.410495498177510854e-09
4.351016491543902021e-10
-3.349249211304083929e-10
-7.463270002006083814e-10
1.319007125744064979e-09
6.400859842159434265e-10
-6.798676621677657295e-10
1.101674307335542835e-11
-1.928623705182985759e-09
-1.148563799624469084e-09
-3.788966640438928835e-10
4.080527860050864319e-10
-8.142060636817660679e-11
1.534739696440468038e-10
-4.736514513936640469e-10
-3.864482622795151201e-10
-2.584586988874093549e-10
-1.531676563359951615e-09
1.848817765548460557e-09
-1.177734576529587684e-09
-1.872794141988265437e-09
-6.366162041970824248e-10
-1.154773943135012360e-09
-1.263695953435117758e-10
-5.867567542949814197e-10
-1.373220426259535998e-10
-3.311448892873158911e-10
2.316019320769413525e-10
-1.279643058182955428e-09
-1.782485270496181329e-10
-6.715411560165307492e-10
-4.766121386445831831e-10
-6.763481996685527520e-10
-5.212797971054783375e-10
-9.528435818140224001e-10
-6.083119563626837589e-10
1.088989454167688109e-09
-1.295554497016127016e-10
2.033473944784702780e-10
-9.496191610836035579e-10
-9.455054517104599654e-10
-1.745800504160399669e-09
-2.858449588138967101e-10
-1.285707235121336112e-10
-2.398823362170787732e-10
-2.711597890669992239e-10
-2.214328720384628468e-11
-7.449072469967177312e-10
-2.648379293646030419e-10
-3.321352637364327620e-10
2.780119467971076119e-10
1.322920883950473581e-09
2.771710083671052871e-10
-4.823610399995459375e-10
3.795912195680983814e-10
7.614100461239559081e-10
1.955724915347900605e-09
-1.091515766660222653e-12
1.459318776930729200e-10
1.553400519327396978e-09
-8.370736881424534204e-10
3.734390574550161546e-11
4.452705981705662452e-10
-2.127729104017817008e-10
6.125266960310682407e-10
-5.748194142896068115e-10
6.023412324474008983e-10
1.390205284224066418e-09
4.762990002404876577e-10
5.392461477349286270e-11
7.911589439135724433e-11
1.819719375184547516e-10
2.253879305413875045e-10
1.932501936252606356e-10
3.178489138555562477e-10
-1.821240602772888906e-09
-1.316607600720942628e-09
-6.976933475399960116e-10
-5.242110634462449070e-10
-2.254413544733324670e-09
5.080749709840404194e-11
1.310811459376282073e-09
-1.441429198223431740e-10
-3.479809496109709244e-10
-1.224758350293342346e-10
4.693611055373025920e-10
-1.482895695126273949e-09
1.058767629125156873e-09
-9.619632868052008234e-10
7.263190049400236603e-11
-9.101815967582638223e-10
-5.027283589420505905e-10
1.697971763192640537e-10
-2.790330466684309840e-11
1.054570042402502850e-10
-5.672425862357499682e-10
-3.078683974422347092e-10
4.354909211023993976e-10
6.707714939047093594e-10
1.618692402338695047e-10
1.151226891593637447e-10
-1.635448027004215987e-10
1.894873147278985925e-13
-8.447567090286156599e-10
1.909260249899347173e-11
7.796358558742610967e-10
1.695442397586788275e-10
9.964973290976786302e-12
-3.896609424014485512e-10
-2.926796305313672519e-10
6.810388364364428071e-11
6.198248025945929385e-10
1.438065888592632291e-09
-4.508076412168549041e-10
-5.803356684097593643e-10
-1.121543413695746949e-10
9.024509473043451635e-10
-3.212984323042178403e-10
7.656128508948256695e-11
6.795938256587419346e-10
3.134139475724495583e-11
-7.040281690962046923e-10
2.130424503477001963e-09
2.723730685438852106e-10
1.125527171463858167e-10
-1.364850676921491868e-09
8.060782596963633750e-11
1.176575725736483946e-09
-6.767248983408080676e-10
4.094597993997695085e-10
-9.481634366537150527e-10
-4.140148224252016007e-10
-1.337409183399529411e-09
2.914191110647834648e-10
-4.303852829679044589e-10
-4.158531297093759349e-10
-8.794486250351951639e-10
-3.408364146473275014e-10
4.163630551445862693e-10
4.653508967056296797e-10
1.458091147821249933e-10
-4.997832148134762065e-10
-2.233702112164337450e-10
-4.822960919526053658e-10
-7.902455356756377114e-10
-2.689012901235798836e-10
4.059117764132480488e-10
9.850609217210148927e-10
-8.237089343943182485e-10
1.301539098719217691e-09
-7.884697339477497735e-10
1.477392097548602123e-10
2.759089068327114092e-10
-5.103409361773003639e-11
-1.065175170289478501e-09
-3.587565244878021531e-10
1.567879381880743495e-09
6.029559629361358475e-10
7.643239374743870940e-10
1.506971991638295094e-09
4.845515100271313713e-10
2.179832703230744073e-10
-3.033313045186503132e-10
-1.406941230186475877e-11
-2.775102370122795037e-11
6.212791392457006623e-10
-1.039269781344387411e-10
8.884624702609755786e-10
4.520880336755794815e-10
-7.564355808398204317e-10
-6.012620401563140149e-10
-7.094935750018294129e-10
2.864535830759962209e-10
6.437211874654735766e-10
-8.906687054555106897e-10
-7.175026683903240610e-10
8.791459227275311150e-11
1.187816789371964887e-10
-8.619982505564394160e-10
3.564548656243005098e-11
-8.626370728848087310e-10
4.390590668812421882e-10
-3.279332361216802383e-10
-2.393689135793408695e-10
3.324789055181298636e-10
4.622588423153217718e-10
-4.593179725453921947e-10
8.878858759331365036e-10
1.186127168706363477e-10
5.182621554133959307e-10
1.355946327441515109e-10
7.424515446885493475e-10
-7.023904791125801239e-10
1.824945472517214284e-10
-2.793471287620974408e-10
-4.503114270359986904e-10
1.645241276548858878e-09
-4.362121219791958993e-10
8.760747682856617757e-10
-6.769640958914635576e-10
9.122373412218109934e-10
-1.182286935019760676e-09
6.177531264306423964e-10
2.040173030515290975e-10
-1.528105419978942336e-09
-1.850102293587951863e-10
-1.622473044804451092e-09
-1.349109990389507630e-10
8.816675167722110018e-10
-4.079024062964009545e-10
1.024460405396609985e-09
1.462338167224075391e-10
-5.184440099448295314e-10
-1.294446327904097416e-09
-3.645925228390467510e-11
-9.306738713021900367e-10
-1.474714350635508708e-09
-4.718932467007164178e-10
5.564847471717371263e-10
7.434107496262498671e-11
-2.092174489209952526e-10
1.044766384517004099e-09
5.398466118577971429e-10
-4.150908505806683024e-10
-5.304746641954238839e-10
-1.024709428421033408e-09
-1.418533068786587137e-10
1.345694111698492179e-09
7.973961491103409571e-10
-3.502310663705543448e-10
9.962825703313527015e-11
-9.711313975202529036e-10
1.299382046404673474e-09
5.902612842945131888e-10
8.390019234916223922e-10
-7.535791435309135977e-11
1.034767715957229939e-09
-6.106971595087884452e-10
-5.425473958986515299e-11
6.186191559010012497e-10
8.247609817324530468e-10
7.831360004928455965e-10
-8.980753918308437278e-10
-1.531629711948312433e-09
8.527031303273702179e-10
1.588417453124435497e-10
-9.067980810684161952e-10
4.657695340526402106e-10
1.716621844671806230e-09
-8.887802716017745297e-10
-3.570483908532651185e-10
-1.745942723729854151e-09
-1.571795915644713659e-09
9.901304220960582825e-10
9.604992357026276295e-10
-1.073877098356490478e-11
-1.437826635530825570e-09
-1.404348026756707668e-10
-7.956009184795220790e-10
5.680222958659442156e-11
-3.314299945600396313e-10
1.225950119199126220e-09
3.749293930876973491e-10
-9.922392074646069204e-11
-9.047226301461819276e-10
-3.642954826688082903e-10
-1.256177273312175657e-09
-4.530601449559412686e-10
1.398650639750087521e-10
-1.157529627704434461e-10
-2.133832138762059571e-10
-4.584785606720487294e-10
-5.252569212910174201e-11
1.532201920895204239e-09
-6.741395774945146968e-10
-6.822966636121918782e-10
-1.687100598113389083e-10
5.550684356592228141e-10
-9.317111526740973204e-10
3.629179734510046273e-10
-1.314093722726283886e-09
-4.511775952842356219e-10
2.596593495773902305e-10
3.615788501942773792e-10
1.380476288836973708e-09
8.124994010927366617e-10
-6.320458045827592741e-11
-7.087649356307679227e-10
1.313609221398337468e-10
7.187604955660731321e-10
-2.681718735964011557e-11
5.644581468899900756e-10
1.360090512436684662e-10
2.962252110272345362e-10
-1.178009911839694723e-09
7.462388484924531440e-10
5.824064008841389750e-10
-6.340666880433332153e-10
1.078317324321176329e-09
-4.315738322269169203e-10
3.750266208690788972e-10
-6.370135530175957683e-10
-6.357790960365150568e-10
1.286975803704848431e-10
-4.764731942330513448e-10
9.041863091585611301e-11
-4.898934036212665433e-10
-8.704260645586714418e-10
-5.664774760383295416e-10
-3.382595870071725130e-10
2.900321371956948724e-10
5.129758839927944791e-10
9.907469289416326319e-11
2.793432429815112528e-10
1.341273203614434806e-10
-4.699592381918193951e-10
-1.271230232191555842e-09
1.661207005287934635e-10
6.812755359852928905e-10
-8.448369226421448275e-10
4.394775654503746409e-10
1.083047429517591809e-09
4.963035538096960408e-10
1.157382523153671627e-11
1.132880678156311660e-09
9.879008722180060431e-11
-1.076390754306544295e-09
6.001105168351728025e-10
-1.004081928712707850e-09
3.495027045552490108e-10
7.239514543400105140e-12
2.603769977405079317e-10
-1.337732702388905182e-10
5.915580802984266029e-10
-1.689143130922943215e-10
7.749311747851095333e-10
1.769839136356310405e-11
-5.494874555367346147e-10
-9.520094712556215200e-10
1.100844415624635531e-10
1.568648821947959959e-10
2.857667991129630991e-10
8.071494028705217261e-10
6.228703663957446679e-10
-4.736057657162007217e-10
