-2.563480261397188542e-10
1.041354780184633455e-09
9.673710721358474984e-10
-1.029770158034182259e-10
-7.368474719271489448e-10
-2.060739495712837765e-10
2.233907225868136948e-10
-2.699234169512010340e-10
-7.650547972914978345e-10
6.355820036940684759e-11
-1.629315016238308544e-10
2.334937521109026193e-10
-2.213755984081799966e-10
-1.273048222394379536e-09
-3.494625144817575801e-10
-1.323925552521032500e-10
-1.498234869501402500e-11
4.816076981661865375e-10
3.261767522744207781e-10
5.520354728894005802e-10
-1.620403117241764335e-11
7.730405204853241230e-11
7.854968342435597606e-10
-5.310147876969040226e-10
-6.794756424177705867e-10
-4.280290288871668736e-10
-1.049424436239121405e-12
-1.020315609778776889e-09
1.267299876150929094e-10
5.357625454394110420e-10
1.482765438209909803e-10
7.252252687273141873e-10
-3.912292712016096630e-10
-4.844465939513042940e-10
3.830741279742255756e-10
-3.149803196045297682e-10
-5.303817940394139896e-10
-2.550109567955871626e-10
-7.318288197666333872e-10
3.741560949954703119e-10
-4.048289758973311336e-10
-2.950867050710570538e-10
-1.587484310672238053e-11
5.782634371342965096e-10
-6.510519345859222540e-10
-3.084171806833069240e-12
-5.057348428927355144e-10
-6.451826850550901327e-10
2.909119611871346933e-10
-2.930039544324358758e-10
-3.304160833828007071e-10
-5.813933778853197509e-10
2.681344035693200567e-10
8.063945622360790821e-10
-4.982539936193575159e-10
9.742178175287108388e-10
2.287781075693828825e-12
-4.018543553474529517e-10
2.411872923602231822e-10
7.220781750305604874e-10
2.708361868108966064e-10
6.789079298741285129e-10
-2.454658698525236105e-10
-1.360542234429829023e-10
7.486526953925931593e-10
2.994832160041482894e-10
2.312938868209712950e-10
3.981581730982952649e-11
1.181864189847559032e-10
-7.593961015572858742e-10
7.662610823633286827e-11
4.251139718025598313e-10
-2.053604231111449963e-10
-3.833170725275891755e-10
-2.596392545406445151e-11
-6.616700520822860199e-10
1.337983890348226623e-11
-8.936841822126950774e-10
-3.293569306173083078e-10
-4.899087246990063704e-10
-7.384431954804426823e-11
-2.554218503370009330e-10
-3.222711819628187868e-10
-1.414436762159354544e-10
5.053269469534882319e-10
7.274495450459994572e-10
-5.990676288369911617e-10
3.503263790172184144e-10
-4.163349109909120216e-10
-5.661277002744213860e-11
-3.537768411554509385e-10
-2.806957444256852341e-10
-2.774872553956697629e-10
2.642078777981282656e-10
-1.383208880767483606e-09
-7.416756098166388256e-10
-1.179226827296986357e-09
5.253059098819790051e-10
7.248703859374927561e-10
2.599391257795957699e-10
-2.367964435645575350e-10
4.166320621834529447e-10
-1.182873687888275072e-09
5.421320614651392589e-10
2.535683052418136185e-10
-2.324801462449954670e-11
-1.332615129356895523e-10
8.329736900236639485e-10
4.204139814056873092e-10
-1.073500038861752159e-10
8.559167818944501960e-10
-9.464367067835155467e-10
1.126364668202484154e-09
9.152427704606225234e-10
-5.283744552997404753e-10
-6.724058532192600524e-10
-7.259863821218459634e-10
1.383149011990880695e-10
8.192644340709875905e-10
-2.012084943103786827e-11
-1.715152464498714835e-09
-4.277756759929474129e-10
1.581285102858487335e-09
-5.912980660660593912e-10
3.870154197116448813e-12
-5.575627182174969221e-10
-1.986894676564432416e-10
8.236263893124373681e-10
7.026099702045485174e-10
-4.628841754339418912e-10
5.258147806053159456e-10
-3.466864018086823762e-10
-1.499359525425347783e-10
-1.124643156380500386e-10
3.563981332277421643e-10
-3.756469857396638190e-10
-4.819711296732975825e-10
-8.888513813865017710e-10
-3.241827639666183813e-11
3.436912698884242445e-10
-1.394737242366161922e-10
-5.592598051329389364e-10
-3.973349149699600957e-10
4.078632986903585333e-10
4.928045749252873975e-10
-9.163592107341855808e-10
2.214185640392329901e-10
-4.676922737978372879e-10
-4.291039190640333345e-10
-6.231346549867566864e-10
5.958461501975875763e-10
-3.712081197981831338e-10
-9.561976765937174605e-10
1.020792339545550931e-09
-9.300315517712931523e-10
-9.819772772701185204e-10
3.854054575480603262e-10
-5.842403782985172711e-10
1.699735907578769911e-10
-3.079126675853416373e-10
3.428438921648790938e-10
3.662874448195907462e-10
1.185179732132723984e-10
-4.602264958020185759e-10
-8.144878660409915483e-10
-8.461689127159388590e-10
5.918591172715537141e-10
-1.804683291695141634e-09
-1.537500682324832724e-10
-2.532058451798491205e-10
1.975371533013969838e-10
-2.110631114327077285e-10
3.753021782237908610e-10
-5.284411797035204472e-11
3.412125582080705044e-10
-1.195699095291047342e-09
5.749756226691715710e-10
2.420899314348190501e-10
-6.244157413348716545e-10
5.615375942014111388e-10
5.561492377736954040e-10
2.241995478158287369e-11
6.273161157199780291e-11
2.090795037101855769e-10
4.419189458815253602e-10
5.026158933496560621e-10
1.510354397105118096e-09
1.632717516741877262e-09
-5.390626833801093198e-10
8.250315708391298131e-11
5.307460027026422722e-11
2.478126315264006507e-10
1.097894664070508952e-09
1.533597804304065448e-09
-4.449822454954954765e-10
5.614581022328479776e-10
2.678494648300500103e-10
-8.888139668705719032e-10
-5.309358508398531740e-10
3.211996224550262014e-10
9.172079207253602817e-10
-6.157742649115505174e-10
-5.422763349471892980e-10
4.331870973039997352e-10
8.365840797885937263e-10
-1.681891292903969770e-10
-6.773706040519300586e-10
-7.868786733311594617e-10
1.051011722097427992e-09
8.214924851479565859e-10
1.135742389024585464e-09
5.383472001518896377e-10
-1.064410892759326543e-09
1.065801447097669552e-09
-5.440453643146270224e-12
6.391638884828410028e-10
4.947908749386442651e-11
-9.003020551290319418e-12
6.191295809365726655e-10
-2.270811039206677151e-10
4.542078935187987554e-10
-9.188630412104714651e-11
-3.618263466620419422e-10
-1.467859167547658217e-10
-7.273060487200666557e-10
-1.258520648805827591e-10
3.954721550236683925e-10
3.138759252507838937e-10
8.701073195283015593e-11
3.771694345733322962e-10
1.255127779486997497e-09
6.923772666311833746e-10
2.952980082682188367e-10
-3.045503293996887351e-10
9.193986127975506406e-10
-4.083075544336622897e-11
-9.114350940642168553e-10
-7.017582071000560973e-10
1.252272174845359132e-09
4.844502576872855570e-11
-4.151743948632713455e-10
-2.497313467131334619e-10
1.836490681750291287e-10
4.513303342168484278e-10
2.068222398898811321e-10
3.785299851344348099e-10
8.372598170325318279e-10
3.899196798773374439e-10
6.087366721807541126e-10
8.366510262369786233e-10
-3.905814005555896529e-10
3.192413278174655034e-10
-5.909612799115393500e-10
1.468742127919142604e-09
4.143031473446967539e-10
-1.052187115213598645e-09
9.519527388590631745e-10
6.717659761790173434e-10
6.851834655208222102e-10
-3.405004056489246977e-10
-1.110182501484757722e-09
2.161114343035563934e-10
-4.067797210183243806e-10
-3.185212371636936268e-10
-9.382672416791137948e-10
-6.629750082254304289e-10
4.217474980361402004e-10
9.872660466925253786e-10
-6.168204835788060336e-10
1.016747130933026710e-09
-2.514635166761536311e-10
3.721916108645473287e-10
9.698595260232423243e-10
4.493522220982981707e-10
-4.904959216567306157e-10
-7.353866404713471638e-10
-6.870037871919976169e-11
6.671766611399121416e-11
1.826471612842439640e-10
3.917165203315420285e-10
4.560898325678408582e-10
-3.241675816667566323e-10
7.219541631187098574e-11
3.092498757073514071e-10
-8.498804437984119886e-10
-1.104196067913676416e-09
-4.287820098980432704e-12
-3.300043571741184678e-10
1.242951963575933405e-09
-3.518755287146291266e-10
1.475252975335905603e-10
1.058990339863896679e-09
8.424106412441290104e-10
-9.919562393712055837e-11
1.137779204185562776e-09
4.570515077517711688e-10
3.849142671263905413e-10
-4.165096600949880212e-10
1.076802869093285153e-09
-9.216640783904495038e-10
-1.057595677700362558e-09
-1.776929992036713202e-11
1.261319826362239382e-09
7.507172661291861004e-10
1.755439127393287890e-10
5.124840551928855348e-10
4.609372605823836011e-10
4.301257960914739442e-10
5.066232988681917959e-10
1.748896305553415687e-10
-3.234754131220540785e-11
6.195271518016909340e-10
-1.866186372101452662e-10
9.285567870165323257e-10
-1.338984756404926202e-10
-4.388580610026338036e-10
-6.484993653188553253e-10
-8.283566887978821569e-11
1.867425547530388030e-09
1.271763666599312614e-10
-1.604069099769844797e-10
5.375073719449119380e-10
-4.663195385390395131e-10
-8.716447563728024761e-10
1.267009830385745772e-10
-4.569538636367553863e-10
4.472690273704671426e-10
2.044008851065370891e-10
4.619598870103658328e-10
1.158362294972903328e-10
-7.433762494457596404e-10
-8.139774965165713638e-10
-1.524081416626188457e-09
-9.016331015132550419e-10
3.411845805878499505e-10
6.124863810574865397e-11
2.499059292837557678e-10
8.793359373981957106e-10
-5.686023873963108599e-10
3.172463125533653283e-10
3.523907832203576618e-10
3.018819916267290182e-10
3.409800497511383810e-10
-5.669235636496239295e-10
3.827464734040830763e-10
7.550423064550670915e-10
-6.446549405403345645e-10
-9.685471868969841580e-11
2.967742718240629074e-10
-3.108193979972639909e-10
-1.172323127462959746e-09
-2.424625500374588682e-10
-1.137935787265398346e-10
1.065089794138884827e-09
5.559513960307072011e-10
1.283204098534440618e-09
-5.294401028699269318e-11
3.379710955542236661e-10
-7.956355019267391526e-10
8.218312141927697212e-10
5.314412243606625452e-10
3.302965123630485778e-10
5.351214471538412454e-10
-1.470031318895337336e-10
1.090989937280184563e-10
8.139092733117081480e-10
-9.131014833130279840e-10
8.295037989825004843e-10
-2.513360353173510475e-11
4.470062653361139837e-10
-1.063902854703258072e-10
1.908800062455640045e-10
-1.249872982889144168e-10
4.051670665639051094e-10
4.713597845373840300e-10
-3.347930543906585399e-10
-2.945848565083508674e-10
-2.573603830047233032e-11
5.814194681263984421e-10
8.694218678328979877e-10
-1.499882162914190076e-10
-3.602912412858927382e-11
-1.593871007399272344e-10
-2.245409413959009726e-11
-5.328882890509589743e-10
3.038777007802195840e-10
-1.363808788124032390e-10
9.915299692409007548e-10
3.852741459198227858e-10
1.160212148576533764e-09
3.272235260531886070e-10
-8.208110857665928961e-10
1.024663687232418852e-10
-1.665691057306517564e-10
6.840829014365112926e-10
-9.445327853185858658e-11
-2.580689273390390781e-10
-1.491343715187554153e-10
-1.820097961235944695e-10
6.749235614833537511e-10
-1.068868105136289159e-09
9.985290372327426667e-11
9.180247534379404328e-11
-5.205618713866044800e-10
-9.161687519743111352e-10
-3.597617759254490011e-10
3.991680597170699230e-10
3.457382158345012613e-10
-3.799450198904708031e-10
2.718797409428930223e-11
6.049115097717105982e-10
-1.958127965329126141e-10
2.764619089212771996e-11
3.010597882102672429e-10
-7.604241680780887691e-10
5.982263018289302181e-10
6.658354423372259134e-11
2.381835284559485899e-10
-1.652688541575741965e-10
3.890867072975368046e-10
3.249200353216963322e-10
-2.784005248557264167e-10
-6.356686288455648537e-10
-4.562414335218534234e-11
1.108873215471817275e-09
6.962574961022482967e-11
-5.109878076225982113e-10
-8.933457862347893297e-10
1.148827921682027409e-09
-4.655603680348008311e-10
-1.770774221698800943e-10
-2.468496795859920212e-10
-2.210233662758298578e-10
-6.955926945551027529e-10
8.599213563442731356e-10
1.107135161326766593e-09
-9.473217765787467215e-10
1.587978082362440091e-10
-2.513654839830792298e-10
-7.934841672607717555e-11
7.283462721829891962e-10
-3.591694719418114801e-10
1.034923702292189773e-09
2.245981178816691681e-11
3.082137323140443641e-11
1.310919983676939182e-10
4.819893373309014351e-10
4.082916227332589187e-10
2.478694749452614587e-10
-3.568154383071231450e-10
5.972942140886061679e-10
6.460509904826494676e-10
9.838434511522109460e-10
-6.006768971111853261e-10
-5.378314460458000212e-10
-2.394952569595432124e-10
-3.983089413850393612e-10
3.298514794636275838e-10
1.702637336675749680e-10
-2.928337294871852237e-10
1.029632490379128740e-10
-3.920375690746880082e-10
-1.441990971073892069e-10
7.245339883610313336e-10
-3.133859283188655809e-10
-5.761779942048406156e-12
8.907755089104796298e-10
4.806696152215295115e-10
6.688325449033527548e-10
-6.563715126972624603e-10
-1.269557126093445731e-09
4.756173233033678116e-11
-3.955379357378774330e-10
4.611513948482581782e-11
-6.114770911835876177e-10
-2.805899124158628410e-10
5.674116038134613405e-11
1.707127356143089969e-10
1.599316790112936815e-10
-1.137427929620571376e-10
4.897761640698661267e-10
4.368594652692792124e-10
-3.587904418012044516e-10
1.829124074426147217e-10
-3.067041065563103075e-11
9.638179143678371474e-11
-4.160402578001765050e-10
-1.926200726698468202e-10
7.540239266301540511e-11
-6.502934857266495783e-10
3.489841748915978314e-10
6.164674326569752338e-11
-3.857739128143578000e-11
-2.424616618590391681e-10
1.034550001222100946e-09
3.986130314714841916e-10
-4.352955218500653700e-10
-1.602556976010305334e-11
9.476206486169758136e-10
-5.025031502015053775e-10
4.326855540526253208e-10
-2.995519110537969709e-10
-9.351500129817225115e-11
-2.398343745824149664e-10
2.532201948124424007e-10
5.834804861493125827e-12
-1.037779640000735526e-09
-5.758659105126184841e-10
2.873237758826974186e-11
-9.356881935929095562e-11
3.257429603831241138e-10
-6.337739777428907928e-10
2.757438721801008796e-10
7.646667743443913423e-10
-1.313085473686470550e-10
-1.384695275108427381e-10
1.865172738479969894e-10
-5.807483383080125350e-10
-2.517268060664434870e-10
-2.607053462000408217e-10
-5.062749663942156531e-10
4.786229745867842666e-10
1.104089708547917326e-09
1.615848566061117708e-10
9.802705314143622672e-10
5.450378481874906811e-10
1.099381030655877112e-09
-4.684090337825352890e-10
-8.696600106716800838e-10
-5.525684909635231179e-10
-1.215445744051635302e-09
-1.887480033380128930e-10
6.696269649886232855e-10
-2.084834527238399460e-10
-1.268957050548635834e-09
3.192962005904576017e-10
3.551783867017377361e-10
8.789273753251336530e-10
1.447355346684275901e-09
6.865785717735661819e-11
9.702105785436287988e-11
5.097402500098269229e-10
-2.464448367600624579e-10
6.984985367886054064e-10
-1.311344588472707073e-09
-4.937888431477688300e-10
-6.091734339186416491e-10
-4.958692900736139109e-10
-8.406130236338071882e-10
-1.268212757032927129e-10
-2.929306797128106155e-10
1.519707693020677652e-10
-1.790593506800775003e-10
2.255644976356663278e-10
-2.677101873516107844e-10
-2.437859636383876705e-10
3.187841102203492483e-10
-4.501314043725557212e-10
2.290270334492916504e-10
4.460720126608919145e-10
7.854560335474047861e-10
8.746363355793818073e-11
-5.993491813960361014e-10
-2.014524519422522530e-10
-2.522211606237334536e-10
4.093362315771287285e-10
-4.260859998161947715e-10
-6.953355669025995667e-10
2.742734928062873223e-10
2.797543308119543326e-10
9.305054504693544004e-10
6.535203489477225958e-10
-3.987166152796817187e-10
3.221242717010852630e-10
3.404085902047881973e-10
-4.369528072700745724e-10
2.450267211351331298e-10
6.314166967058554292e-10
-1.103385716128002514e-10
9.684364421502777986e-10
7.231188980938441091e-10
-9.333334105576795992e-11
7.844536686896219635e-10
-2.720632052977123294e-10
-6.900822691058294822e-10
-2.440735669129168173e-10
3.166114037611578169e-10
6.507534511257517806e-10
6.384798245662182126e-10
-1.103554747583501694e-10
1.036849495150704570e-09
3.375392743087957115e-10
8.945701956974971836e-10
-7.651096423089143173e-10
-3.289737926515101663e-10
9.584494309322622030e-10
4.719179491630143275e-10
-3.561035355481578790e-10
9.097123609969059999e-10
4.764866834428005404e-10
-2.859485426220942372e-10
-1.435627838830555447e-09
1.845056052385274370e-11
6.371932981252825812e-10
-2.068188675874438331e-11
-8.073046675605155542e-10
4.295483413407907847e-11
1.344192535057686655e-10
8.794257544408878857e-10
-1.653824022174177344e-10
5.723544971303340390e-10
-4.898153549426353948e-10
5.393833157896210651e-10
2.640770935258274221e-11
1.294733098511358094e-09
-4.326794478259898824e-10
-7.994013229151164524e-10
-7.125027234877734372e-10
-7.167260118734475327e-10
-1.479145250726787708e-09
8.848924926141421565e-10
6.317103506958687831e-10
4.145789544995892584e-10
5.626529242519495710e-10
7.552173331148992474e-10
-4.865248759422513558e-10
1.065205923467260618e-09
1.237380198304549594e-10
-1.872840771355299694e-10
3.015944161077754870e-10
-5.739141384353274589e-10
-4.505640860408277604e-10
-1.818332151515278383e-10
-1.125071424912249540e-10
-1.183295017526120319e-09
-7.130080414974315772e-10
5.277306369677603470e-11
-7.967094206584590665e-10
-2.483260541641385544e-10
-1.376864844360170537e-09
-4.571094613936566020e-10
-2.441347124459980478e-11
2.166106183310034794e-11
-4.207051373938952565e-11
-9.997410677087259501e-10
-6.644422234636238045e-10
-1.684091421871869443e-09
-1.045743269756371774e-09
-2.171494234426418757e-11
1.917557640451761358e-10
1.509183888970255794e-10
-1.672835064914224290e-10
-1.409450334222128731e-10
3.412778948330696949e-10
1.060949661457755155e-09
-1.022937956562941508e-09
7.387876976849838684e-10
-4.536676589950161542e-11
-2.304773177863594924e-10
1.107038238856716816e-09
7.315917871508759163e-10
-9.228626196566835915e-10
-3.204778109555661558e-11
-1.498176693814912142e-09
-1.077346989397653942e-09
-4.639064410394411198e-10
3.194473574552603168e-10
-1.596715815121996229e-10
4.561098720934353423e-10
-2.100939006099977746e-10
-8.974095078162491745e-11
-7.337766505521869931e-11
-1.132645088830486202e-09
1.476624267304771365e-09
-1.106084335233958882e-09
-1.580850450544346586e-09
-6.906002991691195803e-10
-1.073492628123062786e-09
2.749563909887342561e-10
-3.054634323262916951e-10
8.703676668275761585e-12
-3.105629087229999641e-10
3.811266580111549729e-11
-6.773640537360847702e-10
1.958133655222127345e-11
-3.956661664972216386e-10
-1.460112586393336187e-10
-4.308221557280944580e-10
-1.782439890130049776e-10
-1.151721384928805492e-09
-3.133997783510977797e-10
1.041906005916359845e-09
-2.709181212701139430e-10
2.964758161194680497e-10
-8.718434307830591479e-10
-8.794355244035045871e-10
-1.319044873326902234e-09
-5.087252841207146048e-10
-4.727530034109861390e-10
-2.411728872164786708e-10
-6.143383024515003399e-11
-5.982825346251274823e-11
-3.437036766307244307e-10
-1.624601286831506286e-10
-6.362358417888458462e-10
5.211179820996392209e-10
9.948348811406049208e-10
1.483823064418743343e-10
-3.244999824403294042e-10
-7.248868172382572084e-11
6.145169928473137588e-10
1.644664293642961184e-09
-3.124887848482416075e-10
2.896602402380210606e-10
1.289056084097239818e-09
-9.479019791314158283e-10
-1.026630447320542316e-10
1.911578673130520656e-10
-8.662703887551970183e-11
5.388826052055151195e-10
-3.617008914602592995e-10
6.374671901454576073e-10
8.485922520229394195e-10
5.724662410777625610e-11
-7.383069156041699443e-11
-1.447000436138878854e-10
1.199359916936870718e-10
3.245806956542196531e-10
-2.330924342430762408e-10
1.091365053884629788e-10
-1.446517017278381445e-09
-1.110689984429313881e-09
-5.501090694082222399e-10
1.549646660992110014e-10
-1.960720696914108885e-09
1.365111079731917698e-10
8.117888028458253302e-10
-2.456695957775423267e-11
-7.553491165879222535e-10
-2.248506381086201600e-10
4.004607756513678396e-10
-1.125126880552329567e-09
1.100529889441759224e-09
-8.973571330450624828e-10
2.475820659597616213e-10
-8.393742367829304385e-10
-5.019693549712656022e-10
1.587014408777065455e-10
3.327141895326235499e-10
3.595943542933355275e-10
-6.176301692306651603e-10
-2.743492100165667580e-10
6.092006898938961967e-10
7.037548321875419788e-10
1.551825334900058806e-11
-1.266450833092847006e-10
-5.480876863472872174e-11
-1.911841518431600662e-10
-7.720751815654125494e-10
-3.078320931493294665e-11
4.725622670953555371e-10
2.483691585730696261e-10
2.434691059871596508e-10
-5.852061613076386948e-10
-2.352744110645232922e-10
-5.029329730454890068e-11
6.200234214936983790e-10
9.699653302774891017e-10
-2.366407070297782411e-10
-5.954616799641598845e-10
-1.596244109114408616e-10
6.138027863755723956e-10
-6.703434474175651303e-10
2.876275329022348615e-10
2.582705160847353909e-10
1.312374930950710450e-10
-5.878987852092620869e-10
1.417960415750485481e-09
3.142673898892667239e-10
1.360951351614403393e-10
-7.517763633835272685e-10
-6.785180750590313892e-11
7.798696133320959234e-10
-7.316672823165504269e-10
-6.416134290532227169e-11
-9.765726005639407958e-10
-2.938165821753102591e-10
-1.112285041848792844e-09
1.013563122320704224e-10
-3.113646840358086365e-10
-2.063248877304246776e-10
-4.021519783847793406e-10
-4.000573483597946733e-11
1.776510050177648736e-10
3.745370680263704344e-10
-8.728073819241899400e-11
-2.531866938326743366e-10
3.812339333109093786e-12
1.525224391230040055e-12
-7.714704430838992266e-10
-1.010465044970487725e-10
4.172014955727831875e-10
7.629260556640815594e-10
-4.396617792057355700e-10
1.095836310582853912e-09
-3.685056426672161933e-10
-1.848533826009912673e-11
-4.510281037539698445e-12
1.516367864606849025e-10
-6.682418507431009402e-10
-4.769873385157552548e-10
1.065331822758253111e-09
7.535737589492441657e-10
3.642389723168548699e-10
1.407894467675419037e-09
6.039510558331073753e-11
2.528397491374789752e-10
-4.295507838314449600e-10
-9.013256807577363361e-11
3.495836953248954160e-11
8.062875922476564483e-10
-1.746036371041981283e-10
7.671291379907074770e-10
1.803258098398430320e-10
-4.089227567671827046e-10
-1.337914640187065629e-10
-5.313414153107487437e-10
2.275488131253666779e-11
4.946045795151121638e-10
-7.207987540169824570e-10
-8.603117662708825719e-10
1.174035313411536663e-10
6.139785901915217892e-11
-8.738649248662966329e-10
-1.883084105314125622e-10
-8.990704847278152556e-10
4.178771773055700578e-10
-2.579528257662389024e-10
-4.915927664939090391e-10
8.656443617471865082e-11
4.753575311156055250e-11
-2.538944332552972583e-10
4.847267032204172210e-10
5.973829764194249492e-11
4.328264968656014844e-10
-1.255163334379361117e-11
1.053393039462946490e-09
-7.649535449516520202e-10
1.720180109465729856e-10
-1.766791157820080116e-10
-7.611545838059896596e-10
1.308572805669427908e-09
-4.018386179360788901e-10
4.585084534269867618e-10
-6.251008599633678386e-10
4.571626688321117626e-10
-8.043007371227872682e-10
1.154156492599867079e-10
4.786446239357644572e-10
-1.033677032857838185e-09
-3.319530483825161582e-10
-1.008258809775952614e-09
-4.703931688609941375e-11
7.212327401973084307e-10
1.006570105044346519e-10
6.541033270579532655e-10
3.404067305812219502e-11
-1.144986883083731755e-13
-1.226353019134762690e-09
-2.658273601241489814e-11
-1.031454477384841084e-09
-1.335392019186087964e-09
-3.476967325166668843e-10
8.437541221262279123e-10
3.818446669967556772e-10
-7.270488378008366226e-11
7.843613536451243817e-10
5.819209558666216253e-10
-2.219744110742993826e-10
-6.173634381489989664e-10
-7.184067229992763259e-10
-9.554435020930895917e-11
1.236949209726390109e-09
4.442620438194211374e-10
-5.028633065506937783e-10
-1.421174566917926541e-10
-6.154522447232579907e-10
1.092756884979451115e-09
4.899122774126851709e-10
4.340599824015356489e-10
-3.128565739807243062e-10
8.388928440794529706e-10
-6.003625374617627131e-10
-5.830506216719655299e-11
6.826382237257178076e-10
2.645297314529670984e-10
5.642898925906081331e-10
-1.023878315464799016e-09
-1.257810966492911575e-09
6.510711969553995004e-10
-6.515515904581548057e-11
-5.681493608911125648e-10
4.681579013343650786e-10
1.383941072852223897e-09
-6.651957873415881295e-10
-2.352433248198337878e-10
-1.382698511243063422e-09
-1.051725373457657042e-09
6.901862414920856281e-10
9.535895406642680427e-10
1.683466144264400555e-10
-9.859129068701122378e-10
2.158984102607064415e-10
-7.534458612568073477e-10
2.388561570754177410e-11
3.628389255716513162e-12
1.184128350928403961e-09
-6.201322788612628756e-11
1.267560362228081772e-11
-8.145678576099157908e-10
-1.355745515851936034e-10
-1.014615946814956260e-09
-3.505461199093673486e-10
-1.758973522392182076e-10
-2.183175862313646576e-11
-3.616257848726434077e-10
-5.263857683068806637e-10
-2.332975757024513541e-10
1.070355137855472094e-09
-2.371367824327563767e-10
-5.962101923273621651e-10
-4.350086957316534608e-10
3.801849668416679151e-10
-7.177972660699083463e-10
7.511442579044569356e-10
-8.466679024543566356e-10
-2.199944948433341096e-10
2.903534634945970083e-10
3.225817946095332900e-10
1.022608331346930299e-09
5.585396589680158286e-10
-2.432616608150084403e-10
-6.485046943893735261e-10
-1.436581409386405994e-10
8.536972795347708143e-10
-1.892844769812995764e-10
5.384143131337282284e-10
5.052971374652770464e-10
2.492734907377780473e-10
-1.055105780523035719e-09
7.555105430157027513e-10
2.022012279834228821e-10
-5.411873726934857132e-10
5.558418170181766982e-10
-2.707613577790368709e-10
4.472204273575641764e-10
-2.365036499973882655e-10
-4.557930421977829383e-10
6.401043584070009729e-11
-4.705662526305331994e-10
1.867608845351753644e-11
-3.568710327250812497e-10
-8.881402280280781270e-10
-7.898302012421254403e-10
-3.211870214236967058e-10
5.475822018041753836e-10
4.547244802921568407e-10
2.846093916097913734e-10
3.729301034649523672e-10
-1.295066831552560416e-11
-2.107991281530274819e-10
-1.026432938644461501e-09
-3.143156013241110713e-10
5.497000077347991009e-10
-9.725751315414754572e-10
5.078196751995278646e-10
1.024263673876646408e-09
3.481006038974499006e-10
-1.760169648923337604e-10
1.095734836198403173e-09
-5.255840207496476069e-10
-9.930807287616971735e-10
3.498856204764422273e-10
-1.036624563965915513e-09
3.357069899845299688e-10
3.261643177765449764e-10
-2.982492031122774279e-11
-7.444905802955759100e-11
9.648587484534232317e-12
3.924429531343420763e-11
4.204442349831083447e-10
-2.285082262298843148e-10
-6.349678560724214549e-10
-7.666974832787332161e-10
3.313355839695830696e-11
3.217972277536063075e-10
7.092565423860719420e-11
5.491916366118232418e-10
5.741899733457955790e-10
-5.977680017643649535e-10
