-1.061419424575049675e-10
6.836073929150643380e-10
6.114689865555078541e-10
-9.871707618014369245e-11
-3.513154767098569664e-10
-1.190988002663928569e-10
1.145220446252537272e-10
-1.912574820739365578e-10
-4.679002740815008110e-10
1.133132546127235685e-10
-6.523828699478428916e-11
1.544034899936264082e-10
-2.010191457735288623e-10
-7.781946198548439497e-10
-1.869932680920172174e-10
-1.570895080682532807e-10
-5.474801167970611004e-11
2.430322609825452673e-10
1.192472370847852403e-10
2.565227474882192382e-10
2.825817010942976992e-11
5.775868672230899392e-11
4.640607620398640165e-10
-2.228727619124626358e-10
-4.602216385762858408e-10
-1.606065558323876985e-10
3.888493693704475618e-11
-6.029690635678264243e-10
9.486109120437902220e-11
3.641151269384579336e-10
1.652699921361744373e-10
4.266934028329671946e-10
-2.080997735243172997e-10
-1.811905903092991821e-10
2.712078617239654932e-10
-1.907238811327260919e-10
-3.248941116140713348e-10
-2.138920013328160508e-10
-3.829797590171324373e-10
2.297771140025162140e-10
-2.048938657628340820e-10
-2.169087826020543730e-10
5.403257702374375526e-11
3.275675286573687117e-10
-2.949055444290138439e-10
1.921652420522335092e-11
-2.826480161033373406e-10
-3.006457582888089064e-10
1.084409229079597026e-10
-1.467222315865157611e-10
-2.720312308746031249e-10
-3.978357643319441195e-10
2.837345358663867501e-10
4.810485343398340774e-10
-3.315079877275195486e-10
6.032851995740884377e-10
-1.670974469902830606e-11
-2.773182239401705829e-10
1.574251701219608890e-10
4.308914891559822991e-10
2.194876502770171101e-10
4.235768957805419177e-10
-1.536396426748964927e-10
-5.652184276172533828e-11
3.394561298719622755e-10
1.645143743456145558e-10
1.036949137667164678e-10
-7.797142098642240171e-11
9.708538140085209989e-11
-4.857303448346783625e-10
3.441760765277024348e-12
3.087330946449640123e-10
-1.664391402478315740e-10
-1.328867293981517150e-10
-6.345648312366947152e-11
-4.706864897841001039e-10
-1.444395991700986315e-11
-5.301321048811757919e-10
-3.078692578650787937e-10
-1.511288039157676621e-10
-1.461371301747504958e-10
-1.035708185881389909e-10
-2.694281464599157516e-10
-4.431657818493306422e-11
3.214011834451468985e-10
3.828578842846042107e-10
-4.388407692790252668e-10
2.295736656332536541e-10
-1.700745932975422647e-10
-4.237721284994222515e-11
-1.455415926665537540e-10
-1.913211394866110027e-10
-1.298638419022779544e-10
1.563412177496559252e-10
-7.205849250624396518e-10
-5.079669462837443916e-10
-7.122200051945526411e-10
2.600446802336620067e-10
4.068818060254386637e-10
2.128087983610527090e-10
-1.732378823726676842e-10
2.099795892718248069e-10
-5.908099565132829412e-10
3.202041964911472860e-10
1.633883028873128751e-10
7.107137101058924600e-11
-5.454825480200042875e-11
5.789766444053157102e-10
2.382272712431188211e-10
-9.850253945842268877e-11
6.073507252679632984e-10
-4.745639436976034631e-10
7.158751369473748127e-10
4.124552366313594121e-10
-3.428820005701993523e-10
-3.987599694887933310e-10
-4.729894809152312973e-10
1.322372489287459985e-10
4.562056843404604933e-10
2.377775754069944014e-11
-1.002173677377982131e-09
-2.983265301459425700e-10
8.783954674740357405e-10
-2.577072444331918177e-10
7.559439185733651811e-12
-3.187108355007239879e-10
-2.141847255110462811e-10
3.511543833489838562e-10
4.070723202964643406e-10
-3.081980781693971494e-10
2.832162004917648801e-10
-2.138126620199187755e-10
-5.295178184816506928e-11
3.544042836978178457e-11
4.194394831458225781e-12
-1.742779809354999543e-10
-2.541767352148838199e-10
-5.118739876408540113e-10
-8.060584144597982004e-11
2.153997258336204368e-10
-1.460149362531026895e-10
-2.842557023097214142e-10
-2.773767882047195599e-10
2.886564320903062253e-10
2.213651761895363279e-10
-4.833258793190964298e-10
2.389333730867804206e-10
-2.675468735446884239e-10
-3.147544724857453957e-10
-3.236942380802076968e-10
3.020766414785214238e-10
-3.025501793540996687e-10
-5.960429372287023853e-10
6.164368460126468108e-10
-6.441390199007912543e-10
-5.972137229193208441e-10
1.418031803090968879e-10
-3.462681807953060797e-10
9.730338756952505719e-11
-1.481004763270732383e-10
2.952552091706195370e-10
3.430015438343758660e-10
-3.994779507188184198e-11
-3.324828190542916673e-10
-4.870723824268452518e-10
-3.997304709457694116e-10
2.461069126269421758e-10
-1.032156582425614033e-09
-1.097860136134443110e-10
-1.056967569024180875e-10
1.229194246388232159e-10
-1.615744898986193334e-10
1.597567911293396037e-10
-7.184386419112342992e-11
1.553639439322296312e-10
-7.158572623566783477e-10
3.611810572845541856e-10
1.946364180938076061e-10
-3.296982964418049278e-10
3.582313612415788384e-10
1.212851624687871777e-10
-1.183987352604276566e-10
3.047551100365808452e-11
1.124692422527218127e-10
2.014461375487996975e-10
3.023099270915707848e-10
9.292945302163957422e-10
9.748559737232653788e-10
-2.928897124832019472e-10
1.408534400226812977e-11
5.944419262382538705e-11
1.439251079426995261e-10
6.366908111843372353e-10
8.832718445539455843e-10
-3.680699633967776663e-10
3.144022264756074492e-10
1.869274457444447535e-10
-4.787329421773733884e-10
-3.334665876764120185e-10
2.472443083600950331e-10
5.275198056153840298e-10
-3.685247662588153617e-10
-2.631158624311069616e-10
2.882808158854999192e-10
4.331550673697392995e-10
5.750233622592304528e-12
-4.230793493320561538e-10
-4.044236057154648734e-10
5.736079389251358407e-10
4.494588312642378014e-10
6.154189935436704673e-10
4.123436037062333526e-10
-7.843715676969509332e-10
7.946907576439343757e-10
-3.144519367115350406e-11
3.929105374389507688e-10
5.058192753537582576e-11
6.901935967196237698e-11
3.344797216975337051e-10
-4.762467156749217168e-11
2.393391596022809154e-10
-1.329627935531263461e-10
-1.600089366560197846e-10
-9.278583457117406397e-11
-4.544712661758154582e-10
-7.855311540128084857e-11
1.553697448475332976e-10
2.044218128105512733e-10
5.539051162184449595e-11
1.705866836676506182e-10
7.535841950456756422e-10
3.571946627367594829e-10
2.183043468217960026e-10
-1.820958245302151113e-10
5.939665981280484175e-10
3.919227442583661514e-11
-5.111042700178813902e-10
-4.204013526187821981e-10
6.053597068067517739e-10
-4.365929839877935592e-11
-2.860939818383201327e-10
-1.051431164356131376e-10
7.568110027555974284e-11
3.015487859414633931e-10
2.836750001566912260e-10
1.670801275110989081e-10
4.844749046384322355e-10
3.092394396109199306e-10
3.380634661098724791e-10
4.774619588587825092e-10
-9.416212254365063927e-11
1.557132617291401289e-10
-3.987760677226503958e-10
8.670021367507274590e-10
2.391083442354613453e-10
-6.248514483608857972e-10
5.659790414114240775e-10
4.458667879347899543e-10
4.635275219211365538e-10
-2.055454417781987786e-10
-5.395924818074604445e-10
1.091161605515367228e-10
-3.410760562871928414e-10
-2.200831600296382362e-10
-4.626640182081587227e-10
-4.178342949412439111e-10
3.769733969427591092e-10
6.844615985102109335e-10
-3.737099796286003084e-10
4.883263793331593661e-10
-2.251837744049467460e-10
2.315100194882901974e-10
6.407862018775745128e-10
2.493947270920671144e-10
-3.286303451588423741e-10
-3.784449420507485229e-10
7.232291154846137715e-11
5.082370635456356922e-11
1.128899057567522846e-10
3.286179106609665723e-10
2.511549579420346845e-10
-2.566327705899595912e-10
1.079180633745124851e-10
1.855056525057463546e-10
-5.399419245044612126e-10
-5.809697722902740225e-10
7.125380147021687094e-11
-7.127393120143210581e-11
6.208181746458762973e-10
-2.425125655847182315e-10
9.805203871060541587e-11
6.905176430649362374e-10
4.488664717694490491e-10
-1.648545466803597037e-10
5.702499028537033610e-10
3.029205219995390053e-10
1.480879863180462053e-10
-1.270125116192843961e-10
5.073146347456258809e-10
-5.258407043129409431e-10
-5.578382200610576547e-10
-1.926845905053653496e-10
6.596747592624296885e-10
3.991349195597848620e-10
4.547442977731463998e-11
3.385763613916736858e-10
2.334307469542551416e-10
3.069915432973857605e-10
2.200624127368655536e-10
6.868652174807365896e-11
-9.804811129665580438e-11
5.425390137148156100e-10
-1.405306565560593413e-10
4.928235597390084877e-10
-9.885509077989240723e-12
-1.808344307629994319e-10
-3.066435994014682365e-10
1.750800893152160143e-12
1.090584289542562146e-09
-1.787842096589997709e-11
-1.224912671293765243e-10
2.895165496230589497e-10
-2.729038661719584979e-10
-4.534986552950925898e-10
1.510340463806159050e-10
-1.928455728439359973e-10
3.109991153493751881e-10
2.192333536932267180e-10
3.215243349341534440e-10
1.732755883221415161e-10
-3.910892165670531995e-10
-5.412831849405108642e-10
-8.754399982713323425e-10
-4.600912983931948474e-10
1.764043910945645166e-10
9.760785235624069855e-11
1.862636433980213724e-10
5.387655876987196280e-10
-3.261630965312178887e-10
2.134895038530260081e-11
1.957019268861159844e-10
2.459672743260199468e-10
1.961223405899659156e-10
-3.849895124918845113e-10
1.754387746188967867e-10
3.983613716673772842e-10
-3.447033769532481529e-10
-1.278060712817108424e-10
9.757661345588530821e-11
-2.080094430034762354e-10
-7.564684434413493364e-10
-5.088587884394257799e-11
-5.313514905846972169e-11
7.338161744918636487e-10
3.731819020469373527e-10
7.397150669774532616e-10
7.438191729214338466e-11
1.634785362636392847e-10
-5.201807873334018950e-10
5.098502731115672759e-10
3.889094324360797827e-10
7.363983034469612221e-11
2.394571207986473382e-10
-1.139465466426514695e-10
1.101990304563926770e-10
3.859013941731603836e-10
-6.192610868538395152e-10
4.062889191747132145e-10
-8.853810046227650332e-11
2.430503021066954261e-10
-2.398625742472404454e-11
4.411201959264587913e-11
-1.416180506197406430e-10
2.575432089813034509e-10
2.720646485876443421e-10
-2.232413975900016112e-10
-1.765215751348137019e-10
3.246317450966706986e-11
2.241138108427520592e-10
4.820160937057949013e-10
-1.123008491754617921e-10
5.560135685200862099e-12
-1.753727996156584368e-10
4.461806618616392939e-11
-2.778577645745627933e-10
1.395337734244606054e-10
-4.684364007800922991e-11
5.767787358834652878e-10
1.015807160609227822e-10
6.577006717023436977e-10
2.134026011457734739e-10
-4.286710708623076016e-10
5.407160830195323342e-11
-9.238156767343852493e-11
4.200474690296829294e-10
-1.325899112725181794e-10
-6.450918271783123714e-11
-9.966910630154757200e-11
4.173800194351429127e-11
3.316748264925450940e-10
-6.388197748563584355e-10
1.655897780006299058e-10
-8.127725575901578736e-11
-1.954379713620113534e-10
-5.406743941449576596e-10
-1.930631071678234889e-10
1.719455688942161942e-10
1.808076605103181578e-10
-2.084696026916077471e-10
6.976710875683522772e-11
3.797884229328474248e-10
4.074356130256973074e-11
-3.769609624448833074e-12
2.724360737005326882e-10
-4.819346588469386461e-10
3.096879419572928782e-10
-1.114189990270020303e-11
1.296794893690389472e-10
-8.940997942019635047e-11
2.388086117743881687e-10
1.620300421611986508e-10
-2.351783212617419849e-10
-4.172859557893815463e-10
-1.530091470192118663e-10
6.356501991433560761e-10
6.124750706604231709e-11
-2.626362460844688940e-10
-4.298966460591913119e-10
8.228634995610661917e-10
-2.883487060234557475e-10
-1.096651935927894783e-10
-1.546393846307836384e-10
-1.285712369902825003e-10
-5.304736094835504900e-10
4.234940731429048810e-10
5.783844514439806517e-10
-5.918971979212983570e-10
1.839752239440883841e-10
-1.937548732566796161e-10
-1.365465102098895045e-10
5.028700233999927605e-10
-2.281319438912632336e-10
7.311557470579543860e-10
2.226857587217523360e-11
-4.321668023443692164e-12
3.194151193541827638e-11
3.078641785947411336e-10
2.011873445617595735e-10
7.567148296860892742e-11
-1.675798111389070755e-10
2.353726935577782342e-10
4.950579390872178465e-10
6.185159051597111102e-10
-4.462548108818964465e-10
-2.185646108543437549e-10
-1.384831138651065885e-10
-3.491950617551253799e-10
8.922612648731842455e-11
5.017235932269770160e-11
-2.234979840087802927e-10
2.387138264836607959e-10
-3.233769640953454427e-10
-2.026994683212990367e-10
4.596140967816353395e-10
-1.878467936755612300e-10
-1.310630909356902407e-10
5.321388885093369936e-10
3.859317587728838816e-10
2.379192676205121870e-10
-3.298946671392855023e-10
-8.205952584106057657e-10
-3.503092260714879558e-11
-1.617922323893239422e-10
1.416052414215940303e-10
-3.119614011559690425e-10
-1.118622139362202006e-10
1.254492065783097132e-10
1.562326656934232005e-11
5.755944332275220177e-11
-4.104089290635215548e-11
1.629714557749295523e-10
2.967899259687101221e-10
-2.307280061453198527e-10
8.387135430609760078e-11
-8.654263417007257431e-11
-1.589886555741770735e-11
-1.965745621834713575e-10
-2.330357434798813188e-11
9.659680000329018412e-11
-3.458081321294770305e-10
2.220914008255192584e-10
1.442883867941446852e-10
-3.176958696116116698e-11
-1.926093590176591874e-10
5.545099934778363604e-10
1.743147848287662782e-10
-2.652717212558997062e-10
-3.236019785468613463e-11
5.478966169647492279e-10
-3.897230316241007131e-10
1.633124746547309769e-10
-2.198340398607001589e-10
-2.336332516339467702e-12
-1.330469623361807407e-10
1.584400666221341680e-10
4.295838684775787897e-11
-7.046483396777603048e-10
-2.641298291194971171e-10
-6.838696275934808000e-12
-5.061351338042641146e-11
9.622744268078520236e-11
-2.571458879163657230e-10
9.828238223263952023e-11
4.298279510095426303e-10
-4.177325152454613999e-12
-6.059189261442554653e-11
2.062754550502532425e-10
-2.941641374931691644e-10
-3.126557346355696154e-10
-1.481894190691335211e-10
-3.205131160477492358e-10
2.649973851465148300e-10
6.048486711485168144e-10
4.397285313650911576e-11
6.325000523332846569e-10
4.327231906131601136e-10
6.905894744946294850e-10
-3.741488230346590171e-10
-4.736958048034978219e-10
-3.667892378711457013e-10
-7.048591155189853907e-10
-5.133131419920999861e-11
2.354743899868338985e-10
-8.585712696351777140e-11
-7.531166801300059888e-10
1.434823371226912059e-10
7.344105878992479575e-11
4.869226688519745494e-10
8.249558813844259930e-10
-6.084266424011275376e-11
5.515393697308468290e-11
3.683151006406149008e-10
-1.738891391989128010e-10
3.941407200613866735e-10
-6.709257593939810249e-10
-3.793675096286364123e-10
-3.920244961985730470e-10
-2.943987831294236912e-10
-4.757652605213991137e-10
3.696355721505284464e-11
-1.691961293293076096e-10
5.643063794025238167e-11
-1.961827644780811397e-10
1.180248260235217117e-10
-1.106025340757987863e-10
-1.349768630198866504e-10
1.474346061902664928e-10
-1.882205086234378655e-10
1.199564475529157903e-10
3.934610970368623839e-10
4.470189773897459418e-10
8.933954964707169211e-11
-3.709816898123108331e-10
-2.965526435527721105e-11
-8.422659791840203525e-11
1.571335561667552838e-10
-3.154281280615123251e-10
-3.700860728983457193e-10
1.736564919641025995e-10
2.246529351435100352e-10
5.697440297325329084e-10
4.688953669784723388e-10
-3.182373253807213587e-10
1.895440054910935146e-10
2.901694162726897730e-10
-3.085627864329865133e-10
1.187789172574227337e-10
3.748563404126770138e-10
-6.646155847889190227e-11
6.501829075133969127e-10
4.347066595578041870e-10
-6.868933200010474138e-11
3.321466990335864011e-10
-2.077527871957585148e-10
-4.645426265881269501e-10
-2.303387203195228494e-10
2.353156836054637324e-10
2.544975619134248745e-10
2.708883672930539888e-10
-7.936928198004622459e-11
5.690823368098563151e-10
1.808772159828109238e-10
4.234164963090591982e-10
-4.055227820209950096e-10
-2.327626841269747615e-10
5.629806620888189173e-10
2.918155439513014926e-10
-2.677902621872618738e-10
5.465413677185892993e-10
2.588825820382112397e-10
-1.614809674865824718e-10
-8.304356646782196094e-10
-3.198212875088479734e-11
3.835217976533300543e-10
7.223461412353415767e-11
-4.325365898782962404e-10
-3.877703713683899878e-12
5.783548640003743913e-11
5.281721171535025405e-10
-8.636188986166359882e-11
3.423881178576948514e-10
-2.295761497572712528e-10
2.771536888879211347e-10
1.117329562205782167e-10
7.935054835428445585e-10
-1.866664323113553792e-10
-4.065561498567404897e-10
-4.393801988911150147e-10
-4.821452126435588070e-10
-8.828635600366396829e-10
4.977035450437483632e-10
3.873660836539727370e-10
1.553827760902848354e-10
2.997841141993973224e-10
3.439663553983507427e-10
-2.203388166366337941e-10
4.311455081840165349e-10
1.077460620724224327e-10
9.618347784901004616e-12
2.329641202170051884e-10
-3.355072053512486718e-10
-2.124698750272102643e-10
-1.473150490483021713e-10
-1.086322837240416561e-10
-6.420681764041091810e-10
-4.432311739854810639e-10
4.293140842825948766e-11
-4.374486328728721674e-10
-2.476076843560548468e-10
-7.464291962300251271e-10
-1.593217502371402361e-10
2.057909398445190163e-11
5.137665987087203234e-11
-6.847897249251388985e-11
-6.509046635017057270e-10
-4.300341749363667532e-10
-1.039556329907043164e-09
-6.002656149917129369e-10
-2.842213270293214578e-11
1.134958516058048872e-10
-1.532513005386704208e-11
-7.817367586593348960e-11
-1.236626911982341426e-10
2.474690730114303960e-10
6.653007589285664380e-10
-4.511212237101602796e-10
4.873950687489525535e-10
-1.308412822531579423e-10
-1.817671013704114102e-10
5.803542091342706044e-10
5.252113188802809418e-10
-5.836444660900497183e-10
-6.762368442991828488e-12
-7.960465064904553856e-10
-6.838006272325003465e-10
-3.120144975721217406e-10
9.483798468767901113e-11
-5.672722014349318442e-11
3.030332373921140743e-10
-9.906477027588067585e-11
-3.007669113763711266e-11
9.929765343308361025e-12
-7.775816102117971695e-10
8.263510986594724272e-10
-6.258455975682863937e-10
-8.957531938413865191e-10
-4.633806116594030300e-10
-6.882378000838684784e-10
2.374475338573489580e-10
-1.622553341684707107e-10
1.812895666919445148e-11
-1.010852512806081904e-10
-8.727623485027535821e-11
-4.095873640252989389e-10
2.493574791095909404e-11
-2.390186382150716327e-10
-2.287073655460325483e-11
-1.990930476036822938e-10
-1.040038402622123215e-10
-6.662578266869445542e-10
-2.087833655961546242e-10
5.458408169900508256e-10
-1.893489115500912590e-10
1.059663815028422107e-10
-4.477937742830562229e-10
-5.587988405331145714e-10
-7.517376165999678506e-10
-2.697291834330428628e-10
-2.931934972583150056e-10
-1.767818669229370698e-10
-5.273730063759529685e-11
-8.088545111473166571e-11
-7.296127590983303435e-11
-1.141277350402702950e-11
-5.624071208742975614e-10
3.142582305493135664e-10
6.126726348476552175e-10
1.062315513333800254e-10
-1.139532843086321634e-10
-6.266989704961645202e-11
3.583853769306699633e-10
9.290921365590065761e-10
-2.066302684511356347e-10
1.616433098483582853e-10
6.106322114618478736e-10
-5.153960036530236266e-10
-2.667177589898983570e-11
9.468301837012305100e-11
-2.139821653202034213e-11
4.312605828005189323e-10
-2.117342134955180200e-10
3.524280867139850670e-10
4.974307077354467310e-10
-9.586936799976797374e-11
-8.066745882384651622e-11
-8.525205541509706109e-11
1.857666520610479211e-10
1.913821323640263472e-10
-2.542240029601572360e-10
-2.807495902423795542e-11
-8.855660649231822390e-10
-5.887695331274755972e-10
-3.233529555224379237e-10
1.047738076853654832e-10
-1.105949554158769388e-09
6.270280128450878010e-11
4.984913037908711431e-10
-5.044076267779473710e-12
-3.799830727846398304e-10
-1.649210490395347506e-10
1.517234116121812804e-10
-5.857189178115618233e-10
6.247034001205520326e-10
-5.283453674564952962e-10
1.524017717580150588e-10
-6.503093619159017180e-10
-3.827242966991661888e-10
6.834904864305713090e-11
1.990982656518980320e-10
2.132004295329892329e-10
-4.117741980724787254e-10
-1.240674785130124747e-10
2.622862482759558134e-10
4.020507815560847575e-10
5.629607890966781270e-12
-2.280801936205278935e-11
-1.647705583085468106e-11
-1.796824078414971382e-10
-4.368961858958186895e-10
1.084370995774186497e-10
2.940342969104392523e-10
1.738797994477181419e-10
2.048671926546674626e-10
-3.548817351095578942e-10
-1.484646572347259053e-10
-4.341230153137587422e-11
2.681090072176317562e-10
4.858444757616098286e-10
-1.094922763567041102e-12
-3.761126132761916097e-10
-1.634790636195759816e-10
2.693001655007520867e-10
-3.491100741825903242e-10
5.601766273066743906e-11
5.266120872704505018e-12
6.543610792109078034e-11
-4.108682560843845977e-10
7.115933398083029715e-10
1.758108658655999079e-10
8.967958320393876193e-12
-3.338277432263225819e-10
-1.271883987019606366e-11
5.164647598476790336e-10
-2.979664293079054005e-10
7.401884660751534284e-12
-5.618592258116450466e-10
-1.695036888627043936e-10
-6.196115842627136772e-10
-1.287347450862341702e-10
-2.700140666611616780e-10
-8.711484311696437999e-11
-1.933776749840632192e-10
-6.021652620979978110e-11
1.449501352279725097e-10
3.339596932327992818e-10
-7.464096007936404931e-11
-1.268769950213410880e-10
1.660097059819065635e-11
-7.909603527700426184e-11
-3.835308182154051337e-10
-7.836402360350547269e-11
7.085423220365427710e-11
3.148549476694739724e-10
-2.990254155399441061e-10
5.418850368421601615e-10
-2.198625725924330254e-10
5.481545772845208830e-12
-3.966513228981227712e-11
1.472665600577016676e-10
-4.575874401613333475e-10
-2.367920304280346500e-10
5.801611968614395209e-10
4.656371954681048919e-10
2.204047500065087206e-10
7.134919322027144517e-10
1.062902682535948884e-10
1.446700814700108140e-10
-2.291846712410006148e-10
-1.296353857593857128e-10
-3.037703422137383313e-11
5.097056110514586180e-10
-1.614491457191391532e-10
4.354103189108116112e-10
1.084985157273621326e-10
-1.466256976945246038e-10
-9.655189148194409654e-11
-3.073624410543374097e-10
2.670738630250468759e-11
3.327152997556481751e-10
-3.681674964894909863e-10
-4.487665794528084007e-10
4.946272905148596521e-11
1.160042895076429659e-11
-5.075510567387198080e-10
-3.727973485467828141e-11
-5.685069082161930965e-10
3.740293630372093503e-10
-1.075791400406700404e-10
-3.062035902612336713e-10
-6.126951723750551082e-11
2.009838129257701667e-11
-1.193200815929884584e-10
2.414369260073101486e-10
-2.299345783218775807e-11
1.717736786144286043e-10
2.311595359572038433e-11
6.626801329900899873e-10
-4.578262768895058343e-10
1.000403093698309931e-10
-6.116659956312275881e-11
-4.889322280376973140e-10
7.486696262937186930e-10
-1.560634399488947111e-10
2.445514901694423315e-10
-3.262011771809625316e-10
2.220086614546090686e-10
-3.845297413818116183e-10
2.121972042523623259e-11
3.816659210897910270e-10
-5.658662427521221616e-10
-2.082974903672152323e-10
-5.712523787337886461e-10
1.179922826111123868e-10
4.494294658652364660e-10
1.084395351291789211e-10
3.248004643019442028e-10
-9.285591739960352697e-11
1.915778646832677623e-11
-7.266124923965833204e-10
-7.349788833099779595e-11
-6.386031703442540675e-10
-7.311556915468031548e-10
-1.663109372440629841e-10
4.804607267594462883e-10
1.449959458055261052e-10
3.675559856475274501e-11
4.706706691059991954e-10
3.568524364894187784e-10
-1.262882715069579831e-10
-3.108578394694916369e-10
-3.902713707759630779e-10
-5.720771079076314436e-11
7.559606274298857898e-10
3.012405325186762184e-10
-2.776246454949671261e-10
-1.149212669471211257e-10
-2.574253588072394905e-10
6.674978902942996228e-10
2.623514183675013101e-10
2.125623149717981164e-10
-1.997693815924961314e-10
4.829576738529794966e-10
-3.350643651423013125e-10
-2.637606799638092525e-11
5.380070278171444897e-10
1.963611773181384024e-10
3.201172105171679050e-10
-6.674250596638842126e-10
-7.138432067677058512e-10
4.125979002900237447e-10
-2.641627888655406764e-11
-3.068232612424282024e-10
3.134860704356867700e-10
8.005530682808625897e-10
-3.678193305489685372e-10
-1.760172285703021089e-10
-7.747503749655493266e-10
-6.258938922698575880e-10
3.928881664450045719e-10
5.221000298760714031e-10
1.020214121516538341e-10
-5.618283616115604673e-10
1.444356301227855965e-10
-4.300789724354103782e-10
-1.762162638030417838e-11
1.751784134418343797e-11
7.610143071268282711e-10
-6.624675807920255011e-11
1.151006026600676080e-11
-4.262858399606272997e-10
-8.282824426331103496e-11
-7.127692880359859373e-10
-1.341846078695141387e-10
-1.468748872524017202e-10
2.731204151729116347e-12
-1.515147035613395587e-10
-3.215920585386555786e-10
-1.574335939391602324e-10
6.027937038410868809e-10
-4.805989287093304085e-11
-4.030965561341304237e-10
-2.579129410040792436e-10
1.837918844893593473e-10
-4.418516663662330757e-10
4.724767244113081688e-10
-5.119738522019190441e-10
-1.015995898523414098e-10
2.502231477574667906e-10
1.931251825126878430e-10
5.824936644138745123e-10
3.037085583024179414e-10
-1.901281909688634641e-10
-3.066182863165067829e-10
-1.272433131083161584e-10
5.386925905348505239e-10
-1.408625993626344552e-10
3.601964282395897499e-10
3.583310315136145618e-10
1.000568516928979079e-10
-6.679594100056363004e-10
4.453865887210639585e-10
2.235029661346032981e-10
-3.001211501540979043e-10
3.938125936464587085e-10
-1.703758661930621088e-10
2.338272631075000163e-10
-1.241990538192183635e-10
-3.247954682983333896e-10
1.788857950657529727e-11
-3.005426463253968450e-10
9.067221973246830657e-11
-1.142855254876451454e-10
-4.937581454811379444e-10
-3.722654129401092860e-10
-2.158202783153484461e-10
3.584372521014955737e-10
2.683718247631361464e-10
1.298533502946952467e-10
1.812964917080606142e-10
5.080380560684716329e-13
-3.575309145964489232e-11
-6.641655558858872155e-10
-1.287617651390959850e-10
3.617872945671507523e-10
-4.225201299945524624e-10
3.182525631917343389e-10
5.764321242551773139e-10
1.107954006318578877e-10
-1.384403564008707122e-10
5.693903681880385648e-10
-3.135019188693632941e-10
-5.883724618627184100e-10
1.377464114993287581e-10
-6.044119649217805090e-10
2.230013257387142289e-10
2.524443154516831100e-10
-1.788050124629236848e-10
-5.067612995901527029e-11
-1.204424060485820291e-11
2.390164455245979980e-12
2.283477157360991328e-10
-1.822771100723485915e-10
-4.077585491479851498e-10
-3.413428983911614978e-10
-2.004946902944837461e-11
2.182852232301968343e-10
6.278441655460653692e-11
3.603956300057831186e-10
3.619136101917774795e-10
-3.570060913560269000e-10
