-5.779181300180624703e-11
3.585738928002513148e-10
3.940585635575644119e-10
-1.669595295350490005e-10
-1.030190793782637115e-10
-4.363490818670712201e-11
8.679397478505990193e-11
-2.000500598509091787e-10
-1.931710902347560932e-10
9.087585545186627201e-11
-6.092681220648543672e-11
9.034387127293541653e-11
-1.775003477533232399e-10
-4.663083252864907990e-10
-1.549583100723950224e-10
-1.396106008577646662e-10
-1.904845725597681394e-11
1.213427969215530311e-10
1.510153946338022024e-10
2.058496983980973027e-10
5.155615517837830453e-12
-4.174131873480035892e-11
2.767918949597714118e-10
-1.599837207155729857e-10
-2.428362511075476959e-10
-1.210520572669793182e-10
5.304683775575469440e-11
-4.097744088493726622e-10
1.971786622867455208e-11
2.667442933201868982e-10
1.245470254707115032e-10
2.618944228149899800e-10
-1.709260510907029129e-10
-2.334343829346607890e-10
1.641265179319617573e-10
-4.795590313744213518e-11
-1.883210809516810968e-10
-6.248709882861192000e-11
-2.637621787648924965e-10
1.478200339910529237e-10
-9.352046914656853005e-11
-2.546217403587291983e-10
4.382529061874862464e-12
1.231099389098488928e-10
-2.262315890178001609e-10
5.028201119361419558e-11
-2.389342890207757364e-10
-1.890961137673841108e-10
8.684719610130287037e-11
-6.431886967472877359e-11
-2.388761063953914743e-11
-1.567156820980741827e-10
1.245566566554501264e-10
2.495237905186797889e-10
-1.549601141848100383e-10
2.408516719398789974e-10
-2.636507678843713620e-11
-4.209948362143833833e-11
1.132060348241203940e-10
3.887510313660413885e-10
1.436347568661844321e-10
4.310731493983865903e-10
-1.576920816148685844e-10
-3.054432401450313250e-11
2.522817510453023715e-10
9.582348803327533915e-12
1.349454298305019506e-10
1.980803715495582651e-11
4.185671947931624004e-11
-2.916103469807751480e-10
6.771905952662748973e-11
1.681037808953789181e-10
-9.707022685656596650e-11
-1.283510242533481005e-10
-3.954455166099712926e-11
-2.382324892913345593e-10
1.092511359157555262e-10
-2.837400869815098758e-10
-2.380837749171860196e-10
-8.704564846695461711e-11
-1.309189562315182798e-11
-1.279596290038043094e-10
-7.990031553051224478e-11
-1.606059729652997703e-10
3.006198068256082934e-10
7.464801693446432296e-11
-1.718068465272892809e-10
8.367104231687960691e-11
-6.437940458514646025e-11
8.686998342888330171e-11
-9.978798343190931064e-11
-4.735285774604136577e-11
-9.013011864622555436e-11
3.298526035644400167e-11
-3.038431173330025103e-10
-3.267438541953993081e-10
-3.809442761237846753e-10
2.841336887993151095e-11
3.037131102168189045e-10
7.818498626299685839e-11
-1.413172495690062647e-10
4.909402051556099877e-11
-3.812946902659319903e-10
1.321758952288476507e-10
9.849131232808616687e-11
9.450176752245909029e-12
-5.363745558817356596e-11
2.991446257372132322e-10
1.000514809890162837e-10
-1.531705040580533250e-10
3.113355961925634574e-10
-3.763273026535784993e-10
3.934091385993099266e-10
1.158125956246536248e-10
-2.439448087976359147e-10
-1.682515654577443343e-10
-1.651749570452665239e-10
6.153562381872035303e-11
3.135318671354525577e-10
2.748234972926866249e-11
-5.578811301809594170e-10
-1.110845998519849331e-10
4.452122281950465776e-10
-2.088699907476510020e-10
5.368170491459878235e-11
-2.964627432433530885e-10
-1.792518355969718868e-10
2.549386257655328336e-10
2.182166669584262308e-10
-2.330433623853878089e-10
1.957000672625497373e-10
-2.224365275305117962e-10
-8.350282965086108788e-11
6.414883901850743086e-11
6.207392932999766799e-11
-1.961497630986741569e-11
-1.595874682402964595e-10
-3.038719553760671488e-10
-8.013815305796256894e-11
1.239869595881515352e-10
-1.243982694631995400e-10
-9.194907335530189130e-11
-6.350336922977817267e-11
2.505401441865728884e-10
2.058334613863621598e-10
-3.213942723068186069e-10
2.178918157014209100e-10
-2.056576853259883819e-10
-6.879762037836911759e-11
-3.868181053245933754e-10
2.697958523256716035e-10
-1.017690515192626322e-10
-2.925781839024921283e-10
2.887415306851437435e-10
-2.717705227528455225e-10
-4.027503885950522999e-10
1.759868639705786109e-10
-1.958418149872187541e-10
-2.822958533599262410e-11
-1.951968586766383851e-10
2.148377170607673747e-10
1.284033990245347923e-10
1.456480769324031144e-10
-2.200605392355114986e-10
-2.380250441191833488e-10
-1.475563560227044491e-10
5.801056857102082631e-11
-7.061774498495765329e-10
-5.037362194038053076e-11
-7.086972675374170194e-11
9.661155209172989089e-11
-1.340084432310817419e-10
7.913338040399509055e-11
-5.902164867954695637e-11
2.706518342776575992e-11
-4.231740791116322953e-10
2.062640891420386424e-10
6.342602137943131879e-11
-2.206554661210446966e-10
2.018131356473773508e-10
8.456500777409559078e-11
3.249182173314935085e-12
9.687701335581166973e-11
2.160237960735500451e-10
1.341618205419337073e-10
2.543047994407743317e-10
4.018873289712843189e-10
4.904168182662260733e-10
-2.135076976328420528e-10
-3.307895624082846098e-12
4.438199113776519766e-11
8.463925393886739812e-11
3.833307005152164493e-10
5.167724581589538957e-10
-2.376524810276947619e-10
1.812305028270344565e-10
5.319007734261305131e-11
-3.847833718317872354e-10
-2.104872803831980832e-10
1.073925046113366477e-10
3.581049901058008800e-10
-2.455994851935372481e-10
-1.185624654009842516e-10
2.624260253547561206e-10
4.371874529063290993e-10
3.620798105785638654e-12
-2.751046335180973301e-10
-1.986729669667397502e-10
4.251453356030054920e-10
2.390814490826898009e-10
3.803994341744498797e-10
3.352010891077839005e-10
-3.364525325011413770e-10
4.705564826679164980e-10
-1.326549980973368292e-11
2.576864277514800960e-10
-2.633160356424468773e-11
6.471995162016241920e-11
7.798797718727712436e-11
8.819651953206886219e-11
1.778605318580872563e-10
-5.777800460293747165e-11
-1.065902158203790862e-10
-7.774378363301082118e-11
-2.272017851634444696e-10
-1.144499911509555545e-10
7.353670450349625298e-11
1.681878664117064659e-10
4.025590971679093855e-11
9.329679390157608054e-11
5.076667974890369806e-10
2.819391942132654094e-10
1.148155945318585225e-10
-1.012918915410665477e-10
4.189479319016697900e-10
-8.107216287189800141e-12
-2.793616726837200304e-10
-1.449510234063922098e-10
3.711764506864057012e-10
1.851135217334487493e-11
-1.480675443366052946e-10
-4.926612243161265781e-11
1.520415876532510424e-10
1.691380646651197139e-10
1.893054879520406075e-10
1.292402712627094274e-10
2.235411855622260191e-10
2.477619776009021280e-10
2.124064257813529366e-10
2.868013604384600512e-10
-5.401903230284332835e-11
1.328963328273147226e-10
-6.607807356839856538e-11
5.862742513684793266e-10
1.116845574355984638e-10
-4.196884506590947694e-10
3.222539735059370969e-10
3.847743790252877716e-10
2.823667966111997885e-10
-1.148401096440210267e-10
-3.212113630635116124e-10
1.522507814266660375e-10
-1.657802783938677749e-10
-1.295716034466209976e-10
-2.031672469149370386e-10
-1.681525196861599625e-10
9.382006282976362854e-11
4.912344420127112699e-10
-3.329070352720009396e-10
2.783616115387133050e-10
-5.359442056818153333e-11
1.983883890499527070e-10
3.603085607650768907e-10
1.140577077229920633e-10
-2.527378861749696171e-10
-2.608810112381121371e-10
-6.257309947965694619e-11
-2.669066356819627117e-11
1.148601630474033186e-10
1.226115042829434287e-10
1.779313363314827257e-10
-3.354264921373584230e-10
3.728587577578323931e-11
1.152286321914886003e-10
-3.213834753879041273e-10
-4.109146356512383136e-10
5.340486386451459566e-11
-5.034962724526081956e-11
2.388853004298141514e-10
-1.571483498885584140e-10
3.999063580284456521e-11
4.707818579419154048e-10
2.653619546322261158e-10
-1.917520309202558337e-11
2.917661112711300575e-10
6.165744304009734833e-11
6.884899594883364671e-11
-1.317425474267608365e-10
3.755407929073584228e-10
-2.663963216686937585e-10
-4.348428006561988468e-10
1.288022813406008993e-11
4.420100119251202386e-10
1.820983780431717491e-10
2.076225580349699840e-10
2.480661231984981896e-10
1.521225645451096398e-10
1.398874349689549490e-10
2.029333645570119415e-10
7.514955324694483352e-11
3.360329375867721069e-11
2.659271136629115517e-10
9.928068783748855708e-11
3.347012389465220394e-10
3.959102490291854792e-11
-3.410702276163135593e-12
-1.580465619488435891e-10
-2.026290940593256096e-11
5.691709326072214026e-10
-4.665255681768343266e-11
-9.027172065412258917e-11
7.433871573869765825e-11
-1.272763422432987568e-10
-2.598240511630933725e-10
1.647684488848000228e-10
-1.746548322634211559e-10
9.597637962155403102e-11
2.014373806646929665e-10
1.702488983124084143e-10
3.568791095975853978e-12
-1.802512028525882215e-10
-2.944868238152764661e-10
-6.298124244352720780e-10
-2.692316369845570989e-10
5.494807386874356325e-11
-1.885273187562930275e-12
1.347515710126145905e-10
1.660113574386556934e-10
-1.443737213113749362e-10
2.996225489937387465e-11
1.115401451756703466e-10
1.316269593321095499e-10
1.440322305867880459e-10
-2.365270479476322407e-10
5.684390458338128838e-11
3.150467109414023525e-10
-2.395915132957782134e-10
-8.912239002345501149e-11
1.786450015694995841e-10
-1.498143692435505159e-10
-4.200901015938285354e-10
-1.607967231587181800e-11
-4.427490318814619741e-11
3.641209556093372157e-10
1.718985787046989344e-10
3.034113515987257870e-10
3.876071685837700898e-11
2.247113051190297028e-10
-3.343272325651014398e-10
2.619514327673044818e-10
2.377697483346707941e-10
3.870639919689722319e-11
1.171238106500993581e-10
-4.303523509774365152e-11
5.202210190402567491e-11
2.127409498564603041e-10
-3.284323923935517087e-10
1.219339351710146957e-10
-1.184177200741487468e-10
1.400981830546044193e-10
-4.922973140253361635e-11
2.122485104338878159e-10
6.560155196844164038e-12
1.227850737750557641e-10
1.193449228331644463e-10
-3.471743170724295169e-10
-4.621986127162358571e-11
-1.587529760427308645e-11
2.041611601999449022e-10
2.620471617476027859e-10
-3.020510230822281983e-11
3.675795778868007346e-12
-1.403683280720713356e-10
5.373864894742119702e-11
-1.112027206429111459e-10
-1.421531642398221607e-11
-1.036996183367833169e-10
3.509789125999418502e-10
-3.614113175398614430e-11
3.072170851048383611e-10
1.295711316018355319e-10
-1.755128542502149003e-10
1.066653154691010741e-10
-1.250038683675569473e-10
2.795834397328889054e-10
-4.564673639073646427e-11
-4.887590679403253091e-11
-1.376172786837770445e-11
6.480696534971741585e-11
1.628023271749157175e-10
-3.708863494100711478e-10
1.822953593633158675e-11
-8.372150195334882028e-12
-1.723831910549478152e-10
-2.772904406089793383e-10
-6.845245897890706033e-11
9.149198065827590653e-11
1.046011055549911362e-10
-9.240238435515024662e-11
1.528353832380702215e-10
1.829733309310910272e-10
9.169317388701969662e-11
-7.515928851509201536e-12
1.888701556262972758e-10
-2.817761857176748208e-10
1.869359667061587515e-10
6.505525285138702429e-13
3.718689592369095465e-11
-1.003762906126581811e-10
-1.825405104849409099e-11
1.066488980461244296e-10
-9.421724511682327829e-11
-1.253684656088438487e-10
-1.040761990478422661e-10
3.497232503590907982e-10
1.664056947792147412e-10
-1.317816133994398342e-10
-3.011789706519607535e-10
4.624504668093720738e-10
-6.107589434201088352e-11
-4.939011699622852802e-11
-6.370993316240358695e-11
-8.269378931613502459e-11
-2.807628851630994404e-10
1.705688368325297688e-10
3.177765550699263031e-10
-4.151939070329291326e-10
1.372927327381034956e-10
-5.909134986881170448e-11
-8.286683839120456696e-12
2.707735702323077476e-10
-7.354947900717334619e-11
3.016834559943504246e-10
4.015904275789239364e-11
1.543411232152180901e-12
3.658016944907416246e-11
2.086257139266578520e-10
1.480166267331384233e-10
9.519293686643948149e-11
-1.719640541075762030e-10
2.463501069804863164e-10
1.637882190985706643e-10
2.983190083849507346e-10
-1.166791940843125985e-10
-1.853291825559821859e-10
-1.569766677755879414e-10
-3.165886441891530012e-10
6.079585446183699560e-11
3.900958722713454563e-11
-2.688030908970517885e-10
1.176035380190398882e-10
-2.148229927279032836e-10
-2.299330170707492016e-10
2.936628717975509062e-10
-1.718222369939681471e-10
-1.356222079085256382e-11
2.022794570732955322e-10
1.996370846413242361e-10
1.221645978821683798e-10
-1.922685899380383034e-10
-4.664498232109792752e-10
-9.139228956955847138e-11
-2.151453459831031978e-10
-4.801227124207052555e-11
-2.084216965680951716e-10
-1.151204964688901100e-10
7.376348837295765293e-11
2.409265495439960603e-11
-1.815679551153692728e-11
2.196312576252523741e-11
1.370541041767481261e-10
2.393282239054883576e-10
-7.591623163438754318e-11
2.032599782930688548e-11
-4.297107808470812529e-11
-5.746195186340230521e-12
-5.833937499755137424e-11
1.540828853396902787e-10
-3.831156225597709408e-11
-1.640900887389662444e-10
2.031352031028887950e-10
-4.895336913612879925e-11
2.222424327902317032e-11
3.673815765492527419e-11
4.246839269139712769e-10
4.541371445565545173e-11
-1.397271603975624998e-10
9.528870054120730515e-11
4.222194815994839701e-10
-1.680496297673528261e-10
4.686121629626782692e-11
-1.783746761407911663e-10
-1.422658171823520945e-11
-7.568968368731887608e-11
9.999671923832664788e-11
-3.598392417369922214e-12
-3.332122355814703951e-10
-7.502690135829936935e-11
-5.430653843285782045e-11
-5.166080063734312944e-11
-2.423861111822134262e-11
-1.911091562778466368e-10
8.960049369122202734e-11
2.012650879290589501e-10
4.887541760201230545e-12
-9.580858328916974642e-11
4.285899066203135988e-11
-3.280485605383631764e-10
-1.982144032242061371e-10
-1.023538268030144138e-10
-1.515952918751395373e-10
8.708740673046833081e-11
3.730264430679142151e-10
1.728286125324274281e-10
2.679521049486766060e-10
2.694967582428375863e-10
3.465012721193261314e-10
-1.148557846053499532e-10
-4.318987945062247036e-10
-2.139839277992550137e-10
-5.347106091235787062e-10
5.760909457808160994e-11
2.322544101485135570e-10
-8.331144107920351871e-11
-4.652751517397746284e-10
-7.073924779277263042e-12
8.353592817478272536e-11
3.136690351901449958e-10
6.355950210590322058e-10
-5.623723015046877549e-11
1.323075538017803865e-10
2.050273839593330649e-10
-8.128908657312194919e-11
1.616239087010029607e-10
-3.294045591850647270e-10
-1.978082836417982548e-10
-5.259422064529672980e-11
-2.115887465237165088e-10
-2.472314020174337656e-10
-1.148858785882111988e-11
-8.566149178879101100e-11
-1.130437410346019078e-11
-1.169387087163187289e-10
1.028260740443265320e-10
-8.660364092527572666e-11
-6.997122325991256275e-11
5.811820469325823524e-11
-1.484545542052018163e-10
1.370842883652301225e-10
1.976937225034447465e-10
3.454185826257116787e-10
-2.409543398140812087e-11
-1.909071789540917052e-10
-1.140018773826412257e-10
-5.190195495607952125e-11
8.681672741817081373e-11
-2.599512549661397998e-10
-1.474382560484599480e-10
1.417102130085723388e-10
8.160621484121222124e-11
4.751894988608285075e-10
2.528632303544497972e-10
-9.346223101003303668e-11
1.510296054885174044e-10
1.929022497293431115e-10
-2.448188873849233005e-10
-6.228277615871746775e-11
2.600583637324405117e-10
2.344847579993647457e-11
4.407853804178074597e-10
2.178342228820184800e-10
-1.615234196394865762e-10
3.357055189390223404e-10
-7.077800845411985620e-11
-2.862486914168016483e-10
-2.368801543806142718e-10
1.539239569137151875e-10
1.711250030567157410e-10
1.251070913532714712e-10
2.500518889170244563e-11
3.283374128137950265e-10
1.451717773770511144e-10
2.466309934057164810e-10
-2.043476221569306972e-10
-9.488122787448816098e-11
3.010006133230547221e-10
3.517342667125333833e-11
-9.684289481448615788e-11
3.099535073047832157e-10
1.969991253458758251e-10
-1.514004061009543989e-10
-5.535434888237489304e-10
-5.559215934813899196e-11
1.157136747531595233e-10
-1.344437616790372658e-10
-2.648302688257331283e-10
1.612575351028766590e-11
5.385843160343739555e-11
3.882259791421205364e-10
-8.241678867149104804e-11
2.174619095907104338e-10
-2.700903667385290419e-10
1.889728928894385263e-10
7.393424761303890591e-11
5.249370937931985281e-10
-1.189602583107074452e-10
-2.212893757125300453e-10
-3.268166848258147184e-10
-3.408918702874075279e-10
-5.307636552487338122e-10
2.503259821651226957e-10
1.002669544614143149e-10
5.502442945726215839e-11
1.151189074621861153e-10
2.456919390159129080e-10
-1.986121267449902916e-10
3.172147544638903582e-10
1.016869782821672175e-10
-2.651976901968389200e-11
5.636585642676550378e-11
-3.701632056429815520e-10
-1.989929193646489125e-10
-7.332274370996927360e-11
4.003103404315311309e-11
-3.289958583341245912e-10
-3.141091553526820235e-10
1.621861811518243712e-10
-2.210451127693247031e-10
-1.459500298395255413e-10
-4.729042712980913166e-10
-5.183334317315768658e-11
-1.286894341090416560e-10
-1.014210243566182612e-11
-1.565126223068702416e-10
-3.290214767304178167e-10
-2.290602291177279426e-10
-6.838521415808429538e-10
-4.462351599343605812e-10
-5.712369466337463564e-11
1.722597342546094978e-10
2.151543526673904694e-11
-4.121838981241410238e-11
-1.252345449564984392e-10
1.658796433545717264e-10
4.113761831181506068e-10
-2.218175088053442323e-10
2.887981520593996265e-10
-3.728874153896555299e-11
-1.391165654895942794e-10
4.214858462248116666e-10
2.134523113817010653e-10
-3.320112518245821320e-10
-5.327229629648044806e-11
-4.161490874121653860e-10
-2.783303587605701068e-10
-9.003243983674025230e-11
-1.160335716399174544e-12
3.719865387941112544e-11
1.422058304445528165e-10
-2.592798753475733520e-10
-4.088948624136889975e-11
-4.940926834340331197e-11
-5.405287328841268391e-10
4.815041143579890104e-10
-3.266406589652603998e-10
-4.992678492854452088e-10
-2.681193045361851546e-10
-4.309290146942146293e-10
1.230324869760934803e-10
-8.373756549273636551e-11
3.842648421681360560e-11
-1.471539001762778298e-10
-6.975586774871089801e-12
-2.564051193587602029e-10
8.213374425025676828e-11
-2.437532953258880752e-10
7.078691799389247308e-12
-1.844349395430100458e-10
-3.325026365352812263e-11
-3.685667049335705769e-10
-1.273574579130354323e-10
3.777163026796870327e-10
-5.316252993381453962e-11
1.824867895683368602e-10
-2.758097361610367670e-10
-3.267934256534488213e-10
-5.049365925380300268e-10
-1.910992475373518573e-10
-9.146141483062919519e-11
-8.684682140103205938e-11
3.215602784045756835e-11
-2.045517227822202244e-11
-1.755084133581163996e-10
-4.408350073870082042e-11
-3.262751457899781826e-10
1.149628309216055300e-10
4.622312810287354523e-10
-5.315309303810522579e-11
-1.844513430881988825e-10
-2.960532166640383878e-11
1.992544879092505994e-10
5.053352736261729206e-10
-4.678873261054761201e-11
1.493515172645842881e-10
3.348258614810362133e-10
-3.160470773977408498e-10
-4.129174779876620960e-11
4.995135555185825638e-11
-9.007175560959979066e-11
1.833325297129206888e-10
-1.199940841134505831e-10
2.005113852732165469e-10
3.220294864103578902e-10
2.037871607574182065e-11
7.817621550110231965e-12
-3.586887731277244029e-11
-7.465736362455288599e-12
5.265686497946120426e-11
-1.624216316997717513e-10
-9.790290800282264172e-11
-5.681748405095277121e-10
-3.879171983633966647e-10
-2.039528268493739915e-10
-3.260242770197763207e-11
-6.908933425364693903e-10
4.058143404650493835e-11
3.506421542009974246e-10
8.831642361872837910e-11
-1.791278791962724881e-10
1.254749776302688247e-11
9.768916231500668346e-11
-4.750067006398239755e-10
3.042444074452532732e-10
-3.628218836482233201e-10
2.436190138510596626e-11
-2.811885169151651098e-10
-1.946635075356084599e-10
5.816985781947892065e-12
2.047926064840943639e-11
9.511090526270749024e-11
-2.631118378726426954e-10
-5.888064341652565759e-11
1.657385478859296768e-10
1.775504743228850657e-10
-9.204670359252986600e-11
-5.448025364174213792e-11
-3.145588650665942509e-11
-2.035305951553212367e-11
-1.901286211802855064e-10
1.807504701467621544e-10
1.724676651493339818e-10
8.281648283814391220e-11
8.002959406283594035e-11
-2.431799761559716444e-10
-1.785717546054499394e-10
-7.375754174088200443e-11
2.401471521640274887e-10
4.239632533931114722e-10
-5.481336218249310832e-11
-2.129529053096490543e-10
-1.329558407814346310e-10
2.366322138236398587e-10
-1.147834466364017203e-10
3.189973979411675487e-11
8.204165125036411155e-11
1.026021351213657340e-10
-2.910001961620167776e-10
3.607667220517640772e-10
9.419240387664729042e-11
9.124499766866023265e-11
-1.498857843396095291e-10
-2.164345092037223139e-11
2.959722467110736943e-10
-1.844344121870733488e-10
6.910631789036614236e-11
-2.784238395392435450e-10
-8.316393407259425885e-11
-3.124062675219363427e-10
-1.132212379406638547e-10
-1.674549665597879766e-10
-1.066566557295089979e-10
-2.295614393021949695e-10
-9.348726653923833396e-11
2.100356277789927617e-10
2.195411630268040426e-10
1.829323845181640706e-11
-6.370713678816031234e-11
1.412825412216989207e-11
-1.225722301434473138e-10
-1.751983003117629778e-10
-4.091654792759413795e-11
5.986959539239222750e-11
2.154661449260686368e-10
-1.639873098424615705e-10
2.137686971881436193e-10
-1.822678258323051637e-10
-5.499189992264064131e-11
1.444053765453645610e-10
4.091331440303491718e-11
-2.658244735442849560e-10
-1.316518005722855378e-10
4.045923041040566659e-10
2.557008771386648505e-10
1.988625236704066879e-10
4.576307388592937286e-10
1.609932881452280640e-10
1.199884636093884183e-11
-1.351487810552498559e-10
-5.023181870456028264e-11
-1.206833522005013037e-10
3.504170009716034428e-10
-7.129224294244451698e-11
3.308838480986509012e-10
1.061791071732542946e-10
-1.693464396490540480e-10
-1.113555081477812791e-10
-1.888884187950523597e-10
1.164910529150020579e-10
2.548881106179123890e-10
-3.026082162627119487e-10
-3.394471370654628117e-10
-5.170593814218804596e-11
-1.223669082728306989e-11
-2.049191094588564965e-10
-6.154733667163014843e-11
-2.194797121823910402e-10
9.032422032539955126e-11
-4.433380051960256196e-11
-6.997125795438208229e-11
-1.228983581569309536e-11
-3.373061552292000442e-11
-9.418486823786764717e-11
1.436848140468072188e-10
-3.829276132294445745e-11
1.583897041301796094e-10
4.032057673852840196e-11
2.959381351086420864e-10
-2.156331224689722603e-10
5.477566317191318035e-11
-6.873426827702644459e-11
-3.224562838965994160e-10
4.819238896835997821e-10
-1.189909282217627151e-10
1.780815633845023171e-10
-2.385175945640582995e-10
2.351302486047757156e-10
-2.283086775189957507e-10
1.337147059743415412e-10
2.147537425667422895e-10
-3.865855968676612520e-10
-2.804288051772019230e-11
-4.186130886374428428e-10
9.039360926443862354e-11
3.932394132544203558e-10
-2.152659994703043367e-12
2.116273545293978486e-10
-1.754770079243073155e-10
-6.844422251184312245e-11
-3.337295717553701024e-10
2.729041992388658855e-11
-2.288094158586773119e-10
-5.249037315913085422e-10
-1.336775412585922140e-10
2.610321958584904678e-10
8.189392913804383056e-11
5.856252982550103070e-11
3.456863961748268821e-10
1.658653214775540619e-10
-2.098028695218800976e-10
-1.005867472647636873e-10
-3.475512100337141419e-10
7.198461271507028414e-11
4.386576102355377316e-10
2.675456522993613362e-10
-1.615283462541583503e-10
-6.627803167402745999e-11
-2.162624940238444537e-10
3.439186158082918610e-10
9.445145360276185897e-11
1.887525136190504327e-10
-6.581641481817612771e-11
2.249271602305924489e-10
-1.275331229511067477e-10
4.664867797599114851e-11
2.085555894648649655e-10
1.987582598506065779e-10
1.831691326392714814e-10
-4.060891622970075332e-10
-4.844301626505398417e-10
1.649057834729461547e-10
6.485141590406584555e-11
-2.179600805396475494e-10
1.056831844259420450e-10
4.895435168350559252e-10
-2.195010007088882276e-10
-7.951085970181459572e-12
-5.538851599595773223e-10
-4.504504824698329912e-10
2.818998368070424476e-10
2.465908310878006660e-10
3.921839936138482585e-11
-3.790199265552018915e-10
5.537565544999623057e-11
-1.556048068174220589e-10
1.814124545029827118e-11
-7.365041215789958073e-11
3.327386144391653033e-10
9.736192407849841857e-11
-8.992390165829533544e-12
-3.241607537951551876e-10
-1.286429157643098620e-10
-5.351563636679657066e-10
-1.889918499475840008e-10
-1.709067887212256664e-10
5.690350968201585147e-12
-5.909298744777302659e-11
-1.063262741740622630e-10
-8.165945003524299750e-11
3.682971150276159733e-10
-1.241004798924194574e-10
-2.448301561486232458e-10
-1.276985045484124726e-10
1.258780024659955643e-10
-2.337894322579359141e-10
3.149497052046257295e-10
-2.684303612721095078e-10
-1.440767505300755147e-10
-8.398511053275825589e-12
1.555513773343619732e-10
3.714321072934012591e-10
1.638071484011405232e-10
-8.152888086865317518e-11
-1.616263789472327517e-10
6.667610907840071377e-11
3.041888962940220154e-10
-1.103051122663956107e-10
1.936959342918598281e-10
8.086113723049237478e-11
1.200566590586760185e-10
-4.235363726401430995e-10
2.613482763536012499e-10
7.658271239385783247e-11
-1.665208110290805621e-10
3.764790978966203738e-10
-8.748421431725716957e-11
1.413229810953708920e-10
-1.474227406816908115e-10
-2.610082705523097957e-10
1.895970186405193658e-11
-1.118394474253214810e-10
7.712010197113983168e-11
-1.528689119734139013e-10
-3.178028673556099193e-10
-2.204183502385603788e-10
-1.063199042694584762e-10
2.062108123146444427e-10
1.061134236035599088e-10
3.625948152841118599e-11
1.244821745682855862e-10
-1.854377762455783341e-11
-5.754917029032746711e-11
-4.808922149379668554e-10
1.205938127135652849e-12
2.900111262249538413e-10
-3.560130523716509288e-10
2.169897733717007782e-10
3.455493113868612909e-10
9.999913397340520760e-11
-2.686030911580594704e-11
3.413407612118390944e-10
-4.727075675337033545e-11
-4.406823239655466296e-10
3.230586631541854103e-11
-2.968573720174561004e-10
2.168435708771454529e-10
9.186649357895149137e-11
-1.022844517417631494e-10
8.924568029033963512e-11
3.800866565928373575e-11
6.088318738051157197e-11
2.008948840614976916e-10
-1.261708515443160650e-10
-2.127890363912143812e-10
-1.945336669528785478e-10
2.020541720049173762e-11
8.303543963528170480e-11
1.159347409740441037e-10
2.013343519680077520e-10
2.011144306646173163e-10
-2.047333275134732844e-10
