-5.202810404725255466e-12
3.919669033791706170e-10
3.638769008329489907e-10
-1.335153931858457099e-10
-1.461238074984549939e-10
-9.295383213148156187e-11
1.403738791871944613e-10
-1.311978442553041191e-10
-2.483044325707339794e-10
4.218282667611816805e-11
-2.280412664257269739e-11
9.257004190965645307e-11
-1.468487831335352212e-10
-4.640564599256435940e-10
-1.154065315533969738e-10
-1.846519603887486483e-10
-1.504621427450558713e-11
2.085195766055036870e-10
1.378042402411239209e-10
2.093028667049523506e-10
2.848248026321442694e-11
-5.242856149223484863e-11
2.930317377636271203e-10
-2.025678513817297244e-10
-2.140196075917089047e-10
-1.981667330230862945e-10
3.084885125126390903e-11
-4.706444678426180417e-10
4.551398147256691118e-11
3.049260566267975037e-10
9.904298214902240716e-11
3.044884899772171138e-10
-1.464651316895881905e-10
-2.338920723765625098e-10
1.537449750843578045e-10
-7.092867959634929775e-11
-1.581509645465217773e-10
-1.724596299101932573e-10
-2.845723656719201244e-10
1.919321507282134576e-10
-9.509998344370274026e-11
-2.491918893454680983e-10
-2.712204419386132770e-11
2.459718539959965256e-10
-2.781489760739219719e-10
-1.212629996416580980e-11
-2.991200065416421694e-10
-1.921170444951769696e-10
1.261329235502373081e-10
-6.556372805777144208e-11
-1.951457051507787810e-11
-1.989244879929685794e-10
1.455861264876290306e-10
3.004423376751219621e-10
-2.062830739557597326e-10
2.606055926612782514e-10
-6.500797122832580044e-11
-1.393305748553785861e-10
9.498224429194124241e-11
3.527545477943760943e-10
2.065853738075773549e-10
4.788508478625885800e-10
-2.142909460989272930e-10
4.140319337375686359e-11
2.158569711863123075e-10
5.397906427395682272e-11
1.180043979198686088e-10
-9.889679353225488967e-12
5.411560782819790916e-11
-3.703177764435849895e-10
1.896686974145467275e-11
2.069936999582466797e-10
-1.097602356225912956e-10
-1.563366658352549621e-10
-4.525430724600099097e-11
-2.208497412725662912e-10
1.321449200064606089e-10
-2.999173132067767256e-10
-1.884150335751400007e-10
-8.642399296210356852e-12
1.676834365804680260e-11
-9.986041854537219820e-11
-1.520613079897259468e-10
-1.199299548559906725e-10
3.460849384850916977e-10
9.933625449987104616e-11
-2.107573698895137682e-10
3.044856033973530884e-11
-8.971604709140379441e-11
6.151035236712232290e-11
-7.110033395374415477e-11
-1.490499668133082878e-10
-1.363948815003013237e-10
8.254805866636516498e-11
-2.925774622575261219e-10
-3.492364730739438983e-10
-4.361452310419622336e-10
6.021197429539881796e-12
3.046418950436446949e-10
1.146094885662307661e-10
-1.567358742793345527e-10
8.484431213151566453e-11
-4.307522671886943044e-10
1.487560907786900088e-10
9.010511781148977661e-11
4.534653208487782194e-11
-9.204093043280181519e-11
3.496307687811395226e-10
7.201898799547024055e-11
-1.055427134577513471e-10
3.326983133433714102e-10
-3.521689051488863242e-10
4.111689322350287057e-10
1.008709782368555352e-10
-2.521712838543521684e-10
-2.566979961926563192e-10
-1.704231755716989483e-10
1.114895259446413434e-10
3.948160687272661562e-10
1.596997534214494863e-11
-6.200283619861579609e-10
-1.556944156932971168e-10
5.031891570084212617e-10
-2.713225200068336562e-10
4.666803748998304968e-11
-2.581710956128802081e-10
-2.193236703362799744e-10
2.188068060071657328e-10
1.989591408291246921e-10
-2.081357031169517313e-10
1.919464587274433143e-10
-2.116427311182889071e-10
-7.437495064266386180e-11
5.691255799966654649e-11
3.293285089078779038e-11
-7.651122790885978020e-11
-1.475515126747595218e-10
-3.797702707863948035e-10
-7.208331848085336446e-11
1.608888161586108367e-10
-7.338549212754230666e-11
-1.290133971876272767e-10
-1.153387246821679923e-10
2.796153864004224943e-10
1.773010488426152165e-10
-4.184634860848746030e-10
2.909598950662228845e-10
-1.598809695746439274e-10
-7.981459937411727878e-11
-4.162148403707988109e-10
2.836116064219851296e-10
-1.604713584235639701e-10
-2.837821644341431693e-10
2.678014754398105879e-10
-3.613421228898516802e-10
-4.029240274761036744e-10
1.894418094616767689e-10
-2.408431787337406149e-10
-5.259960522696616181e-11
-1.292683321496568283e-10
2.455291525649272444e-10
1.782514136294821583e-10
1.497942464512291849e-10
-2.546974020578574027e-10
-2.606822258055530028e-10
-2.342025462453989348e-10
1.058865703451594698e-10
-7.575591820518923214e-10
-4.967672107003551218e-11
-3.648430516034473214e-11
1.277418865130997006e-10
-1.672919580641973880e-10
7.023968906505473342e-11
-1.078643563356962431e-10
1.370311086823505775e-10
-4.443736767445471969e-10
2.285302364013475085e-10
1.392927162502388683e-10
-2.415190269999811790e-10
2.359021034070707401e-10
1.135392890816433464e-10
5.916454826060402183e-11
1.253770837150725015e-10
2.196025167267023903e-10
8.253608907438092501e-11
2.747045368955980393e-10
4.416581544930409109e-10
5.520115475832199081e-10
-2.067688242846088542e-10
4.770035755274903977e-11
9.066706413429770350e-11
1.046962933015649355e-10
3.908040835387538436e-10
5.647797785002239834e-10
-2.486829631109799266e-10
1.137238289650177592e-10
1.335628274645728197e-10
-3.754681288103967063e-10
-2.675114296746272657e-10
1.410517813660305819e-10
4.006123210942291735e-10
-2.607112858932225663e-10
-1.456086085038776901e-10
2.467461790445213410e-10
4.814188492296977984e-10
-9.422534974490304194e-11
-2.562940137895708403e-10
-2.546702571049053176e-10
3.754747901485444572e-10
2.860653380842848037e-10
4.319856139467503908e-10
3.756192579196238057e-10
-3.128901027160679860e-10
5.142226089382972987e-10
-3.607170812047755248e-11
3.126658099095180887e-10
-6.615583081348574979e-11
3.598185638331585778e-11
1.230463231305378713e-10
1.200545218793536151e-11
1.752433476109871435e-10
-2.133732079911965229e-11
-5.291077298519297756e-11
-6.190454399090938864e-11
-2.629522710684284448e-10
-1.028283014292696862e-10
7.870913643071020260e-11
1.691964901517906128e-10
2.612365879173239591e-11
9.148190538432743324e-11
5.131891578358249717e-10
2.858520087301030799e-10
1.584877368232540107e-10
-8.190978451061425858e-11
4.930833519267707743e-10
-8.587245498015150247e-11
-4.086430083205527808e-10
-1.163042648300027793e-10
4.802455100261227017e-10
8.116397831603450186e-11
-2.111784636049662822e-10
-8.223491332337573567e-11
1.735107613143327399e-10
1.735059457219634282e-10
1.252654646677342498e-10
1.547936362422674961e-10
2.400267762325825061e-10
2.625978046122412479e-10
2.356751460652617425e-10
3.086579880573481205e-10
-4.230265443494474198e-11
1.534731508545661427e-10
-1.031831980968789253e-10
6.966762167159856745e-10
1.697267326683515876e-10
-4.259098074221867591e-10
3.923894542623429516e-10
3.903340428657031680e-10
2.997606607380021160e-10
-1.046919911873445130e-10
-3.605953313723375686e-10
1.528822346497094031e-10
-1.261465931712280053e-10
-1.432587937166829306e-10
-1.924049808366135039e-10
-1.893864509661113971e-10
1.421183448702123542e-10
5.136891467749649109e-10
-3.161900463677369544e-10
2.233457724321041837e-10
-3.081643273894485446e-11
2.165932572184559035e-10
3.937599690750914760e-10
1.661204646064007306e-10
-2.711978697167438668e-10
-3.107119006529046601e-10
-5.087576887552458516e-11
-1.294129040041447354e-11
8.238793675063860178e-11
1.070268387803885446e-10
2.519724706662174185e-10
-3.489328548322845336e-10
8.782689853159553195e-11
1.007042366163446445e-10
-3.295224093591286874e-10
-4.428535871348060482e-10
4.091279398599212414e-12
-4.567955042000804156e-11
2.552884292850166048e-10
-1.820357337090072747e-10
5.896398647120548731e-11
5.487243437407585134e-10
2.641830365579522777e-10
6.960265697131262641e-13
3.747137877763151437e-10
6.271796970658272130e-11
7.165465443215168762e-11
-1.944146371668509232e-10
3.665397430019368130e-10
-2.989948288956156830e-10
-5.085047938280240487e-10
1.453391226813316450e-11
4.413084064847083710e-10
2.146587907425612229e-10
2.617162320195376424e-10
2.285472366914120812e-10
1.903218971310849383e-10
1.885369221854560351e-10
1.882114464279993626e-10
1.292865259294728730e-10
8.683075092275061024e-12
3.569612938569832750e-10
6.086865733667679024e-11
3.696086769977569020e-10
5.551215043197998966e-11
-5.203679848131415042e-11
-2.175265384485314257e-10
1.903118634904998885e-11
6.193305868151810500e-10
-3.444201174263028520e-11
-9.967626724005640426e-11
1.901283158689537345e-10
-1.573419172729018101e-10
-2.825638056869195225e-10
1.972744745337706718e-10
-1.906667879136847432e-10
1.210541944463017217e-10
2.074507787774848566e-10
1.853184272704311297e-10
9.874934203679686107e-12
-1.841401753299720667e-10
-3.628596034754849597e-10
-5.980652084680571079e-10
-2.734566462159193634e-10
4.219036231489781130e-11
6.734127144802926068e-12
9.512504672848365317e-11
2.669199306026825980e-10
-1.784006831151430106e-10
2.600233917071648193e-11
5.190621543693652029e-11
1.301981994439316281e-10
1.261305226929465562e-10
-2.839799506659801409e-10
1.550761463686711750e-10
3.285699490263027656e-10
-2.865927217765573687e-10
-1.100594615444094870e-10
1.685941941609314654e-10
-1.926466763890744005e-10
-5.621064724792290690e-10
2.897289352876697421e-11
-5.410800280047922683e-11
4.686466770209563037e-10
1.341309147084857045e-10
3.379010404813698187e-10
5.904499111863970029e-11
1.948296524112436146e-10
-3.060660613840582300e-10
3.128947656527714116e-10
2.743334448496170808e-10
4.440577766606779164e-11
2.103732604785690796e-10
-5.341754816257093808e-11
1.211974964832052137e-11
2.637968732344120326e-10
-3.852042573804226322e-10
1.329634319313655055e-10
-1.750814215828455644e-10
1.880093025707907373e-10
-2.314259894831138809e-12
2.391375431010089869e-10
-4.761459282409674643e-11
1.633802537703843427e-10
1.588283948805724322e-10
-3.035761919623070071e-10
-1.191169385350576704e-11
-4.631223182727239873e-11
2.307506269394465903e-10
2.606239946079114134e-10
-8.848824450957692989e-13
5.861404417384363796e-11
-1.304291119552658529e-10
3.134487808198471726e-11
-1.360756646251459756e-10
3.375912743797115922e-11
-8.781716326344835011e-11
3.679453963734147237e-10
-3.969594097874562522e-11
3.301501572128273665e-10
9.991939914355540964e-11
-2.436097434888040425e-10
1.169863095284995325e-10
-1.298545437844467187e-10
3.313207486144165159e-10
-6.840557981169226309e-11
-3.497718781275693800e-11
-6.060182911049594168e-11
6.443444389159225238e-11
1.151709144719958999e-10
-3.965294204100189290e-10
1.370623059493425444e-11
-7.556198722280527136e-11
-1.942489502582134264e-10
-3.483561217265673804e-10
-1.622304235393556837e-10
9.806346012997124717e-11
1.258982917917705890e-10
-9.739128947749975396e-11
1.266482613226926901e-10
2.445423308294891740e-10
6.907911742626282603e-11
-2.961654532729340872e-11
2.661034170792220266e-10
-2.148959066250455407e-10
1.897333956613067585e-10
3.159900813232141559e-11
2.556850217660944224e-11
-1.218820044890378540e-10
2.020670436531091241e-11
1.227465629138890790e-10
-8.600360701382925299e-11
-1.572094121549127976e-10
-7.685090758213775075e-11
3.512980462083703515e-10
1.705241642335764141e-10
-1.309308356178817689e-10
-3.063242715040104258e-10
4.977298573294319795e-10
-6.943798314118510007e-11
-2.431532752922294094e-11
-1.036153107758508440e-10
-1.076245689790589211e-10
-3.792657576884295167e-10
2.501331919368965373e-10
3.857413000130094360e-10
-4.050083601825349433e-10
1.084606779389041264e-10
-9.169168202483035657e-11
-6.638539717940261653e-11
3.342010557183527908e-10
-1.335280358505386289e-10
2.858315806264499770e-10
-1.213376621400641397e-11
-1.688682180200906657e-11
1.029099305771552508e-10
2.525955833387882876e-10
2.148374811383746419e-10
1.134179417050518168e-10
-1.601282301200157576e-10
2.285876210539328213e-10
1.599756854764322611e-10
2.533293297357630536e-10
-1.500190527359279713e-10
-1.829542212172796667e-10
-1.650338476988366665e-10
-2.943884025441434460e-10
8.526873651604205406e-11
2.359416828578986269e-11
-1.999535814700692526e-10
1.340119820669727346e-10
-2.035747959094891257e-10
-2.109424857010822052e-10
2.770371154703354932e-10
-1.739287602831041113e-10
-1.599191612466910328e-11
1.904005564323796307e-10
2.488267647482445000e-10
1.686355777241743681e-10
-2.207812821453103425e-10
-5.033297667544900378e-10
-1.172294761264680574e-10
-2.032553847453044682e-10
-1.473141747476702790e-11
-2.857653280674554708e-10
-3.396929265653270136e-11
5.393737539938214809e-11
-1.864225440684208479e-11
2.553139644145829834e-11
9.669766376507737959e-11
1.643441771559395193e-10
2.843136281960312317e-10
-1.376434244360069670e-10
5.359149929384798838e-11
-3.370059786789170175e-11
-2.240024138400187326e-11
-1.112583775109143858e-10
1.494388918166222879e-10
-2.076673902284831286e-11
-1.784604131138678440e-10
2.306481117209102649e-10
-3.607866783106317143e-11
4.192132752045552024e-12
4.215960219822179056e-11
4.503833139768431693e-10
9.184139559970105893e-11
-1.962104922981211530e-10
1.781456093752353809e-10
4.929144870047252880e-10
-1.454806553002896408e-10
1.379615727215011134e-10
-1.819065731378799455e-10
-5.412768844248461164e-11
-6.215643277851512494e-11
1.458490689332236911e-10
-1.841721219975056556e-13
-4.194009028957168539e-10
-1.001236801800864384e-10
-8.636044657173158612e-11
-5.352484427900705555e-11
3.138211912556698735e-12
-1.994721887665917848e-10
5.171789385638447811e-11
3.546192228753852760e-10
2.014730049459956263e-11
-5.782653175745444685e-11
7.222192288658391135e-11
-3.602471931873907351e-10
-2.016316419384267533e-10
-2.438304558260995236e-10
-1.485950529289681299e-10
1.384257569680968913e-10
3.130395387351825320e-10
1.768196700169255564e-10
3.405763449038090585e-10
2.716818436887535881e-10
4.223927874136279570e-10
-1.010062103401487832e-10
-4.289253396905223781e-10
-2.220056083412913495e-10
-5.159206395433102443e-10
1.133064475578038355e-11
2.837350077111722157e-10
-8.925065547726873660e-11
-5.468698827115758831e-10
2.787781117064014325e-11
5.886484355510646083e-11
4.184138591156738585e-10
5.678718051349562757e-10
-8.138859031170397884e-11
6.795373985735153610e-11
2.591065972890049807e-10
-5.723163609694381648e-11
2.180104569093899158e-10
-3.974660323091683267e-10
-2.280739902493778004e-10
-8.628525671738884739e-11
-2.198137227793495185e-10
-3.224927269673827368e-10
-2.221880318620250705e-11
-9.205967932413017252e-11
8.646472426931950395e-11
-1.078987316160961996e-10
1.060072238323606086e-10
-1.340714067543657961e-10
-9.873846185115553453e-11
7.999889639620505477e-11
-1.711201735865586215e-10
1.236830082795847829e-10
2.262544596121074392e-10
3.472849507968334137e-10
3.141690380070727429e-11
-1.858921350184061794e-10
-1.354579087786689229e-10
-8.591435202154329431e-11
5.853963147561813685e-11
-2.512072772020701450e-10
-2.018681610760353351e-10
1.988914866135615966e-10
7.173155125439478752e-11
4.805007502994840252e-10
2.890559458457175879e-10
-9.028282982326274464e-11
2.393285292168201295e-10
1.831405860297508070e-10
-2.141988808546102518e-10
-6.589043199944910612e-11
3.121159997121480956e-10
-2.145580241252886822e-11
4.733807790202604338e-10
2.132190951575907434e-10
-1.654810177775800639e-10
3.932730807676421136e-10
-8.748345103892773977e-11
-3.259326142313057062e-10
-2.393473474970875259e-10
1.236961783002143989e-10
2.357408712683195517e-10
1.338687632967960894e-10
-2.785117622638999535e-11
2.986650649017263959e-10
1.720767972557268877e-10
2.703153256788937142e-10
-3.088951872065592852e-10
-7.728305495557918903e-11
2.969919310480406693e-10
2.493130701886059342e-11
-9.990071270227218747e-11
3.095683431819651332e-10
2.022414458124899284e-10
-1.817188066688402159e-10
-5.690984905548646111e-10
-7.929600032152706035e-11
1.586090425664821169e-10
-9.715214049910159133e-11
-2.709390767297037428e-10
-3.499177336774295100e-11
-2.729346609831040382e-11
3.935581027736390070e-10
-6.989712975080664137e-11
2.138007826335552863e-10
-3.120192437755520132e-10
2.233946361229754984e-10
1.046511488578261151e-10
5.080678655566828184e-10
-5.106196021564812781e-11
-3.064808962172094198e-10
-3.620157229544673783e-10
-4.011285192895286400e-10
-5.619599785511297796e-10
2.692416845029299566e-10
1.228031565325693464e-10
1.652100678484202945e-10
1.112560321647748651e-10
2.672749244148064918e-10
-2.753268169009004396e-10
3.895732347825031638e-10
1.211046818383465506e-10
-1.792789527943483563e-11
9.462362837719950903e-11
-3.820868899051532708e-10
-1.310621333683315015e-10
-9.345907381330675889e-11
6.625849868768796114e-11
-3.040508955720611084e-10
-3.418184624237596836e-10
1.117627518310015944e-10
-2.745557670102982684e-10
-1.916214964481355310e-10
-4.644025997091461022e-10
-8.948123492169557380e-11
-1.314033049037988121e-10
-5.371610101168045048e-11
-1.390956377855800952e-10
-2.983800428957295026e-10
-2.636218465745798767e-10
-7.243883826113517443e-10
-4.285131693926302887e-10
-7.079214991989601913e-11
1.400285581931726142e-10
9.461473271521469997e-12
-3.373223228519961481e-11
-8.406098039870357752e-11
1.319448161840597322e-10
4.257673935637029672e-10
-2.977243174218102695e-10
2.190899822673841868e-10
-7.847331118249201154e-11
-1.591720227844817259e-10
4.605988646044778534e-10
3.234131851215238385e-10
-3.858647290577721378e-10
-6.874578684090693059e-11
-5.380960121925681960e-10
-3.466026077258987925e-10
-1.375652647350733560e-10
4.696455724317871727e-11
2.760609796315094400e-11
8.622810798719626746e-11
-2.142236665836350085e-10
-2.648721519893371124e-11
-6.598974144900182637e-11
-5.399675706563300537e-10
5.581111683916617494e-10
-3.132248904691437019e-10
-5.029645033793883613e-10
-2.813209110108516597e-10
-4.541320097750656259e-10
7.476647079229792325e-11
-1.263727178457685341e-10
4.540461062685352545e-11
-1.319572506819355340e-10
6.885769732178914637e-12
-3.200635867450785099e-10
8.419616392973949814e-11
-2.429076662036067091e-10
1.323395559804652066e-11
-2.321157155371622594e-10
-6.737432833858747472e-11
-3.686815575054680494e-10
-1.886606287859748932e-10
3.927556335714399438e-10
-4.968382649739311319e-11
2.284202549329705789e-10
-2.458853121112269946e-10
-3.320032582188048309e-10
-5.294067961791881771e-10
-1.694532708595986037e-10
-1.003386748688051000e-10
-4.666178554657562927e-11
-2.012681687979522849e-11
2.914161967293438238e-12
-1.662688597914296906e-10
4.881962889502489134e-11
-3.118272307034430924e-10
5.011507875352094743e-11
4.572415779335869956e-10
-1.860425702382428881e-11
-1.794047688186140022e-10
6.128710039465801174e-11
2.320817427126087296e-10
5.522486912212798416e-10
-1.266778348885111427e-12
1.275157757163469796e-10
3.732613107487736670e-10
-3.308145424263386758e-10
-1.040579775124506057e-11
5.867895752631469009e-11
-1.545867600594164060e-10
2.429283163518647370e-10
-1.438271446385641639e-10
2.507585528110922723e-10
3.686076444076036296e-10
4.658735550111536838e-11
-1.219015687003999204e-11
-4.304411688194065277e-11
4.733193004202718157e-12
5.218504101067722445e-11
-8.120703415270824621e-11
-6.870724822416462985e-11
-6.028892940435071068e-10
-4.299417766251423245e-10
-2.974811230682661289e-10
-1.386123854585363802e-11
-8.192880263102608751e-10
-2.367071816333776724e-11
3.428467787447431192e-10
-3.599252840214006710e-11
-2.014392957994104449e-10
-1.318763154234403601e-11
1.361691731593950294e-10
-4.867517500173335065e-10
3.155604944016232594e-10
-3.154699279583894622e-10
3.654476721237642778e-11
-2.958801537111810376e-10
-2.039665519815159200e-10
7.077421981804832285e-12
5.930743396387327948e-11
8.666298234594194128e-11
-1.773956675998888954e-10
-1.232458024524873963e-10
1.837267976645406975e-10
1.997174370327314818e-10
-1.206083288796122588e-10
-1.087853765402435613e-10
-3.797098746538551950e-11
-4.870231995468543573e-11
-2.645147711977102745e-10
1.572169061603290174e-10
1.819140393877205497e-10
1.081017150794671977e-10
8.746957325111992532e-11
-1.747477024194310502e-10
-1.926333120794154752e-10
-7.054579143073169689e-12
2.600262227758776135e-10
4.392677610542961020e-10
-1.045635453222892863e-10
-1.976399321979016577e-10
-1.286010187229180701e-10
1.874811139668253190e-10
-1.056200057969469697e-10
3.735784598335456508e-11
1.583008030214827500e-10
1.140726471615671755e-10
-2.753586247905559503e-10
5.887786369562775235e-10
1.022261164607130013e-10
2.499712936643305738e-11
-1.995439091739825699e-10
2.405741578170861317e-11
3.390284164517254339e-10
-2.234271656575970155e-10
1.363958113120844473e-10
-2.936302867517781578e-10
-5.990194451577224299e-11
-3.680390991966930869e-10
-1.312060876612619609e-10
-1.697697260549801967e-10
-1.390355330865844508e-10
-2.109464825039708558e-10
-9.593811856056788656e-11
2.162485052137341768e-10
2.397890774830102600e-10
9.310170689946772882e-12
-1.373021002448737704e-10
1.361232654373267792e-11
-1.867915544462306343e-10
-2.103889978899431412e-10
-6.505583571847495250e-11
6.719180073444519508e-11
1.806605559595553245e-10
-1.955683670562535781e-10
2.177585889384658913e-10
-1.396518733987051064e-10
-3.759997868613140781e-11
7.580252397998421543e-11
3.250585911551695517e-11
-3.370235757138573263e-10
-1.031288110464601004e-10
4.611584725200401635e-10
2.369900387044765466e-10
2.152017314349663479e-10
5.273915748560398242e-10
1.484064260370843158e-10
-2.069110854874267602e-11
-1.554841116968574966e-10
-6.106143368711514086e-12
-1.651833947402536751e-10
3.138292403725984059e-10
-3.471657683551399032e-11
3.613739585350828065e-10
1.777551439374747133e-10
-1.748069189400069945e-10
-1.836460150617114095e-10
-1.906055174805132424e-10
1.310651032149223738e-10
2.461996162494983764e-10
-3.066698284204250058e-10
-3.931408254498336419e-10
-5.590432630708797035e-11
5.950361037232454464e-11
-2.601796000867295788e-10
-2.732079840139789439e-11
-2.796991804832060780e-10
7.390425771358621887e-11
-4.027614353141473202e-11
-7.300234722285026123e-11
-9.639825049312378269e-11
2.676209254204309218e-11
-1.380654340854547968e-10
1.556924866807918306e-10
-1.104079674907332276e-11
1.783491687668004033e-10
4.681045828736074554e-11
2.497477780138979142e-10
-2.514480568205357258e-10
7.162113957459581570e-11
-2.755987105196311404e-11
-3.715795449110714799e-10
5.251005186224233512e-10
-1.263679716423382615e-10
1.813041106135671043e-10
-2.463538817387700419e-10
1.949930217293172063e-10
-2.450090130778903585e-10
1.084597689438027146e-10
1.663183757383279726e-10
-4.502735406752833569e-10
-8.670469897609223153e-11
-4.333086667251961899e-10
8.859847577813440012e-11
3.861602426713517389e-10
6.713930800206213689e-11
2.499764284458194652e-10
-1.579939790108397801e-10
-3.867809544866318561e-11
-3.895642697315793157e-10
1.739822175217398126e-11
-2.580565483523145076e-10
-5.275672676496867552e-10
-1.822133555151594919e-10
2.120661979354565574e-10
-1.158027146397344609e-11
6.103854921502005482e-11
3.025581452043013542e-10
2.130491200125206319e-10
-2.265602705442404385e-10
-1.080472170067459103e-10
-3.182440144744447252e-10
1.754765777128852733e-11
4.464245084712104017e-10
3.355520306058679125e-10
-1.661118465001720779e-10
-1.061355031639621416e-10
-2.584721048304317037e-10
3.175828766632804445e-10
1.680616062982309700e-10
2.394670295391421178e-10
-5.539108755003852025e-11
2.997278258920488270e-10
-1.573491476003496814e-10
1.157532403261996024e-12
3.093027778344747958e-10
2.511339747268692690e-10
2.446527702648637614e-10
-4.159263489178499640e-10
-4.981675072457392162e-10
2.064833998227655343e-10
3.208428661638507151e-11
-2.131267246019419304e-10
1.862623250081796300e-10
5.228877331120429517e-10
-2.370963425590844054e-10
-4.022741514897454351e-11
-5.460056295980564300e-10
-5.692108451249566770e-10
3.433609785385982605e-10
2.478539873340679378e-10
8.787565813905828804e-11
-4.087880867142956731e-10
6.134445729166770889e-11
-1.525008452851750462e-10
-1.833130869322019407e-12
-3.204880805185439385e-11
4.003636311367131384e-10
4.003566922428092312e-11
-5.949744863453787502e-11
-3.713440666075484842e-10
-8.098875736717303653e-11
-6.050361323062247720e-10
-1.084651327087904349e-10
-1.252360160020060675e-10
-4.189622260231118389e-11
-5.370694167172729294e-11
-1.395329546349799443e-10
-9.131761319336462179e-11
4.261050678966427085e-10
-1.254988613030860733e-10
-2.704123036600947216e-10
-1.639579860768236585e-10
1.155740850244946216e-10
-2.790251085738049142e-10
2.798372089607426005e-10
-3.246002910906042871e-10
-2.349778427390702973e-10
4.339167219979955803e-11
1.576657693291849682e-10
3.890958111263387309e-10
2.446406688338953472e-10
-5.967246141658222314e-11
-1.693633150390283504e-10
1.190249288018918605e-10
2.818134059445753792e-10
-6.855632728175464763e-11
2.102024110328670758e-10
8.450722066566385138e-11
1.377166575222688039e-10
-4.403755415882670832e-10
2.827307554742475304e-10
1.513806580089038789e-10
-2.260248654906149568e-10
4.166416101014647211e-10
-6.162091670258718068e-11
1.139633248881111172e-10
-1.707034097409021456e-10
-3.055840025467659871e-10
3.577248913755326498e-11
-8.263457973445298421e-11
1.012760708629656392e-10
-1.225283208228233889e-10
-3.198847298158113972e-10
-2.641873386721727002e-10
-1.199013388575309591e-10
2.456826686536572879e-10
1.882680122911040144e-10
-9.450000504340749785e-11
1.075853503507140374e-10
-1.309041902652907652e-10
-5.268437769379019642e-11
-5.064966779322332968e-10
2.057530534838036829e-11
3.009683613441893613e-10
-3.396776748765262255e-10
2.240756469262805695e-10
4.294190281139975696e-10
8.002147555696836889e-11
-1.859814732774189849e-11
3.686840832628490716e-10
-3.830914752089853437e-11
-4.443650447605307363e-10
8.727515932172025259e-11
-2.832065137958750256e-10
2.532222209694623416e-10
1.042992220368077483e-10
-9.653375321327928305e-11
-7.917333455509378837e-12
8.940877899155097452e-11
-2.268778567793283685e-11
2.349598293704957541e-10
-1.462829440912472023e-10
-2.564660706028121240e-10
-2.354164085893728497e-10
1.709164060281764819e-11
1.542714705982106693e-10
1.583208841804406575e-10
2.754939609772577569e-10
2.394837106400871107e-10
-2.383106489922681703e-10
