-1.141017905159635859e-10
4.727043756425075571e-10
5.111809309177317573e-10
-2.002878002338448482e-10
-2.675305255106508184e-10
-1.091132392772031778e-10
7.559042281002348318e-11
-1.862887621939535165e-10
-3.515101543172249876e-10
1.271727445573134219e-10
-9.377174037261681860e-11
1.688520850917640814e-10
-1.875205268841995121e-10
-5.599526398114562653e-10
-1.937793397965847930e-10
-1.560546414314245567e-10
-4.621908411550634810e-11
1.332721016877869147e-10
1.728703569181533339e-10
2.475629701237380687e-10
-3.512001800487496439e-11
4.894545879707834501e-11
4.014476806535327569e-10
-1.589528231260572966e-10
-3.509442736415735453e-10
-8.506872983815583211e-11
5.387577883819716362e-11
-4.531095221249614724e-10
3.889143174173881334e-11
2.817875655036772287e-10
1.732190502146124800e-10
3.477063914569811232e-10
-2.207576482726736344e-10
-2.261565934524867316e-10
1.792416909340843745e-10
-8.000905493688037495e-11
-2.452449354706232043e-10
-1.200915061838614406e-10
-3.222150324333483695e-10
2.028206630422246803e-10
-2.013114952514882816e-10
-1.869355781281001327e-10
4.795279104352623278e-11
1.982419228774290332e-10
-3.300378026427353007e-10
6.425571880130931390e-11
-2.993592873590245063e-10
-2.371138840828734828e-10
1.050198678020919374e-10
-1.167086011166773574e-10
-1.298506302482849151e-10
-2.453092728949002321e-10
1.854003200962850428e-10
3.140029070092253960e-10
-2.285591160777755704e-10
4.502808681472458829e-10
-8.901906989322583286e-12
-1.546526795515035246e-10
1.534098820199503166e-10
4.165112144072224964e-10
1.557845935584722952e-10
4.202715675472035173e-10
-1.673853833317195949e-10
-9.122645694414899253e-11
3.105870560737855612e-10
1.074628025454771318e-10
1.101852220575239016e-10
1.776321451041340538e-11
-8.715087679300737022e-12
-3.752985422433852136e-10
3.898857625639351454e-11
2.691568634638485946e-10
-5.010544756878232420e-11
-2.020402734004278500e-10
-6.757838039161967458e-11
-3.021727867924539623e-10
1.651896675003428072e-11
-4.034356182458509466e-10
-2.783597519151470578e-10
-1.559104234605257489e-10
-9.244453813561648303e-11
-1.301740382153582232e-10
-1.862975052002724397e-10
-1.402911536940720794e-10
3.353026467589614867e-10
2.196033910273342826e-10
-3.083545641047180652e-10
1.105008862190004493e-10
-8.371818516206275262e-11
2.455813330470846267e-11
-1.397300330996387174e-10
-1.121660264669088747e-10
-7.656713457704356074e-11
3.802835824018302446e-11
-5.398987923399545252e-10
-3.952425609021759101e-10
-4.656183216766862643e-10
2.048416436473132762e-10
3.690052430282975138e-10
9.734474337719234427e-11
-1.084682066387898658e-10
1.528628612579296941e-10
-4.943990772332540473e-10
1.907000390932722667e-10
1.418578310374840612e-10
5.254133239596114890e-11
-1.042361752467968472e-10
3.645191093415434125e-10
1.403138855105012794e-10
-1.058868964731729534e-10
4.275231835215720366e-10
-4.784517226852358363e-10
5.016065895979693323e-10
2.452041625300438454e-10
-3.448246133075372200e-10
-3.078151344926283173e-10
-2.779682872766642276e-10
7.559963766112787198e-11
3.520990443650617863e-10
4.177880263966926577e-12
-6.856200607252560530e-10
-1.823432793646162509e-10
7.072601393431909855e-10
-2.385364961110525428e-10
4.820414900574832018e-12
-3.103458046105345147e-10
-2.250342828746809687e-10
2.943686128187295026e-10
3.460242925523715485e-10
-2.559309708605184142e-10
2.306583118949490085e-10
-1.908412594620045866e-10
-3.959046979140623534e-11
3.263730952163257371e-11
1.132023780270330349e-10
-1.347757044856123798e-10
-2.187796610542136477e-10
-4.325718117037524735e-10
-1.088063250609394572e-10
1.476442162973157224e-10
-1.087287065937303510e-10
-1.165701424277187925e-10
-1.172691527218105989e-10
2.044466262951516455e-10
2.292386280799973974e-10
-4.141236797927660973e-10
2.033369167486753781e-10
-2.738160809201417578e-10
-1.380374425874464350e-10
-4.026662336897857131e-10
3.208666943255167325e-10
-1.333800569991439033e-10
-4.246382412365079517e-10
4.263913666591179208e-10
-4.860745694834633923e-10
-5.090162180643176271e-10
1.787726355839680537e-10
-2.024815592971407341e-10
4.463635017160072493e-11
-1.986955738830786800e-10
2.173763669066630655e-10
2.084781514088973609e-10
4.107283957388574436e-11
-2.632973006289063278e-10
-3.411066706870968801e-10
-2.411361943455148094e-10
1.738149207897166093e-10
-8.444835386534066402e-10
-4.496583660973385577e-11
-4.854435256551603572e-11
1.308141234224180494e-10
-1.559656986893642738e-10
1.283842337995722005e-10
-3.067517073684911111e-11
6.621121706462673728e-11
-5.502083233466237289e-10
3.153714234205295952e-10
9.507085396709413772e-11
-2.777371388429372701e-10
2.259102349633224094e-10
1.616390354897134785e-10
-5.378348461038129358e-11
5.914118500482956620e-11
1.022591872290590231e-10
1.461851889539289573e-10
2.391365439002868243e-10
6.721097012274412918e-10
6.777602368224222573e-10
-2.661809106463408625e-10
5.560980148588967609e-11
-5.326253327275765059e-12
9.295074432369432316e-11
5.114816903351027122e-10
6.826344489674340821e-10
-1.925395676227736885e-10
2.902633688961486769e-10
3.510711513166064890e-11
-4.178858370451621340e-10
-2.522679842797970196e-10
1.872788452095264233e-10
4.384411722568870573e-10
-3.045571572712901798e-10
-1.650039965772620576e-10
2.706674606667291982e-10
3.974213180768515485e-10
-3.003655657529691325e-11
-3.835536332985611807e-10
-2.984225366819970304e-10
5.104998646032754550e-10
3.427004513500975236e-10
4.913978668419360929e-10
3.384704738707000615e-10
-5.072919306847722964e-10
6.127658380705724994e-10
-2.678524069210652669e-11
3.007540050337098592e-10
-7.735673213105087598e-12
3.558460470731716896e-11
1.542379141072913740e-10
-7.584835537421952267e-12
1.945237859679593839e-10
-5.211736597843241725e-11
-1.295969720427336824e-10
-1.118501610775091137e-10
-3.271206083788058550e-10
-6.279481101767458995e-11
1.601023758013297993e-10
1.781319536320324914e-10
7.664473222757095527e-11
1.360729168231600283e-10
5.636744404569071776e-10
3.563527806171862267e-10
1.341853850256313763e-10
-1.511902547601806646e-10
4.893736527122882762e-10
-3.592916242300958629e-11
-3.720482533164926053e-10
-2.976871249504853267e-10
4.806133269141810160e-10
1.526103549087665101e-11
-1.904415652953517224e-10
-4.323327806865506773e-11
7.560922721250307177e-11
1.890485129552033072e-10
2.305482194042696165e-10
1.366021462612110327e-10
2.781616603719783143e-10
2.464266568580342209e-10
2.781237740112629808e-10
3.706733253672211958e-10
-1.067185229075562347e-10
1.629424650761990279e-10
-2.749579453009687313e-10
6.803896335227932468e-10
1.224050028003631496e-10
-5.533544733538064975e-10
3.927141944970458098e-10
3.813527271745442704e-10
3.810080584365493905e-10
-1.339821864565493570e-10
-3.962735972695696773e-10
7.571579474507927898e-11
-2.780826680037762344e-10
-1.459029008721302034e-10
-3.411446125589634448e-10
-3.125909253665071219e-10
1.951608319394892987e-10
6.141823716276917366e-10
-4.067801095963829994e-10
3.722149533036400726e-10
-6.685549336360452344e-11
2.349449523819657770e-10
4.360383720758420623e-10
1.845829183944047713e-10
-2.482875849363352927e-10
-3.274038817835389636e-10
-6.595347878946000719e-11
1.612743272261241145e-11
1.331903476398110797e-10
2.439933810549632653e-10
1.171995278603787938e-10
-2.416931932369692504e-10
6.083962500458284239e-11
1.611235034282287870e-10
-4.651667384614199818e-10
-4.585537782819670838e-10
6.677546016131685747e-11
-1.277267458466013750e-10
4.227665439948680159e-10
-1.963394863357947884e-10
1.134433935678913485e-10
5.685392157062096885e-10
3.158031058880794717e-10
-1.730349891149174368e-11
4.014123200501984456e-10
2.108359320462938058e-10
1.227524609737074002e-10
-1.773714508601642592e-10
4.637008554908561564e-10
-3.889910615839653474e-10
-4.219915805681040410e-10
-4.011169174589213071e-11
5.409449554960588102e-10
2.546854394047670667e-10
1.574347457955482810e-10
2.814186661481699048e-10
1.879024436046705659e-10
2.618295580347762552e-10
2.418633071599174400e-10
2.920003128181747343e-11
-4.352967292176046499e-11
4.258265962064911037e-10
2.049138636550651427e-12
3.513696555934586740e-10
5.768141519979508303e-11
-1.571097973940283055e-10
-2.334394066938472179e-10
-5.693243793070124070e-11
7.656778544529174724e-10
-3.822690775034942590e-11
-1.212246136805816832e-10
1.902493440564256844e-10
-2.030987322765298586e-10
-2.714006797077672672e-10
1.822164086284772111e-10
-1.902076413040632019e-10
1.725878606695374629e-10
1.066018592843498425e-10
2.767772677714219753e-10
5.628415788994090008e-11
-3.085143529535372409e-10
-4.085201621428780072e-10
-7.389971412585794042e-10
-2.941955845603416719e-10
1.161827578588514598e-10
6.054134971122948627e-11
1.245715613995557192e-10
2.844152413583600492e-10
-2.369783536071423669e-10
7.878217522794273009e-11
1.143560177108149389e-10
1.355665857349919179e-10
1.807026750455520414e-10
-2.359384909667028296e-10
1.596152932048511275e-10
3.548221438887111390e-10
-2.335901472250156985e-10
-1.143094230382502019e-10
1.546495709270345742e-10
-1.947305094951445881e-10
-5.668203129083337899e-10
2.666813991858418831e-11
-5.214393847263742998e-11
5.215760601195995605e-10
2.530247678045327575e-10
4.464756064859187745e-10
4.536113151765164275e-11
1.948889799541220214e-10
-3.924683356082425689e-10
3.615101829002043132e-10
2.787754471711423321e-10
9.010146795329632141e-11
2.154008360566450619e-10
-7.565081894256309170e-11
2.917856234407878446e-11
2.727347792053080866e-10
-3.911047319338223360e-10
2.587008385290801016e-10
-2.940946097762520139e-11
1.878267263943911303e-10
-8.455541822272039099e-11
1.794976389746238965e-10
-3.941938442331149872e-11
2.219846251261259340e-10
2.198887322224507557e-10
-2.957697975425332970e-10
-1.054796111565892147e-10
-1.331965787665367884e-11
2.269181509362283578e-10
3.907108525602609461e-10
-6.416066289371968878e-11
-3.003761128717030715e-11
-1.838216800997827249e-10
2.717926578243989866e-11
-2.272576155037953072e-10
5.338420677736266384e-11
-8.238057458420655621e-11
4.437045175720299994e-10
1.352547657207381349e-10
4.487097915450988239e-10
1.505297553272555433e-10
-3.474555920757183003e-10
9.924783217485355635e-11
-7.544961877492539770e-11
3.661098091356507211e-10
-1.180028991187853649e-10
-6.881096387134633119e-11
-4.165905120867563483e-11
9.276424767223900858e-11
2.739674598295493979e-10
-4.389737184862241293e-10
1.117437670172805042e-10
2.219444766859979268e-11
-1.807977656476111861e-10
-3.797497594160148537e-10
-1.694309414990158302e-10
1.122078263637860118e-10
1.244567088276582467e-10
-2.093304696249020935e-10
6.908290606233435938e-11
2.549103705895561234e-10
6.342806835313297142e-11
5.801680663664043891e-11
1.960051843052923459e-10
-3.420578265078688673e-10
1.779262570611450656e-10
-4.632946803972970429e-12
1.024827375739612023e-10
-1.227994372854368521e-10
5.231319891163543900e-11
7.611276192642790761e-11
-1.437923530245299730e-10
-2.655493602787828422e-10
-9.632681458038305777e-11
5.465782271230068545e-10
8.611103496924954470e-11
-1.482244604833482526e-10
-3.953161409331329423e-10
5.684458459498387128e-10
-2.223727313399592731e-10
-6.830678384028843197e-11
-1.376999764213238109e-10
-9.298879721786335040e-11
-3.146370386453156698e-10
2.412666733064838809e-10
4.268417008734814999e-10
-4.668237463256730280e-10
1.561424323170967909e-10
-9.926334754162269292e-11
-5.950963333223313612e-11
2.827906520064260576e-10
-1.374826641420412443e-10
4.735153380508450027e-10
-6.646905248430812208e-13
3.050934505033353616e-12
1.131576082835650254e-11
2.542719923503966584e-10
1.960966389269458432e-10
1.514715852746206792e-10
-1.860610693293907048e-10
2.891972217256011390e-10
2.433898638187770302e-10
4.196022140856570104e-10
-2.667216725260601606e-10
-2.363322315623861414e-10
-9.829578817566186899e-11
-3.045948215874005882e-10
9.439554693457807844e-11
-4.971599520953162710e-12
-2.047421399087312466e-10
9.473875850485313777e-11
-2.444216495867124195e-10
-1.412420180813001025e-10
3.377575996665882485e-10
-2.262403597796946997e-10
-6.222998505389654156e-11
3.264698511529218194e-10
2.531393983318253049e-10
2.295361817283847472e-10
-2.145257582686355136e-10
-5.313272599671847729e-10
-8.938644269207429716e-11
-2.202406867990447381e-10
8.383148342172574985e-12
-1.864427501274690258e-10
-1.678539529592626423e-10
7.356790870938212379e-11
8.085533631518870834e-11
7.933578793917206440e-11
-3.473351467553342786e-11
1.400035781751185482e-10
2.401417120712068254e-10
-1.121233175749303257e-10
4.719377666440038865e-12
-2.590035130811685349e-11
-2.606212121114559466e-11
-7.697052023525330355e-11
8.811047724766041256e-11
4.761596672508972006e-11
-1.889622625039777404e-10
2.146182120910111735e-10
4.229439021230518847e-11
3.308432694471008517e-11
-3.372999796136255668e-11
5.473450581661154501e-10
1.291209500431378387e-10
-2.278892907714435978e-10
6.805871144432984465e-11
4.592665137082008187e-10
-2.991926428830282703e-10
1.028781712597570674e-10
-2.247562969071026373e-10
-3.642350657195869701e-11
-1.461458176699181877e-10
1.603223942492348897e-10
2.480874533583588004e-11
-4.581430790295826228e-10
-1.560007401035790053e-10
4.426121968936769235e-11
-7.683249869661068487e-11
1.001712185422221069e-10
-2.766852857938317811e-10
1.157889964464864363e-10
3.462358455497138721e-10
-5.716657008880687840e-11
-6.509166816659472943e-11
8.715024535366211467e-11
-3.438558326962493084e-10
-2.086969624892631714e-10
-1.517987679999777129e-10
-2.613991245681290820e-10
1.437346075494616571e-10
4.827198640811047881e-10
8.366135562098975242e-11
3.735854403608129815e-10
2.932437070946036783e-10
4.648259555040112900e-10
-2.652238428879627463e-10
-4.579174261998275597e-10
-3.207381304992651394e-10
-6.458017454136211200e-10
-2.895065784325190350e-11
2.814861121969158830e-10
-9.109499266024556619e-11
-5.938473046640524444e-10
3.013982119437486062e-11
9.856301885768914417e-11
3.817480775936132886e-10
7.465776885595687418e-10
-3.893899092055619349e-11
1.877475258593719332e-10
2.633361029236169770e-10
-1.190718357246822734e-10
2.553831868201683619e-10
-4.512602513884189648e-10
-1.781628178321170708e-10
-1.579311681432216119e-10
-2.708317181632224901e-10
-3.066044917954258153e-10
-2.906807433644686967e-11
-1.124257908990955457e-10
6.551242881513985594e-11
-1.863956350378614957e-10
1.224438883618006457e-10
-6.821027076497898634e-11
-1.413532069172163119e-10
1.202988542114979964e-10
-1.676083022372765186e-10
1.519027542640216666e-10
2.541534760425179229e-10
3.957675853705211466e-10
1.779392605483209877e-11
-2.406337906712963104e-10
-7.265860135774460105e-11
-2.602412035868084672e-11
1.128194968003093379e-10
-2.631533324581880606e-10
-2.921345942930031470e-10
1.481370026645834059e-10
9.762513020206142755e-11
4.535238573577515808e-10
3.228115552644794661e-10
-2.232399265444939829e-10
1.779270897284135344e-10
2.298279760948318540e-10
-2.318961550562548268e-10
5.211291814744001272e-11
2.850631397599556749e-10
-1.256159759543962195e-11
4.763982541788891467e-10
2.401754350955798145e-10
-4.727494784528829541e-11
2.931885567658554237e-10
-1.372273267241652661e-10
-3.694084482752657550e-10
-1.948207151158953820e-10
1.951496741980918159e-10
1.355430767624454802e-10
1.952184941478307678e-10
5.568282640533439576e-11
4.421090438189168026e-10
1.240203634234049446e-10
3.292193184734060196e-10
-2.600810955488697118e-10
-1.313897879384740008e-10
4.159158573102672563e-10
1.787481412884872611e-10
-1.675169725157132916e-10
3.796435110725582263e-10
1.854674608336992492e-10
-2.046264407917774975e-10
-6.778525518669198391e-10
-9.327276451198684981e-11
1.977140950959466181e-10
-2.181433506054375471e-11
-2.916585861711951111e-10
3.133597548110600428e-11
2.264914644722892945e-11
4.836975819877409322e-10
-9.807485379376146284e-11
2.871878290733320682e-10
-2.572624890895269800e-10
2.607840610124867453e-10
8.185535582683201028e-11
5.943959213716709655e-10
-2.057717329861930011e-10
-3.110368629322124434e-10
-3.489139532852902903e-10
-3.689602512402245793e-10
-7.251681477526972230e-10
4.377129769750354171e-10
2.683687161386671960e-10
1.337006616530800329e-10
2.206451688024912983e-10
3.158455719187713839e-10
-1.758830164844127353e-10
4.013875343211736890e-10
5.535212566076808116e-11
-2.651554670274336445e-11
1.253699366543514770e-10
-3.376409707378513758e-10
-2.063929305240463918e-10
-6.477529623793998326e-11
-3.316245889006808056e-11
-4.414418830478439304e-10
-3.576909879399181591e-10
1.394345472416347320e-10
-3.302988438314002906e-10
-1.535201410440834024e-10
-5.806105596306565531e-10
-1.017983752849005441e-10
-1.068749394539381115e-10
1.475457950261827023e-11
-1.106823938057388546e-10
-4.909055384416660672e-10
-3.487631017318193472e-10
-8.423867159379483383e-10
-4.762422123327780810e-10
-2.720448866178060143e-11
1.728750476104323752e-10
5.970693384149683425e-11
-8.443180876671618762e-11
-1.114125736112470122e-10
1.977142616294003119e-10
4.722834345827209290e-10
-3.022596339885552652e-10
3.690797112376742461e-10
-5.189251806037020742e-12
-1.821123113421307949e-10
4.816010923391900178e-10
3.268817994062089838e-10
-4.667098929544977182e-10
-5.300182515100004821e-11
-5.920567369699369920e-10
-5.059167529353203463e-10
-2.227824591471971871e-10
8.274136931163411646e-11
-3.425121297695454814e-12
2.448408698008108786e-10
-2.241425517413020430e-10
-4.954235632848025261e-11
-7.841605142999696909e-11
-6.229196047868867936e-10
6.402157692875221073e-10
-4.380424356575929323e-10
-6.643515737536631605e-10
-3.697021300208547245e-10
-5.486916476726833025e-10
1.635578061875975209e-10
-8.524714961710699868e-11
-1.681613182036301168e-12
-1.190502973980045454e-10
-8.149317332062366859e-11
-3.641059953540803917e-10
5.313496864722822011e-11
-2.048314157176989170e-10
-3.909813445224230577e-11
-2.166584134322135924e-10
-1.029588497791777968e-10
-4.842061196441704851e-10
-1.347383038474703199e-10
4.975039824550719914e-10
-7.834249915461555247e-11
1.795256165948444504e-10
-4.033656741952995617e-10
-4.069062031764048015e-10
-5.852264228778381039e-10
-2.268434745600345082e-10
-2.136599508428815852e-10
-1.199705196297529142e-10
3.663470915515887327e-11
-7.978039062717101615e-11
-2.108007102208375727e-10
-5.673631703340120680e-11
-3.286806382618578937e-10
1.454044523674369316e-10
5.488294818611905157e-10
1.492000967218132246e-11
-1.441088220976993739e-10
-3.130981585108827403e-11
2.515551100756852065e-10
7.013815084278007816e-10
-1.050950299008590605e-10
1.626425244483087340e-10
4.695553390554607631e-10
-4.281413001905320925e-10
-2.434615703483800075e-11
4.967470185190947518e-11
-4.590253177561010034e-11
3.195988473869704194e-10
-1.721559700351704691e-10
2.826965328495134600e-10
3.516840707540325184e-10
3.986082297569026878e-12
9.720457078143951435e-12
-3.578068397125377942e-11
7.582651867510392663e-11
9.180559784605080154e-11
-1.762715112763046932e-10
-7.494535547714065160e-11
-6.559303100672764231e-10
-4.969841205237912618e-10
-2.969122170348725831e-10
-1.955097195249777542e-11
-8.732413681045159137e-10
9.169984216406135147e-12
4.208537407457413337e-10
8.551269414791562440e-11
-2.335587834245700378e-10
-6.339446328995634872e-11
1.384853898223070701e-10
-5.614400611086978188e-10
4.789681984362914591e-10
-4.130286113124270742e-10
5.567019067953538070e-12
-3.684373917067773618e-10
-2.578544600062571135e-10
1.234769925195777773e-10
9.425017710729122200e-11
1.933669613318755864e-10
-3.102418322242783688e-10
-8.131922912824052219e-11
2.276945298973487297e-10
2.231814455466718528e-10
-3.478939358814159277e-11
-1.508140834438620459e-11
1.086587764209667739e-11
-1.126436027787391936e-10
-3.139443149891008034e-10
1.152379858204710672e-10
2.423395650819060165e-10
8.525309624918264717e-11
6.587083656306447210e-11
-3.132126225047215939e-10
-1.174925573499407960e-10
8.421138786296467060e-12
2.568016632675806932e-10
4.990825530626352702e-10
-7.349840180914668508e-11
-2.380579067207122534e-10
-1.614804956417970061e-10
2.551994171540172829e-10
-2.523989350855515568e-10
8.043031518578658279e-11
1.018277961950531108e-10
8.401259549151163242e-11
-3.279669869016288430e-10
4.942166675903081341e-10
1.149767364649889601e-10
8.276456603395487832e-11
-2.231243939609939275e-10
-6.922282191901274473e-11
4.231654193720402191e-10
-2.307917745802967602e-10
-3.193809106072365012e-11
-3.580072349684826349e-10
-9.226061581379951804e-11
-4.846986700890454358e-10
-1.154384920987183705e-11
-2.154334627357812337e-10
-1.412062133887559412e-10
-1.824067702438370020e-10
-9.553136753881474874e-11
2.079680733180211405e-10
2.368881479863915729e-10
2.740378063359472094e-11
-1.075396646732507122e-10
1.045036279734290474e-11
-7.839534577058770992e-11
-2.936176302092974311e-10
-4.633821104604862740e-11
7.221853670635880462e-11
2.992152081660037766e-10
-2.124864728614284104e-10
3.652080859950501690e-10
-1.728037435366758245e-10
-3.609560567108260898e-11
-1.149687983703628902e-11
4.179580292973383848e-11
-3.501824386020757629e-10
-1.424890205825590783e-10
4.464177916219114195e-10
3.179062568747781370e-10
2.129842274767312915e-10
5.854886575562545659e-10
1.117124170946226513e-10
5.190996937853853410e-11
-1.741773114627420682e-10
-5.787911816490520778e-11
-3.883227073231410031e-11
4.209340098704217326e-10
-5.372805672587688264e-11
3.131474524131760973e-10
1.188835835330692703e-10
-1.677759736695705328e-10
-2.830151391020052642e-11
-2.726340819769745849e-10
4.678407661273809026e-11
2.983777669385290210e-10
-3.247996593902513496e-10
-3.906964751720920503e-10
-6.692861542756389781e-12
8.541597984468296545e-12
-3.038891638329488387e-10
-4.510491286024986834e-11
-3.728922726153882650e-10
2.010402261332089324e-10
-1.146918393590823371e-10
-1.667729704335485508e-10
2.551737987577240574e-11
6.122005680175846010e-12
-1.796356813299482269e-10
1.650032055433570122e-10
-8.555245054053806086e-12
1.819304706884850020e-10
1.017412543102835798e-11
4.157290622863740737e-10
-3.213437294036225467e-10
1.133628746430304091e-10
-7.890521569464681306e-11
-3.615457377925679339e-10
6.469004776299414061e-10
-1.346988354189448955e-10
2.119380781984148143e-10
-3.242217327947827243e-10
2.491485906475077172e-10
-2.565354595418511963e-10
7.338356311503702045e-11
2.678785804288708050e-10
-4.207143800005752610e-10
-7.437121057884965580e-11
-5.321955653947441078e-10
1.126360116288083191e-10
4.149829924138259685e-10
8.579983945544711332e-12
1.778459324253134355e-10
-4.305333867193894548e-11
-7.849783323354841968e-11
-4.787060747801774596e-10
-1.228943335984666874e-11
-3.957051353253859816e-10
-6.399746843577247546e-10
-1.250121811624538282e-10
3.657374680887670593e-10
1.419516032497014635e-10
1.689264006454749278e-11
3.989935604131744640e-10
1.916003744550920374e-10
-1.166981650202458809e-10
-2.146588601315002620e-10
-3.400336956449478976e-10
4.501535255663213775e-11
5.565972127641316547e-10
2.819241506912817385e-10
-1.933070370441214436e-10
-1.076365246932553532e-10
-2.306495411330544698e-10
5.701002447899838899e-10
1.414463546289823626e-10
2.060157877625812262e-10
-1.034707736158324565e-10
3.305560269950547081e-10
-1.827129558762408124e-10
3.521659353022954519e-11
3.084849042878090586e-10
1.920535952493196419e-10
1.986917158580681075e-10
-4.595569480514427596e-10
-5.184723206319574729e-10
2.736046667006775124e-10
1.637237220797338466e-11
-2.527270059893282905e-10
2.265360676823036101e-10
6.401839613978665966e-10
-2.061867898639491159e-10
-6.000316910004244164e-11
-7.022577519499861864e-10
-5.237253408729714010e-10
3.254335134705854671e-10
4.027720101884568749e-10
1.144021544163820181e-10
-5.270830438774964932e-10
9.592156929860706782e-11
-2.775885632466668085e-10
8.954704339148022996e-11
-4.474062093029473886e-11
4.794213914749434480e-10
-1.417518880053592056e-12
-3.654909708217246589e-12
-3.673640280865697605e-10
-1.097307245068179782e-10
-5.619147369628763045e-10
-2.005295929308203995e-10
-1.708780894560391062e-10
6.346506653542860477e-12
-7.695886983238864332e-11
-2.128472537110681628e-10
-9.213416141129471271e-11
4.503518946652462773e-10
-1.187672737934519773e-10
-2.800104870193109718e-10
-1.767157947751840652e-10
1.759538625911716281e-10
-3.353477495693368837e-10
3.630395706277766976e-10
-3.723323316329185673e-10
-1.406321309405100806e-10
8.320575478615310772e-11
1.563587315178693871e-10
4.854541213461516236e-10
2.405983745568107679e-10
-1.868270538274430237e-10
-2.324474501769202561e-10
-1.487501788410838799e-11
3.795061209732608631e-10
-1.511685360222614349e-10
2.352323336118899988e-10
1.916242581279092860e-10
8.204276147338873670e-11
-4.785946638996563252e-10
2.919582076099658252e-10
1.365889901183692245e-10
-2.294459622298461454e-10
3.166417961164569306e-10
-1.075808886419338251e-10
1.898675106026814774e-10
-1.400387306116357422e-10
-3.289880867729522151e-10
-1.731160353957150733e-11
-1.914340769237909967e-10
8.801381845557898487e-11
-1.703441554479212527e-10
-3.306396267888089824e-10
-2.929656794936619235e-10
-1.511620828509308012e-10
2.461540415943375137e-10
2.322995684700401853e-10
8.640801962833677408e-11
1.661463744362379202e-10
-1.124692006193583893e-11
-5.303825434399556116e-11
-5.707488925921211376e-10
-1.059506510303620530e-10
3.108217849767669350e-10
-3.769892453764356333e-10
2.519053299288032122e-10
4.983466972419137164e-10
1.225765738910311597e-10
-7.476597119193684193e-11
4.641705908525750601e-10
-1.719928505172774180e-10
-5.429339200446747782e-10
4.498186545465188146e-11
-4.075060844321853892e-10
1.342296690465261122e-10
1.481452738261168633e-10
-8.545932017600677000e-11
5.655473311882985854e-11
5.116967266571847972e-11
1.077365072155167525e-10
2.145632699290800360e-10
-1.333731319830278039e-10
-2.787038100304783939e-10
-2.617085714806677288e-10
1.933928017727737370e-11
1.833034279918877019e-10
3.519541602603482033e-11
2.526191478224859566e-10
2.566619972110828485e-10
-2.881433147639000936e-10
