-7.131518986458473819e-11
5.324284346741592344e-10
5.224845556206503261e-10
-1.542639210816432183e-10
-2.680426158807591719e-10
-1.143807201731128487e-10
1.025486501271544171e-10
-1.920944792122014633e-10
-3.572857565359299770e-10
9.397957412282664791e-11
-5.945632874926332079e-11
1.404342475641584542e-10
-2.270095778023062394e-10
-6.262353968722322861e-10
-1.633048418714366790e-10
-2.092418738275370060e-10
-5.360129007314640148e-11
1.838342394977487970e-10
1.902480117887961342e-10
2.723445080565767284e-10
-5.264971097984627590e-11
-3.726302599815767280e-11
4.019975186064783657e-10
-2.422987366301754264e-10
-3.366995293685448587e-10
-2.158652978589969962e-10
-1.518417336310307064e-12
-5.576766826109746944e-10
5.739811403948635871e-11
3.202118015188659683e-10
1.615417244416050835e-10
3.973107953747501142e-10
-2.249020136790846891e-10
-2.742575611058839513e-10
2.020403566671546969e-10
-8.854167399263701554e-11
-2.921560215973784125e-10
-1.690676210142072478e-10
-3.283882055171716274e-10
2.277097399527860944e-10
-1.870126276060091186e-10
-2.042215008213332794e-10
9.710270781893015624e-12
2.613456673294933807e-10
-3.134671411331169111e-10
2.066172927195353282e-11
-2.766389339825536808e-10
-2.983658597965899162e-10
1.101336799536056787e-10
-1.092109042089006721e-10
-1.121776838086674388e-10
-2.545038901846652379e-10
2.321145498029864029e-10
4.277906917593554681e-10
-2.971776436044848424e-10
4.083511029318032115e-10
-1.189220943942359554e-11
-1.693873097341480616e-10
1.076432831759177589e-10
4.451926327586619436e-10
1.467741622684926028e-10
5.146900128316644896e-10
-1.565817753235165810e-10
-5.557486415508350319e-11
3.263861403368650826e-10
9.770506625983443882e-11
1.279517602981172786e-10
2.521486144879681035e-11
4.069588416255598418e-11
-3.948801841069382590e-10
-3.386321778542367156e-11
2.581060087880615583e-10
-7.766573495437967267e-11
-1.827329398906840652e-10
-7.630228393562532574e-11
-3.121159997121480956e-10
7.219144726455795080e-11
-4.953001897511910556e-10
-2.272072668896285563e-10
-1.587133480196456503e-10
-4.301421718810871653e-11
-1.121226930744789740e-10
-2.049917180446669818e-10
-8.713413324201724208e-11
3.493892397621323198e-10
2.606636573254661471e-10
-3.323915864772430950e-10
1.436981922342539519e-10
-1.391317200338804128e-10
2.070163485079490329e-11
-1.084700940179317286e-10
-1.217121403662702050e-10
-1.378955144515359166e-10
4.426714550476162913e-11
-4.963463529072953406e-10
-4.485893045913513788e-10
-5.994742480197601253e-10
1.385392495167891980e-10
3.751730870416025709e-10
1.557659556894464004e-10
-1.476482269779921808e-10
1.799353721576579801e-10
-5.518076551247474981e-10
2.164434742546461621e-10
1.297283253043346463e-10
4.484701499052334839e-11
-7.936409862630000589e-11
4.104890038991726442e-10
1.493890844361800418e-10
-1.230886642611395132e-10
3.837676842977089109e-10
-4.825970179034300145e-10
5.342523090590134416e-10
2.635637819103919810e-10
-3.198306064433609208e-10
-3.473211163118605782e-10
-3.210510191031801241e-10
1.283615991276576551e-10
4.138126508124173597e-10
1.435704333196952120e-11
-8.589901012712175543e-10
-2.228847106877651640e-10
7.237491717049238105e-10
-2.860006120819491571e-10
4.409517195824719238e-11
-3.215012700508168564e-10
-2.296132173285059253e-10
3.064571374444824414e-10
3.014877791862602407e-10
-2.721058933730091667e-10
2.498256601590753689e-10
-2.155261524805496265e-10
-7.087391784565966191e-11
2.235658880245239288e-11
9.576558990254113723e-11
-1.202178079307003600e-10
-2.116564146170674121e-10
-4.626664606988128980e-10
-6.529582430303548790e-11
2.241418717296994600e-10
-1.277375705210914703e-10
-1.609554156623005383e-10
-1.676629390878758841e-10
3.157044625723415265e-10
2.389875519703821283e-10
-4.537762943179757258e-10
2.471839954942822715e-10
-2.422463896145643503e-10
-1.462040488675597771e-10
-4.053985480645394546e-10
3.672473714022572722e-10
-1.697522816757057740e-10
-4.495288030703648019e-10
4.365844352705039455e-10
-5.079153764242505531e-10
-5.364655386586036911e-10
2.390821707276558072e-10
-2.964906098412711799e-10
2.146158251115082294e-11
-1.880510053231532197e-10
2.448719560455003830e-10
2.042698232784800894e-10
9.962466962498695011e-11
-3.083387156710415411e-10
-4.218607130290763507e-10
-3.449931451626753187e-10
1.757859413586970732e-10
-9.244429666210862706e-10
-3.708366946852947876e-11
-5.758483967444050222e-11
1.537180660537984522e-10
-2.053257841527766914e-10
9.523817845469295662e-11
-7.094767828785819574e-11
1.297150165058269522e-10
-5.796366719934553657e-10
3.104537460441036956e-10
1.458021620104332783e-10
-2.976914548202813648e-10
3.005583282256196753e-10
1.871882648885048184e-10
-2.848071084526893060e-11
8.578114607526998725e-11
2.058840875562850670e-10
1.714694636278935036e-10
2.760615624985973682e-10
7.064708817949849617e-10
8.057926548232785535e-10
-2.729856896088733720e-10
1.036616625871289443e-11
1.396850690671413986e-11
1.035825800133061136e-10
5.381553536132344107e-10
7.828143688826116886e-10
-3.218306732222231403e-10
3.076452426142850527e-10
1.129453891524079268e-10
-4.387853413945208558e-10
-3.049582808500872488e-10
1.429226181848264332e-10
4.699118316686679009e-10
-3.089362099473191847e-10
-2.066274235046350327e-10
2.969500201288610697e-10
5.037254502404664436e-10
-5.865502528124011405e-11
-3.862017650124727197e-10
-3.075643073557898788e-10
5.225754273752158952e-10
3.295499706457150069e-10
5.672424752134475057e-10
3.563432604547500659e-10
-5.412477133148740904e-10
6.675286434720817397e-10
-2.058268833149412558e-11
3.362051470556792765e-10
-7.326486639591678340e-11
4.895620020484159340e-11
2.137418436687354983e-10
7.237599408682626745e-11
2.545290644917486134e-10
-7.699310633491052158e-11
-1.583347619682484719e-10
-1.004792915537677800e-10
-3.716330576608584124e-10
-1.222652257215628424e-10
1.269825911087707482e-10
1.662235349364493686e-10
5.143573067467599458e-11
1.245918229697551283e-10
6.332763202721025664e-10
3.491071320915750675e-10
1.751608580402574944e-10
-1.378153008380067490e-10
5.721942919478806289e-10
-8.087469582918060951e-11
-4.957706467578759657e-10
-2.746461946756539874e-10
5.804199898484796449e-10
3.435825929321012495e-11
-1.974169022700422715e-10
-7.949379349225793590e-11
1.453418219110602649e-10
2.450733782577430020e-10
1.733900106826169463e-10
1.923128878367208472e-10
3.163905804015598733e-10
2.481057859160529233e-10
3.350714150585076823e-10
4.143239640264084755e-10
-9.246636789583817517e-11
1.687523870641527424e-10
-1.873762672799372808e-10
7.865414985985808016e-10
1.720403541849435669e-10
-5.673039815690117393e-10
4.451072288524926535e-10
4.507731132807890617e-10
4.573572354171773213e-10
-1.604859578563377909e-10
-4.912951157010070347e-10
1.194031401530182279e-10
-2.405691756912631263e-10
-2.021672551588693523e-10
-4.252360963352685985e-10
-3.293419426064758682e-10
2.490347650319080230e-10
6.344809677649720925e-10
-4.050231261487624579e-10
4.332357805836295483e-10
-1.562520390852029095e-10
2.251217962045970467e-10
5.244965572970272660e-10
2.033789803235208637e-10
-2.752189587340581056e-10
-3.497279688069454551e-10
-7.910092025831261253e-11
3.884974980605804262e-11
9.247799748202112369e-11
1.739863253469309257e-10
2.496078621572195289e-10
-3.354644895203762189e-10
9.497945485659187170e-11
1.604016641731931259e-10
-5.071172370918475281e-10
-5.433570260393594253e-10
3.929808214953034451e-11
-1.185863768293771159e-10
4.311535017897938360e-10
-2.260671233544897518e-10
7.266065527034015759e-11
6.009671649209735733e-10
3.881414079032197151e-10
-2.994404724177002208e-11
4.791723684505200254e-10
1.640274860381651933e-10
1.255785475606785440e-10
-1.951961370316723787e-10
4.856620106075126841e-10
-4.263513986302314152e-10
-5.907873634747318192e-10
-5.936839908571300839e-11
6.453763634617359912e-10
2.681597444098571259e-10
1.873518840067589508e-10
3.206510057474076802e-10
2.146159638893863075e-10
2.431699841487500180e-10
2.764538598043486672e-10
7.190895101594207972e-11
-5.890898185922921471e-11
4.056658620132935766e-10
-4.073491544076546234e-12
4.244498919003802939e-10
4.344363757624591926e-11
-1.333675531123290625e-10
-2.780894403642264479e-10
-4.248280893737188535e-11
8.834848963523711518e-10
-6.323752632653167893e-11
-1.438218016902581553e-10
2.037213453487396464e-10
-2.123093784112128901e-10
-3.312976004643530814e-10
1.934448018436896177e-10
-2.007872479392602827e-10
1.802570731568309270e-10
1.866808374550998906e-10
2.878296767594434868e-10
4.806351844299783238e-11
-3.061273456950175387e-10
-4.780402185211585220e-10
-8.074544921576887191e-10
-3.949361948585305981e-10
1.070152022553116922e-10
1.537985364064020644e-11
1.297616181172855931e-10
3.538420112469964351e-10
-2.580443636546192465e-10
4.319886115489168787e-11
1.576219571530756980e-10
1.228951246323717328e-10
1.864498277992510111e-10
-2.805307097730747046e-10
1.781758907082320320e-10
4.052272961629910242e-10
-2.548181388117853885e-10
-1.442440333843109102e-10
1.719945713629655870e-10
-2.452102410011036682e-10
-6.072023994718733775e-10
-1.900608836979955640e-11
-6.399543395207984986e-11
6.022236598290930942e-10
2.469740800759012700e-10
5.224831678418695446e-10
4.966579925103076221e-11
2.106185503780722001e-10
-4.510630757792455370e-10
3.567356410272282119e-10
2.954128053289650779e-10
7.409138580438678900e-11
2.091312678587087248e-10
-1.006855709917431341e-10
7.400947910074506808e-11
2.892814043864433415e-10
-4.732435554544167644e-10
2.909018026464593731e-10
-1.215062495063534698e-10
2.489636274916051661e-10
-6.214308234664400743e-11
2.006761978812221514e-10
-4.220923610631643896e-11
1.821431616644275664e-10
2.534307763646381773e-10
-3.576798857096719075e-10
-1.297354723650556707e-10
1.007669642172359659e-11
2.976962287792872530e-10
4.102118644766505895e-10
-6.845739253247273837e-11
2.155875478138113976e-11
-1.872637045430280978e-10
2.772468365996871853e-11
-2.125455922374897000e-10
1.024079709921466019e-10
-8.522077488137824730e-11
4.861623326135600109e-10
1.197476562353472218e-10
4.879839865523649678e-10
1.481775674383456476e-10
-3.552015903629524018e-10
1.099416668814967579e-10
-9.238174808468002652e-11
3.980619167620602639e-10
-8.119897809688580992e-11
-5.355695054110043429e-11
-1.255855558435214903e-10
4.047343016289062234e-11
2.078325289645022167e-10
-4.890312599314938780e-10
1.146468753265850182e-10
1.797229726152593798e-11
-1.967710716588300102e-10
-4.218213001117021577e-10
-1.520876619087729864e-10
1.738151567121093422e-10
1.193758702999758725e-10
-1.659192228053996132e-10
9.595715888544020800e-11
2.904957663307783378e-10
4.094312389124610263e-11
2.717404079533025651e-11
2.494650874762527337e-10
-3.915004431753743575e-10
2.278740252048550019e-10
2.782601232764747579e-11
8.484539459896467406e-11
-1.118548448308942511e-10
5.668650965295896071e-11
1.579654740346825292e-10
-1.035086044653965587e-10
-2.430591561353168117e-10
-1.182029890633984337e-10
5.193403485037606515e-10
1.009824307507400931e-10
-1.997223358918276404e-10
-4.246934470764074376e-10
6.549316644566260948e-10
-2.456111702908714278e-10
-6.790808887435773045e-11
-1.576510172407452615e-10
-1.409167504906605473e-10
-3.869592146710232328e-10
3.229791989411978648e-10
4.826967714421925848e-10
-5.330240693268706309e-10
1.608278094034076844e-10
-1.065190990967579410e-10
-9.407401246885882529e-11
4.064914516099804587e-10
-9.547149876221183717e-11
5.219635834663449714e-10
3.336247944574211033e-11
3.177677565524561487e-11
6.540688129996752309e-11
2.605510807107691562e-10
2.466400972345184073e-10
1.293321699735727748e-10
-2.064640541865614409e-10
2.919300912118671931e-10
2.785020547513283873e-10
4.714674206596214390e-10
-2.729909631682403415e-10
-2.812185484479812203e-10
-1.656245279813006732e-10
-3.276333648827289835e-10
8.770767445653859795e-11
-9.525810695798497818e-12
-2.896120288031767132e-10
1.576927616264711673e-10
-2.343580052244220724e-10
-1.834129792488425892e-10
3.252560720756747514e-10
-1.880881284055391234e-10
-3.619692046097355842e-11
3.229788658742904772e-10
3.166224504802528372e-10
2.481850835955867751e-10
-2.918173480637165085e-10
-6.239196936874691346e-10
-8.915270605092118217e-11
-1.928889825641988409e-10
7.836620241619129956e-12
-2.700767387509017681e-10
-1.752794437370752689e-10
9.463072686566320613e-11
4.867383926465684851e-11
7.740315333126801534e-11
-1.440317309864269646e-11
2.413480804097645205e-10
3.113712343516539249e-10
-1.359136136969141262e-10
8.431438880407426950e-11
5.090122767725802078e-12
-6.813846709086135434e-11
-1.386624426391591669e-10
5.163806882091392936e-11
9.216800933575797217e-12
-2.350546701723743581e-10
2.393177045423300342e-10
1.360891954682585947e-11
6.271848318473161044e-11
-3.096719755624199877e-11
5.759890897572006452e-10
1.466796684113091942e-10
-2.482620220511932985e-10
1.028064439134723784e-10
5.175637141086042448e-10
-2.759576456234924535e-10
1.282078471165348788e-10
-2.111882752009464070e-10
-4.516481980076925140e-11
-1.266796251231383508e-10
1.471064658975507200e-10
4.390017516175959145e-11
-5.432743144240248512e-10
-1.685926953598482214e-10
-1.726975507043704283e-11
-7.281045211193770683e-11
8.254422145803630428e-11
-3.116550351123237306e-10
1.744177580143002615e-10
3.234805756591185855e-10
-2.090408401933530058e-11
-1.468257876391376726e-10
9.935376826808450801e-11
-4.206497372649664612e-10
-2.384094588414598093e-10
-1.698131357752430404e-10
-2.151350764201254151e-10
1.836760188389519044e-10
5.264612634725551743e-10
1.589987447259133546e-10
4.684249099717874287e-10
3.335940690352146021e-10
5.653024159890662759e-10
-2.472966553757061092e-10
-5.039931805228548001e-10
-3.595668762734760548e-10
-7.267321189274866811e-10
2.287743605666747726e-11
3.269379211801037854e-10
-1.039552888215666826e-10
-6.647390415892573401e-10
5.724226648240460236e-11
1.025950852051593642e-10
4.386830343428016477e-10
7.609967100918879623e-10
-6.377078032304694943e-11
1.709232061442023110e-10
3.339717946637676960e-10
-1.656370318681155140e-10
2.802252874190003240e-10
-5.389907409281136097e-10
-2.905827245491821031e-10
-1.878023569990006081e-10
-2.664063969426422318e-10
-3.960548833337185215e-10
-4.551150428744321630e-11
-1.190819942653575936e-10
7.444922456301128477e-11
-1.196452659169011667e-10
1.427306051127175124e-10
-1.038145888698771557e-10
-1.614152700391002782e-10
1.310456188008402023e-10
-2.187908465511867462e-10
1.345258071605570649e-10
2.738673177127282088e-10
4.447953394492998314e-10
2.762686607260533833e-11
-2.781654351302620398e-10
-1.264691129598816133e-10
-7.725543121894773435e-11
1.256470899546613396e-10
-3.306003248937372518e-10
-2.870913506924921421e-10
1.715144970493298615e-10
7.527015816188864505e-11
5.534951386110265048e-10
3.150995020462232787e-10
-2.288370187786270549e-10
1.859634529699505379e-10
2.775328855619818569e-10
-2.455448622207256903e-10
2.740783988652850667e-11
3.435667861317881489e-10
7.963012194078800121e-12
5.673812530915256502e-10
3.044753060787996901e-10
-8.653094907273839453e-11
4.212754589616451995e-10
-1.128806215167088567e-10
-3.941473813995344244e-10
-2.581394542566783912e-10
2.145112698581641553e-10
1.937527638329328283e-10
2.005613175537490633e-10
-1.745688316123761297e-11
4.624217952997611292e-10
1.518780934350871803e-10
3.975317020010749047e-10
-3.541182624910987897e-10
-1.501013757732039267e-10
4.827923061334615795e-10
1.580799796618848063e-10
-1.644895053498629522e-10
4.592939362169090600e-10
2.134221827043703001e-10
-2.230053919305419186e-10
-6.956418219239424161e-10
-1.090125489877635800e-10
2.022594453032766637e-10
-6.348478687190350911e-11
-3.567731110543093109e-10
4.753239468691106140e-11
2.847562463603736660e-11
4.948940701687831734e-10
-1.064340560130716540e-10
3.043610363739901459e-10
-2.780976560146086740e-10
2.748713201494723535e-10
8.792239158950110323e-11
6.759768855779668684e-10
-1.759750678509419686e-10
-3.364545864137369335e-10
-3.940461290596886101e-10
-4.197815428597095888e-10
-7.748544028629567038e-10
4.223406624426218059e-10
2.373209684325416902e-10
1.614619549172857660e-10
1.983702091479244700e-10
3.433446860157118863e-10
-2.407088695033365866e-10
4.375054762917329754e-10
1.235527791187962521e-10
-1.060049548140540310e-10
1.402358368318701309e-10
-4.303247758130623879e-10
-2.382823105495646132e-10
-7.429790116475487594e-11
-1.852057396334316763e-11
-4.751742332942399116e-10
-4.152444776917008085e-10
1.098362928386720228e-10
-3.526998970659889210e-10
-1.656146608741693171e-10
-6.258917273349595689e-10
-1.234829738461229454e-10
-6.361668136722897771e-11
-6.786499140432056265e-11
-1.179735475975718373e-10
-5.048653717310003231e-10
-3.563997152955522552e-10
-9.665138689385344151e-10
-5.755779186600307185e-10
-2.861112041729896305e-11
1.228119272944638851e-10
1.735112054035425899e-12
-3.787830465951103065e-11
-8.405462437188759850e-11
2.401626120196453940e-10
5.464906860375151609e-10
-3.974748308266384811e-10
4.006681375567922032e-10
-8.949857521756143797e-11
-1.814943473288366249e-10
5.677845971163719696e-10
4.109785012307298757e-10
-5.395522917339690139e-10
-5.368178124243172533e-11
-6.747197245360325724e-10
-5.080424414494189023e-10
-2.040510538314777023e-10
9.758563401796038761e-11
7.486969377801244718e-12
1.873561028542525264e-10
-2.085130540452340142e-10
-1.543287719840691352e-11
-5.441883055290475113e-11
-6.897928339633097039e-10
7.455317474480693818e-10
-4.889581517453223114e-10
-7.316350858488362974e-10
-3.832719419616381629e-10
-5.946514947119396766e-10
1.279525096986589006e-10
-9.011390245117212316e-11
3.237778101183863555e-11
-1.398256233020589434e-10
-6.643807032302717630e-11
-4.246032692112322593e-10
7.049152928040314237e-11
-3.243588730938995468e-10
-1.488690073991882912e-11
-3.012094462739867140e-10
-8.556157171657474692e-11
-5.495645050146436006e-10
-1.737583132932485341e-10
5.109700440542042088e-10
-7.949664537765244177e-11
1.924208847814412593e-10
-3.840307238878182261e-10
-4.628160910069567535e-10
-6.459723866925060065e-10
-2.673245236284316206e-10
-2.366179474577734254e-10
-1.309780894853673772e-10
-3.069795806442954245e-11
-6.790568107817307464e-11
-1.880468836201742988e-10
-7.451680938963534118e-11
-3.813296900467832984e-10
1.882008576759020002e-10
5.447564621618994352e-10
-5.147640647074069875e-11
-2.032175538957403660e-10
-4.160714134338050485e-11
3.225601730161287151e-10
7.525168266298010167e-10
-8.822459429680407084e-11
1.978093799870350722e-10
4.996625335706994520e-10
-4.198676961664205010e-10
-4.099565131809868035e-11
6.521560375061241643e-11
-9.415576651683466025e-11
3.460001452015859513e-10
-1.853945885699204155e-10
3.172084817038012261e-10
3.773164281017926669e-10
5.310689388249301146e-12
-6.429240820282622337e-12
-6.621182074839637721e-11
3.122790914744655311e-11
1.541309718744443558e-10
-1.390257353683921338e-10
-8.133527185094635570e-11
-7.932017820344583470e-10
-5.255696988726299423e-10
-3.177367258189178756e-10
5.508905831508315032e-12
-9.653235988338337847e-10
5.819282555830085357e-11
4.408755027718314068e-10
5.295805460825420141e-11
-2.752069960809677696e-10
-8.586515526376459206e-11
1.804802696181440069e-10
-6.271262953383427430e-10
5.348574361185853832e-10
-4.987677493240028070e-10
5.615916065515591526e-11
-3.807112680664914706e-10
-2.947680155518384026e-10
9.119507926591552405e-11
1.305222596670319035e-10
1.587090459054252278e-10
-3.575079399187330864e-10
-1.127726384497762524e-10
2.823384304129206157e-10
2.710278668160981397e-10
-3.338129772600950673e-11
-6.210053304922524831e-11
-7.897946185941862041e-12
-1.119289799733635959e-10
-3.479418697605041189e-10
1.611145938884561701e-10
2.193988324350470975e-10
1.229849694306395236e-10
1.457302889473766072e-10
-2.973451485033251629e-10
-1.865562149205857168e-10
-1.258602944087527931e-11
2.801596732382449773e-10
5.866490626615927795e-10
-7.933374790436431567e-11
-2.783354380309077669e-10
-1.609661431922759789e-10
2.612638716481541223e-10
-2.490728734372282815e-10
8.803753559494253977e-11
1.312210756720944005e-10
4.625513166933714615e-11
-3.655227509558045540e-10
6.017333298302673938e-10
1.541869687482488871e-10
1.077895481205182193e-10
-2.593116832372288627e-10
-3.023857553241526830e-11
4.515828821993750353e-10
-2.642155383369981791e-10
2.632621898257525572e-11
-3.719713426164616976e-10
-1.039071467756613742e-10
-4.998869096439761961e-10
-7.715567074129126013e-11
-2.373020391299718312e-10
-1.713686414994697316e-10
-2.432683221531561912e-10
-8.297033199378134327e-11
1.851952202702733530e-10
2.865404302720975238e-10
6.989207823604459691e-12
-1.286734746530626694e-10
-8.256423322805517273e-12
-7.347453201411724422e-11
-3.059040798447654197e-10
-4.805247866279671598e-11
1.096187030036332999e-10
3.546664628650830764e-10
-2.726486814097484057e-10
3.872021314688112170e-10
-2.199077586695352693e-10
-7.227607401461000336e-11
5.906539840561109145e-11
4.319111734929492741e-11
-3.505446211082841046e-10
-1.674708149934645007e-10
5.147671178207247067e-10
3.461712028141050723e-10
2.741963600616514896e-10
6.554060627550484242e-10
1.096029517144714305e-10
4.153366539583203121e-11
-1.943044891650202999e-10
-3.837363760084144815e-11
-1.109292380174764503e-10
4.480054105471253934e-10
-2.268749771383582470e-11
3.976982076991930626e-10
1.461447490802569860e-10
-1.759939416423605962e-10
-9.396040889786405614e-11
-2.764510842467871043e-10
7.233307702803060124e-11
2.835947587875864428e-10
-4.144548593210117815e-10
-4.808952125401333433e-10
-1.257973239465748350e-11
3.988723240588853969e-11
-4.043025914057807313e-10
-8.405195983662849812e-11
-4.223166816252899025e-10
1.605541255500497755e-10
-8.103558102323660250e-11
-1.797400839276264151e-10
-3.009575227919114582e-11
-3.096646550293513656e-11
-1.606876576243365662e-10
1.799529691925982888e-10
-1.085688830504416558e-11
2.385023567530453192e-10
3.969688119886960465e-11
4.410702081347750436e-10
-3.601569320554887099e-10
1.177478253788777351e-10
-1.135553595599247956e-10
-4.081039117753704204e-10
7.400645651856052609e-10
-1.389630077675008124e-10
2.065734527878504423e-10
-2.724322434310977314e-10
2.615047622889221657e-10
-3.356594169279247808e-10
6.754909825934518608e-11
3.215421817692742934e-10
-5.088960919330531851e-10
-1.297942864297851884e-10
-5.975370198640916897e-10
8.565731457466085885e-11
4.874612935523714441e-10
7.395140749766326849e-11
3.102566259460814990e-10
-1.145345207564929524e-10
-3.964727851579752382e-12
-5.346758036317567075e-10
-2.858546732653621802e-13
-3.994479746971535405e-10
-6.595856083535522885e-10
-1.386342290965458801e-10
3.777724799647330656e-10
1.505654073641338186e-10
6.992700168906296199e-11
4.523924568289316994e-10
2.597827508665773166e-10
-1.715303038496429622e-10
-1.888767475755059877e-10
-3.849460472604704364e-10
5.950981374347463770e-11
6.107703232061112431e-10
3.560262640256439681e-10
-2.288101652592189339e-10
-1.038107239059726794e-10
-2.336338345010346984e-10
5.545446324362046653e-10
1.863235676857755152e-10
2.527303366584021660e-10
-1.286841050385234553e-10
3.674302528899886511e-10
-2.437762214313465847e-10
6.779991845728972066e-11
3.614142041197254684e-10
2.312920410751928557e-10
2.868791315613350434e-10
-5.295224259072028872e-10
-5.825029347761301324e-10
2.824600275896926860e-10
1.902559360056343962e-11
-3.113599933435295952e-10
2.225340189898616927e-10
6.692847387412825810e-10
-3.240167023577100736e-10
-8.241311105772197720e-11
-7.258267320509048659e-10
-6.275432395952407205e-10
3.765844303060816856e-10
4.198139058608774121e-10
1.626352247319218236e-10
-5.124334290229626276e-10
7.165050497359715109e-11
-2.969293699806030418e-10
7.059078321880463136e-11
-6.041565858705411074e-11
5.396487701148089400e-10
1.831948481800793616e-11
1.173087321726384857e-11
-4.596963920633356793e-10
-1.150698147878159716e-10
-6.689736542497826122e-10
-1.687215644974315865e-10
-1.596345139409649505e-10
5.402039926494239808e-12
-8.596318795683899339e-11
-1.933661980535461566e-10
-1.323397502694945160e-10
5.112450462974038601e-10
-1.646706521141183543e-10
-2.809902310829670569e-10
-2.154395967179922877e-10
1.268674609811171194e-10
-3.370469459085256858e-10
4.076849413614525020e-10
-4.339623937976710977e-10
-2.301377421964900805e-10
6.265352819889713487e-11
2.068806931321276465e-10
4.877912518352900406e-10
2.743805183058611874e-10
-1.658266718385092986e-10
-2.686701416898529260e-10
-4.382119667134531937e-12
4.275072518211686656e-10
-9.194017769331708223e-11
2.492743234050465162e-10
1.540462896132410719e-10
9.452200133708288377e-11
-5.803559299799587734e-10
3.841343909627426001e-10
1.336300375909260651e-10
-2.787784170177332044e-10
4.085371485551547721e-10
-1.224787216091982600e-10
1.757805706548154490e-10
-1.945726496588306986e-10
-3.193745268248449065e-10
3.109601465212108451e-11
-1.779375258248450109e-10
1.151379547259523406e-10
-1.885014921931826848e-10
-4.148568710782285507e-10
-3.768257927916351946e-10
-1.344010319703770051e-10
3.277003390866894961e-10
2.601063808782555498e-10
7.269182478175650886e-11
1.709684060990923626e-10
-4.492908822761876309e-11
-6.899243676361521693e-11
-6.342411595916530587e-10
-7.350967057284663042e-11
3.768931833292299416e-10
-4.580916757035424780e-10
3.025595607386577512e-10
5.486526788445189595e-10
1.104604879786919014e-10
-3.965133082983740564e-11
4.839251221966378580e-10
-1.796645332508006732e-10
-5.397540747686946361e-10
7.953301905949672346e-11
-4.631974248603398792e-10
1.971477148199340945e-10
1.463705684434657428e-10
-1.250776843209067124e-10
-2.340266869182983100e-11
4.890060578688348869e-12
3.952296476206207387e-11
2.935423848438034611e-10
-1.575685276700156123e-10
-3.436468887230148539e-10
-3.280813953843164654e-10
-5.632468449978667024e-12
1.672464944313389879e-10
6.185900403021804550e-11
2.921926312016154270e-10
2.717604752344726649e-10
-3.270107518105191957e-10
