1.186136466824194713e-10
7.261082846099498056e-10
5.872476949164706639e-10
-5.968572858172649376e-12
-2.061452675228281350e-10
1.523629278299409862e-10
1.580763853148425824e-10
4.896638650109252922e-13
-2.514197738889834000e-10
7.065466267608400130e-11
1.062397669837622516e-10
1.555212209014555924e-10
-2.885219285708728876e-10
-8.776894766526766034e-10
-3.852783092561651301e-10
-5.563748073367236202e-11
4.262870612059543873e-11
5.049747842100771322e-10
-2.715461189239931628e-11
2.213809136009103895e-10
1.722800652137479460e-10
1.337874533380301045e-10
7.098953092032900258e-10
-5.233655175906903878e-11
-2.576112934082885886e-10
-8.520226191244262282e-11
-1.323892384608171824e-11
-6.345139968999546909e-10
1.851357261939412524e-10
5.674770653385508012e-10
1.042985142696295497e-10
3.358300304512340517e-10
-2.639329310660798456e-10
-7.774966781504133451e-11
4.333033931658292204e-10
-7.443468064138869522e-11
-2.888101702236411938e-10
-1.236019619987871465e-10
-3.375996149301840887e-10
1.855267189876386169e-10
-2.351205896644614768e-10
-3.804142001406773943e-10
1.061365023646843042e-10
3.970113127138574782e-10
-1.817641176460327301e-10
-1.746014791081940132e-11
-3.868493303471609579e-10
-2.063586246325854745e-10
2.704963336652710382e-11
-9.250452487341576102e-11
-2.243183278016758209e-10
-5.480614295727548324e-10
3.959662875363534340e-10
2.791849529337753211e-10
-2.598256054753278477e-10
6.745735636748406705e-10
-1.123226511801078686e-11
-3.212271282304612896e-10
2.704499957317807457e-10
4.563533440027356392e-10
2.603073312457127031e-10
5.954988724354848273e-10
-1.941556360129936820e-10
7.748877234314832663e-11
3.065704912152966699e-10
1.644986646898161098e-10
2.227387163600269560e-10
-1.054486012397326533e-10
1.127885979057552390e-10
-7.670961088557248786e-10
-2.547323463275574795e-12
3.651282609595796202e-10
-1.610192257306408692e-10
1.214518763337224527e-11
-2.597603243614798885e-10
-6.458533707842661897e-10
1.146915895589017964e-11
-2.367871176911506836e-10
-1.820283923592569408e-10
6.416753239868455694e-11
-1.599615717662317138e-10
3.310139662371369695e-11
-7.628504078427411628e-11
-1.427802320819182569e-10
3.006265791860585068e-10
2.627813244782117863e-10
-3.163763695468446713e-10
2.955949096605792192e-10
-1.308800567922929758e-10
1.881703126649370006e-10
-1.890936851545177433e-10
-1.356045831180097139e-10
-1.343435362954892298e-10
3.236280687879400375e-10
-6.458338308590327870e-10
-5.762541555043299013e-10
-7.008640889871742274e-10
2.678895161256633628e-10
5.498038690987527843e-10
1.323638976202801132e-10
-2.090414091826531262e-10
1.348314238036607549e-10
-7.250391398372357799e-10
4.381702778388785191e-10
2.827615919187564941e-10
-1.200252397470791266e-10
-1.579403274831747694e-10
5.631094479596754354e-10
2.866241133325786450e-10
1.166886032244462967e-12
8.286336061757992866e-10
-3.239332135862582618e-10
6.385806328168541768e-10
4.542275722219102363e-10
-3.813180882161759655e-10
-3.927058123132098899e-10
-5.207544950813769447e-10
1.376558173005193453e-10
4.821684163047734728e-10
7.894981890466112873e-11
-1.127389959165725486e-09
-2.549910838034463723e-10
8.659339356675843646e-10
-3.447091501129762037e-10
4.096126215991091613e-11
-1.350892731011299475e-10
-2.129922627158720161e-11
3.549799898472372206e-10
3.586368424457475612e-10
-3.158953099102745909e-10
3.995924979793841203e-10
-2.246745151035511867e-10
2.079336564042577606e-10
9.108082343889378762e-11
1.171340802130771408e-11
-4.357096627938261690e-10
-3.835638195948121165e-10
-3.605445109133853521e-10
-1.264771343212345300e-10
1.455130183014574641e-10
-8.780904475758077865e-11
-2.690000999727715225e-10
-1.997770421313660449e-10
3.062363418404601134e-10
4.358859106989854126e-11
-4.766360639507638552e-10
2.855704284154825245e-10
-4.577745127409826864e-10
-1.836915619612966566e-10
-4.092675087719044313e-10
3.799826564510055960e-10
-2.526704956373748701e-10
-6.409701103216036699e-10
5.854361440071897960e-10
-4.837006351010586513e-10
-6.438290456323159106e-10
1.314147402009524512e-11
-4.805536524266074139e-10
-5.303896211117375969e-12
3.069697274149518762e-13
3.369966528055101662e-10
4.185318203120402814e-10
-1.160509119357833185e-10
-4.356396354765479373e-10
-5.528599245074872215e-10
-9.843584281021833249e-12
9.150163959859014540e-11
-1.258998794106958030e-09
-1.252480341662476349e-10
-1.394250548347741869e-10
2.404341725714687072e-10
2.826532063959774632e-11
2.310038826891513963e-10
6.759322268568013214e-11
-2.577399405012670286e-11
-6.112776951283649396e-10
4.182826585097387806e-10
2.315783120820924523e-10
-3.648160384894794106e-10
5.418940296486596253e-10
8.563412479123400090e-11
-1.950092864966279649e-10
5.678713055345951943e-11
1.795081583377822199e-10
1.963609691513212852e-10
5.140196601693958200e-10
8.897507175475993790e-10
8.468108991799283558e-10
-9.883242141350834231e-11
-6.895400916917537870e-11
1.325815568442578751e-10
1.717438552484296110e-10
5.194296659460917454e-10
7.265015256052720360e-10
-6.005724806357193302e-10
5.113891532460002054e-10
1.435400409643960984e-10
-5.238972589083346065e-10
-5.008993775312831076e-10
9.496713831991243637e-11
4.264886777072263158e-10
-4.669417075220394509e-10
-7.979358840337624770e-11
3.256222791403473593e-10
6.640742400421117964e-10
7.127504142445673097e-11
-4.126941011151075145e-10
-3.319212127372850318e-10
6.043588407500521953e-10
5.059711538635269790e-10
5.629630095427273773e-10
7.003083113410468741e-10
-8.019641617451611637e-10
7.678223612472834247e-10
-4.259018138164094580e-11
1.648117198271847883e-10
5.032729788467804610e-11
3.315316909890952957e-10
2.303254947877420022e-10
2.221732520180097481e-11
1.114180622763250028e-10
4.126550490202163246e-11
-1.720522058157314405e-10
-1.190471055068087480e-10
-5.029990313154542037e-10
1.135192634338366702e-11
2.040202867759077776e-10
3.518256797008234571e-10
-3.151399974310464813e-11
1.911467234494423906e-10
7.236932164644827026e-10
2.914668228992667309e-10
1.479653899405519724e-10
-1.810400440671600109e-10
4.542214659952747979e-10
-1.720514009040385872e-11
-5.475013220568314409e-10
-2.785809638528036203e-10
5.914287948272090034e-10
-5.422512439068327694e-11
-3.351856847633172265e-10
-9.856360172477707238e-11
2.046967872981753089e-10
4.173031920018388519e-10
2.570487434017110218e-10
2.908658314204615181e-10
5.826231164185458056e-10
2.012514321858560606e-10
2.388278463882897995e-10
3.471689324907600849e-10
-1.875867516876184027e-11
2.547369537531096739e-10
-2.975897306356500849e-10
1.039448083162142211e-09
5.701752958664485504e-11
-4.944891163205511475e-10
6.197134472252230353e-10
3.736448650482060430e-10
4.346282778122656509e-10
2.484921296508346700e-11
-5.457235774386504090e-10
2.239215757260382134e-10
-3.200314735440912273e-10
-1.853203701607242238e-10
-1.839381980062171351e-10
-4.871147929463859327e-10
3.459344477541037577e-10
7.404593604931619666e-10
-3.427247929899124301e-10
4.099124095713335691e-10
-3.063771458755581989e-10
3.396354308904392383e-10
4.443370948958857980e-10
1.935190618862492329e-10
-5.303911754239720722e-10
-4.540868236979633821e-10
1.333545218695775247e-10
1.822148681940305437e-11
2.547470567826337629e-10
2.679166888341910635e-10
1.605309773999863410e-10
-2.976251745057112430e-10
1.927293602488333590e-10
9.699309411193013375e-11
-4.137434561624075968e-10
-5.622953769268690394e-10
-1.912033378848043697e-11
6.827738374681757705e-11
6.607541180869702657e-10
-1.991296572079193083e-10
7.336656282497244774e-11
7.359450271415823863e-10
5.622177168262965097e-10
-5.833118710274476371e-11
3.978261053916298806e-10
3.476411658542843952e-10
2.233131318751802041e-10
-1.447035269386276468e-10
5.410059067401107313e-10
-4.451073953859463472e-10
-4.889045834843841476e-10
-2.446735314354242519e-10
4.585369306475683970e-10
4.428470645745363754e-10
1.250257120055664473e-10
3.067553433488967585e-10
1.347940925544577340e-10
2.502016926975159095e-10
1.883805333946497740e-10
1.486237383163668824e-10
-2.243911167987278077e-10
4.439634215813725859e-10
-1.594013671057936676e-10
4.438669709561082755e-10
-1.522281467547514922e-10
-2.488803607647582794e-11
-2.585379688113675911e-10
9.552723889694192394e-11
1.019723305795139368e-09
1.407557403965142839e-10
8.755898783796567386e-11
1.667708193764383395e-10
-2.052069070224149527e-10
-7.323144313176044307e-10
-3.675814860826243091e-11
-1.637396745968189293e-10
2.876738292023617305e-10
1.317248948806692965e-10
4.072135961763478917e-10
5.545516823524110350e-11
-3.852272112414567573e-10
-4.868412339931182942e-10
-9.790310784296707425e-10
-5.264776947733196266e-10
1.838789398522777674e-10
2.128962006686663244e-10
2.449651037572664336e-10
3.800714465373999928e-10
-4.101447237392363832e-10
2.036035229302513017e-10
2.626845130304644726e-10
5.409421244273460161e-10
7.636498378094103145e-11
-3.195024245172817245e-10
4.583705637273283173e-11
3.546123394926326000e-10
-5.342623010662350680e-10
-7.586431483019850930e-11
-3.806874260270376453e-11
-1.206983124557581277e-10
-9.624016028553228352e-10
-1.643793712258201367e-10
-8.794157069225150281e-11
6.167629740261304505e-10
3.110381396886907623e-10
7.442754745845547859e-10
2.623231631915245998e-10
2.541855059767783587e-10
-5.268333547192582955e-10
5.674800629407172892e-10
5.985078543879751578e-10
8.901888948198433127e-11
2.896102246907616973e-10
-1.072858191175640741e-10
5.091693733305646674e-11
4.022924493529700385e-10
-6.693788856537707943e-10
4.508515227819032134e-10
-1.368990198979957995e-10
1.664795523659279297e-10
-6.869640967188672676e-11
1.149548928269794601e-10
-2.859919245867814652e-10
2.977027513395569258e-10
3.421218308652385076e-10
-1.203711158526132863e-10
-2.910297558500474224e-10
3.819816685179944216e-11
5.483476173129275821e-11
4.543280474056388130e-10
1.034938801325324675e-10
-2.458346304301528562e-10
2.622007472252718685e-11
3.219272071142142977e-12
-2.593919801174848772e-10
5.699828109495541639e-11
1.160778070885548630e-11
7.191930384564670931e-10
-1.086414291862070058e-11
5.325171970049780157e-10
1.685879769119935645e-10
-2.530191611782584005e-10
2.573569135577713496e-11
-1.657480819261536453e-10
4.969006872634906813e-10
-6.280762715471510660e-11
-7.193708129182851962e-11
-1.097331392418965379e-10
-7.870555596145578647e-11
2.939261611878407621e-10
-6.168273669615587096e-10
1.687441852915583240e-11
-2.756010697435584689e-10
-3.066222276082442022e-10
-4.926182795017552962e-10
-3.138226900567531175e-10
2.862582948459646559e-10
2.961649814281486215e-10
-2.235343438128367666e-10
3.456647745814223072e-10
2.215878175393370952e-10
1.640588082052474306e-10
-2.431658763235589049e-10
2.407345156552054277e-10
-5.024535232323046330e-10
3.050548980088052531e-10
-1.448239583812238607e-10
1.198898480492260887e-10
2.079250660536047235e-11
3.219628730288803808e-10
1.324250015199979202e-10
-1.525146675618316294e-10
-4.714612034106835381e-10
-1.724261705637886166e-10
3.814439875071684583e-10
3.689403227369325577e-10
-6.592396073479278584e-11
-3.869606579609552455e-10
8.396064954396820212e-10
-2.087286177232527962e-10
-1.569651075783440319e-10
-8.661567296730510179e-11
-6.357330634143565362e-11
-5.787514911759217284e-10
4.590679503202466094e-10
4.302221912055870234e-10
-7.155575021400295554e-10
2.214844002645932619e-10
-1.939775146064803835e-10
-2.329504644738022989e-11
4.295012678845466780e-10
-3.086731981127854851e-10
5.207242415039559091e-10
6.176922862088929378e-11
-3.212419219522644198e-11
8.131269269018304158e-11
1.995841270030496162e-10
3.091148448319813724e-10
-1.615536315835441883e-10
-5.527960034168444281e-11
1.654215375790357712e-10
3.980525908886534125e-10
6.719529377363642197e-10
-5.089553223314169372e-10
-1.715801389856608239e-10
-1.660418330606816539e-10
-4.851020696250429864e-10
2.136348875581006723e-10
1.701978835644268884e-11
-3.286360072962679624e-10
3.626391409383700193e-10
-4.237837858411808156e-10
-2.766724349623217449e-10
4.790355889738862061e-10
-2.746607663528521925e-10
-3.803048154171762008e-11
4.141508247457181824e-10
4.860197799771981408e-10
2.398294896011066157e-10
-2.467261395189268569e-10
-1.003274463506897973e-09
6.753361758704556905e-11
-3.382112645500257031e-11
2.174848912073201745e-10
-6.629365806309905906e-11
5.183192763880128950e-11
9.026197150818759951e-11
-2.021039585686779105e-11
-1.818358380534235152e-10
-7.072879087965944223e-11
9.581452992124539492e-11
3.910314849697726913e-10
-1.213402711641720089e-10
-2.679800825688971599e-11
-2.588678438275593408e-10
6.424956400241654819e-11
-1.681262629116275775e-10
-2.664014842057582655e-12
1.477482164391474839e-10
-3.165357143064539969e-10
2.112950370225519237e-10
7.675240998317178764e-11
-3.449812380207362139e-10
4.703202410860640725e-11
4.747956472428427332e-10
2.662298714817268319e-10
-1.975228036688037037e-10
-6.860427503863064658e-11
3.668226555841869185e-10
-3.922575875225930986e-10
6.165354338172335247e-11
-2.370001417340006356e-10
-8.524986272462342640e-12
-4.689489074838348870e-11
1.062342991353659727e-10
2.610678340175809353e-11
-4.972095513089413998e-10
-2.333881976568363825e-10
1.719305253722325233e-10
-6.702661342616877960e-11
-2.054737213708079935e-10
-2.860816583627467935e-10
3.399502901402229327e-12
5.215791132329172797e-10
-4.001962650157508961e-11
2.666894483027704155e-11
4.219691263074309973e-10
-2.791046838090949223e-10
-4.157825472805853906e-10
-3.861884700917528335e-10
-1.713695019223138161e-10
3.416227023489426529e-10
6.294887389124426136e-10
-5.018407911450140091e-11
5.517439838342852454e-10
5.706426997598157413e-10
5.853962314894545216e-10
-1.296935475680882632e-10
-4.577362100466331185e-10
-2.823606903845643501e-10
-6.575247013529406104e-10
-9.802991751683975963e-12
1.283059630763361270e-10
-7.826585213255299323e-11
-7.292856318841245411e-10
1.268708749169178418e-10
-4.480513182691936436e-11
5.457385099383316174e-10
8.692946362742759447e-10
-6.872058477824793954e-11
-1.048907419254341278e-10
2.759742434577105996e-10
-1.985955844219233768e-10
2.628260109549529489e-10
-5.345780484944384625e-10
-2.966198953124887794e-10
-4.381321971891338762e-10
-4.256358321352848861e-10
-3.125318615015970636e-10
-1.201853061516544585e-10
-1.525948534197851814e-10
-7.042477712104755483e-12
-2.890465367055838897e-10
-1.368232610543529404e-11
-2.102201190901098471e-10
9.047471105638749123e-11
1.086611911560453336e-10
-2.020594525031782496e-10
1.273779554056275742e-10
5.195036067995317808e-10
6.085091319718571867e-10
1.215568062873373378e-10
-5.037040784472424093e-10
4.013402110647490417e-11
-1.519650794090665613e-10
2.192849651860839799e-10
-2.813588251271426088e-10
-2.184528669069152329e-10
3.685047822443721088e-10
3.036180196147597599e-10
6.702428612115340911e-10
3.807253401433285944e-10
-3.633965905969205323e-10
3.024691885844532635e-10
1.132956645166771636e-10
-3.769406176079570514e-10
1.176108932465780299e-10
2.955154454475916737e-10
-9.224926378337272581e-11
6.885864101136007775e-10
2.941484000817951028e-10
-3.441816276428255605e-10
3.480729593441367342e-10
3.259509329112120213e-11
-5.023162441553097324e-10
-1.741304322955272710e-10
1.699065610427652473e-10
3.503700662932374144e-10
3.234537082619226567e-10
-5.631481045376141026e-11
4.813336396125578176e-10
1.236444557850546744e-10
3.614109289618028242e-10
-4.601339309573404535e-10
-3.316183161405916735e-10
4.087298277610784680e-10
1.536166471804989442e-10
-3.407850390768629723e-11
3.790762981292772338e-10
4.689210131303411799e-10
-3.233424361592796004e-10
-6.009981956545118464e-10
2.081107786100488966e-10
4.895882033117970877e-10
7.537165336302109608e-12
-5.879350895021673296e-10
-2.724670489229197301e-11
-2.392835929398984263e-12
4.962824040610769316e-10
-1.374820396415898927e-10
4.481077175988446015e-10
-3.089560551838843594e-10
2.196686582633944340e-10
3.140559201586512472e-10
7.818313774166085750e-10
-4.328372382733647328e-10
-6.939331331778930689e-10
-3.332111808695970012e-10
-7.826668202426390053e-10
-8.323871591997544783e-10
5.440078942875459234e-10
7.944232077727875208e-11
5.655712009833280263e-11
1.648131492393289932e-10
2.871903270751374748e-10
-2.191283265950971781e-10
3.890036626152948429e-10
2.518044106558647854e-10
-3.241505674989042518e-11
3.065567244497913180e-10
-3.119461633449560622e-10
-3.140310234073240281e-10
1.191702292402396779e-11
2.721792929927246973e-11
-5.452452378484906603e-10
-3.806375770132319758e-10
1.618326306296324901e-10
-4.627839222948182396e-10
-2.843272839392341211e-10
-7.186053974095329977e-10
-6.420181053456985865e-11
1.553749351401734202e-10
2.969545165321108016e-10
-1.160407880895775179e-10
-6.780772054959527395e-10
-1.730160736901353857e-10
-8.987790511838511520e-10
-5.938336489208495550e-10
-9.852847010494159008e-11
2.036255331017144954e-10
-3.790731617492326677e-11
-2.448435065804943633e-10
-1.242779767984814043e-10
2.569630619397855753e-10
7.505802646079473561e-10
-3.108635571180684565e-10
5.435472072434777147e-10
-1.330862919868280869e-10
-8.793561712128195040e-11
6.473026559206118691e-10
5.975225869647715626e-10
-6.644683137047024957e-10
-4.058811620133440101e-11
-7.365371090806149823e-10
-5.258924962170397066e-10
-2.858400183214371282e-10
-2.775574214908260728e-11
-1.889593065351746759e-10
1.652253334150088904e-10
-1.865404219980604239e-10
-2.638619878148062980e-10
1.664307858195712697e-10
-6.889623316297388556e-10
5.052985252440578279e-10
-5.744326125878274070e-10
-8.708180843086665845e-10
-7.674421098613493086e-10
-6.397496421506332354e-10
4.627876415419507339e-10
-1.984166442259294172e-10
9.079702267822398198e-11
-1.747258449036337424e-10
3.709242635263620969e-11
-1.096268631428642948e-10
-5.906813926870313480e-11
-1.141883809729904442e-10
1.141017141881306429e-10
-1.036357527572917547e-10
-1.639565705424672615e-10
-7.041308092148312880e-10
-7.723237327450505063e-11
4.680485443664395007e-10
-3.929171432659472885e-10
2.869535720151361602e-10
-5.423414495275835634e-10
-6.017676357217283112e-10
-8.133065887427903817e-10
-1.140531349919093884e-10
-9.538531769992530940e-11
-3.164191964000195867e-10
1.446601310961526110e-10
-2.238781382501997541e-11
2.654522712752793723e-10
2.164666501602852122e-10
-6.508442673691661184e-10
3.967933481785479444e-10
7.199445484218358615e-10
1.510524205716734514e-10
-8.007418339506244820e-11
-2.025348638801105494e-11
3.196014008999270573e-10
8.843116239276582746e-10
-1.354320960933463880e-10
3.479906363068607789e-10
6.015036246864724490e-10
-5.795037782974077345e-10
-1.167271834745520209e-10
9.176041870784246157e-12
-1.543601357845147959e-10
2.915461205788005827e-10
-2.350927508221190010e-10
2.030727808133292456e-10
5.963426419341999463e-10
1.441374797295225108e-12
-1.494804280355310766e-10
-5.762754162752514731e-11
3.860647218578705520e-11
1.337081556584962527e-10
-3.393085812319895922e-10
-6.310700573219918397e-11
-6.827239884543701010e-10
-5.021025817342206210e-10
-5.141274073139356915e-10
3.077535726259128523e-10
-8.648485261275595803e-10
1.440661756557659601e-10
5.045835416161992271e-10
5.667369351591844406e-11
-3.627851630216838430e-10
-5.566928862332787276e-11
-3.882985599723554060e-11
-6.854055101257472415e-10
5.646725309560451933e-10
-6.550484599188166612e-10
1.911567293344518248e-10
-9.049486715539956094e-10
-3.468519915728052183e-10
-3.356415145816527001e-11
2.145161548394725060e-10
3.188761477090906737e-10
-3.160551820258206135e-10
-6.523238199607206411e-11
1.860829268451880125e-10
4.169057876701742771e-10
-1.411015193575337889e-10
-2.547748123582493918e-10
-1.298986751496755687e-10
8.141131518923927501e-11
-4.066758041432194659e-10
7.219396608304506913e-11
3.342259247141043943e-10
5.502456129624633263e-11
2.543400490218061805e-10
-5.104996425586705300e-10
-1.939758353941556379e-10
-1.323045006884626673e-10
3.075184829004484754e-10
5.618490672709697265e-10
-2.539869703443997651e-11
-5.532548863484976209e-10
-6.423944709510465145e-12
2.254509495758227899e-10
-6.175862043988900041e-10
-1.710990932268785514e-10
-1.229999435636841554e-11
2.042216673547869732e-10
-4.441775280916715474e-10
7.305206439767175652e-10
-9.671705103464489639e-11
8.509773441467416433e-11
-3.114507818313683174e-10
2.073508725830564003e-11
3.949916227430350091e-10
-1.962758011675447278e-10
3.453395902575095988e-11
-6.349033521146907333e-10
-1.699259621901205719e-10
-4.815252641066081196e-10
-2.297584900112781270e-10
-3.387478908489782725e-10
-1.963016277306550705e-10
7.320671846500204083e-12
-2.364608508997889658e-10
3.918134428015918047e-10
4.536592768111802343e-10
-2.521247932651959900e-10
4.550122084667762579e-11
2.609288896060490970e-10
-2.866456516592563730e-10
-4.347192050779824513e-10
-1.210469779966416581e-10
1.259744947246232982e-10
2.021061096257881218e-10
-2.363181872411246331e-10
3.577844687185915973e-10
4.678850362704878307e-11
7.058446882535207578e-11
-2.588548264625956108e-10
3.153672323286116352e-10
-4.120624674808226473e-10
-3.046792540484233314e-10
4.809137532646445834e-10
5.284935267191315234e-10
2.797959086642265447e-10
9.497986841466854457e-10
2.186270886550545356e-10
-6.014869158299518404e-12
-2.830666812059234871e-10
-2.486145733726630169e-10
-8.360417913522155686e-11
5.416258552770614187e-10
-3.590981956236305450e-10
5.474904973823413457e-10
2.068726578929869220e-10
-1.079830391770286724e-10
-1.480148364985112153e-10
-9.405354273184229896e-11
2.321245279324202215e-11
5.191718166486225527e-10
-2.767984730311923158e-10
-5.609261388705988338e-10
1.889988721082147549e-10
-2.262682957665518302e-10
-5.463502428249000786e-10
1.011836170405899793e-10
-4.665703934314535672e-10
5.602156516459899649e-10
-1.210920252958658239e-11
-2.941805132827823854e-10
-9.787457649901298851e-11
-1.098161839241384996e-11
-1.126264359552209271e-10
4.312766810343759971e-10
1.666081508866490424e-11
2.312172675544843514e-10
-5.242553613449274508e-11
4.832165778623220831e-10
-5.419135695738930281e-10
1.604364419094395089e-10
-2.617039918106911500e-11
-6.516155393043732147e-10
8.037366328039752261e-10
-3.517620084103612044e-10
2.501271967325635615e-10
-4.242044493452112874e-10
9.452374299945276448e-11
-3.652752544880399910e-10
4.563266431389934041e-11
4.793949681669573692e-10
-6.427885446136372138e-10
-1.317176923087970408e-10
-3.877223542225749497e-10
3.405110915455367149e-10
3.378625157424153258e-10
6.441196187534359296e-11
2.611281746389693126e-10
-1.438308638856966581e-10
1.252207781909930873e-10
-7.915713640116450733e-10
-5.628304766691627492e-11
-8.721741107109437507e-10
-6.698993582077150677e-10
-1.932694282391622664e-10
4.112336582373643523e-10
-1.569812890789279436e-10
-4.534581043991181559e-11
3.664673009495800216e-10
4.246203388902358711e-10
-3.423361316645667785e-10
-2.803237364457089598e-10
-2.350619698887612685e-10
-1.715229347443170127e-10
5.293980254172936384e-10
3.235812173763008559e-10
-5.012618098376719900e-10
-3.412959498350076615e-11
-2.285978073501837571e-10
4.831915978442680171e-10
2.777733598691156658e-10
1.901359902856114559e-10
-1.929356396868087131e-10
5.182547724302821734e-10
-2.847849178699846107e-10
-2.047534364280068075e-10
6.945388153489773231e-10
1.448755004851420836e-10
2.687983169380459003e-10
-8.208707047430152670e-10
-9.980161141953658444e-10
4.275612919268922951e-10
-4.405266429419185670e-11
9.293163460988296265e-12
2.659458209208764856e-10
9.565109815312666797e-10
-3.500125189681568827e-10
-7.060617368548349759e-11
-5.794135726766569405e-10
-5.600448993448026158e-10
4.471702730324267350e-10
5.589853024901003664e-10
8.326772604760890317e-11
-3.896440392558986332e-10
3.059562048157715708e-10
-3.892899613777700552e-10
-2.709472646245103533e-10
-4.608691900331862712e-11
7.824869641126497299e-10
-7.278419533740532188e-11
1.399756283104736099e-10
-3.000600601321679051e-10
1.086242207293253159e-11
-8.174984023057163540e-10
-3.125373848611445737e-10
-3.327219055826446947e-10
1.590030468401337771e-10
-2.506673479896193157e-10
-3.147569704875508023e-10
-6.450037726146717887e-11
5.968256999722143519e-10
3.155643801822094474e-11
-4.961717703366730348e-10
-3.190991915147378677e-10
5.457720386736752971e-11
-3.605738763123866875e-10
6.773939187354471869e-10
-3.197127007581457292e-10
1.622135759049569970e-10
2.879675664591019313e-10
2.371542962009698385e-10
7.477706231995284725e-10
4.505570916357726219e-10
-7.774050847508817697e-11
-2.365942441961976783e-10
-4.597058844701962244e-12
5.450144224816710903e-10
-1.899766177704265147e-10
4.397246455845049695e-10
6.301822397247747176e-10
3.838698525715500409e-10
-5.611495157431534153e-10
5.198518282512054611e-10
1.864097209924864273e-10
-2.325438175354577197e-10
3.655168390181984250e-10
6.694506060611615794e-13
2.343517879754841715e-10
-8.549626284715117208e-11
-3.929400138602545667e-10
6.165092047982767554e-11
-1.708272689970868896e-10
8.084297120625194566e-11
-1.164776608497675170e-10
-7.321655504100021972e-10
-4.007748022338830651e-10
-2.052579356481842865e-10
2.746926297536589345e-10
1.517636155634605188e-10
7.068590157643939165e-11
2.508323548866542296e-10
4.803440978307094156e-11
-1.216849954133181200e-10
-4.848063062112828447e-10
-3.531502174025646923e-11
1.997465387537644688e-10
-3.454921904122443266e-10
3.542693083335990423e-10
4.520868124302523938e-10
-7.325702544580536824e-11
-1.946797445473436028e-10
6.075518976800253768e-10
-3.545208016042522559e-10
-5.985340001402050802e-10
3.592046105005408663e-11
-4.441703949087383307e-10
3.663250813801255390e-10
2.680959898526680263e-10
-1.407262084640592548e-10
4.183262070078797024e-11
-5.468510366757328711e-11
-2.469183885134285106e-11
1.787551079379667840e-10
-2.346813021691929180e-10
-6.442859579181003937e-10
-3.186778063657413895e-10
-2.565308521162990019e-10
2.079336147708943372e-10
1.945363592437132638e-10
2.778695884497750512e-10
4.968244704528501643e-10
-2.425079581591660371e-10
