-4.055530911095672764e-11
6.355763138010672719e-10
5.392182811370105355e-10
-2.951081601310079350e-10
-2.606262428095362793e-10
-1.444471486866660825e-10
8.111682853195745224e-11
-2.045028174579854863e-10
-3.536329562514595182e-10
1.399005078450699102e-10
-6.262480117813495895e-11
1.270502869576972671e-10
-1.992540299422529415e-10
-5.990863916061073269e-10
-2.337028903731663831e-10
-3.256612202129360867e-10
-5.929090551859417246e-11
1.767570673161245054e-10
1.647385283742863749e-10
2.811816335324124339e-10
-7.660699852252150777e-11
-3.853378727214362698e-11
3.177845764312792198e-10
-1.984892805673155181e-10
-4.577977441577729678e-10
-2.872473370274519766e-10
-1.022840145914472032e-11
-4.857549362746738097e-10
-3.295905215416894407e-11
3.640187595799204701e-10
3.717391949820125774e-10
3.698895634229870666e-10
-1.828784901292124232e-10
-3.623390754103894551e-10
2.777226226768902961e-10
-1.051514986194490575e-10
-2.905813922815525530e-10
-1.168331542622524921e-10
-4.131706643484278629e-10
2.308895713509784287e-10
-1.666340954109557515e-10
-3.621357103078537421e-10
-4.340568876548545063e-11
2.313707003764875481e-10
-4.310001799900931019e-10
4.263957242844895745e-12
-2.904225748778799243e-10
-2.852721947554925919e-10
1.234079505252339004e-10
-1.077176264852042209e-10
-1.196332477526595994e-10
-2.477915650445083884e-10
2.374856977738204478e-10
4.433708400419789086e-10
-2.647833619029427155e-10
3.343629539909187542e-10
-5.033184979907900924e-11
-1.331730836717781585e-10
1.106138444728621550e-10
4.651126706001207367e-10
1.446417291495194490e-10
5.745939279933054422e-10
-1.867820897949457049e-10
-3.770246614909211758e-11
3.410779991774859354e-10
1.753721057262680461e-10
2.068171606195434720e-10
1.240285651959993629e-12
-2.010704103216909289e-12
-3.690751038121220517e-10
5.945670344953413178e-11
3.361253775313599590e-10
-1.438408420151304767e-10
-1.900569146506825291e-10
-7.449338368381575037e-11
-3.720423413788864764e-10
-3.509902785081564502e-11
-5.179113249376143813e-10
-3.600677533910356942e-10
-5.148464293780463663e-11
-1.371612268208366459e-10
-9.826173208438149231e-11
-2.246693941998501032e-10
-1.776853247870135988e-10
4.061285752143817263e-10
1.575341940229790794e-10
-3.337405352077382759e-10
1.158724505234687285e-10
-1.333702037698003551e-10
1.354749645798847268e-11
-5.173589334717121346e-11
-2.385036612650992538e-10
-5.818445725225274145e-11
6.212100278624177463e-12
-4.527738739490416719e-10
-4.898876304615384925e-10
-5.853804108113536131e-10
1.183473041788118962e-10
4.825844168721005190e-10
1.450655984225335260e-10
-2.272403515357623860e-10
1.615202277482907789e-10
-5.065286523553425013e-10
1.157842710597378755e-10
1.352768314033525598e-10
8.155898179040832474e-11
-3.956535099547409118e-11
3.257305258852483121e-10
1.708699848279593425e-10
-1.199623456127341115e-10
4.158673405640911369e-10
-4.603127878866075662e-10
5.275774817015133067e-10
2.293458617463883797e-10
-3.623764344151680916e-10
-3.466080755742950714e-10
-2.627563167045821046e-10
1.171538421829154686e-10
4.645837048400380809e-10
-5.885258946847216066e-11
-7.857051675941306712e-10
-1.245929887039309847e-10
7.071698782112889603e-10
-3.239312706959651678e-10
-5.691877524860444737e-12
-3.797272496441905787e-10
-2.729258763434216917e-10
3.322878638911674898e-10
2.954900213403277576e-10
-3.236225731839681430e-10
1.836678031885696782e-10
-1.956823314497313504e-10
-8.161291087382949172e-11
4.157479915889439326e-11
7.599415541292842136e-11
-5.577291406488882330e-11
-2.768170415112791716e-10
-4.760016825144930408e-10
-1.794588089243376317e-11
1.834146862167429504e-10
-1.195699095291047342e-10
-7.272323021556559297e-11
-1.024421381057294411e-10
4.255431562683043012e-10
2.895032547023390634e-10
-4.928617514110555931e-10
3.530149506048019248e-10
-2.403785781535106025e-10
-1.156417531178455249e-10
-4.439086320751073345e-10
4.100575989873789240e-10
-4.431627287360129230e-11
-4.361350725012869134e-10
4.204140646724141561e-10
-4.836021583187744000e-10
-5.234434552470190738e-10
1.342831540407374291e-10
-2.699724332977382346e-10
-1.922101366957917890e-12
-2.286256184369506173e-10
2.781216368319405774e-10
2.453998115825584136e-10
6.897113435933022174e-11
-3.637286305480103010e-10
-3.581161478471983628e-10
-3.349753807668776062e-10
2.474190297085954171e-10
-9.682890045326075779e-10
-1.838754981609014294e-10
-2.597591586273040321e-11
1.400856375344261551e-10
-2.058387904568803606e-10
6.277335595772370880e-11
-1.605778149338377148e-10
4.554238930420950737e-11
-7.024324455429109548e-10
4.393850838724233654e-10
1.641284885778304670e-10
-3.360820788333995779e-10
3.067159026759469498e-10
4.603387115942325636e-12
-5.936287572616549824e-11
1.688076622929912673e-10
1.862588278056520608e-10
6.776657013318754252e-11
3.079272392625398425e-10
6.349835102170686696e-10
8.137209239755804902e-10
-3.397633563384516719e-10
8.516838623240374773e-11
6.902026172816988492e-11
9.014123475425961374e-11
6.237720340251939888e-10
7.697930071159930776e-10
-2.995592107701838813e-10
2.625824835345014208e-10
2.029554302396263665e-11
-4.025434985344134020e-10
-3.473683563015583786e-10
2.525372133632686200e-10
5.520094381594731203e-10
-3.111465529670454089e-10
-1.935702709232600682e-10
4.166940681393782597e-10
5.115025625279656651e-10
1.389971471255080360e-11
-4.842575784813618611e-10
-2.538232957149944014e-10
5.552272530628954428e-10
2.661176279339372286e-10
5.699958838256691251e-10
4.446092938259482708e-10
-5.430782490378760485e-10
7.874499385884803360e-10
-1.366955576509454318e-10
4.407445242105012539e-10
-8.589859379348752100e-11
-6.195641222284109517e-12
5.869078834042085191e-11
5.252644846853726790e-11
2.312810498672490667e-10
-1.146591085965376067e-10
-6.177910960580845767e-11
-1.924880810300066969e-10
-4.327310731966349522e-10
-1.639958446819633764e-10
8.297094955533879101e-11
2.107485852498314216e-10
7.850367578221550957e-11
1.795202320131750184e-10
7.204998819787533648e-10
4.198679737221766572e-10
1.402710447795385562e-10
-1.112859110419250896e-10
6.151067433179946420e-10
-1.114453945794124934e-10
-5.038839900883829159e-10
-2.665232479159840295e-10
5.642094014213228093e-10
-7.490473519222717869e-11
-2.677482680013554273e-10
-1.074705185954982767e-10
1.869408100541036788e-10
2.512274832611183228e-10
3.437965190311587094e-10
2.752499339564451475e-10
3.652939617460049249e-10
3.875210707882104089e-10
1.992067621969795255e-10
4.414474064073914406e-10
-4.155840949149336438e-11
2.738725635165195627e-10
-2.112051367131329016e-10
8.625962166775025253e-10
1.091548865184144290e-10
-6.232214744272823737e-10
3.510033652620592193e-10
4.593638802674604449e-10
4.540142983788797437e-10
-1.612294880937170660e-10
-4.316539903292948566e-10
1.333316235196946309e-10
-3.028092221413203333e-10
-1.914045588691237754e-10
-2.866202830631436882e-10
-3.120598779382532939e-10
2.871807236459744672e-10
7.536207213831858098e-10
-4.846979484440794295e-10
3.579599117120579876e-10
-1.553165512868659448e-10
3.087563538173299094e-10
5.244658596303963805e-10
9.859567329240093159e-11
-2.841124280283935377e-10
-2.805289334162353043e-10
-7.493290016258313813e-11
-7.855605055340220133e-12
1.088505952040463853e-10
2.564145562544695167e-10
3.278477489487841012e-10
-3.996642461423505210e-10
-1.653045755833915109e-11
1.015984449348472651e-10
-5.574909978101061370e-10
-4.990682311856176057e-10
9.661797056859100508e-11
-1.055652232295756221e-10
3.250440749891225778e-10
-2.736588178287036044e-10
1.253292608582867729e-10
7.405011048788878725e-10
3.684866300979194875e-10
-1.636061980336833699e-10
4.556897637009171831e-10
1.486887279966708775e-10
6.386394191260080788e-11
-1.212121514271302658e-10
4.555331944988694204e-10
-4.312797896588449476e-10
-4.398130470928407476e-10
-9.492733682447962451e-11
6.403955699063601514e-10
2.534746024185352553e-10
2.103648366613697362e-10
2.574247481845759467e-10
2.331241033548536734e-10
2.175611496513241150e-10
2.862514392187875956e-10
4.490194327466667801e-11
-4.314141405226123993e-11
4.843317413794068216e-10
1.320716591646231564e-10
4.067857439782329720e-10
5.805289582383466040e-11
-1.233300545022686379e-10
-2.232511397970426970e-10
-5.519786711039031957e-11
7.995335504773493085e-10
-9.411865731223656439e-11
-2.578567082078819794e-10
1.913836311651095912e-10
-1.261873661118073642e-10
-1.891563017331066021e-10
2.186593822672833198e-10
-1.794931425713741646e-10
8.608680435173710066e-11
2.632482287712178959e-10
3.549627258792042994e-10
5.113118262123350632e-11
-3.487272137725483390e-10
-5.144115688970885003e-10
-8.302926679526478893e-10
-3.543546012174658699e-10
1.109644598429326834e-10
8.585323424403767945e-11
1.735901422605934386e-10
3.017271432703694245e-10
-2.274755106501658020e-10
-8.485073754727068263e-11
1.581739600409193258e-10
1.989590991957612687e-10
2.310518304460273953e-10
-3.460748909667188400e-10
9.962994318435391961e-11
4.252954655115104288e-10
-2.690585254594424214e-10
-9.036618675573038217e-11
2.680381194775094400e-10
-2.044574509696417408e-10
-6.772666316656739127e-10
1.216660105995970298e-11
-5.658945534392501031e-12
7.153455605646286131e-10
2.207807270337980299e-10
4.965289290836949476e-10
1.922107195628797172e-10
1.665891313784584327e-10
-3.892592914667147852e-10
3.973778806010130893e-10
3.236370893500151169e-10
1.787116288287649013e-11
2.225047368575872042e-10
-5.748861109378111678e-11
1.394540871668681348e-10
2.287067618622629084e-10
-5.203427133615434741e-10
1.871783006368588076e-10
-1.278970263030032584e-10
1.482231143379308946e-10
-6.322753431931005252e-11
1.508182467802043902e-10
-5.546746395523882711e-11
1.743617195071323067e-10
2.575193114306983944e-10
-4.235118644668744992e-10
-1.365456914204088434e-10
-1.027747192905437146e-10
3.394126646405482006e-10
3.312180807402143046e-10
-3.728187203400068483e-11
4.499464689722287858e-11
-2.464966009085856058e-10
1.506318403343698265e-10
-1.329807930439130814e-10
7.683444158690377890e-11
-1.544406963427391588e-10
4.672452424969719686e-10
1.243889158342170731e-10
4.840152723062374207e-10
1.642525560008323282e-10
-2.959237577204731906e-10
3.208494581130594270e-11
-1.443102304321541851e-10
4.802618858157359227e-10
-1.356139506247799886e-10
-5.460666641088351980e-11
-6.802336471878334123e-11
1.388541642777241236e-10
2.357258832574871121e-10
-5.190500251828211731e-10
1.584288533695854539e-10
-7.890979536462339183e-13
-2.072587379498003202e-10
-4.760150051907885427e-10
-1.590485243507799851e-10
1.074060562711309785e-10
2.170877227980483326e-10
-1.307412789142148313e-10
7.660309886414751190e-11
2.964990752918339467e-10
1.472699601157145821e-10
1.823595441319270094e-11
4.069000414386181319e-10
-4.170913059375891407e-10
1.586603348702197991e-10
-3.702443907016572666e-11
6.847046540858769959e-11
-1.344893779675615519e-10
-7.032677218354876914e-11
1.359189427674323269e-10
-2.694890977039676727e-10
-2.389288211723794575e-10
-1.400010662955253338e-10
5.186436835558083658e-10
2.361478235179959029e-10
-1.768058199846933576e-10
-4.101545214574287002e-10
7.018897685284741783e-10
-1.219452872014414879e-10
-1.333094190592021278e-10
-1.694047402356346765e-10
-1.762772011693058971e-10
-4.052639890339548856e-10
2.544400246051736758e-10
4.656409424708130018e-10
-4.278026821680214198e-10
2.070918991847747748e-10
-7.912216715144637647e-11
-8.038375520769136529e-11
4.439719147875109684e-10
-2.205420152057158134e-10
5.739880792887674943e-10
1.202422605928177290e-10
6.324701873339222402e-11
6.007803976526560064e-11
2.360905360099252448e-10
1.813610372991547592e-10
1.549842892911712511e-10
-2.327960324510769397e-10
2.452542613440300556e-10
2.947853627865981707e-10
4.311115353594630051e-10
-2.464390358447587914e-10
-2.507814511609751662e-10
-9.220418872857294446e-11
-3.077973986798099304e-10
4.189967817147532969e-12
6.527160756331085167e-12
-2.891302475216406265e-10
1.295270279921822976e-10
-3.449117103038190635e-10
-3.251834357342886506e-10
3.247436208830833948e-10
-2.408730437331030316e-10
-1.198506571764568207e-10
3.344327870191676766e-10
4.149725840729701076e-10
2.498949103202363631e-10
-2.765172812946303793e-10
-6.358538140460723298e-10
-1.120610548799305661e-10
-2.991483727399213421e-10
2.344929805886408758e-11
-1.825198325811072664e-10
-2.123317632829468948e-10
3.659111208476062416e-11
4.447425067111154817e-12
3.010684757054349348e-11
-4.744293152780798550e-11
2.542757115975291526e-10
4.169287137756327866e-10
-2.184210035061084909e-10
4.556530153188020904e-11
3.245057000889062238e-11
-4.895730348897231465e-11
-1.097436586050548613e-10
1.888704193042656243e-10
3.544374516106785222e-11
-1.023902213015404072e-10
2.914622987404413834e-10
3.518506319633019075e-11
1.172030805740575943e-10
1.062475454838285316e-11
6.406769004208001661e-10
2.140491950353151651e-11
-2.802546528180016594e-10
9.634641695566159569e-11
6.707240318704066340e-10
-3.458755226670717775e-10
1.577604297198220706e-10
-2.608000482240413476e-10
4.654543070414796091e-11
-2.205536586696865697e-10
1.501041235751898739e-10
4.405127651541107525e-11
-6.105593808314324633e-10
-1.682314704209986189e-10
-1.538272287326947207e-11
-2.952198208117096101e-11
3.325362207817761373e-11
-2.777400254228012955e-10
1.516979458715539408e-10
2.582778990678491482e-10
2.980710123168250902e-11
-1.939001598172396257e-10
1.076021216572797812e-10
-4.766559924540558768e-10
-2.130587650750470630e-10
-2.056430026264877142e-10
-2.819949829202528235e-10
1.438891644722772867e-10
5.601488717310587617e-10
1.820519290873789942e-10
4.267046715966671400e-10
3.705855067259733460e-10
5.201018504763510464e-10
-2.432604673252569683e-10
-5.153826254655768935e-10
-3.965640038572360027e-10
-7.670502566448078596e-10
8.245977511922575331e-11
2.740601634521055985e-10
-3.602058581964051598e-11
-6.739866442728725815e-10
2.238476071170225623e-11
1.521413828253770362e-10
4.018818611228880400e-10
8.098546278034746138e-10
-6.795870810538673368e-11
2.668928689164573598e-10
4.120797592044311841e-10
-1.564545576426823459e-10
1.489837697654650128e-10
-4.477421211568355375e-10
-2.897034279136789792e-10
-1.594207266197855688e-10
-2.980811153463491792e-10
-3.944044535408863794e-10
-2.311322661041614879e-11
-1.908154467766820517e-10
5.711120465434760263e-11
-1.930885729084508284e-10
1.585594849862204114e-10
-6.194006418880348974e-11
-1.190961218533459487e-10
1.521130305048856712e-10
-1.715519809541987684e-10
2.171464535960510034e-10
3.317497110355560608e-10
4.159133593084618497e-10
1.167601015872321568e-10
-2.575989421771396337e-10
-3.884279009547242367e-11
4.168777822943781075e-11
9.445710186239963946e-11
-3.465034370542241504e-10
-2.956769551420990183e-10
2.258838394109119463e-10
1.351859180154235673e-10
5.610321096582993050e-10
3.377951807159718101e-10
-1.134112595502223542e-10
2.237333374122130181e-10
3.055252162376120850e-10
-3.360656752882107412e-10
-4.041325607495593886e-11
3.690030503378238791e-10
8.206588186787655559e-12
5.743188147278033284e-10
3.067588960625755590e-10
-9.161643665933638658e-11
4.337641634766242760e-10
-1.821814088476259030e-10
-4.758466953802553689e-10
-2.955644617941288743e-10
2.125415121678742025e-10
1.272231209270557883e-10
9.647890819586280031e-11
2.796624043455153696e-11
4.786905316578327074e-10
1.224301771074465250e-10
3.227726419474663544e-10
-3.230721523639346060e-10
-1.717147257718210085e-10
4.742909398558481371e-10
5.225925941987341616e-11
-1.880084976590978840e-10
4.877500070499252161e-10
1.898375068254409825e-10
-2.391478404195623853e-10
-6.957219245151691212e-10
-1.615691747058889405e-10
1.532051985275728612e-10
-3.273679938242679555e-11
-2.967766588035658515e-10
8.057511602377331883e-11
7.044299865643921521e-11
5.529937618931057841e-10
-7.682071645476185040e-11
3.876257925750081768e-10
-2.766847861934706998e-10
3.101874868072229674e-10
1.246354408568350891e-10
6.625774373603121603e-10
-1.930584858644834867e-10
-3.045168284199206710e-10
-3.838078188600491103e-10
-4.617455584554619463e-10
-7.323726625152460201e-10
5.216368448301977878e-10
2.511387764414507728e-10
2.362776641007258149e-10
2.039971525036321509e-10
3.350810462432463055e-10
-1.594605142374305728e-10
4.544077614188068992e-10
1.805839505708561887e-10
-5.020372312314336227e-11
1.002236071911966064e-10
-4.310122259099102848e-10
-2.524978282014700426e-10
-1.248465497649675626e-10
-4.445090129312490035e-11
-4.398162389840365449e-10
-3.680238058745288754e-10
1.080838890610280600e-10
-3.714286378464493055e-10
-1.980905162124457775e-10
-6.714326872270248714e-10
-8.065434431436813156e-11
-2.359711592792024248e-10
1.194015025740569058e-11
-1.658258391712408297e-10
-5.138343084354346502e-10
-3.653831681660335562e-10
-1.031875696000383869e-09
-6.141807062931547989e-10
-9.797510025499889252e-11
2.316644376332277488e-10
-4.005475812141057190e-11
-5.758150900536662675e-11
-2.376171204243604507e-10
2.354959005579360110e-10
5.520043311335598446e-10
-3.240550050520596415e-10
3.867828279879859110e-10
-1.010161398973252744e-10
-2.376099872414272340e-10
5.840824490732643426e-10
3.146686522459418711e-10
-6.068870406217286018e-10
-5.260387958561096866e-11
-7.002722846038977877e-10
-3.895095357364652955e-10
-2.698498646758196173e-10
1.448942354986826331e-11
7.948242064514943195e-11
2.430937950936851166e-10
-2.371834395553662489e-10
-3.639837042879179307e-11
-6.928138618356172174e-11
-6.864808721473991682e-10
6.862836965382257404e-10
-5.531547997428276631e-10
-6.966333065960839122e-10
-3.658987002275182476e-10
-6.861073931219152655e-10
1.133288601851134558e-10
2.170352786379226018e-11
-2.521910458241904962e-11
-1.181935105343256964e-10
-2.411466026863706702e-10
-3.791714719980632253e-10
2.193443066067501945e-10
-3.662820602379213142e-10
2.042172334015823765e-11
-3.398765713313878223e-10
-1.149560169277918931e-10
-5.132749780756284963e-10
-1.497357515756192470e-10
5.238673939089721898e-10
-1.915329700397094825e-11
2.060803194758875634e-10
-4.025590971679093855e-10
-4.058791081007484536e-10
-5.701846217398554018e-10
-3.193178499394377923e-10
-1.950782868576084184e-10
-1.550163331032194947e-10
-4.290735822198854521e-11
-5.341665304525733404e-11
-2.162959533702490944e-10
-3.080256882892484782e-11
-4.389181518238416402e-10
1.351840028807060889e-10
5.157028692970300199e-10
-1.002581906384136801e-10
-2.363540196892444101e-10
-4.207975634606953008e-11
2.788206887593958072e-10
7.749949570978742486e-10
-1.322587594998481109e-10
2.111837094087576361e-10
4.069050096866533295e-10
-4.491118033023155931e-10
5.259465085671877205e-11
1.991226211695007464e-10
-1.628041590429063490e-10
4.044142798420580220e-10
-1.901935414716504624e-10
3.930931136153503758e-10
3.881380217229946084e-10
-3.956197175414288836e-11
2.410870114655239149e-11
-5.906856948012517705e-11
5.699431898653628537e-11
2.615137273398460138e-11
-2.140127519645318444e-10
-1.572530161642049507e-10
-9.291231117813936180e-10
-3.985330676581355647e-10
-2.596117210096338113e-10
-1.246701353263546252e-10
-9.808955869772262304e-10
-6.113998890500127459e-11
5.007113612620628373e-10
2.301728252440682354e-11
-2.433971357795883250e-10
-5.514961057273559675e-11
1.633575497095307583e-10
-6.225077120447508605e-10
5.399266589378726167e-10
-3.861236885782659556e-10
-6.118658357756601163e-11
-4.294835320717282912e-10
-2.371748908380766352e-10
-1.800631865833679512e-11
4.149616761317531655e-11
1.881704930761785022e-10
-4.194972702542543175e-10
-5.325175023163097876e-11
2.893269790416042042e-10
3.026387473958891405e-10
-1.034237279151639655e-10
-3.930968051069072544e-11
2.956562772382653748e-11
-1.249895603683270906e-10
-3.092998357434595391e-10
2.195038040220254061e-10
2.300428597612480530e-10
1.279045203084194782e-10
7.911529070758760440e-11
-3.803341530606019205e-10
-2.145794514296639477e-10
5.247996481827499338e-11
2.862119707902621712e-10
5.537311720260618131e-10
-1.121892509448052522e-11
-2.450926128716446328e-10
-2.073577698435968841e-10
2.465778414784125516e-10
-1.347368050463870759e-10
7.452655159667642693e-11
1.571417856949253178e-10
1.449661501951027276e-10
-4.700960731796044456e-10
5.684215320655994219e-10
1.787626990878976585e-10
5.311523443296550795e-11
-1.662817938896665737e-10
-6.090171422723500427e-11
4.400420583472453018e-10
-2.105639274052606424e-10
6.102347793746076832e-11
-3.323497033136391110e-10
-5.361493193856148309e-11
-4.456368052352388531e-10
-1.225166079699135935e-10
-1.747452460509890670e-10
-2.148597133544427606e-10
-3.418493821349954942e-10
-7.013681996292930876e-11
2.467096804625867890e-10
3.209155718941758550e-10
-1.347456868305840771e-12
-1.443840047521405268e-10
-3.478725640881918935e-11
-2.047102903857123124e-10
-2.627750239625470385e-10
-8.543693530427276528e-11
-1.370414892676308227e-11
1.864755294622710835e-10
-3.009086591010401435e-10
2.987223246542214383e-10
-2.737884918779798227e-10
-4.061168068503206996e-12
1.019642842381429659e-10
9.291650782117244489e-11
-4.309313739181419578e-10
-9.534292799706634014e-11
5.342715714284906880e-10
3.832056061359168098e-10
3.161007844365570918e-10
6.888326020693114060e-10
2.364529128051628959e-10
2.099245777209546304e-11
-2.053422432091167593e-10
-1.349730882616029248e-10
-1.806293725703511655e-10
5.646320078156463751e-10
-4.565400835154775905e-11
3.847094864894984312e-10
8.078267915712089575e-11
-1.132702681649888632e-10
-1.327310344967358446e-10
-3.344888255263356314e-10
1.574372299195658798e-10
3.325779651675020432e-10
-4.821934518339787701e-10
-4.584490009840180846e-10
-3.532203349254636748e-11
3.002643966798501651e-11
-3.135279535992907540e-10
-1.257743631466468059e-10
-4.983837231797849654e-10
1.882474454095728333e-10
3.447185592531099019e-11
-1.463660165290647797e-10
-3.557112937535578112e-11
-9.325384908720479871e-11
-1.267917715264132994e-10
2.498511120219149007e-11
-4.481141499534935235e-11
3.007563642576371876e-10
2.863231873817539963e-11
4.245607476693891158e-10
-3.881113486148279890e-10
2.071794819036298918e-10
-6.559938703354362133e-11
-4.384191343298482479e-10
7.298490700691218080e-10
-8.737882639664462658e-11
2.705351498377694952e-10
-1.795781023883336047e-10
3.232656642371267708e-10
-2.833117074274582592e-10
3.472723844599734377e-11
3.055568020826626707e-10
-5.003849556928230413e-10
-9.875743972598272080e-11
-7.148471814488743803e-10
1.989401560154036019e-10
4.824548538451267632e-10
-2.677946753237847588e-11
2.586287295436306977e-10
-2.093946960268766588e-10
-8.741117552002464208e-11
-5.250095913567065509e-10
-8.324008149429573677e-12
-3.487997668472075929e-10
-6.753049230923124924e-10
-9.592576732941893169e-11
2.923693231959845207e-10
1.050622713827387145e-10
2.302492918548892931e-10
4.829091015956521460e-10
2.469406901184356684e-10
-2.730805304107519760e-10
-1.544300937128539886e-10
-4.386853658111533605e-10
7.887035469167358315e-11
6.328277346590027719e-10
3.125370517942371862e-10
-2.406101429208717946e-10
-6.398898078074921614e-11
-2.626318884590972402e-10
5.409794834321246526e-10
1.805218197148406034e-10
1.855715303644700498e-10
-9.867152928055844541e-11
2.336681681480712314e-10
-2.355076689219970376e-10
4.672572051500623047e-11
3.016811522815743274e-10
3.073145626864004498e-10
3.025857342464632893e-10
-5.257965174365608618e-10
-6.032540023070964708e-10
2.573857238452603724e-10
4.853636936807959046e-11
-3.947799309678146074e-10
3.463346276433298954e-10
6.960830245539284533e-10
-3.427091666008408311e-10
-7.030073745362130921e-11
-8.516191640772774463e-10
-6.641598937484616272e-10
4.036693201925345420e-10
3.972105422356264626e-10
1.938865595851879675e-10
-5.830362304060088263e-10
1.318457010235363214e-10
-1.766945756376259169e-10
7.266277163298084929e-11
5.015514739636905972e-11
4.726659064147042955e-10
4.238318029869958536e-11
6.486355896839768320e-11
-6.143075492737182230e-10
-1.000343696766492485e-10
-7.587616646098638284e-10
-2.702340573534911528e-10
-2.049234254508647268e-10
-7.002794177868310044e-11
1.800511129079751527e-11
-1.747037792210193174e-10
-7.514702748956381129e-11
5.253502077806615489e-10
-9.896382324736663350e-11
-3.109980051263505629e-10
-2.044826807878763475e-10
1.373518798697404009e-10
-3.522790670285047554e-10
3.507330259555629937e-10
-3.928916636475321411e-10
-3.235106349475103116e-10
2.912955987532939162e-11
2.417703259816050831e-10
4.647533469182008048e-10
2.255468867229382113e-10
-1.523579873374814042e-10
-1.703349405968168639e-10
-2.403379925630666492e-11
4.377938012112281285e-10
-1.442433394949205194e-10
2.975846791208880404e-10
1.770328328376535865e-10
9.581299642569263142e-11
-6.185123524460323097e-10
3.431640249740297577e-10
2.029252599289321779e-10
-3.157805406051039654e-10
4.682911280973200974e-10
-1.912225933153877122e-10
2.456358727531693376e-10
-2.211002075869217265e-10
-4.832739763926952037e-10
1.865449461568857714e-11
-2.345328098396493033e-10
1.304947400138090075e-10
-1.819612654996305423e-10
-3.806692461250094084e-10
-2.162870854638399010e-10
-8.630211822957534196e-11
3.465135400837482393e-10
1.656584175391273561e-10
3.318456620604592899e-12
1.578795288947887343e-10
-3.027714190473318467e-11
-4.614538612335294943e-11
-6.446372879942430245e-10
-9.487087504478353139e-11
3.770783130185861864e-10
-4.580510970519924285e-10
2.998042925028698846e-10
5.956523052574880239e-10
1.572131036464696763e-10
-1.157645090898995477e-10
5.310699657812278929e-10
-1.065115218246148743e-10
-5.949705172980657153e-10
6.995599932668739029e-11
-4.572071055086723845e-10
1.853573683430198571e-10
2.207548727151120715e-10
-2.357549155895810600e-10
-2.278933985966347109e-11
-3.590631958427792370e-11
8.812230112287267048e-11
3.936015402494774662e-10
-1.598333410068875082e-10
-2.794447451215376077e-10
-3.484934008035622810e-10
-4.536534342625131444e-11
1.962639634145446621e-10
6.732685242649694146e-11
3.665797387863989343e-10
3.463281050830602226e-10
-3.171831963744153882e-10
