-2.709382371235413700e-11
3.398180070668388453e-10
3.570611029068970765e-10
-1.453285963792794178e-10
-1.599850807387781515e-10
-9.388484434325050643e-11
1.027217963467386141e-10
-1.710117603082039750e-10
-1.754051764946140679e-10
3.948436716472158992e-11
-7.467098467328625588e-11
8.051292965660650225e-11
-1.361036422453665296e-10
-3.803255210765854599e-10
-1.112883604714731689e-10
-1.559613826973560435e-10
-1.464993404365344531e-11
1.451605502467145925e-10
1.043281849799626571e-10
1.599367721594191494e-10
-2.230109499845589482e-11
-5.240322065169777943e-11
2.143890065475773099e-10
-1.555095496819092205e-10
-1.971117297161484316e-10
-1.339717503601178805e-10
7.608051688645645072e-11
-3.614867016832334912e-10
-5.469909247768356408e-12
2.730827786123768419e-10
1.437298335904557689e-10
2.486902628273668370e-10
-1.726743192875801469e-10
-2.080846328578189741e-10
1.315879627483695913e-10
-2.775296659152104439e-11
-1.686563944058860898e-10
-8.473260981745056597e-11
-2.290197892440559713e-10
1.272571215071849338e-10
-8.663973705136385206e-11
-2.411669752788725418e-10
-5.626982213513542774e-11
1.422477413637324162e-10
-2.407160581974210345e-10
5.045408535409023898e-12
-2.117290925918169364e-10
-1.547887928943225688e-10
1.183499132029197654e-10
-4.136690295863942879e-11
4.004067910567954414e-12
-1.745224798010980294e-10
1.087350834372280417e-10
2.253315450895243544e-10
-1.623379208837150145e-10
2.291635631257449290e-10
-5.178441009334733280e-12
-7.777252453156080492e-11
9.311040827242322848e-11
3.054481112485518679e-10
1.781137737300042545e-10
3.630609701765763475e-10
-1.646289493617558719e-10
-1.461839330141323501e-11
2.059537540510802955e-10
5.805972369543610512e-11
1.385810355358785273e-10
6.378755162961269320e-12
-2.736349341558863557e-12
-3.143249827086691539e-10
3.745045940029001486e-11
1.280114902968421120e-10
-1.273730010353801845e-10
-1.296708573850224866e-10
-2.840681509463927057e-11
-2.205923221865191408e-10
8.464751122261304772e-11
-2.520275377282388263e-10
-2.187636183315078142e-10
-8.202417217662016924e-11
-9.333506190145612891e-13
-8.299128051447723919e-11
-8.896211545206256233e-11
-9.085945884557133922e-11
3.053096386818054953e-10
1.011070116518908435e-10
-1.947876582253371680e-10
3.965978934150626856e-11
-5.202861058650753989e-11
4.518058149827197667e-11
-8.601754031278829871e-11
-6.574105843037969521e-11
-1.267058125087316967e-10
5.464786262399101702e-11
-2.819723066149748547e-10
-3.467963138881202667e-10
-3.475596754842769087e-10
3.677551319025695875e-11
2.547895783244769063e-10
5.202829833628186407e-11
-1.352646050722938753e-10
6.440696587173277976e-11
-3.288591898797932345e-10
1.365437485301157494e-10
6.081672665469994854e-11
2.372285701213172615e-11
-9.178242887930565530e-11
2.675106525185100281e-10
1.115448011734798683e-10
-8.690835551217190869e-11
2.906002938285467962e-10
-3.488991318079115445e-10
3.494743938681210693e-10
1.506717806076807165e-10
-1.998679832748706531e-10
-2.265008597346351849e-10
-1.519938203076165451e-10
8.660695771656179431e-11
3.218973421148518810e-10
2.109257213334103653e-11
-4.879092685428076948e-10
-8.915826410493821186e-11
4.366512706965863799e-10
-1.889358114404160460e-10
2.831423290272638837e-11
-2.487177408472263096e-10
-2.020067030317207468e-10
2.216793415499296316e-10
1.883281031123118510e-10
-1.816740091697965909e-10
1.549153583191298367e-10
-1.850246067469640820e-10
-6.214646852686911416e-11
6.457711448915048891e-11
3.774584811377934557e-11
-4.548694754191728862e-11
-1.100965707490075829e-10
-2.826434364333607618e-10
-4.779140971855611042e-11
1.296646401360845857e-10
-5.649490597559037042e-11
-1.317123771160666479e-10
-2.754728389842142633e-11
2.056113057591346660e-10
1.699758944706530883e-10
-3.367161549583386204e-10
1.867743182337733288e-10
-1.664083454366860337e-10
-7.325420131598647799e-11
-3.231448997276231694e-10
2.300273582722667243e-10
-8.307844689969812180e-11
-2.316273561842052686e-10
2.103608537362688935e-10
-2.562594580979293823e-10
-3.274666926511571319e-10
1.651662556723110242e-10
-1.666561194602067530e-10
-5.045480699905624533e-11
-1.638720825702932871e-10
2.008250510332487693e-10
1.260105908507114236e-10
1.162504259522023631e-10
-2.056907977276978272e-10
-2.137689747438997756e-10
-2.212753869024197684e-10
8.321433125901833705e-11
-5.938398661697874559e-10
-5.076083997579416973e-11
2.694892919929969821e-14
9.358355756994285457e-11
-1.565358120902970995e-10
9.082830321194279577e-11
-6.278340347609656646e-11
9.398627015544391838e-11
-3.610971799350437550e-10
2.457018477564076875e-10
1.022953388662983798e-10
-1.895530815643198252e-10
1.641405344976476499e-10
1.059599769037689043e-10
9.602117712059765609e-12
9.432422204413981603e-11
1.998061854857624553e-10
9.338395334790305924e-11
2.194708165204062311e-10
3.672163684242946147e-10
4.520959440146299357e-10
-1.741270738708777799e-10
5.672595032590876940e-11
4.240472556427121731e-11
6.168401206485540911e-11
3.154074224021030659e-10
5.066242425577627273e-10
-1.867850596415365771e-10
1.101814819937096956e-10
1.167722030182005710e-10
-3.205181675625112803e-10
-2.153327655074477320e-10
9.843863224556770319e-11
3.307144835762443336e-10
-2.217740990850813887e-10
-1.160601198479938034e-10
1.893238621430981539e-10
3.990217600779999430e-10
-4.998759739471836383e-11
-2.501343021599211625e-10
-2.111852637209921113e-10
3.302464413046379832e-10
2.029176271456378799e-10
3.495409517384473475e-10
3.293380013147384489e-10
-3.086862987444760620e-10
4.035532741308855975e-10
-3.535734899307030332e-11
2.435919244092588087e-10
-7.513789590518626937e-11
8.218382918645517066e-11
8.070138307614271866e-11
4.649382268073765090e-11
1.741803784538475952e-10
-1.247844189089519773e-11
-5.840510713950308741e-11
-3.742560428232621916e-11
-2.031557699844199760e-10
-1.005384803187681086e-10
6.451740530710736721e-11
1.376826153087762350e-10
1.299918506170172350e-12
8.542475060657750419e-11
4.316197399489851705e-10
2.491580830543682623e-10
1.131971114065599693e-10
-8.221733710511713866e-11
3.667204317991945572e-10
-2.418562572437110703e-11
-2.774932783555783544e-10
-1.122469617254040486e-10
3.801352010945890925e-10
2.842112656331607923e-11
-2.052268632812825899e-10
-5.166321884186864111e-11
1.471636423833189156e-10
1.591428794300853156e-10
1.609717081851869125e-10
1.249274572678871209e-10
2.051527420166010529e-10
2.336644489009387371e-10
1.790045334182366332e-10
2.815849220461075220e-10
-1.976392660640868826e-11
1.071162880617038127e-10
-6.538465602279330824e-11
5.574969375032878816e-10
1.229640417266253394e-10
-3.943675386253175930e-10
2.567992485325021335e-10
3.212911603434065455e-10
2.686234568116674382e-10
-1.292062984381558977e-10
-2.906651308531849054e-10
1.085673634326767001e-10
-1.072315916617050391e-10
-8.807959223089412149e-11
-1.951804828870251640e-10
-1.608108646244943429e-10
1.171728547522121744e-10
4.249132712352832186e-10
-3.048648555825650419e-10
1.981011465979065633e-10
-4.577924150872547671e-11
1.694288459530568502e-10
2.876552607222748748e-10
1.156470336161063983e-10
-2.317818298402940513e-10
-2.432581913680564867e-10
-6.434992816384266234e-11
-2.756588707297780161e-11
4.710140957819852758e-11
9.080912410919239619e-11
2.127299725263043229e-10
-2.692203682208571536e-10
4.824671218095488712e-11
7.275437197140632861e-11
-3.055231068138652972e-10
-3.475006948860936973e-10
2.090542322585875468e-11
-5.430775620873795617e-11
2.242364072202462921e-10
-1.531325483083989525e-10
5.023963883798998609e-11
4.560701816203049930e-10
2.133176135732384182e-10
-2.501413312594458205e-11
2.858787928605721618e-10
5.874233738323297871e-11
5.391461582737733238e-11
-1.425853879410965419e-10
3.342059406996611415e-10
-2.458979131425564901e-10
-3.505984114138271934e-10
4.789564578278060480e-12
3.675249826695647926e-10
1.466609750311320681e-10
1.759275780610636275e-10
1.936645288580507440e-10
1.462641535665554215e-10
1.257240561658434785e-10
1.806486071842527963e-10
8.573310117387933360e-11
3.681669205612969620e-11
3.150705252252805622e-10
4.805342929126155127e-11
2.583480374074298425e-10
4.750559667865417168e-11
-3.696556255539107383e-11
-1.241461655698827826e-10
-8.885753244314287258e-12
5.116661538906441820e-10
-2.041927044116320644e-11
-6.038058247836985970e-11
1.749212164003921544e-10
-1.206072741677388649e-10
-1.811810562690752135e-10
1.950522660054687663e-10
-1.557773215976610004e-10
1.020073053803471907e-10
1.374189928515789916e-10
1.246674430355199092e-10
2.179647087818814555e-11
-2.036989604770056417e-10
-2.714905800171862893e-10
-5.108716782942224199e-10
-2.248601305154807051e-10
5.381550760574782544e-11
-1.743024821698746507e-11
8.066426693265071890e-11
1.408532179780763727e-10
-1.325571596932917373e-10
4.658129437729030542e-11
9.521484295449411661e-11
1.078191702585939993e-10
1.130562865547801721e-10
-2.256044379089772178e-10
9.787685939510737398e-11
2.880763960710908123e-10
-2.374716812081345552e-10
-1.286192125027341149e-10
1.440046693002017264e-10
-1.088110296310063063e-10
-4.105795703424064413e-10
2.867152348873247547e-11
-4.161346961462086824e-11
3.570568007926766541e-10
1.104114022432156617e-10
2.225188644455755593e-10
1.860386844576567000e-12
1.709661578974674967e-10
-2.692061851217175672e-10
2.423384271033057757e-10
2.091859185870958981e-10
4.705723311015930221e-11
1.686815270796060418e-10
-7.181777395004473874e-11
4.094964992096272738e-11
2.167914736617149174e-10
-2.624131190120948531e-10
1.000010352303348782e-10
-1.219112311101611112e-10
1.500488344685635411e-10
3.697875339270240147e-13
1.947573768923405169e-10
1.180001929501628410e-11
1.337833038794755680e-10
1.251393155765612164e-10
-3.100164569502794620e-10
-3.417936766947349270e-11
-3.145340932153573021e-11
2.104256768831191948e-10
2.437555435275129412e-10
-2.090664447118584235e-11
2.876510835081447226e-11
-1.411963601594123929e-10
6.814254716047685179e-11
-1.227749568677438674e-10
2.264727988476877840e-11
-8.472959139860236633e-11
2.806851973069512951e-10
8.185313538078275997e-12
2.921664299382342733e-10
1.020223974745881890e-10
-1.987009168313846885e-10
6.568152965957807510e-11
-1.162915944097342447e-10
2.651208697024287630e-10
-4.641016390638519340e-11
-4.518416890642029671e-11
-4.108714757311560106e-11
7.281013292281812710e-11
9.828603902972687933e-11
-3.442570117861976087e-10
5.562787036561545051e-11
-7.309651495202018623e-11
-1.465085414098510341e-10
-2.777882091020700273e-10
-1.300324570241429001e-10
7.932213219596917497e-11
7.847469896127279299e-11
-9.036692227848419634e-11
7.075644931076041644e-11
1.825302686775387428e-10
7.845897542768653921e-11
1.833588836319677284e-12
1.864932652750894704e-10
-2.305315383033246235e-10
1.223509904502151358e-10
1.720643072466998547e-11
5.715046838550286168e-11
-1.152255998948525928e-10
6.145403630419821184e-12
8.047182364911975583e-11
-9.013210316988207182e-11
-1.138818830903609580e-10
-5.743962250281953175e-11
2.676737720364030793e-10
1.213310563130676201e-10
-7.017873088210890842e-11
-2.275426513875800083e-10
3.826025607445160404e-10
-6.330323765180168039e-11
-4.389832941598115212e-11
-1.041957284342309720e-10
-8.765393966214674037e-11
-2.709062418837504538e-10
1.621630330017609367e-10
2.906881679809458774e-10
-3.363353484608921917e-10
9.477605505958663912e-11
-5.898632970957606858e-11
-4.976814793611339383e-11
2.635512086346381011e-10
-1.099000265791794106e-10
2.902649787195343833e-10
1.697721130344831408e-11
4.147585053182467618e-13
1.311943956250338772e-11
1.865941290368766659e-10
9.637042552856911470e-11
1.243070230083631600e-10
-1.805253585507315961e-10
2.185492481432405043e-10
1.751243317027473267e-10
2.691163680790253920e-10
-9.979164716789057366e-11
-1.901310914265152974e-10
-9.485157798083676539e-11
-2.280092226136787303e-10
2.551485411839138351e-11
2.302075197135877715e-12
-2.283195160712736538e-10
1.092616136455504261e-10
-1.833701523956676738e-10
-1.788498932286941567e-10
1.843291075331876527e-10
-1.688291728640933798e-10
-1.141182981445609812e-11
1.737992666450693946e-10
1.897965673514079299e-10
1.516110709198770223e-10
-1.848269592930051886e-10
-3.867714759575591188e-10
-1.186007542175460117e-10
-1.795400772497401931e-10
-6.513266315177901333e-11
-1.871621330140627038e-10
-8.546188756675121567e-11
7.538015350805338244e-11
1.217605356818030060e-11
1.317180392534922362e-11
4.877338810604925357e-11
1.420219775116748906e-10
2.455176340010467584e-10
-9.908510123501912403e-11
1.482035327793340684e-11
-3.593701725090880927e-11
-2.310428237617401237e-11
-3.765324163573779970e-11
9.469595940725383798e-11
1.920048148251751741e-11
-1.106693695018812207e-10
2.388090281080224031e-10
-3.340877574586897936e-11
3.406908088976479121e-11
4.856783031303990583e-11
3.814431270843243738e-10
9.305380771484905722e-11
-1.719554637569231659e-10
1.148011616325383955e-10
3.845314622274997873e-10
-1.049702685884668085e-10
8.671553058947623072e-11
-1.503289714932520837e-10
-3.018044494873528549e-11
-3.189541686321462066e-11
1.137877292389788408e-10
-1.119816045447308284e-11
-3.200024412119972794e-10
-5.935790053923639675e-11
-7.329493262320241342e-11
-6.752226555661877683e-11
-1.486848144605090738e-11
-1.897084572766161159e-10
6.966138083042139328e-11
2.449351277356015544e-10
-3.282317473374263272e-11
-7.928956102798423444e-11
7.279622737943469701e-11
-3.107427093418380082e-10
-1.498827451040796177e-10
-1.520174264246776374e-10
-1.601791616012704367e-10
6.556905018939573893e-11
3.331240561177395421e-10
1.878189548332187542e-10
2.530692044810933794e-10
2.016831146534059371e-10
3.427174655179499041e-10
-1.392255338794612385e-10
-3.894375377733183541e-10
-1.999958254561562399e-10
-4.269318787386566783e-10
3.812176962991742357e-11
1.934279403315031232e-10
-9.773279407987445211e-11
-4.272474873889819946e-10
-3.124088487904685962e-11
7.083457431722450792e-11
2.994962611246876349e-10
5.345050513305693585e-10
-5.922151657955510018e-11
9.236861275851993014e-11
2.000349053066230454e-10
-9.453510196877346061e-11
1.374707847556777551e-10
-3.179075891424076872e-10
-1.801948312785128792e-10
-6.597723756218698554e-11
-1.584757880479514824e-10
-2.535440468687255589e-10
-4.847984513833836218e-11
-7.427568282647456499e-11
6.357991910732607721e-11
-9.432932213115918785e-11
8.719813759938688236e-11
-6.550209680211693808e-11
-1.118987541515181761e-10
6.554283504822677742e-11
-9.814589418954966504e-11
1.157885592961704901e-10
1.692960771570994893e-10
2.741573912334871466e-10
3.521025832009527790e-11
-1.333250870816371503e-10
-1.157686307928784686e-10
-1.881757250021820482e-11
3.821927843650207990e-11
-1.992461889921415263e-10
-1.652571274268765933e-10
1.355526108026694487e-10
8.211361451904153341e-11
4.134426412338854107e-10
1.864896709280472464e-10
-7.883781127926425825e-11
1.802399479666760840e-10
1.661202009284323822e-10
-2.257690839835291285e-10
-2.322046721570103500e-11
2.437108848063473943e-10
1.582434877578364762e-11
3.631830947092851147e-10
1.759928869304872023e-10
-1.425571743984832551e-10
3.106911949934954009e-10
-7.026041554114570431e-11
-2.663591569529444314e-10
-1.897012963381072836e-10
1.288036621804877768e-10
1.477137162586572572e-10
9.817070073525613338e-11
-2.662613532433688590e-11
2.729970971504513955e-10
9.626353186797942385e-11
2.097216011964775362e-10
-2.258410403133126465e-10
-5.153545645786294926e-11
3.169865758767542729e-10
3.888310506905412467e-11
-1.138103222775299628e-10
2.880929106385821115e-10
2.059769299567193457e-10
-1.967611629183352306e-10
-4.612676351989364321e-10
-5.457595139701787446e-11
1.391015497231862241e-10
-1.008783681588631964e-10
-2.571862167677352318e-10
1.178983993765925220e-11
2.442763352705767943e-11
3.416429916747176776e-10
-4.829025374020190498e-11
1.692886109072588852e-10
-2.379506591765334633e-10
1.875773147919090889e-10
8.230640474726769185e-11
4.007233433966916891e-10
-1.003208627281537701e-10
-1.986854292201911676e-10
-2.456945480400207771e-10
-3.013563842912958535e-10
-4.788649476950013195e-10
2.482332117637042757e-10
8.738462037305438912e-11
6.278448594354557599e-11
9.716650400948267929e-11
2.148783651012564633e-10
-1.737932020517973797e-10
2.786651465136458228e-10
8.113668764631043473e-11
-1.949197053763285226e-11
3.741976173365912928e-11
-3.074365484412311389e-10
-1.586321074498187045e-10
-8.458499872743274750e-11
5.291367344284481078e-11
-2.859947278999186437e-10
-2.870400583887544599e-10
1.159470991440869625e-10
-2.195513632008427862e-10
-1.054770437658447690e-10
-3.748570898132186358e-10
-1.082859912848732620e-10
-1.457570175666944579e-10
-4.815622553500098491e-11
-1.515069458779549905e-10
-2.365568019246921949e-10
-2.154846578950042613e-10
-6.111480210790887213e-10
-3.926385883090688367e-10
-9.661361988211325524e-12
1.860533116460061365e-10
2.204612881140377567e-11
-8.363906789377040241e-12
-1.202714178250019472e-10
1.105752919783320465e-10
3.847636098619489076e-10
-2.578864066737907024e-10
1.963778722968712032e-10
-5.610507197717495842e-11
-1.368506280519099505e-10
3.654248570406082308e-10
2.298408546819175058e-10
-3.390246694490173240e-10
-5.936792030203363879e-11
-4.263250308333965677e-10
-2.476683857999262273e-10
-1.116102418818876174e-10
4.380628498834582274e-11
2.427474193877898756e-11
1.049569181565956910e-10
-1.867060950289101129e-10
-7.578560001775258570e-11
-8.010345164954912889e-11
-4.584496671178328597e-10
4.575221590474853883e-10
-3.452968189154859147e-10
-4.521281682379196809e-10
-2.229519763252696407e-10
-3.468196840827886263e-10
1.158245582777439608e-10
-9.306240500439599828e-11
5.491322674355814115e-11
-1.456315068537605839e-10
-5.820482984475461308e-12
-2.584731872978807132e-10
4.293211619543768620e-11
-1.986094760875189991e-10
-3.910607948576227955e-12
-1.952118605652586325e-10
-6.252352108271352904e-11
-3.059396624927046560e-10
-1.038948579945575545e-10
3.630606371096689600e-10
-8.033718135180833997e-11
1.581042380349728660e-10
-2.359848705335565455e-10
-2.767577278461885726e-10
-4.458674818241803450e-10
-1.344232503086573161e-10
-1.572941776828429283e-10
-7.898737219846907465e-11
3.157200195724740865e-11
-3.922299984804311634e-12
-1.712433528311407827e-10
-4.595428204634544045e-12
-2.139741994700017358e-10
4.061869590676892017e-11
3.690865391092756909e-10
-6.231312688065315797e-11
-1.696511264803746144e-10
-1.651528566681825794e-11
1.845313346571231250e-10
4.431882083544280704e-10
-5.387724988370479196e-11
8.575248844344685040e-11
2.918664199214049404e-10
-3.179189689284100950e-10
7.865381956850825418e-12
6.943083608046407562e-11
-1.281859896007375710e-10
1.881283462346061697e-10
-1.809195571134125657e-10
2.308143259854844587e-10
3.026934536354275451e-10
3.523717428954853403e-11
2.458805728466906260e-11
-2.914303867673773141e-11
2.410918686912566500e-13
5.908297462386968846e-11
-1.260634652222591967e-10
-7.924802480907544577e-11
-5.124454194316285793e-10
-3.353015920470880928e-10
-2.093620554699526792e-10
1.571250074494656701e-12
-6.411648989512741537e-10
1.220512579891419591e-11
3.324845676555554519e-10
1.301839192002773871e-11
-1.718584441423587350e-10
2.351769994024532906e-11
1.191391985067014048e-10
-4.254757102195583229e-10
2.573957158524819988e-10
-2.785771890945198948e-10
2.965686030087510971e-11
-2.254049863426033085e-10
-1.561821227902271403e-10
2.343372718094371976e-11
-2.031440987648736041e-12
1.238830982241978518e-10
-2.052030073640409569e-10
-8.551015451274679435e-11
1.866758969626403086e-10
1.504305985333687090e-10
-7.275277602580842995e-11
-4.309681778114082817e-11
-8.831768649741889021e-12
-1.813796682292867501e-11
-2.052634173743683732e-10
1.609270494640213656e-10
1.911475977500742829e-10
8.092403830373129381e-11
6.956635961730128770e-11
-2.074756200176608445e-10
-1.418623551963094087e-10
-6.382315509423364119e-11
1.741225358342646246e-10
3.960437811034722699e-10
-8.356940139897517383e-11
-1.766534002412001314e-10
-1.265625104718282046e-10
2.345612037935040917e-10
-1.191389348287330563e-10
2.493991818619534229e-11
8.396389139520010758e-11
1.248317560431644324e-10
-2.627986994685471700e-10
3.880961385593906243e-10
6.514830341863842023e-11
6.631190041517243117e-11
-1.720896480872369239e-10
1.016038642109862167e-11
2.864820325410022406e-10
-1.828193429975755180e-10
6.389457019029265439e-11
-2.431563561611227442e-10
-3.588770253193374060e-11
-3.099965284469874405e-10
-8.966830056245100877e-11
-1.689358930523354729e-10
-1.451971737287394149e-10
-1.989440417959897900e-10
-1.121026743655662017e-10
1.360877383005387742e-10
2.183538072575430533e-10
1.655021258928357497e-11
-1.291420859139691402e-10
-4.256120456069822922e-11
-9.600414907495746775e-11
-2.007483068666715553e-10
-4.646305562516772625e-11
7.058839623930168727e-11
1.740647626036206930e-10
-1.576580394013760156e-10
1.711194519415926152e-10
-1.503692309556825535e-10
-4.354774874038014332e-11
5.753757192916708618e-11
1.965695661798605443e-11
-2.692110423474503023e-10
-6.174663558233817184e-11
3.909396972812118065e-10
2.334448190310922655e-10
1.753169553975197914e-10
4.510987694494872358e-10
1.531324234083086822e-10
6.589728762662616646e-12
-1.076181296855160952e-10
-4.329381297907275439e-11
-1.192254905912903951e-10
2.851813230009270228e-10
-4.362259511947463864e-11
2.809845967011170842e-10
7.862809014991256618e-11
-1.389569570520166053e-10
-1.381585817972208474e-10
-2.030485224402411859e-10
8.586917982222885826e-11
2.055799419586890053e-10
-2.629975404122575355e-10
-2.809769916733984019e-10
-5.209669501349267762e-11
3.784503266324179549e-11
-1.813536681938288098e-10
-3.636493883796276805e-11
-2.292455947294769203e-10
4.969267358712059490e-11
-7.635295173891165632e-11
-2.813538985124708347e-11
-1.468499280510293659e-11
1.672500332672299805e-11
-1.545600453178863631e-10
1.036445027025045817e-10
1.140844883840141932e-11
1.717507386311822870e-10
7.947011104736390052e-12
2.121617881378767834e-10
-2.137034160742956601e-10
5.182418383320452904e-11
-7.488951125900200623e-11
-2.879123883747780610e-10
4.434330680425091487e-10
-1.217985434731616579e-10
1.512890923649479191e-10
-2.160062961831243911e-10
2.050273284481818337e-10
-2.235194945798824051e-10
8.231580694850748614e-11
1.528033671815975936e-10
-3.408884008404555743e-10
-5.448097181726119231e-11
-3.748640287071225430e-10
6.607010077930297598e-11
3.071978227353611146e-10
3.609279541905152655e-12
2.115844721650717020e-10
-9.611557383326641002e-11
-8.091750186567381320e-11
-3.095400324948371917e-10
1.843400432299802105e-11
-2.260924086838755898e-10
-4.577790924109592652e-10
-9.867180683631460170e-11
1.546494460269443039e-10
3.023330197304829881e-11
5.322052867851034819e-11
2.917813768377186534e-10
1.346139449909244945e-10
-1.576032776506863797e-10
-8.899359027481068551e-11
-2.604044757603674043e-10
2.736555426707809602e-11
4.144520282522989874e-10
2.251978464817838699e-10
-1.736465415902443965e-10
-7.031813326063840464e-11
-2.022071121654533954e-10
2.783218377988561087e-10
9.216269414302757923e-11
1.861191895047298317e-10
-3.154947136874142188e-11
1.554926742919349181e-10
-9.064841932637790478e-11
1.354918260920712214e-11
2.198661669394752494e-10
1.901934998382870390e-10
2.001485505109812379e-10
-3.121992386834193667e-10
-4.248027485331817843e-10
1.213262545984861163e-10
2.867588458355108116e-11
-1.899568141672247634e-10
1.164222052096874904e-10
4.588702751107121003e-10
-1.826793161185946701e-10
-5.964681526471338202e-11
-5.089941801372788177e-10
-4.572342504616244696e-10
2.694027223526518355e-10
2.199931625757045595e-10
2.286856468081133187e-11
-3.176610363642140555e-10
5.171571504369865124e-11
-1.465100540887220859e-10
5.635624605870859227e-11
-6.886392150962095116e-11
2.660631714945793647e-10
4.479613902041990059e-11
2.744787036546014747e-12
-3.328597397711519079e-10
-7.379084843162075913e-11
-4.781698370592835090e-10
-1.361893653406553995e-10
-1.201145294338346048e-10
-1.115792874761822873e-11
-4.889818758235797702e-11
-1.280475170339911983e-10
-6.154337456321101740e-11
3.598909781299397537e-10
-1.396378290774435982e-10
-1.780221942082604869e-10
-1.152256484671099201e-10
9.713856108373164489e-11
-2.256594910932108178e-10
2.429552947713631283e-10
-2.708415991481416540e-10
-1.862836829236158565e-10
1.782569925001808997e-11
1.770139312906593432e-10
3.285426652954726023e-10
1.806420846239831235e-10
-1.099884974764542278e-10
-1.624984591330758121e-10
7.265640866727096636e-11
2.921296815561191806e-10
-1.068534288828359990e-10
9.647096316234282654e-11
6.372352645556134121e-11
9.798415551154349146e-11
-3.731652487015679753e-10
2.031978474370532695e-10
7.633263465756101596e-11
-1.684330175333315083e-10
3.385615676698705556e-10
-8.482455016167733675e-11
1.213826400503492664e-10
-1.514091074739098985e-10
-2.348853056499677905e-10
4.329769875965894244e-11
-1.286997175498072465e-10
1.030394380929777753e-10
-1.300865803965933765e-10
-2.941868693095983645e-10
-2.230776258160815928e-10
-9.556887226036536731e-11
1.823579481863291107e-10
1.217093648087086422e-10
-3.569181061813253564e-11
7.428106740814399700e-11
-5.044360068540143516e-11
-7.799480505887856907e-11
-3.995470065909501045e-10
4.347245133318189403e-11
2.469786597458778488e-10
-2.847077018586219310e-10
2.195654491554677179e-10
3.271447002184402209e-10
1.043885672347144578e-10
-2.420100231326216544e-11
2.831070100572929960e-10
-4.400354386424609743e-11
-4.364350825181162463e-10
5.274558914636351403e-11
-2.553437461472185532e-10
1.654041070775491562e-10
9.842822390471184235e-11
-9.092358116413734592e-11
-6.211170466841053894e-12
6.093728299738643273e-11
-2.756665729020113531e-11
1.948396305406774331e-10
-1.509983527103742063e-10
-2.166843371398385898e-10
-1.747703648469212112e-10
5.114528939254014972e-11
7.771198962114311826e-11
1.146749917246836503e-10
2.261527215496883514e-10
1.971755536622765703e-10
-1.731090548684477426e-10
