-9.973064735158132521e-11
5.180503803714486821e-10
5.793340251969425481e-10
-1.607068089715113501e-10
-2.822925782020035967e-10
-1.142270097953534957e-10
9.906006570581382675e-11
-1.707737562472999571e-10
-3.024382966287930685e-10
1.285158923725049362e-10
-5.837176575429481318e-11
9.495963737560231266e-11
-1.909126606802757919e-10
-6.011354747315067470e-10
-1.481520461865670768e-10
-1.909431779356651759e-10
-4.493619365497636409e-11
1.570473612266809482e-10
1.705397489892845897e-10
2.524382924917745186e-10
-1.857979048391911192e-12
-3.979500062811780481e-11
3.294507999740403648e-10
-1.856453324400320071e-10
-3.534282588812942549e-10
-1.698706453279186235e-10
3.328542996783312446e-11
-4.662840114022515081e-10
5.495889160433975462e-11
3.030975470608154865e-10
1.546000966134997157e-10
3.349257537976768617e-10
-1.698969853691778553e-10
-2.473524440826935233e-10
2.065173448917434484e-10
-8.096959214221044476e-11
-2.493743544995652428e-10
-1.737475024965462467e-10
-3.204996268380000402e-10
2.150478684015411091e-10
-1.456122444842833374e-10
-2.618067429516202083e-10
3.558046218765653634e-12
2.266335591416535067e-10
-4.044102830391693715e-10
-4.776054551847153107e-12
-2.929659848049936954e-10
-2.849527835913079343e-10
9.960716973456129608e-11
-1.197274224207234283e-10
-1.052097298170906470e-10
-2.727082448750195454e-10
1.918429998193360575e-10
3.864563946631704994e-10
-2.376902841216832485e-10
4.215597870782517020e-10
1.260347382014970208e-11
-1.937102700466653005e-10
1.518965231372959579e-10
4.002712328254887098e-10
2.255017839125628143e-10
4.448243440258181636e-10
-1.849091157968274501e-10
-3.743484688900622359e-11
3.799209002952608216e-10
1.298251367520819599e-10
1.600789500955102085e-10
-2.187714592816192294e-11
-2.484167038740991984e-11
-4.199195435816704958e-10
4.179387391722855227e-11
2.963031486835632222e-10
-1.079006467508136780e-10
-2.145344457638032054e-10
-8.024098746561847406e-11
-3.451773034068850166e-10
4.843029796641751261e-11
-4.293934652288555753e-10
-2.584908675995478688e-10
-1.735406263136951566e-10
-1.489193351966733303e-10
-1.559995466138275333e-10
-1.771180008214301438e-10
-1.195515353380471879e-10
3.783342805707690104e-10
2.703353652044881983e-10
-2.925123476771318565e-10
1.149393635824225157e-10
-1.382064601651578073e-10
5.418498982834307753e-12
-9.938556227995221093e-11
-1.463115184563434923e-10
-7.059978990309190294e-11
6.250056028278550002e-11
-5.487553744742967865e-10
-4.206543446905186556e-10
-5.296346694549924905e-10
1.307913222170498102e-10
3.694502204165672765e-10
1.111679082121952433e-10
-1.561244050707344400e-10
2.211248129047049815e-10
-5.074866082921403176e-10
2.022313705385414551e-10
1.478487610118150997e-10
8.325659606178703598e-11
-9.055747818287329665e-11
3.446165297571468500e-10
1.218098677480128345e-10
-1.051144588037900007e-10
3.895782030305383614e-10
-4.524958463480999171e-10
5.157571592029341900e-10
2.910534036004719383e-10
-2.942799059990619526e-10
-2.907454554890165355e-10
-3.094927647495637757e-10
7.168916849042972217e-11
3.850279817196877730e-10
-7.881503782947163472e-11
-7.513919486612508081e-10
-1.890130552073543413e-10
6.683725795042505524e-10
-2.514871644265781470e-10
7.202877183587474974e-12
-3.237822232549092405e-10
-2.386753017447063030e-10
3.051245645036004817e-10
3.299031881009995004e-10
-2.807673538107735567e-10
1.802301641262715748e-10
-2.156993056390277275e-10
-3.404110326954423726e-11
-5.462623409169253819e-12
7.557343639774671828e-11
-1.147667239020933039e-10
-2.135643328848857436e-10
-4.855930102465322307e-10
-1.172018454509426988e-10
1.479572991902600165e-10
-7.133467427866690969e-11
-1.720824871487280916e-10
-9.230331776688416312e-11
2.803621779179366058e-10
2.640278551346852964e-10
-4.149352805793427024e-10
2.417682165578582953e-10
-2.919360309050489377e-10
-1.551954675882427637e-10
-3.653295999050953924e-10
3.525645608792871144e-10
-1.767676005570706366e-10
-4.182393043006271682e-10
4.301893286040581188e-10
-4.940021725019505539e-10
-5.004938685715387692e-10
1.793281079187636351e-10
-2.398444221007878241e-10
4.430195099658362778e-11
-1.689009487826353961e-10
2.249578301416477188e-10
1.791337217449395780e-10
7.725925454948878723e-11
-2.796143039329734847e-10
-4.124015018369675545e-10
-2.541415689005788181e-10
1.998241849765491907e-10
-8.366118908753605865e-10
-3.165459561138561639e-11
-7.826417985912215158e-11
1.018012063536133383e-10
-1.392870124794498565e-10
1.280748146426091694e-10
-4.711176587735010912e-11
5.280988840672407036e-11
-5.610304998349135985e-10
3.100780743281461582e-10
1.311052377772625732e-10
-3.074389631763096986e-10
2.718411051816360668e-10
1.231944268820228672e-10
-3.839788209614170000e-11
5.391831425782811493e-11
1.225126805559639820e-10
1.636610569288876604e-10
2.523235786977551243e-10
6.481124525947734583e-10
7.236893861950477458e-10
-2.341422333795861732e-10
4.716702028950692238e-11
4.128930530811203425e-11
1.249048642293359990e-10
4.838393574679855647e-10
6.983837952390103965e-10
-2.413596267292206221e-10
2.640337393167158098e-10
9.669497841313656750e-11
-4.287881161246787087e-10
-2.470969817647272748e-10
1.678464728316342303e-10
4.702918054988458607e-10
-2.829230461021126075e-10
-2.190317371919547895e-10
2.945470534143623809e-10
3.908838808186487768e-10
-3.060923736697418462e-11
-3.647037671861141916e-10
-3.256216962732594311e-10
5.310636375099875295e-10
3.934620129708576997e-10
4.913107698456542494e-10
3.864267794639886233e-10
-4.900873040725173269e-10
6.288892739902962603e-10
-4.414152376952529266e-11
3.367794376707422543e-10
-3.736927434161430028e-12
4.255693020205342236e-11
1.395330517794945990e-10
-3.099793338678935584e-11
1.640778068967563286e-10
-2.583096236907778120e-11
-9.355888286322056047e-11
-1.386407655346033607e-10
-3.653805868975013027e-10
-6.577882682989866225e-11
1.408090033461206758e-10
2.358034878469084106e-10
6.946819508524271214e-11
1.654539144579914023e-10
6.343019443022512860e-10
2.999024917293979797e-10
1.386958881077759997e-10
-1.524151915788252154e-10
5.128050206693046675e-10
-5.644801293058776537e-11
-4.347358584233518286e-10
-3.101482959344536994e-10
5.795482982406952033e-10
1.719759057383640766e-11
-2.093994838636703548e-10
-5.347498832630748211e-11
1.427658685715371689e-10
1.874519706124289087e-10
2.187983405566029660e-10
1.830365720101312377e-10
3.697065431573776095e-10
2.826769929242800572e-10
2.764852236047943279e-10
3.351811606044918790e-10
-1.067962246414921879e-10
1.915742009472864993e-10
-2.908052132433169845e-10
7.047187278175215397e-10
1.264347515572694647e-10
-5.094338284550303797e-10
4.207068582395834255e-10
3.781499557931056188e-10
4.206081039015430179e-10
-1.552754869127426218e-10
-4.686315779878214016e-10
1.218586898055207257e-10
-2.471754745325682734e-10
-1.611129285539192324e-10
-3.245053670219988362e-10
-2.898405404572201860e-10
1.945397176683627549e-10
6.170732813615131818e-10
-4.011579401996812066e-10
3.809628168482959154e-10
-1.446833347573672768e-10
2.492392403574683613e-10
4.425063648838545305e-10
1.900511970021057095e-10
-2.750869254608545589e-10
-2.989544167775193273e-10
8.223144387642378206e-13
-2.662799494790313304e-11
6.421464748829208702e-11
2.153066058774300018e-10
2.417608058191689224e-10
-2.520852970810949500e-10
9.937745071297854338e-11
1.458943660326283975e-10
-5.108071743364916983e-10
-5.102185340888354403e-10
2.233082468938718534e-11
-1.313259223589824387e-10
4.116920693242320795e-10
-2.379967334320554073e-10
1.182299674828968250e-10
5.307473904814230536e-10
3.524893710249443757e-10
-8.613974117333000891e-11
4.468455050421482611e-10
2.062306159178461940e-10
1.162515916863782195e-10
-1.470225052813134425e-10
4.158406397003489019e-10
-3.416271432410411535e-10
-4.766105288211974766e-10
-2.747647248613205306e-11
5.315259343774414447e-10
2.677279509200047869e-10
1.287079748335528961e-10
3.036858542415643569e-10
2.053271164204062416e-10
2.540018750885053578e-10
2.571207413648579632e-10
5.456673307646653370e-11
-3.385607766359655102e-11
4.464291991634894430e-10
1.861717724427336407e-11
4.054547808607367188e-10
6.916062167405812033e-11
-1.500199409143476714e-10
-2.724349912330836787e-10
-4.882955845220138258e-11
8.130143780427090405e-10
-4.115985330344074100e-12
-1.039379485257008184e-10
2.094924650419827117e-10
-1.681279976351035543e-10
-2.914007923848771497e-10
1.404826394102443032e-10
-2.375787899744352671e-10
1.909672420197239262e-10
1.513857095236659234e-10
2.458513670422490804e-10
4.210819887218164581e-11
-3.305018203558773848e-10
-4.133531295025250074e-10
-7.319003181294192473e-10
-3.390145941750688507e-10
9.179862425767737477e-11
5.753238163652696358e-11
1.551023198764767130e-10
3.229116973813006553e-10
-2.149583844257563214e-10
5.445063844256026186e-11
1.224238627139939695e-10
1.953700257129042939e-10
1.734723892310441329e-10
-2.853809411007546259e-10
1.141328698217591864e-10
3.607927567816915371e-10
-2.936542953246856769e-10
-8.974002096984179389e-11
1.741074784344931459e-10
-1.929953696855335465e-10
-5.773622691052082700e-10
-3.013114757699497659e-11
-5.860759100251300424e-11
5.657654345014861974e-10
2.749709349103568456e-10
5.069841213511949718e-10
8.103184789831630042e-11
2.019032857569769135e-10
-3.608720544612253889e-10
4.380390494773678256e-10
3.189298547479069157e-10
9.886604035447277283e-11
2.548443678307421578e-10
-5.929938484694474710e-11
5.479063730495781215e-11
3.328918807277148062e-10
-3.957279504085420285e-10
2.693424927535659208e-10
-8.643470661429120128e-11
1.433627938585146921e-10
-9.313813609246324177e-12
1.806285954142339278e-10
-2.881363203588449551e-11
1.839479540910460287e-10
1.999071047587008820e-10
-2.477198446371176033e-10
-1.305908159388025069e-10
-7.667748380679739739e-12
2.192125925226662275e-10
3.699442974181010868e-10
-5.389262647259585037e-11
-5.005321157547371058e-11
-1.824782130954716308e-10
3.832228978595253466e-11
-2.175985225338905593e-10
8.961763275916467819e-11
-6.660384049839151999e-11
4.840683409668145032e-10
1.248308678647447323e-10
4.764216798847087375e-10
9.450004667677092129e-11
-4.037572776116604700e-10
8.151698760450187820e-11
-1.060991225432239560e-10
4.425617650127833258e-10
-1.009153524633710219e-10
-9.209982776425817974e-11
-2.792178988020310726e-11
8.441794485669618098e-11
2.766957496458388732e-10
-4.828931143840975437e-10
6.362829013673021450e-11
2.957696587646552189e-12
-2.005220156586773328e-10
-4.451022883600330715e-10
-1.711086550226781355e-10
1.564722240665616937e-10
1.390049464422560277e-10
-1.947741273822245489e-10
7.525182560419452216e-11
2.704249602025754484e-10
3.045921848077171035e-11
2.769184881401542953e-11
2.300530321797111810e-10
-3.368630929756477599e-10
2.131048115749933913e-10
2.721118469439787191e-11
9.038451237453060116e-11
-7.909777000048023865e-11
7.075424968139287785e-11
1.525125581380848416e-10
-1.492500012467701254e-10
-2.769826590309776293e-10
-7.658743084171248938e-11
5.188228180408316348e-10
1.151569811730368542e-10
-1.726615517227969576e-10
-4.018947119543980762e-10
5.723913010236003629e-10
-2.123508591189704475e-10
-7.707243177001998902e-11
-1.203961375040307757e-10
-7.855993633398838938e-11
-3.542710291792872113e-10
2.846704816317213727e-10
5.058221064224710517e-10
-5.030622585167066063e-10
1.529908838504567825e-10
-1.134493332610730931e-10
-1.194762067058263710e-10
3.756003008614783312e-10
-2.017222500150239739e-10
4.772132689012664741e-10
4.539257858482415031e-12
8.064465761847827707e-12
3.391367048299898102e-11
2.409428767613519540e-10
1.901483970279116420e-10
1.506996749611744235e-10
-1.961984047449405466e-10
2.827044154329882986e-10
2.823953848540838862e-10
4.055412117232037872e-10
-2.343487903733176836e-10
-2.573079804779609958e-10
-1.261344639846839755e-10
-2.884474881170717708e-10
7.917216882091793195e-11
6.205044117413294202e-11
-1.998260862334788612e-10
8.877108076399409242e-11
-2.607291049727678001e-10
-1.819837613936670095e-10
3.360705047583678606e-10
-2.218691619315649177e-10
-2.541575283565578047e-11
3.322651043191626741e-10
2.577026647632152390e-10
2.084777905864143577e-10
-3.196843623154421721e-10
-5.732577190720178351e-10
-6.032113003540118257e-11
-2.378681140946525829e-10
2.151023109631111652e-11
-2.238559060341316354e-10
-1.521789638747605977e-10
8.913721150083375733e-11
5.772497063682990870e-11
1.882723144053244368e-11
7.691673686860411863e-12
1.765387558361197762e-10
2.978340352122188506e-10
-1.407296223998599771e-10
4.171765710658803528e-11
1.902984714252653475e-11
-6.550589237708237533e-11
-1.408276134595709550e-10
6.097357341250386753e-11
1.365756813198615305e-11
-1.934073179388207109e-10
1.951962480539748412e-10
1.956031170369243455e-11
3.159339456715315464e-11
-4.757124208443208602e-11
5.053618634676126931e-10
1.289103823687298700e-10
-2.088631351204739417e-10
6.437170241291312323e-11
4.869376013516557578e-10
-3.145413096650173657e-10
1.356414841557906925e-10
-2.006684679534131988e-10
-8.014471031270176127e-12
-1.933432303147242237e-10
1.542794225706245470e-10
-5.292460913963736857e-12
-4.828432098591406429e-10
-1.810560867898658444e-10
-9.304598758141935377e-12
-8.272232898676179502e-11
1.294971074816686496e-10
-2.884970595751212841e-10
1.026041196450222515e-10
3.804675463570106331e-10
-4.374886564129099042e-11
-1.123925744139775418e-10
1.040781349992414562e-10
-3.650765800777833192e-10
-2.178767721794372392e-10
-1.247878189669648918e-10
-2.690410672023801908e-10
1.849445735446764161e-10
5.400897507001900522e-10
1.295920037946984849e-10
4.929681662879659143e-10
3.009665294761987298e-10
4.925364005536891909e-10
-2.627613127081929179e-10
-4.621015237127323871e-10
-2.598205262049901876e-10
-6.501493232669020017e-10
3.412444285477711503e-11
2.674708232675016006e-10
-6.663070789558744877e-11
-6.465740165495503788e-10
4.216178794980152134e-11
9.968376124547262407e-11
3.929134795299660254e-10
7.074806296358815416e-10
-6.146207848223284032e-11
1.568431912124523819e-10
3.013362059878232913e-10
-1.673585159345236661e-10
2.652499331290414375e-10
-4.811085418943150671e-10
-2.169482093972163739e-10
-1.661642629047221931e-10
-2.893975059592435173e-10
-3.721140617862772615e-10
-2.347522870538298889e-11
-1.048530012814907764e-10
1.007545713527235876e-10
-1.783718034387149487e-10
1.053441708864788495e-10
-6.162514942786856409e-11
-1.278430694640064758e-10
1.006715821816328571e-10
-1.787200942793276681e-10
1.846148928175139758e-10
3.252475233583851377e-10
3.300533457650800528e-10
4.007372211844995036e-11
-2.238709495561153062e-10
-6.646333483573130252e-11
-6.047995437796771512e-11
8.308548293811668373e-11
-2.945985955182806038e-10
-3.435459694500764272e-10
1.352122580566827992e-10
1.338175403819974463e-10
5.270336389529006738e-10
2.958279454734480396e-10
-2.068838711455356361e-10
2.119888431462157996e-10
1.834809110201618410e-10
-2.313959857058733860e-10
5.433961614009774621e-11
3.260761660683897389e-10
-4.437404610424522389e-11
4.870561731706857245e-10
3.479062316014136513e-10
-1.166115953799007343e-10
3.886015120801999956e-10
-1.314635900140359581e-10
-3.891910405062759537e-10
-2.618440742008232291e-10
1.875233440751244984e-10
1.863940946034148283e-10
2.071501165046285564e-10
1.605389432501880265e-12
4.679364673521035911e-10
1.386500220190711730e-10
4.048326118777367810e-10
-3.442507112705328609e-10
-1.594615550715161589e-10
4.660301033965197348e-10
1.213580208547782036e-10
-1.494826762371559425e-10
3.861839736885031016e-10
1.582488029505668692e-10
-2.011306954319280749e-10
-6.941331398557792909e-10
-7.480221997369085329e-11
2.113956648619463863e-10
-5.094597660404431849e-11
-3.245216040337339791e-10
2.982890323632858554e-11
1.094913049115575632e-11
5.109185297058616015e-10
-1.035036292784674572e-10
3.165245288094808984e-10
-2.362337547801018900e-10
2.447074765044021660e-10
6.061583179839402646e-11
6.289064269360267190e-10
-1.737707200355487203e-10
-3.069381415699012905e-10
-3.516010815829417879e-10
-3.936887205124861566e-10
-6.845762290375034809e-10
4.414247023465378561e-10
3.025412143031758205e-10
1.836336777083502625e-10
2.057353731821365272e-10
3.129655146150156497e-10
-1.608873034797397850e-10
3.799880965438262592e-10
7.459899364903321839e-11
-4.055557278892507611e-11
1.354229645089688461e-10
-3.988153696177221263e-10
-2.232097146004363708e-10
-8.614420288211022125e-11
-1.777343550113386073e-11
-4.097686634452202270e-10
-3.519222968595414613e-10
1.524972925714962457e-10
-3.217613953054865306e-10
-2.045010411011460860e-10
-6.024755694333805423e-10
-9.455568272809244945e-11
-1.250090725379848777e-10
2.317943059715332765e-11
-1.692864876057242896e-10
-4.515092466572667718e-10
-3.686521365953154827e-10
-9.004529344380785005e-10
-5.128157898326435316e-10
-4.063497455186748653e-11
1.851053615942177544e-10
1.657321502257502743e-11
-1.011071920631323451e-10
-1.720852627062896545e-10
2.619222616573324558e-10
5.240649025850530052e-10
-3.448342722478514588e-10
3.368302303741188553e-10
-3.020837746614546404e-11
-1.807341776238757802e-10
4.866520519897221675e-10
3.605938325712543246e-10
-4.803862307944939403e-10
-2.562200451805551893e-11
-6.378754191516122773e-10
-4.968110367542521999e-10
-2.368627793902788881e-10
1.074657862698558120e-10
5.024293481259434202e-12
1.871714033763183238e-10
-1.888270095840027807e-10
-1.252717374278233819e-11
-6.481662429003165471e-11
-6.462923529682029766e-10
6.558429355152384232e-10
-4.565658406896488941e-10
-7.135092516818986041e-10
-3.632029954570015207e-10
-6.153902942784839070e-10
1.233071006412345128e-10
-8.330967860015192628e-11
-1.947488004194752875e-11
-1.434183327653215656e-10
-7.339522739568948850e-11
-3.334007792066273623e-10
6.607719926776667307e-11
-2.228172368834435702e-10
-1.842309985122803084e-11
-2.089492190382458148e-10
-7.863501516602866559e-11
-5.225813115572464085e-10
-1.260279658410468073e-10
4.818107024462392474e-10
-8.738656326334748314e-11
2.086799066880473674e-10
-4.009722831543882648e-10
-4.495538108439944835e-10
-6.112541584002428863e-10
-2.437987589587464754e-10
-1.651146164238781466e-10
-1.402984117770955663e-10
4.435932177138113275e-11
-3.253222691235180264e-11
-2.047621655565379228e-10
-3.677281396052833884e-11
-3.750278698699816005e-10
1.674051453015579227e-10
5.450992990319036835e-10
-3.356703803802929542e-12
-1.456731957283352585e-10
1.397356536037008823e-11
2.878724481014671710e-10
7.006538127463102228e-10
-1.282652595246958072e-10
2.319597847133536561e-10
4.734120873095548632e-10
-4.505517070541031899e-10
-7.773434673730150735e-12
1.229707030647730903e-10
-1.005718563984459024e-10
3.169807749614506065e-10
-1.182762499052358862e-10
2.758870354391262936e-10
3.716451035806755954e-10
-3.106548351894389270e-11
-1.570977029019537952e-11
-4.588097263225066058e-11
5.854945001049216557e-11
7.172325927617961838e-11
-2.002565058223382266e-10
-4.612497883638155827e-11
-7.464068252360789302e-10
-5.070792674644053477e-10
-2.759372175198393506e-10
2.339908128368151097e-11
-9.193931171935787461e-10
2.173711211028717116e-11
3.956913130487293984e-10
3.291422689954970338e-11
-2.321535741423019772e-10
-1.048578654461174153e-10
1.737339161422823963e-10
-5.414620973809292082e-10
4.658168295534892422e-10
-4.300634570686412417e-10
8.894557312899564749e-11
-3.962440653371146482e-10
-2.477451854776546725e-10
6.186066936475498323e-11
9.865093464345164875e-11
1.691269485570856546e-10
-3.264992165519231548e-10
-1.766683327408813398e-11
2.980417579401262174e-10
2.351488170848625714e-10
-4.446767953858454803e-11
-5.885499032576291256e-11
-2.925538977738284530e-11
-1.084207237878054286e-10
-3.563546124851768582e-10
1.127534593470258528e-10
2.060037973539152745e-10
9.951147544873251150e-11
8.737360834842888835e-11
-2.654587105688221982e-10
-1.445461944582504543e-10
3.614614163538476532e-11
3.017714966802031995e-10
4.814464937830109648e-10
-7.953242925351489134e-11
-2.762299833314330044e-10
-1.951692418789008343e-10
2.470803006637822818e-10
-2.189947945208103874e-10
9.836335218560421367e-11
9.687538271574425153e-11
7.284362696369228729e-11
-3.986585506154938230e-10
5.711168205024819144e-10
1.184366493767186057e-10
2.754655531456151607e-11
-2.179997016238388596e-10
-8.260492984080158863e-11
3.696385975082705500e-10
-2.387698927464043663e-10
-1.811389926942297279e-11
-3.713186980114357993e-10
-1.114908998456343170e-10
-4.581643120449285789e-10
-4.593393720941918446e-11
-1.581044323240021754e-10
-1.214096323476354655e-10
-2.209672306241472484e-10
-6.194474100329472321e-11
2.324866132941139085e-10
2.422440581462126374e-10
-4.444111745272039116e-12
-1.203551980299977231e-10
5.446970652300819893e-11
-6.656317164122071972e-11
-2.712404745253138572e-10
-1.968450402678456612e-11
1.878561889379071204e-11
2.931043741050132212e-10
-2.425210310352809984e-10
3.540172599514335161e-10
-1.921721531905618008e-10
-3.137863580082722592e-11
3.583509877724821990e-11
7.662004364306085336e-11
-3.437077567003399281e-10
-1.812262145906018418e-10
5.164069727392472942e-10
3.540773785282169683e-10
2.055200870598739016e-10
6.303365607251976144e-10
1.316563524866865009e-10
7.101648435980933982e-11
-1.131293947409517386e-10
-5.443881456734800395e-11
-5.122655077904880727e-11
3.787524738285696912e-10
-4.894947641664870730e-11
3.442290341659770547e-10
1.301350971427694958e-10
-1.300835550388512729e-10
-1.278063765930426143e-10
-2.749642180610578635e-10
6.861238660560431413e-11
2.921314856685341965e-10
-4.266259290286456007e-10
-3.954151450713538907e-10
-6.201934799054953373e-12
1.817741790421933956e-11
-3.572107054594653164e-10
-9.999660821602418537e-11
-4.213799587038380423e-10
1.971090235475259078e-10
-8.592491995695894502e-11
-2.026260964571591217e-10
3.544442517267043513e-11
-4.307706968909030820e-12
-1.884211120461998235e-10
1.531965804213442084e-10
-1.765707718925924041e-11
2.266550835905434269e-10
3.485005686809650172e-11
3.912110635440058104e-10
-3.479451449184267631e-10
1.097622756573990443e-10
-7.148417968672049483e-11
-4.239698037089567606e-10
6.493577342503442651e-10
-1.473035998733607244e-10
2.352191219578969594e-10
-3.146540250575924347e-10
2.508928065303450694e-10
-2.922500852431397789e-10
1.804458665821684349e-11
2.524431219619316380e-10
-4.428554190027966797e-10
-7.616825226097745372e-11
-5.932495605875942601e-10
1.114966868831501756e-10
4.055228652877218565e-10
1.413921757453806549e-11
2.584506220149052069e-10
-8.568606241210474650e-11
-2.849669111792962894e-11
-4.887319993152061670e-10
2.936784149198956584e-11
-3.586664576449294373e-10
-6.475721625598396258e-10
-1.145793460111121931e-10
3.338036236311126004e-10
1.296943386019933087e-10
8.451341015902613663e-11
3.929679359693238894e-10
2.364003715005225104e-10
-1.391209231149659331e-10
-2.293167045142041616e-10
-3.416276428414022348e-10
1.186301057387595392e-12
5.862632601605355376e-10
2.575196722531813975e-10
-1.639071517400836342e-10
-1.201877208867330182e-10
-2.812898802773133866e-10
4.918322971114719167e-10
1.891205247961380564e-10
2.026198098192821817e-10
-1.105435742942972865e-10
3.859834118991045671e-10
-2.002504828624296351e-10
-6.124510620875156519e-12
3.489386557475882000e-10
2.233051521471907108e-10
2.568441570538482210e-10
-5.014464399266671535e-10
-5.440060069084040606e-10
2.716666613888918391e-10
6.217018566623266906e-11
-2.884353866861033566e-10
2.263367548938077789e-10
6.388066187135166274e-10
-2.905979623601950834e-10
-9.238880493978030017e-11
-6.999489876591269422e-10
-5.605448327727913238e-10
3.592164621313287398e-10
3.951367566479291327e-10
1.270323013446983396e-10
-5.315056172960908043e-10
7.605460011772535722e-11
-2.600410997644075906e-10
9.645374082767332879e-11
-3.720832669751317212e-11
5.575334083296468179e-10
-5.905581579312979557e-12
2.138340893242940410e-11
-3.890317790133934750e-10
-7.171921390103364047e-11
-6.021576570702791287e-10
-1.568855184652662160e-10
-1.061588317252670777e-10
-2.539329857498273668e-12
-6.563461579789375833e-11
-2.127563403231391703e-10
-1.072373440047513782e-10
4.744869497308457085e-10
-7.399986873268815657e-11
-2.931051790167060744e-10
-2.105641910832289909e-10
1.623303991227231791e-10
-3.381711854988367350e-10
4.254614993648431209e-10
-3.846863660950106123e-10
-1.455977005626607479e-10
5.359209603872372440e-11
1.822732798029136347e-10
4.725598246047013617e-10
2.472506643869110121e-10
-1.594577941910202412e-10
-2.254966491310739229e-10
-8.579151278276242465e-12
3.532530934435840209e-10
-1.065845883774230174e-10
2.469436044538753094e-10
1.922236952944800237e-10
1.007941785591270900e-10
-4.670987485688726792e-10
3.391234515426333473e-10
1.408971550542759132e-10
-2.983937263945080076e-10
3.575411910983206099e-10
-1.015793421599298085e-10
1.792132275912905470e-10
-1.605976740481906972e-10
-3.798280023836753116e-10
-4.784277141123283172e-12
-2.400730725327093751e-10
9.109285548092316276e-11
-2.258366688101531849e-10
-3.920331836937407388e-10
-2.640095642103545970e-10
-1.154087381216584163e-10
2.936956511323529639e-10
1.700646151681084461e-10
8.404639484371756453e-11
1.554210371512709798e-10
-3.933267600508827400e-11
-3.969503198364421337e-11
-5.406710079647325529e-10
-1.151788386888341620e-10
2.666827869646226645e-10
-3.920007374258460686e-10
2.471988724828122486e-10
4.781168239098576578e-10
1.156376522315483157e-10
-4.325117694548019642e-11
4.672608966416191834e-10
-2.194411596878609316e-10
-5.550526704922731369e-10
1.103093866250404176e-10
-4.476222725813272518e-10
1.612629196845460910e-10
1.354141382359230761e-10
-6.297045523906419362e-11
1.245481495715239362e-11
9.119635602239384298e-12
9.805040113164409377e-11
2.520940678429894888e-10
-1.732817223043525701e-10
-2.687832734160622294e-10
-2.561515999310870484e-10
2.921712871639670084e-11
1.526022919140501699e-10
6.767995885947897250e-11
3.217713318015569257e-10
2.687023381575670555e-10
-3.332575604364507171e-10
