-3.943151707930248051e-11
4.082756077661287009e-10
4.070412340517748362e-10
-1.115342679325337372e-10
-2.220178346723500340e-10
-1.078297173773279383e-11
2.289975153946244291e-11
-1.048712783280336680e-10
-2.577546787119189275e-10
3.361636663479217191e-11
-9.910073456298462702e-11
1.235642838048889303e-10
-1.572326158161274634e-10
-5.443377415481620574e-10
-1.330798526932852610e-10
-1.066075561162449503e-10
-3.336159126732241020e-11
1.712867070402523950e-10
1.445214226070135055e-10
2.116184727452008474e-10
7.823398179285234733e-12
2.793029696412929752e-11
2.944434696061648538e-10
-1.181443276543348020e-10
-2.655774766768814743e-10
-1.019029027826690026e-10
2.582328795242005981e-11
-3.546183624525411915e-10
4.843103695861827873e-11
2.544626453993004134e-10
7.676390079147665801e-11
2.474077609448954718e-10
-1.441648328492917130e-10
-1.190415960250490457e-10
1.982339570272273477e-10
-8.368006287895468631e-11
-2.093893114452072268e-10
-1.214404965477200449e-10
-2.647060626248531889e-10
1.915102521010680903e-10
-1.125591148065652192e-10
-2.273533583618814191e-10
8.258836670105296207e-11
1.853443371002683193e-10
-2.378546803960546185e-10
1.046735961796052550e-11
-1.923228798439424736e-10
-1.772226809748644882e-10
6.763957449695823243e-11
-8.633588288731175453e-11
-8.742880724943447035e-11
-2.766901985307157474e-10
1.915436975696849231e-10
2.275156313347181936e-10
-1.979254815598352479e-10
3.718805263730473598e-10
-2.784258934518391015e-11
-1.400661114869805601e-10
1.750991157623005279e-10
3.048330476929095312e-10
1.674962252229406090e-10
3.546785642960514906e-10
-1.344903355349202911e-10
1.904474841718517553e-11
2.263977477712231234e-10
9.262436651003014276e-11
1.078668265819260341e-10
-5.070856234912213267e-11
1.428295329231055177e-11
-3.657791292077661183e-10
-1.816909123153465089e-11
2.635064666467457073e-10
-7.579488425779601357e-11
-1.218699446914328632e-10
-1.006177918760897683e-10
-3.490776001591200384e-10
4.649689661073708180e-11
-3.118558189463271901e-10
-2.082498895550344287e-10
-5.424655863395244637e-11
-8.881106960956230978e-11
-7.550480379814317189e-11
-1.711878416799095248e-10
-1.004064331677767541e-10
2.709623636576452554e-10
2.276064475781325314e-10
-3.075753263193092835e-10
2.077124860999646216e-10
-3.756489563855325287e-11
7.066398854949085262e-11
-1.558052575845181309e-10
-9.021161595512694475e-11
-9.476409934539020696e-11
6.704134469792677464e-11
-4.599372271929524914e-10
-3.588703778589774629e-10
-4.574541301316514819e-10
1.139400379601696045e-10
3.234081891179130253e-10
6.980063749217890745e-11
-7.255586409460335062e-11
1.141885475064441380e-10
-4.306790757357958910e-10
2.276025062863951121e-10
1.176879566022748236e-10
2.620623162918889193e-11
-3.523623059997760265e-11
3.341707466297805240e-10
1.330408977429087258e-10
-1.287242187841819430e-11
4.244807838560404889e-10
-2.933637222035656578e-10
4.072580606084841293e-10
2.706056767554088083e-10
-2.532827281243044126e-10
-2.678057775540310104e-10
-2.475384341948938527e-10
4.028011951762167087e-11
3.065350751008111274e-10
1.100677882170941757e-11
-6.496198023953070333e-10
-1.843835223391820932e-10
5.314265139055862619e-10
-1.444013519869002948e-10
-1.390526582767392938e-11
-2.098617390977608466e-10
-1.721962850087521701e-10
2.526146236636606091e-10
3.230606338000541200e-10
-2.428857948100215935e-10
2.150445238546794258e-10
-1.419304535010823543e-10
-1.532556026528908433e-11
5.595829355442560882e-12
3.615364951858879294e-11
-1.854412318147424799e-10
-1.701836449541360707e-10
-3.412317928219721352e-10
-4.528459551789154602e-11
1.047332151560276259e-10
-1.151826342637995992e-10
-2.074836413790137613e-10
-7.852885008929888500e-11
2.053958114700549231e-10
1.670069360582004947e-10
-3.766263412252612852e-10
1.803375504483284431e-10
-2.430759205029886516e-10
-1.373443581087485654e-10
-3.078472199380399843e-10
2.853581260175985790e-10
-8.647599303301944929e-11
-3.629984368647143356e-10
4.060544678274879971e-10
-3.761227995724425455e-10
-3.928013192489032690e-10
1.436812058219771870e-10
-2.340888871632529344e-10
3.642591783759030477e-11
-1.120227313688992865e-10
1.892333234554399723e-10
2.328120474182071575e-10
5.056649543533353608e-12
-1.914215175258249246e-10
-3.113754809547231162e-10
-1.307470798295184977e-10
1.098575952429570179e-10
-6.990956702424000468e-10
-7.545598867952918454e-11
-4.310797205309135904e-11
1.410048050543011300e-10
-1.061097321120030301e-10
1.079981035156940550e-10
-4.916401313836971099e-11
5.353462118051766083e-11
-4.553052102007626445e-10
2.717744085334317106e-10
7.135068924579712757e-11
-2.573930513172228984e-10
2.818711375418558873e-10
9.276301948801801700e-11
-1.334843624523074368e-10
4.640209744222190125e-11
7.523476980297871819e-11
1.604153476719716309e-10
2.905908846884130980e-10
5.453412721401207364e-10
6.044478251254759016e-10
-1.647102176871584334e-10
2.389576730932319037e-11
4.605789361011858318e-11
9.796756461621924927e-11
3.894803091153420382e-10
5.213879883392280590e-10
-1.951954847756454114e-10
2.522191344667135127e-10
1.085017561908152572e-10
-3.446224139391773633e-10
-2.046085523232932246e-10
1.558912027244119258e-10
4.128701269756618331e-10
-2.676218413544262376e-10
-1.155958731513528903e-10
2.012770644599370939e-10
3.969979900375619764e-10
-4.531375275007576420e-12
-3.371194989831849398e-10
-2.775000229604529522e-10
3.961691807941036814e-10
2.962037282117080395e-10
3.786151392404235594e-10
3.150660843331820615e-10
-4.955420518371056460e-10
5.161450156165869885e-10
-2.588643188694561559e-11
2.300024615209395051e-10
1.159042306575486236e-11
7.852872518920861467e-11
1.624906459385400126e-10
-3.912784332649188457e-11
1.279180789071077129e-10
-5.800360192154130345e-13
-1.015281261840250693e-10
-1.142491865002703832e-10
-2.877748594976026197e-10
-7.385583117303085032e-11
9.239930348625691181e-11
1.499076140998312212e-10
3.549931182345034131e-11
9.878285689435273298e-11
5.276664660769370130e-10
2.217167005547082681e-10
1.163127510972472578e-10
-1.097500770819159754e-10
3.507602264196663100e-10
3.660400801908103574e-11
-3.374800439104319594e-10
-2.097240991982829428e-10
3.954553906559965526e-10
-4.848810242208401178e-11
-1.795009280103343485e-10
-6.263967816666493604e-11
1.103978852778908504e-10
2.293864681535140448e-10
1.593050552584074353e-10
1.624425038926347042e-10
3.856997499163128396e-10
2.184766395574300191e-10
1.618604000830359269e-10
3.527162451000265264e-10
-9.406085632601701718e-11
1.849171649137559825e-10
-2.016233846546811037e-10
6.415166176054754033e-10
9.116147420273890134e-11
-4.766861905203256811e-10
3.305721252289117729e-10
2.710106583592164498e-10
3.077754440194979679e-10
-6.557473314350303895e-11
-3.507568402394412033e-10
8.615375080012199760e-11
-2.131763515711426749e-10
-1.273701283333039669e-10
-2.615239413916725653e-10
-3.074418497561737240e-10
2.067559734530988180e-10
5.066245201135188836e-10
-2.177846097906055434e-10
3.251925950742418081e-10
-1.663045257060957738e-10
2.277797117589130949e-10
3.952275173801922392e-10
1.669294147355060431e-10
-1.803145410761430867e-10
-2.168041024486200286e-10
5.878048048302275674e-12
-1.719524175824993506e-11
1.102127070162772782e-10
1.794548953881758280e-10
1.376598002256201880e-10
-1.522838521950120594e-10
4.732407521412795859e-11
8.624346375940561416e-11
-3.578352891775438138e-10
-3.825091354769938334e-10
4.416265964035659408e-12
-5.186395757306172527e-11
3.995133668333039623e-10
-1.385296877209896138e-10
7.750913799675629434e-11
4.451320978482442570e-10
3.167821283067695504e-10
-2.774185742238088892e-11
3.018088834405574516e-10
1.939979982212847176e-10
1.348653549948508612e-10
-9.951917068207194461e-11
3.864914221995974231e-10
-3.301566797730970393e-10
-3.711315144094839980e-10
-9.823244301321309990e-11
4.502106465409383418e-10
2.296222656461566203e-10
1.226167917200982060e-10
2.545567645562130110e-10
1.636090568579717797e-10
2.108565128056127946e-10
1.935183818746466500e-10
9.326321659397507347e-11
-3.366755138567434358e-11
3.151207628171448505e-10
-4.434409089926205638e-11
3.466475440028204957e-10
-1.407934879793515393e-11
-1.356351836401259447e-10
-1.954031103590381235e-10
3.230762879447013347e-12
6.487263504162399386e-10
6.855245537895626740e-12
-7.352840558638717994e-12
1.072263527968075891e-10
-1.950405531525589709e-10
-3.015676042217307895e-10
7.221314518579546871e-11
-1.882489580884438851e-10
1.501216095878277201e-10
1.226893170391818444e-10
2.421278455511099992e-10
3.194567527176062072e-11
-3.102114953801304864e-10
-3.379483082266432348e-10
-5.821217952117763161e-10
-2.762053918914375572e-10
1.042694819375356019e-10
8.735383250080275275e-11
1.393682946826402258e-10
2.467623883006808683e-10
-2.129182108401295181e-10
1.067764765494416679e-10
1.135758292969413219e-10
1.803806271016838991e-10
1.138951988277625560e-10
-2.120465053545572687e-10
8.446061905420521043e-11
3.032266104874281609e-10
-2.495631479249027507e-10
-1.326543874746732854e-10
1.173171004786865979e-10
-1.150106537783912586e-10
-5.320160423316622200e-10
3.296626860382900759e-12
-3.635000633828155969e-11
4.474384196484493259e-10
2.309638036379624282e-10
4.502240802395363062e-10
6.225150950278646178e-11
1.321914661067680186e-10
-3.193729447570348157e-10
3.486798072493968448e-10
2.968165990768767415e-10
6.921813122673370344e-11
1.336135785345859972e-10
-1.183957376582611687e-10
1.257509721352967347e-11
2.396916276570237869e-10
-4.089498739645591741e-10
2.596874382199132469e-10
-1.140993410864155067e-10
9.100758341373804683e-11
-8.467404555290158896e-11
1.051764092485640845e-10
-1.029584889566947936e-10
1.785342845783688404e-10
2.119152076041075361e-10
-1.950612310563926144e-10
-1.205582716989894720e-10
-2.135648602408224406e-11
1.252925541095351036e-10
2.938490006876293137e-10
-3.148519639450952923e-11
-9.102124609583484016e-11
-7.904710219719390807e-11
1.665824422847350661e-11
-2.107281155128148953e-10
9.970244768675584623e-11
-7.752157249463209610e-11
4.560060939962085058e-10
5.951819592731055764e-11
4.011795895486613972e-10
8.430688785976414579e-11
-2.190569670101893962e-10
3.226513500820260560e-11
-4.565705452597157432e-11
3.528553282894364429e-10
-1.209294886450607009e-10
-8.059645312252783356e-11
-3.720566910114797565e-11
3.046779495363693968e-11
2.319175962384179002e-10
-3.389868941106044531e-10
6.588283391062432770e-11
-5.223775925711215962e-11
-1.772082897089077846e-10
-3.479171395426305935e-10
-1.476668509692302678e-10
1.534177507256373474e-10
1.354209799853123286e-10
-1.238917163304265046e-10
4.941013570514130038e-11
2.087073153189678010e-10
7.613988606269828097e-11
-2.613674554563516494e-11
1.343791050656406583e-10
-2.876400784224131257e-10
1.712732733416544306e-10
5.383234830125260828e-11
8.292862230252495692e-11
-7.552282410561161896e-11
1.174722957797413869e-10
9.734493766622165367e-11
-1.184464054615474993e-10
-2.629699236145199848e-10
-1.471314320378169782e-10
3.717973706685029356e-10
1.702423479965631259e-10
-1.175441133316468267e-10
-3.213121435585719610e-10
5.005857950379777321e-10
-1.835170071462499664e-10
-7.770627197256629870e-11
-6.993141482558584698e-11
-4.957333155086729448e-11
-3.296284356579803898e-10
2.454432213028212573e-10
3.667990355893380183e-10
-3.910963219944108005e-10
1.042127287242955447e-10
-7.943251612019253116e-11
-5.880200493191267697e-11
2.580539393282066385e-10
-1.133003760256379167e-10
3.869671250100736870e-10
1.705410812569141399e-11
-3.807315573922664953e-12
1.859238804580165549e-11
1.459454501695489625e-10
1.592422999019404983e-10
6.886220066393278216e-11
-1.483588668582669357e-10
1.662986276462774526e-10
2.651462938096926791e-10
3.807277826339827698e-10
-2.544453536756918766e-10
-1.883861677764997467e-10
-8.623270153496065404e-11
-2.165914531060408876e-10
6.785128014996644197e-11
1.801285509639427573e-11
-1.833955765029315899e-10
1.468528770809385264e-10
-2.135408794234905372e-10
-1.730040555258938184e-10
2.750258909500757909e-10
-1.992736670120009990e-10
-6.921309358975946679e-11
2.626924233695149269e-10
2.121428865908825401e-10
2.197114157276303104e-10
-1.977209368453358707e-10
-6.000901997538221622e-10
-7.604256807569598209e-11
-2.005942217886413914e-10
2.872670851195024966e-11
-1.986324160707653164e-10
-8.305978127509661135e-11
5.703593847217192092e-11
4.077569532023872512e-11
-2.846795021937964520e-11
-3.990269920040034890e-11
1.271471539165958120e-10
2.478158234175964481e-10
-8.765638215280091572e-11
1.063886478913644851e-11
-1.107334224315081883e-10
-9.718139487580046421e-12
-8.636706627651591361e-11
5.304069683464973650e-11
6.395792923052923129e-11
-1.644831909564103967e-10
1.643145897123332588e-10
2.211683614028459033e-11
-7.335435037170157102e-11
-2.270399840353931609e-11
3.887944965974554634e-10
1.041303848703378776e-10
-1.631595414330888616e-10
4.331392883250018144e-11
3.603394804763127013e-10
-2.500802065430463017e-10
8.579577326361942369e-11
-1.682952388559755263e-10
3.996317166077290040e-12
-6.737889413077624567e-11
1.111030503708754225e-10
8.204506518616483390e-12
-3.966507677866104586e-10
-1.621913020555254548e-10
8.603098095028016701e-11
-7.638659149655779856e-11
3.996568354036611481e-11
-2.297706191978221568e-10
2.199731369278978832e-11
2.805026766417029194e-10
-5.184605522678964462e-11
-2.428891809902467003e-11
1.717007508394985393e-10
-2.945974575396803630e-10
-1.941037885977436872e-10
-1.932642795798855673e-10
-2.078098526592242479e-10
1.632051438438253399e-10
3.960778927059038779e-10
3.539282755760098098e-11
3.612166121769178062e-10
2.819253441810332106e-10
4.181094637178972562e-10
-1.881974992512525091e-10
-3.928880554227021094e-10
-2.290640316315872838e-10
-4.851156143459434134e-10
-3.123113573311186997e-11
1.590907405812913566e-10
-5.988587403749079385e-11
-4.670628328540260554e-10
5.953905424238570276e-11
6.979255368078085553e-11
3.152887673163462523e-10
5.954126081064714526e-10
-7.203526664056880691e-11
5.881715253730490645e-11
2.304678531350745629e-10
-4.669025582826336063e-11
2.127102521898294185e-10
-3.664681336168484904e-10
-1.783096170715481321e-10
-2.102826801575474747e-10
-2.206069493748685773e-10
-2.563158296720047247e-10
-1.588468939717202488e-11
-1.665896587343951296e-10
1.760147583240723179e-12
-1.757157752635407633e-10
2.321990516529481852e-11
-6.525891632636060535e-11
-5.909672751158723258e-11
1.598696869331561743e-10
-1.489400131005069738e-10
1.372142677258381127e-10
2.504667584446451656e-10
3.565643891256797815e-10
7.564257553660524991e-11
-2.053485437247815071e-10
-1.524065595948087548e-11
-4.073578974139735465e-11
1.011295699959724459e-10
-1.871249405427377610e-10
-2.011526362144522295e-10
1.781163411207487002e-10
1.624914924835962893e-10
4.486247762169881526e-10
2.753103300889847560e-10
-1.601514754145938468e-10
2.194548154310638211e-10
1.424513701442364777e-10
-2.003799348671009284e-10
5.617373927124802435e-11
2.278415373035969083e-10
-9.072677331634082520e-11
4.037943590606829503e-10
2.465375403826186584e-10
-1.255633930163924106e-10
2.281275585103159642e-10
-6.299535892928531666e-11
-3.198810383242545186e-10
-1.907762003927615524e-10
1.229726320772783765e-10
1.236674651572400307e-10
1.805061378146177731e-10
-4.029760899970646904e-11
3.300521245197529652e-10
8.645689719699589659e-11
2.933173148811363262e-10
-2.545812449739059957e-10
-1.195006593679437401e-10
2.909114615867736120e-10
1.376818381526589974e-10
-8.837549442253234133e-11
3.444191043477928815e-10
1.731854104569663377e-10
-2.057564674196044052e-10
-5.424157789590822176e-10
2.062728807206148929e-11
2.617649708103186867e-10
-2.187805839271028674e-11
-3.156797601100436168e-10
4.415683096947731201e-12
5.097693100974964864e-11
3.977210505379247252e-10
-1.099742241716938906e-10
2.510721630599732634e-10
-1.629269358316420835e-10
1.872350607889927687e-10
1.124652940220904895e-10
5.343265274682096333e-10
-1.988588738122132327e-10
-3.304863049891082483e-10
-3.012488869469365227e-10
-3.179155827481849883e-10
-5.792863966291861288e-10
3.674287818444810227e-10
1.788512671296871304e-10
1.128194204724763949e-10
1.778151792475313187e-10
2.561471590389885478e-10
-1.224096518592787675e-10
3.069576259839834620e-10
9.953510238247531561e-11
-1.303431668153720580e-11
1.619609585334913504e-10
-2.403702514808259139e-10
-1.736195631707460052e-10
-5.598839447618075837e-11
-4.833290018213531880e-11
-3.741963128245373582e-10
-2.387199882214474655e-10
1.408585748041701891e-10
-2.881796745679565674e-10
-1.272469768442974214e-10
-4.331397185364238567e-10
-1.062822399533480677e-10
-4.380663193304101810e-11
1.188987797107188271e-10
-1.087896855933578877e-10
-4.444344059439941930e-10
-2.817376609787203279e-10
-6.139334596255707766e-10
-4.200833847445295532e-10
-7.656650313769830518e-11
1.589256781731052115e-10
4.612021875516347791e-11
-9.860034316799826115e-11
-8.976944187999436053e-11
1.594283732808676746e-10
4.270311049214825516e-10
-2.723083980527007952e-10
3.228503575591901154e-10
-3.230948841803638061e-11
-1.102912761119512197e-10
4.389380525715580461e-10
3.441601448272990638e-10
-4.036684042585392262e-10
-3.805770976139655204e-11
-5.009632708663502854e-10
-4.291574040582446514e-10
-1.766234103417474444e-10
6.808033303773441958e-11
-3.887230815013964502e-11
1.791309323095902073e-10
-1.560982454407167097e-10
-5.886692522327763299e-11
-3.545348736810893797e-11
-4.573276757291466765e-10
4.744852288851575395e-10
-3.759580424755881722e-10
-5.412791326264709824e-10
-3.360180189648787064e-10
-4.345563631158455564e-10
1.918986913818088169e-10
-9.965732405969873753e-11
3.210522125929315962e-11
-1.650726222379717001e-10
-2.121175457503454709e-11
-2.246762914603905870e-10
2.789984909767895260e-11
-1.458816401012086317e-10
1.362259610671046062e-11
-1.440173397204702610e-10
-7.488970554803131563e-11
-4.806415265790064950e-10
-2.163270951260898300e-11
3.347498944705762369e-10
-1.668643556662630090e-10
1.296427409869238545e-10
-3.280290206131297737e-10
-3.469926568300252256e-10
-4.704711620284740548e-10
-1.788414971670704290e-10
-1.588780357275609845e-10
-1.291323159513524388e-10
7.279095382006772752e-11
-5.849360579235352020e-11
-6.236137994886092883e-11
4.023061050961729279e-11
-3.384790225879896752e-10
1.479391886771708187e-10
4.295689637334731970e-10
3.398742398630361095e-11
-1.342012057037322847e-10
-9.065019568321730503e-12
2.214451816362483783e-10
6.277026676215768930e-10
-8.673586154861467890e-11
1.708279628864772803e-10
3.779508928047903282e-10
-3.398295533862949469e-10
-2.955715533436986675e-11
5.007616543650783569e-11
-6.940392704990472339e-11
2.546394761715475852e-10
-9.086024987947638465e-11
1.640637903310704360e-10
3.382472080204479425e-10
-4.527021812972265025e-11
-7.732632589796395450e-11
-5.032909505819915807e-11
5.360038801693889354e-11
1.163508039914162850e-10
-1.803697746716181882e-10
-6.109865391401569923e-11
-5.498934085856888032e-10
-3.808346971112541723e-10
-2.873628002220129929e-10
9.523677679812436736e-11
-6.806758490185416122e-10
6.090772330935578793e-11
3.518581537242937429e-10
5.580340356470259167e-11
-2.286942024642968363e-10
-7.873241641975781135e-11
8.631666215119793151e-11
-4.189202318372053924e-10
3.327106368189447494e-10
-3.492119093895240667e-10
7.059543227772024920e-11
-3.919478630542982955e-10
-2.145140315379379103e-10
1.846686692452692569e-11
1.113586722834014608e-10
1.687157635821279200e-10
-2.796703979512926708e-10
-5.724330731649018844e-11
1.888892237067452129e-10
2.231142909314698386e-10
-3.260894332335340096e-11
-3.958162964057265754e-11
8.035537513162438472e-12
-6.777887973097307395e-11
-2.989073433212752207e-10
7.187951622800170526e-11
1.894291667969838500e-10
1.161251442227673181e-10
1.307731284372337655e-10
-2.753027805724173049e-10
-6.579083111635242176e-11
-2.394293097118804781e-11
2.006486088390602163e-10
3.126559289245989248e-10
-6.150721598707775684e-11
-2.676424082359574186e-10
-9.518062032976004616e-11
1.657777803920623683e-10
-2.415708744152311738e-10
2.802363549547770560e-11
7.485334574397484175e-11
1.195051557711934720e-10
-3.056694342085108929e-10
4.630620331624868413e-10
6.043668343558294964e-11
2.031896872978222746e-11
-2.135775722944543986e-10
-8.038641974295046566e-11
2.919031127923688018e-10
-1.657688430967141358e-10
-3.722917807369441334e-11
-3.795629088809704399e-10
-9.593301153465461084e-11
-3.702994300081030588e-10
-3.937036807677429806e-11
-1.116055581285024800e-10
-7.261680839976136781e-11
-1.047272477072702657e-10
8.708041232541319232e-12
1.125605442187094241e-10
2.298950058099435978e-10
-1.216481776422639882e-11
-7.357989217915417157e-11
8.161893383373808319e-11
-5.937017544255240864e-11
-2.477139049439358587e-10
-7.203604379668604452e-11
5.869035812899880966e-11
1.797043763795969085e-10
-1.461024912163821909e-10
2.350418748520155532e-10
-1.467277133126998478e-10
4.789064977916979160e-12
-2.959432698901309777e-11
1.035850016872785773e-10
-2.969716972334168759e-10
-1.340758060131008733e-10
3.932707492992904008e-10
3.189086217325609596e-10
1.984975378510611677e-10
5.256406421239034898e-10
1.190538362338955380e-10
9.393406191771092040e-12
-9.168218961796981148e-11
-5.032016470174482947e-11
-5.484482312745342369e-11
3.315942243009573076e-10
-1.229617241360614344e-10
3.183432961684218299e-10
5.530173541323790687e-11
-1.077207212318853635e-10
-6.157811066609397699e-11
-1.683476968938890650e-10
1.337377431021025131e-11
2.275218347058682866e-10
-2.402283649782788189e-10
-3.298840089982491008e-10
1.662701573645897213e-11
-2.026841194879835939e-11
-3.200229525823772292e-10
-5.460267654688877315e-11
-3.133157067125580397e-10
2.465828652375989805e-10
-6.333356061816175497e-11
-1.978851249528901235e-10
-3.213504809473910484e-11
-1.213763811680479421e-11
-1.205986283059345965e-10
1.353202688791910191e-10
-2.478254060300777439e-11
1.899979340524993177e-10
-1.489023140899270459e-11
3.545922444558868847e-10
-3.109492108244182873e-10
7.113595129615291057e-11
-4.979805456883923398e-11
-3.383625879482821119e-10
5.144312753557755968e-10
-9.528936667502208024e-11
1.738121868655184699e-10
-2.552071332040384277e-10
1.734430932209818366e-10
-2.304720442269925229e-10
-2.472980153989112750e-11
2.906195284424484271e-10
-3.993292641002454957e-10
-1.023212833906050889e-10
-4.113793472537707885e-10
1.147861944383876676e-10
3.508541790431252139e-10
-2.720365599451213257e-12
1.891846124202345436e-10
-1.049266160069173281e-10
9.660675037714838709e-13
-4.688591737078695587e-10
1.318389841742373392e-11
-3.579891660887568605e-10
-5.293679938844775279e-10
-1.489909168261860373e-10
2.730171366760458795e-10
5.117083493044738418e-11
-9.700434899784227127e-13
2.661588172081508219e-10
2.672555232674511672e-10
-1.693279128023306157e-10
-1.775690844363353449e-10
-2.385897590606589347e-10
-2.037861546178021399e-11
4.503667716537762544e-10
1.893402101771357593e-10
-2.275512001048696220e-10
-8.008439744688899964e-11
-1.769118185279694444e-10
3.875183507418000772e-10
1.397697790839202980e-10
1.314490460924133686e-10
-9.238582121540162007e-11
3.632183165347413478e-10
-1.931442505931357800e-10
-3.840673612476308563e-11
3.087647915123170606e-10
1.375540792381002575e-10
2.433628853992786389e-10
-4.248368046244621610e-10
-5.187671958672979144e-10
2.374361540713465502e-10
7.590849476768468662e-11
-1.396002480280600366e-10
1.943369215551271623e-10
5.172557382415732263e-10
-2.090452255743002752e-10
-6.514899730802881095e-11
-5.389218515894356187e-10
-3.697988582018751913e-10
2.758170913885749087e-10
3.056961905834043591e-10
6.255863882476120352e-11
-2.993590653144195812e-10
1.130931667758794390e-10
-2.301604878907070884e-10
2.139968063863406655e-11
1.255266030009138944e-11
4.151592125634095964e-10
8.316722310830471088e-12
-1.529365176167196694e-11
-2.736015858317841776e-10
-3.263973813449894124e-11
-5.473302921998879356e-10
-2.002790017163746938e-10
-1.484039974242179483e-10
3.086690625320187564e-11
-1.000631244529870401e-10
-2.153797695747527996e-10
-1.055511442138445943e-10
3.676576820765831144e-10
-7.773921090192814631e-11
-2.561959255853452078e-10
-1.902209084692074725e-10
6.097254645620608926e-11
-2.531661824622943868e-10
3.523665803584208334e-10
-2.882955818517274338e-10
-6.181473388711111738e-11
1.378578640132133160e-10
1.582919489928613643e-10
3.992488284421114031e-10
2.713397284637153462e-10
-1.335497823440334741e-10
-2.145944394404963873e-10
-4.283046139974544531e-12
3.694157757472282810e-10
-9.933273648066176520e-11
2.279210847833113007e-10
2.371596807826392705e-10
1.701130764031333342e-10
-3.917477175985339954e-10
3.095732281632734839e-10
8.785940031064143341e-11
-2.423681810803657299e-10
3.107331336682506162e-10
-7.609647634243543735e-11
1.386356168753266616e-10
-1.007137290232051896e-10
-2.624641892712276103e-10
3.568007000964712461e-11
-1.782604480693450455e-10
3.557162897571686244e-11
-1.388554549119902504e-10
-3.375511536951592007e-10
-2.839312951419259434e-10
-1.053218831592594995e-10
2.390012909803118646e-10
9.901615638518990181e-11
7.948684765946012476e-11
1.681496192285081293e-10
2.351338568296057474e-11
2.671041686441721907e-11
-4.062482017452850869e-10
-7.357878195612954642e-11
2.325863251995130554e-10
-3.455409847141766022e-10
2.236190121962522426e-10
3.796588043947224378e-10
5.517289403123015745e-11
-1.057225904044223341e-10
3.967356443368430519e-10
-1.537512339666591288e-10
-3.912592472232745422e-10
4.071014358952851353e-11
-3.912451473908618027e-10
1.716618791558488510e-10
1.690969725354207753e-10
-6.783155981349153762e-11
2.267043497372611682e-11
-4.597576486187193723e-11
3.977909668329004944e-11
1.892566936501083319e-10
-1.348483269492106729e-10
-3.191945041614019374e-10
-2.161674728107243482e-10
-3.076395041490265214e-12
1.366142754477550625e-10
7.789345557451810009e-11
1.914263886293454675e-10
2.199826015791828127e-10
-2.765443984920068488e-10
