-3.614963189901843066e-11
7.803522827920517102e-10
5.790879442635343821e-10
-2.541933885602531973e-10
-3.482678034849584492e-10
-2.086164019310388085e-10
3.531375192267205421e-11
-3.314029328738143931e-10
-3.771276624320307747e-10
1.448702546813507297e-10
-1.296812518480905396e-10
1.348847561422061858e-10
-1.760447343457371971e-10
-6.723216983139934655e-10
-2.107448104915476961e-10
-3.367279788335508783e-10
-5.274783387854142802e-11
1.444364489122662576e-10
2.920117481153283734e-10
2.964262724169941521e-10
-8.870151141371351855e-11
-2.351685512991252835e-11
2.750518701688520196e-10
-2.207872357162798949e-10
-6.140881692040522921e-10
-3.714243634878044986e-10
-5.143862419343392389e-11
-6.106198879862745343e-10
-6.946017372388979538e-11
2.902031948082139934e-10
3.669553549912052404e-10
4.223831007177381025e-10
-1.569700758263792295e-10
-4.532323405470606303e-10
2.189553954812240022e-10
-1.905892665909902917e-10
-4.766675387735119784e-10
-8.392249395416939706e-11
-3.831726880232366739e-10
2.231241164052377712e-10
-2.348303218546732296e-10
-3.609117449343557382e-10
-1.429297652455474577e-11
2.107441166021573054e-10
-5.192373753182266682e-10
-8.544103619056997445e-11
-2.765597195697466759e-10
-4.201008985127430151e-10
1.214738587496100308e-10
-4.830215394324710587e-11
-9.552604540719045190e-11
-1.762148482686853868e-10
3.459643127534661744e-10
5.152774318339936599e-10
-3.263333214764685408e-10
4.567412836831152845e-10
-3.431493977856803212e-11
-1.593846998826364825e-10
2.707284396663567350e-10
4.870244207921814450e-10
1.341406569155267903e-10
6.900913174234801772e-10
-2.265692633507399023e-10
-4.027309041809701284e-11
4.240595652404977045e-10
1.325139442620582031e-10
1.525626430742832440e-10
8.973153470259731534e-11
-4.061688485546000038e-12
-3.763679923274310113e-10
-1.048916092871721162e-10
3.857191788192437798e-10
-5.945358094727737353e-11
-1.423780399134599861e-10
-9.369219983179633005e-11
-3.910500256942839314e-10
-4.434894812499479144e-11
-6.468591218222741190e-10
-4.494744021421581692e-10
-8.978745524856890370e-11
-1.315823561220952342e-10
-1.688131995303265853e-10
-2.477757443664074799e-10
-1.426669893334064909e-10
5.169510375324648521e-10
2.006562693779301298e-10
-5.043450101993585122e-10
1.790152193148486504e-10
-9.242823173494230105e-11
-1.555144901743688024e-13
-5.452274742800966578e-11
-2.705503043820556286e-10
-8.232413362119217481e-11
-1.482675787700671322e-10
-5.070845965349235485e-10
-5.776302769433527828e-10
-6.598084856257457886e-10
5.871764185982897288e-11
4.828377142551687484e-10
1.973869956373164314e-10
-1.575981567469852962e-10
2.147489686077364013e-10
-5.931825031169069007e-10
1.464312698873371232e-10
7.603163931779732820e-11
1.839711438744728866e-10
3.734512699082870313e-12
3.905226697575869821e-10
2.103899277017262648e-10
-1.162987484093491730e-10
3.487899413734396603e-10
-5.412276737892796064e-10
5.846631512262945307e-10
3.263998515912192033e-10
-3.808759974077702282e-10
-3.163525552629664617e-10
-3.855074037772965312e-10
1.138989874638340893e-10
5.294503724329047145e-10
-1.259392035102280261e-10
-1.023048312731589249e-09
-2.102455570751615710e-10
7.796072676313769989e-10
-2.818332234255649382e-10
-2.384503705599172463e-11
-5.255249568847375485e-10
-3.475809640107740961e-10
2.984322511334625005e-10
3.220412825299945325e-10
-5.246549861226412759e-10
2.471640114798390186e-10
-1.745849853573844257e-10
-1.291405038461590493e-10
3.172061224798738976e-11
1.254160664210246523e-10
-3.218951494243782463e-11
-1.410520172884233148e-10
-5.349021225953265457e-10
1.256408865835112465e-10
3.145991800401759519e-10
-2.023592543531904653e-10
-1.638170848972109184e-10
-7.167303556210313786e-11
5.342090103610530605e-10
3.022204431157859972e-10
-5.877312525548461508e-10
4.000941244974853817e-10
-2.479322580573040113e-10
-2.143497324080811950e-10
-5.454195983745080412e-10
4.032023881439528168e-10
-4.011717347207621742e-11
-5.488119958485526695e-10
5.303949501822557977e-10
-5.972885519511805796e-10
-6.008183950356738023e-10
3.557746874882639077e-10
-2.962937117878539084e-10
-2.496752804503898915e-11
-3.301117157405997204e-10
2.085335792934017718e-10
2.594162107349973212e-10
7.671141499798750374e-11
-3.123286629325150443e-10
-4.501495287634327269e-10
-4.638600614725874038e-10
2.467689663721017723e-10
-9.532852285332182873e-10
-1.691004697379483446e-10
-4.055034433236848201e-11
1.616521638769796709e-10
-2.347553818005110315e-10
-5.535211178298027335e-12
-1.629547330406211358e-10
1.388343329189467568e-10
-7.886292174852371772e-10
4.717266022247201818e-10
2.057345543926558662e-10
-3.938451786922314568e-10
3.114932478620602296e-10
9.764153374725026424e-11
-9.506492121280629704e-11
2.008274518905395212e-10
2.095377205080239946e-10
1.402865046351564615e-10
3.146274352161526622e-10
6.967271204416647379e-10
1.058549914390027880e-09
-4.081159299396119877e-10
8.910492482749887699e-11
3.639394341448110026e-11
1.181571646080570304e-10
6.906817895391270667e-10
9.069761608415660703e-10
-2.978777502438134661e-10
2.943082166861898941e-10
8.235909870757396334e-11
-3.312346785744324507e-10
-4.703551437224007259e-10
2.844893765008293940e-10
6.518685591316852879e-10
-3.414915294985831906e-10
-2.791877284913368840e-10
4.763029970433763083e-10
7.001598190115032594e-10
-5.378530953947802118e-12
-4.389428820417151655e-10
-3.201502396521505034e-10
5.979088890661898859e-10
2.523093123318886910e-10
6.388160000980747100e-10
4.854207591442616376e-10
-7.243016186819772884e-10
8.490982361664123346e-10
-9.374062637235169859e-11
5.556516358140584089e-10
-1.616432543372070540e-10
-1.078896416650820811e-10
8.501237908076220151e-11
1.713229003108551751e-10
2.414292377128646194e-10
-1.160622986606796303e-10
-6.228273452535404431e-11
-1.995040521673985268e-10
-5.190217700068444628e-10
-2.983633062836332783e-10
4.721908974936184222e-11
1.952195349819163539e-10
1.417993500396619311e-11
2.533080412092658662e-10
8.227120651405073204e-10
4.471618630930151994e-10
2.465114778971155829e-10
-9.650362453594851786e-11
8.107863824768912764e-10
-6.787410911091029675e-11
-5.181785001084904252e-10
-2.942782129089493992e-10
6.135187913258732806e-10
-1.147291150971341267e-10
-2.583628588848085883e-10
-1.565130802738678995e-10
3.008267523973984225e-10
1.892509482459558967e-10
3.040452334346355201e-10
2.961558498437710796e-10
3.633912060152511003e-10
5.114084711266286831e-10
2.237546953276492445e-10
6.207553360226825134e-10
-6.266114016550972110e-11
2.264301246501787546e-10
-1.840580743373010364e-10
9.771101705524642966e-10
1.037295249695091570e-10
-8.147077457110185605e-10
3.427515771203815120e-10
5.440145001145424430e-10
5.576448192101679524e-10
-2.070755233951615537e-10
-4.556175992043165479e-10
5.448369533311847590e-11
-3.187330954723677223e-10
-3.154034533547900310e-10
-3.948131266362508995e-10
-4.076053661261624939e-10
3.596367648128762085e-10
8.704287290939305421e-10
-4.580366641526723015e-10
5.263300906221957121e-10
-1.570860663768769427e-10
2.347839977989707450e-10
5.675970249363615494e-10
1.472118399403754552e-10
-2.820917388568489059e-10
-2.866921422484125515e-10
-1.210916922289584363e-10
-1.103783731082330632e-12
1.071633545790540154e-10
2.448697355994511327e-10
4.238762396635564755e-10
-4.586805935069548923e-10
-4.597484892787662147e-11
1.206565819478200297e-10
-6.230312932231640843e-10
-5.786426893195084631e-10
2.141122695809016818e-10
-1.075471933731364516e-10
4.132605369022712694e-10
-3.248750157780477821e-10
1.515275960262130184e-10
8.776482873784630101e-10
4.538251996422104639e-10
-2.278202071437362974e-10
5.308549710925092313e-10
4.330394376417245894e-11
1.262965981796426718e-10
-1.974604507681831933e-10
5.586792695133624420e-10
-4.877063197739062161e-10
-5.317485896050300198e-10
-1.290125228869953844e-10
6.843222655206204763e-10
3.073504506456714580e-10
3.226861000626968234e-10
2.654244324329368965e-10
2.644151841924013979e-10
2.915786778689977154e-10
3.847432372694470359e-10
2.719871550205255062e-11
-5.444913964147701790e-11
4.359361205352740853e-10
1.720200093480173109e-10
4.473701131768592631e-10
1.600524712763728985e-10
-1.673199495622057498e-10
-2.696864120910191787e-10
-1.756514239614759276e-10
8.604300605341563823e-10
-1.161351015355194249e-10
-2.456112813131738903e-10
1.759705714476922367e-10
-1.154993600760434447e-10
-1.377624125886711681e-10
2.403379995019605531e-10
-2.511535146521026718e-10
9.234249476186562333e-11
3.585098884428816746e-10
3.212241861394460329e-10
8.089849623527101130e-11
-4.700568267956839463e-10
-6.330190815972969176e-10
-9.951246493500320867e-10
-3.526074432436132611e-10
1.902287494193188877e-10
2.105812746400204105e-11
1.544150363130825099e-10
3.284019722826769794e-10
-1.835211843603801185e-10
-1.203215027612003496e-10
1.761561452262583316e-10
3.069360043905788871e-11
2.945901023121422213e-10
-3.663890579819195636e-10
1.225788637260194491e-10
5.551591408803346894e-10
-2.208179750162742039e-10
-2.990726832852175221e-10
3.374711066150837269e-10
-2.154382783281505453e-10
-6.743919311880119949e-10
-1.514562086857296208e-11
-4.444528078906273549e-11
8.223474678992204190e-10
2.093344525500029363e-10
6.675628938523914258e-10
1.242455305305867341e-10
1.106940095141339953e-10
-4.531053032774678968e-10
4.752299109789248632e-10
3.368983980678308399e-10
-4.085504157202990427e-11
3.808132975624545224e-11
-1.807534261155652189e-10
1.603424754081927972e-10
2.188195180607976909e-10
-6.415822317862307500e-10
2.004535981647848075e-10
-1.858645598540320520e-10
1.228064872016432219e-10
-6.395273199899520478e-11
7.732886553313278455e-11
-2.145209010429027785e-11
2.059340753479688146e-10
3.152875738265947803e-10
-5.275861414411053829e-10
-1.426327667086724205e-10
-1.607824151594883233e-10
4.582078327874938850e-10
3.641802970300034303e-10
-8.136913365319742297e-11
1.127639370768207527e-10
-3.220836930495352135e-10
1.704329316565278418e-10
-2.097464563144413319e-10
9.509991405476370119e-11
-2.440336266396059273e-10
5.322668417129250429e-10
1.996960929950830632e-10
5.911540701397655084e-10
2.360877049412124506e-10
-3.639381296327570681e-10
-1.925504200528393994e-11
-1.078416314581609470e-10
4.377432583080320683e-10
-1.956293183003054992e-10
-1.459241893986273908e-10
-9.707198933561755894e-11
7.638752130834092213e-11
1.799854432160685747e-10
-5.268264158253543883e-10
1.698289564533439489e-10
5.678543399390001412e-11
-1.046288333750311494e-10
-5.964091998045262244e-10
-1.177500319471391776e-10
1.258642634560658280e-10
2.105516594408385345e-10
-8.124410866283682253e-11
7.205916419117386340e-12
4.225880756436595220e-10
1.666849019921201602e-10
4.207224152397159855e-11
4.833091704625758211e-10
-5.207103637161480947e-10
1.863650622713208804e-10
6.033757521395344270e-11
1.441904651233727463e-10
-2.176087643412927264e-10
-1.221144851903943618e-10
2.088271777722638944e-10
-2.488869110806035678e-10
-1.953683881339429718e-10
-2.236612006711879985e-10
5.604709474305025196e-10
2.208840471640272085e-10
-1.661358828286552125e-10
-4.760009608695270344e-10
8.267808659923048253e-10
-2.633427642617647280e-10
-1.911266145349088674e-10
-2.592833447945253056e-10
-2.217986627695012203e-10
-4.291256239241647563e-10
2.649414854172249534e-10
5.207245745708632967e-10
-4.592239644107820595e-10
3.763545031176818156e-10
-8.947208252063632017e-11
-1.762501394830806589e-10
4.773044182115881995e-10
-1.675137251133662630e-10
6.664263030309314217e-10
1.551630213203480935e-10
1.098777319130661567e-10
4.941778236622340614e-11
1.539309790743459416e-10
2.715101199424196921e-10
2.165743973048250837e-10
-3.265617776193607824e-10
3.172566098719187266e-10
4.033242628764810433e-10
4.526022334694346227e-10
-3.191784614386961039e-10
-3.290511751963265397e-10
-1.334279214892930554e-10
-3.125031899919861189e-10
-9.045203475110952240e-11
3.517158786436880291e-12
-3.704846707197617661e-10
1.255111015119325657e-10
-3.406220305812723836e-10
-4.375815820800710298e-10
3.338178344858278024e-10
-1.615513833819193223e-10
-1.739648702869800445e-10
4.712326084899132184e-10
4.328172542589214800e-10
3.327625397453459755e-10
-4.596382996435721680e-10
-6.744060310204247344e-10
-1.423901552222162081e-10
-3.101499335134150215e-10
-2.243656649358882760e-11
-3.462444220225791014e-10
-2.993598979816880501e-10
1.020125789397141602e-10
8.296156817078070844e-11
8.886580360467633000e-11
-2.470845750224270887e-11
3.987412344752527815e-10
4.518017904242555005e-10
-2.690327405296955021e-10
1.134647931166909984e-10
5.473768660557709609e-11
-9.986872440137517515e-11
-1.463749399466252044e-10
1.810300381821505766e-10
2.133684201544028269e-11
-1.445993047521909602e-10
3.266699133419592727e-10
1.303224472781749910e-10
2.195087028811215646e-10
-9.269633671760146854e-11
7.045836691865758894e-10
3.457012454077812436e-12
-4.098559269749557643e-10
1.409856675849141538e-10
7.602455331934265814e-10
-2.964098966273809310e-10
2.012463390377305927e-10
-2.609605309622509139e-10
6.565117893764238488e-11
-2.632163376148355383e-10
1.705896257586658749e-10
1.454780740317573873e-12
-8.068047341325268462e-10
-1.401089522179432834e-10
-1.099523527781087751e-10
-1.176456709828244129e-10
1.469969423961714483e-10
-4.229618599804751966e-10
1.423478696027657975e-10
2.141996024995762582e-10
7.221723219430487006e-13
-1.994476250821719532e-10
1.045583480907552598e-10
-5.612827425061084341e-10
-1.694335227675480837e-10
-6.324898937926093367e-11
-4.090607297335679959e-10
1.258243370605427458e-10
5.349904408369354769e-10
2.949515076622333254e-10
5.088105492490058168e-10
4.255027996613591768e-10
6.155949083819223233e-10
-3.608270904287280700e-10
-6.790197293327082662e-10
-5.444626416384323875e-10
-8.631493297883707783e-10
4.989861301929465753e-11
2.879503580022202414e-10
-2.563562903623584077e-11
-7.897464349149174723e-10
4.942601883328734402e-12
2.529403908546612456e-10
4.121841201687459488e-10
9.139356493825800953e-10
-3.257670522227584797e-11
3.249998603571668809e-10
5.533550284653188100e-10
-8.206141322020243933e-11
1.982300990022167753e-10
-5.428161253817620491e-10
-4.768792583043079958e-10
-1.519817605100115543e-10
-2.925919506679974802e-10
-4.528081798405025893e-10
7.895911008359846051e-11
-2.425481482326574678e-10
9.035783232747007787e-11
-2.209711164047334364e-10
1.381075948048149371e-10
1.482036715572121466e-12
-1.745979610889847322e-10
2.146172545236524343e-10
-3.037401441474685271e-10
2.924241404578253878e-10
3.822724636837193657e-10
5.385821788550515521e-10
1.418940798192380726e-10
-1.773003549532248257e-10
-1.434186935878045688e-10
-1.021396855982459329e-11
1.710465102888747424e-10
-3.595249653542964552e-10
-2.731058990068646608e-10
3.100435186365047002e-10
1.042905206638522486e-10
7.139646651665998434e-10
3.660349523482153700e-10
-2.369200391427739305e-10
3.516716362561567166e-10
3.806739923284396809e-10
-4.894475935657283117e-10
-3.447606089501675797e-11
4.442023415762719196e-10
-2.633138845853366661e-11
6.554751186271801089e-10
4.692033983566545885e-10
-9.480720375432127867e-11
5.071596476113882090e-10
-1.630153512177656694e-10
-5.642787348492106503e-10
-4.981492440769841323e-10
2.418753530797346230e-10
1.295710483351086850e-10
1.158854748273263624e-10
-7.676220770136410465e-11
5.742087916260629754e-10
8.900627457286702793e-11
4.215571780541438329e-10
-2.868174864278927316e-10
-1.425366491503154975e-10
5.567460936717338882e-10
1.714465236446471863e-10
-2.292663003888861795e-10
7.042723071393197642e-10
7.794295764362857426e-11
-2.566993284602858694e-10
-8.642724314000815866e-10
-1.971590529725730789e-10
1.136763946862906494e-10
-1.037035735063085440e-10
-2.964191114784853198e-10
1.634691271235055865e-10
1.251361791965166503e-10
6.569617627683044248e-10
-5.780251277620607198e-12
4.079840354442865191e-10
-2.739748428126631552e-10
3.263864178926212389e-10
1.005828892397531149e-10
8.749806434948936840e-10
-1.091582935153212475e-10
-3.155191108383803567e-10
-4.994137325908809544e-10
-4.657026986265577762e-10
-8.844999732637859324e-10
5.967640270831964244e-10
2.708747393054267150e-10
4.196046565763111857e-10
2.709304169901116666e-10
3.523626113111077984e-10
-7.449477146259653182e-11
5.772674560589052817e-10
2.463302617439211417e-10
-4.884313786757132902e-11
1.506672564488553689e-10
-5.259199742368991792e-10
-2.033503088139099191e-10
-2.235315266219117802e-10
-9.100173392617705304e-11
-5.002416814114951649e-10
-4.094734828985480135e-10
1.204169958191059209e-10
-4.242280970956358033e-10
-2.489132233662871840e-10
-6.494013105040608025e-10
-1.628853718571576792e-10
-2.174332103255238735e-10
-1.009220762515639080e-10
-1.977176478096254186e-10
-5.292541405133022181e-10
-4.081643356634856445e-10
-1.139269567573819586e-09
-7.338906704568159967e-10
-1.229032431382393042e-10
2.758367978472620052e-10
-6.627080134657958865e-11
3.423482330955351927e-11
-1.948109729088542963e-10
2.810413568532510453e-10
6.426938425896366880e-10
-3.978238294344293990e-10
4.145715160053242698e-10
-1.291497186972634381e-10
-1.862661552776145868e-10
7.202084484347892612e-10
4.143173581994119559e-10
-7.222322739863784591e-10
-1.034272667510549581e-11
-7.356714681883147477e-10
-4.943234710452770742e-10
-2.777223451211341398e-10
-1.816599648485350826e-11
1.184485842742333261e-10
2.428470757820377912e-10
-1.976215024956928801e-10
-7.931988399434430903e-12
-9.660466870897721492e-11
-7.889038866615294410e-10
8.541179985499525174e-10
-6.552114406588316342e-10
-7.880639474322492788e-10
-3.240216428501696555e-10
-6.933267293618428084e-10
1.708762575880484746e-10
-1.121367582124221940e-11
3.130967707321019589e-12
-1.839417507198959356e-10
-2.580469726787271156e-10
-4.769494243994643057e-10
2.868106585562912869e-10
-5.739032582496861323e-10
4.119525554013847568e-11
-4.144429244234970611e-10
-6.732987084534514111e-11
-6.554615183951284507e-10
-1.963344209432449361e-10
6.896891946439609455e-10
2.786312847113947555e-13
2.310647090331130471e-10
-4.495197825082897225e-10
-3.541818505148341956e-10
-6.612548286710762113e-10
-4.958832233725729566e-10
-3.192785202887904461e-10
-1.619704925737153189e-10
-9.082262719672939966e-12
-9.244990883949810723e-11
-3.441694151895546838e-10
-3.829270234234627424e-12
-4.294135880211769063e-10
1.654992948241229556e-10
5.601002439625801799e-10
-2.337342541736120438e-10
-2.933952525374650122e-10
-1.347474631874234774e-10
3.506095136440734450e-10
9.090465602490382935e-10
-1.055028911456368235e-10
1.566401452990362486e-10
4.604728820467585138e-10
-4.502797856797968734e-10
3.463798692315833705e-11
2.177530100677671498e-10
-1.396172899514880328e-10
4.287339094855013855e-10
-1.542498628825939022e-10
4.708607392878150222e-10
3.235542667123780802e-10
-1.189543047397378928e-10
8.311078908418423339e-11
-1.176586883477881429e-10
2.411390531698032191e-12
1.072660710255135541e-10
-2.129693782437769300e-10
-1.671197485952902184e-10
-1.194732868192716069e-09
-4.496636119011299115e-10
-2.893732475861554576e-10
-4.498128952645785716e-11
-1.137622884783695554e-09
-1.430366936006066680e-11
5.578612016776673954e-10
5.003569780726024874e-11
-4.131521791350678541e-10
-7.204246921244106261e-11
2.940142573848447682e-10
-6.714122591233717685e-10
6.794262930043259985e-10
-4.375031725789568782e-10
-2.696981526995045897e-11
-2.909197049927314538e-10
-2.262483533854720008e-10
-4.176409218459298245e-11
9.767177344688349194e-11
1.827068912829687974e-10
-5.967569771669900547e-10
-7.369801990897428823e-11
3.631266398684829255e-10
3.309776341886561113e-10
-1.495827350872502848e-10
-4.003944398256464865e-11
1.904848639933121035e-10
-2.273496946259001561e-10
-4.077209403430259727e-10
3.708230666976675138e-10
2.024141410039703715e-10
2.444217883645904976e-10
1.021237677756303697e-10
-4.613354143145897979e-10
-1.752120393216927141e-10
-5.605570174704865849e-11
2.697088941072678381e-10
5.557806437295198521e-10
-5.556411233897939894e-11
-2.646654839733031395e-10
-1.743212241223091041e-10
2.422409495217436870e-10
-1.396907312045669869e-10
4.292190908250503867e-11
1.864571275156379215e-10
1.049574038791689645e-10
-4.170908063372280594e-10
7.135839141803046459e-10
2.886798022849745848e-10
7.278636027230334093e-11
-2.158676848384999403e-10
-1.020708795262947888e-10
4.679475140711986114e-10
-3.147227478628167319e-10
4.219480320699631193e-11
-4.048083535046487214e-10
-9.755858620952295723e-11
-5.687963433587128748e-10
-1.612254774130406076e-10
-1.846583996822914742e-10
-1.989979570016231492e-10
-4.056475155778116459e-10
-5.381460554954031750e-11
1.278439576424261759e-10
2.937446674788901646e-10
3.767746531435633983e-11
-2.221821615577823650e-10
-1.225550771977168552e-10
-1.101938540415403622e-10
-1.615811096034036609e-10
-1.389015014119365787e-10
1.566260315888357013e-11
3.491905098407244168e-10
-2.312842417584448640e-10
3.201498510740918846e-10
-4.095709327245344866e-10
-6.923189799223905538e-11
1.759393603029124620e-10
1.634309632070340967e-10
-4.734596603661600511e-10
-9.931411248942367820e-11
5.736652264332064988e-10
4.178700163670612255e-10
3.174651930226701779e-10
7.201090279629340785e-10
2.441569169064905509e-10
1.477536148986047237e-11
-2.201910875854196092e-10
-1.164453811153265406e-10
-2.673899157645820424e-10
6.020061116274177948e-10
4.200772368845306914e-11
3.551479665908630068e-10
5.928077473349446791e-12
-6.461992052564369260e-11
-1.405359578710019264e-10
-4.359737848513844938e-10
1.652251252481917732e-10
3.497408751496067225e-10
-4.546263643323555925e-10
-5.436763261812416204e-10
-6.089342918791373904e-11
1.365446367085354495e-10
-4.164682487761695029e-10
-1.943494254419420031e-10
-5.765107280453207750e-10
1.467909543917400583e-10
1.596678345094915130e-11
-1.571596741634095906e-10
-8.895764680438844607e-11
-1.158669341028151223e-10
-9.646033971577594457e-11
-6.150524534120904718e-12
-8.527251821321968350e-12
3.489408761936374503e-10
5.609825451391436957e-11
4.929916475049367364e-10
-4.514424389867599530e-10
2.033532231493495601e-10
-1.227805912495938401e-10
-4.716685930716835173e-10
8.806157469898323598e-10
-9.737698147826989725e-11
2.403013898977235385e-10
-1.663564008769213842e-10
4.164343314627672044e-10
-3.599300857359821748e-10
1.962847245851051525e-11
4.239191775390338535e-10
-6.180995715254766765e-10
-2.226873685451380425e-10
-8.093827275068576910e-10
1.361811219346975577e-10
5.781453649156276242e-10
-1.459041221174572911e-11
4.665045572060932955e-10
-2.741485372048657609e-10
3.360595135504240716e-11
-5.480029208193570867e-10
6.394648699448168827e-11
-3.627564915120728983e-10
-7.702067872372708734e-10
-1.419322159801339467e-10
3.349916455341883648e-10
1.888437461960990049e-10
2.514008445864135410e-10
6.203616509381504329e-10
2.770213503033858160e-10
-2.081067262960090147e-10
-8.573598081484945510e-11
-5.545277570462303629e-10
1.162648588515224901e-10
7.742856356074412361e-10
3.926893810124454376e-10
-3.244506607824604316e-10
-1.520284453881970421e-10
-3.911759804964276555e-10
6.205053137975369282e-10
2.097823581515001479e-10
1.998141790915397564e-10
-4.997766783754187259e-11
2.742965021784726787e-10
-3.110434132480577318e-10
1.930417908857506859e-10
3.494482203603155313e-10
2.850790159492078146e-10
3.228659561926860988e-10
-6.067096824935447330e-10
-5.862555441105143927e-10
2.549636057835868996e-10
1.817840045159613283e-10
-5.540884973065374197e-10
2.961392797651285491e-10
6.960639842290561319e-10
-4.144677379080974333e-10
-2.059288434219652686e-10
-9.920619881143011298e-10
-8.075340396374031116e-10
4.635252459639360723e-10
3.492420519446426397e-10
2.532731246951414050e-10
-5.995184348961402065e-10
1.318252590420954107e-10
-1.636513147218465747e-10
1.483230482879349665e-10
1.523716569584721015e-11
5.436989192197927423e-10
3.719122232404004080e-11
5.628897348231021169e-11
-6.538024566182798480e-10
-2.006587951353111521e-10
-8.495436021327407161e-10
-2.440868063224854723e-10
-2.154905420770347746e-10
-1.435505603275544217e-10
2.292852713248194618e-11
-2.322019104772365949e-10
-1.947937644519726064e-10
6.510464944931015907e-10
-1.935354654314380696e-10
-3.130062320444437773e-10
-2.391635223197852156e-10
1.608306543499082863e-10
-3.251559854700047936e-10
3.397476744382288416e-10
-5.595277019487809866e-10
-4.240737205840616753e-10
2.418799882608624330e-11
3.156090389033749943e-10
5.179991990900134624e-10
2.338846616378731369e-10
-1.773887287059849882e-10
-2.247440150648927215e-10
-1.693441220584901430e-11
5.804973723932960183e-10
-1.614163802621249033e-10
3.545695959061845315e-10
2.050771913397753110e-10
3.060178499492138826e-11
-7.266063306587966508e-10
3.680737659106370074e-10
1.360447032805467416e-10
-3.712471441374987080e-10
5.449641848898068019e-10
-2.696983747441095147e-10
3.137590742774420960e-10
-2.739805604612399748e-10
-4.747010562411446699e-10
2.537247495437711109e-11
-2.732244985814702432e-10
1.363908153084736341e-10
-1.724454468110536709e-10
-4.113223095458806711e-10
-3.294415018562091291e-10
-2.121089415219046259e-11
4.703945566397749189e-10
1.388013592951153896e-10
4.131650577221535059e-11
2.017046529800836652e-10
-8.772751969310377262e-11
5.507740097332458618e-11
-7.832825499320961171e-10
4.367103900726476695e-12
4.677252474216686551e-10
-5.706126127158483996e-10
3.684942351256381698e-10
7.572585891679750603e-10
2.124427855854094105e-10
-9.164934089422871466e-11
6.517588135857010911e-10
-2.260781700735847721e-10
-5.761696120210046956e-10
8.836760490016359881e-11
-6.207035996297349811e-10
2.556186651236913576e-10
3.359583444773051042e-10
-3.242616730680936143e-10
-1.237538960197070992e-10
-1.022542467365994412e-10
1.051151526931803915e-10
4.273649767405629518e-10
-1.348812173063151931e-10
-3.736412290678003956e-10
-4.214691651238666736e-10
2.118468594991540499e-11
1.789881021174721809e-10
3.316835694988640171e-11
4.552152543801923912e-10
3.918605995245627582e-10
-4.745401849248764847e-10
