-5.063494415424862893e-11
3.464343256709412344e-10
3.631497325073951288e-10
-6.839917521261895672e-11
-2.319794079053139058e-10
-3.786125579718913059e-11
7.214243785691465405e-11
-9.386050270343559987e-11
-2.377245067464173189e-10
4.760891680888335031e-11
-2.503138668563664737e-11
8.559804254293368331e-11
-1.090136314552125896e-10
-4.639884865209609188e-10
-1.209992661621583920e-10
-5.280685957953501486e-11
-2.466210569096460858e-11
2.006415866784294622e-10
9.192896444076836815e-11
1.611584754535044794e-10
4.466745029407803713e-11
5.840206096507927214e-11
3.295607120534782553e-10
-1.316128872552724260e-10
-1.901570290119281026e-10
-7.063316598276969671e-11
-2.289949480038799834e-11
-3.478102805765104222e-10
9.659766042613426862e-11
1.881811650950027115e-10
6.276901914903376678e-11
2.467276660755857165e-10
-1.272607297320149655e-10
-1.333099741707144403e-10
1.309498481871784747e-10
-5.337340985844818420e-11
-1.375852487495166088e-10
-7.972569826542041938e-11
-2.207206778459536167e-10
1.684122008516197866e-10
-1.198253718470709828e-10
-1.472202498797869907e-10
4.175723308796897015e-11
1.655950931933602988e-10
-2.104725005391827608e-10
1.267718915953786052e-11
-1.736908394889269402e-10
-1.628636114858750261e-10
6.149618314577054434e-11
-7.603087603946789841e-11
-8.170282506103632159e-11
-2.656517783528045129e-10
1.202976329661709087e-10
2.394309750464174158e-10
-1.706198515805112947e-10
3.781756574561256912e-10
-9.194922601096777726e-12
-1.290871576298258105e-10
9.805137257679064078e-11
2.903663420816826601e-10
1.407081673399090960e-10
2.650288599692629532e-10
-1.312761566119036161e-10
-3.147039573381249511e-11
2.042423175030450011e-10
9.875298495609641236e-11
1.012023589930244327e-10
-2.350392797056954919e-11
4.053632429723563746e-13
-2.700141499278885249e-10
-4.711564471904239326e-12
1.666013993428805406e-10
-5.242666023530517805e-11
-1.347184586109051452e-10
-3.537864098901444265e-11
-2.495537110291934368e-10
4.732124761486211639e-11
-2.917551755743374997e-10
-1.481824107862905748e-10
-1.142524200248296040e-10
-5.817540893460204643e-11
-9.211962442856602706e-11
-1.063804461187700667e-10
-9.187618027484134586e-11
2.099110330000542035e-10
2.003869847833072981e-10
-2.415675992573085296e-10
1.486108736070690384e-10
-1.114633524368358053e-10
2.815296606950568048e-11
-1.489254414233087687e-10
-9.156807256882615320e-12
-8.644307492033931339e-11
1.149128500688156862e-10
-4.367165795660099548e-10
-2.795214615325392060e-10
-3.844390084051241274e-10
1.612431160813443398e-10
2.683483990573165556e-10
2.639283236405276512e-11
-4.861500091379866717e-11
1.216820255667272477e-10
-3.829409012112705568e-10
1.844136510165128584e-10
1.342804339943270975e-10
2.405300958407963208e-11
-4.912564799397500792e-11
3.142360815999722945e-10
9.869326189626548285e-11
-3.263441253342769244e-11
4.021296906575599905e-10
-2.866877291118896665e-10
3.677956272873927901e-10
2.178200952940301249e-10
-2.053462400120054099e-10
-2.050976888323674530e-10
-1.881365618849883958e-10
5.056939589298536930e-11
2.267589865878605337e-10
1.873594335233264019e-11
-5.355090260117378875e-10
-1.570946150941665564e-10
4.944049614152845606e-10
-1.787525544250101461e-10
-1.663472831703316501e-11
-1.830920276502112642e-10
-8.152219177492980862e-11
2.476263638584441651e-10
2.519749964235984407e-10
-1.675636018827475482e-10
1.582351888407274032e-10
-1.597783710893807552e-10
-1.594620269163016246e-11
4.722777724452953407e-12
4.920930329888051347e-11
-1.682669975577866239e-10
-1.611760169772935569e-10
-2.956278000176837395e-10
-5.846204770287855013e-11
1.068879984522652649e-10
-5.496009203298513057e-11
-1.647992575737333709e-10
-9.813927448476533755e-11
1.608470856506727387e-10
1.372774949270905154e-10
-3.243621482518221910e-10
1.069795571573273207e-10
-1.994621690037945427e-10
-1.264317817106785924e-10
-2.604761684121825738e-10
2.324878622950166118e-10
-1.265328120059194816e-10
-3.010247606738403192e-10
3.345367316498482069e-10
-3.118431624038464633e-10
-3.654029301358718840e-10
1.451769815474790448e-10
-1.784823538963919987e-10
5.416790627155165794e-11
-1.238045083118421985e-10
1.637604496451672276e-10
1.565672591574696071e-10
2.516438446509283722e-11
-1.633468221795553177e-10
-2.667351617358093563e-10
-1.532055038389046331e-10
1.320771686463828587e-10
-6.147076181406418982e-10
-5.976849570821229918e-11
-5.367949834633733985e-11
1.402489929747119390e-10
-9.291757641083364661e-11
1.227510038059875797e-10
-3.347178090251645699e-11
8.431566556055258843e-11
-3.999073572291678147e-10
2.193575460163188495e-10
5.731948943266118590e-11
-1.898334267558254851e-10
2.269736065763083843e-10
1.143121430846605335e-10
-2.859235764818279790e-11
1.571777430431353650e-11
1.010577038718096787e-10
1.581630937330658071e-10
2.047359920487323848e-10
5.010067916089155915e-10
5.041378980941146892e-10
-1.685138695250998353e-10
1.182570708024854866e-11
-5.027783744893099538e-12
9.424452884765344152e-11
3.196778397551724993e-10
5.163660610207898571e-10
-1.829443124767848872e-10
1.955364758998712205e-10
7.119503597774468062e-11
-3.289368777359413798e-10
-1.847636488250259390e-10
6.971642013686718542e-11
3.155776195917781024e-10
-2.366486173688286954e-10
-1.326575238547178515e-10
1.634357926771912162e-10
3.160499362220292596e-10
-4.784007912039811572e-11
-2.563649847964200035e-10
-2.509592533783688850e-10
3.495291556188107052e-10
2.905315710233224991e-10
3.767808842702891070e-10
2.624890582669792138e-10
-4.028574140946261650e-10
4.218228544239366329e-10
-1.777528818580620396e-11
2.132330562121254047e-10
4.835122580093553779e-11
4.111551377139477381e-11
1.999691245924140048e-10
-2.855048489291966973e-11
1.363077983818072880e-10
-5.424128507458547688e-11
-1.227558055205690835e-10
-5.445026374228945087e-11
-2.031698143056814843e-10
-1.615527156495488725e-11
1.319847564573706222e-10
1.399318716455155709e-10
3.087172184557118726e-11
1.352505607510323671e-10
4.345515058901128214e-10
2.064836635007338828e-10
1.182934306065419605e-10
-1.236069857579735753e-10
3.230693490507974275e-10
6.017224912779894908e-11
-2.540332666445266341e-10
-2.037066626492389787e-10
3.906584500334986387e-10
2.655249284333471849e-11
-1.399074189833982018e-10
-1.025948076494032080e-11
6.677079722461343181e-11
1.926996617829246361e-10
1.188946302521642906e-10
1.444712266485126406e-10
2.801720522249695478e-10
1.699801133181466639e-10
1.821794659573328090e-10
2.640816454402283853e-10
-1.150724029952421290e-10
1.165148116877290363e-10
-2.115841946093155457e-10
5.192938301590288575e-10
1.160012780276886701e-10
-3.564366579666966572e-10
3.104876356019303785e-10
2.086312511639931699e-10
2.377532892783307261e-10
-1.006295879957264106e-10
-3.242737744990620286e-10
9.130382561117755813e-11
-1.231923729694273106e-10
-9.797708477865540999e-11
-2.971843326982082090e-10
-2.483090122407105582e-10
1.609468253116475012e-10
3.938819825854977807e-10
-2.349861694117549860e-10
2.820108035983537320e-10
-7.857255818199959663e-11
1.859571246987101745e-10
3.185227637203524864e-10
1.204955302203103429e-10
-1.571814761680556671e-10
-2.287289940783310271e-10
-2.075089405861874070e-11
-4.861789790200354844e-12
1.178209058094736861e-10
1.721126158260588568e-10
1.237307756252192803e-10
-1.225322066034095769e-10
5.640440892129561234e-11
1.120945003485473990e-10
-3.013223004444398612e-10
-3.645927726392272916e-10
-3.120313035731570039e-11
-8.274282647935393697e-11
4.011144749682671318e-10
-9.357245533969660300e-11
1.031874030665846931e-10
3.628403411060077133e-10
2.645877406060037629e-10
-1.758985318511818718e-11
3.228096401297619877e-10
2.126630538334950415e-10
1.163256366232268135e-10
-1.231277302338185109e-10
3.517892643856157520e-10
-2.724527270459020656e-10
-3.452441110773918354e-10
-3.564660025490162809e-11
4.049645896397890965e-10
2.243240315724648326e-10
8.723069488958401507e-11
2.523813658061868637e-10
1.374243496776728080e-10
1.933177784518846920e-10
1.299867435911039593e-10
7.358611636698597636e-11
-3.891216862617064010e-11
2.800477905129383771e-10
-8.331231537983541102e-12
3.116650271195453570e-10
-3.627548261775359606e-11
-9.829319302934180769e-11
-1.612680128326715590e-10
2.268292498275314983e-11
6.199927793382187247e-10
4.350449861467708956e-11
1.359160700653561094e-11
1.476750804974003017e-10
-2.156693157395750404e-10
-2.774283025530621671e-10
5.262271174366617288e-11
-1.762568563323796411e-10
1.376283531584476805e-10
7.192037243530791102e-11
1.550161804475536087e-10
3.780280255494261610e-11
-2.449830616146897455e-10
-2.662966513966580351e-10
-5.276487025085430105e-10
-2.631952711329432759e-10
6.089793946895127874e-11
5.977197903295206061e-11
9.424529212598287131e-11
2.723352654498967240e-10
-2.026637191399061066e-10
1.438076324689063767e-10
8.377153137839599140e-11
1.713754971266467919e-10
1.077498090751305426e-10
-2.042280372593907600e-10
1.214593148279874413e-10
2.511281738115656026e-10
-2.327944920166302722e-10
-8.707752574554916691e-11
8.309916643689518878e-11
-9.915067378241104734e-11
-4.405935338791522327e-10
-1.570930885375076969e-11
-2.200788856709934294e-11
3.535230441720216277e-10
2.203272009282386534e-10
3.782949509201216642e-10
6.139172503694112493e-12
1.496309465220946322e-10
-2.610739402442163737e-10
3.044339225155567874e-10
2.205145649414319564e-10
9.626729968736924548e-11
1.950554856522401792e-10
-7.505638471849707116e-11
8.206022666934487120e-12
2.558195044688460484e-10
-2.910730545480078035e-10
2.485895933546089509e-10
-2.144933883285737863e-11
1.619999828728069247e-10
-5.406741721003527346e-11
1.179362857373078555e-10
-4.189364133377893040e-11
1.786729375563567146e-10
1.605837685048072672e-10
-1.467014010270162316e-10
-8.264740281038740477e-11
-1.377786079670428876e-11
1.188528303552871535e-10
3.043140184288972705e-10
-4.433718669982766869e-11
-7.208811325654096436e-11
-5.336272396183616706e-11
5.696901284046873570e-12
-1.655193065941418240e-10
6.892542092629128092e-11
-2.276800623035590831e-11
3.323621655670905284e-10
5.147850201669967873e-11
3.781959190263251003e-10
1.025617091254815705e-10
-2.649910013641232354e-10
5.423718418828826771e-11
-6.337922547894336844e-11
2.791352982089989609e-10
-5.869095487387454568e-11
-5.516086892809468623e-11
-3.118899583043344137e-11
9.167749892569077019e-12
2.465789517014371768e-10
-3.296396211549534883e-10
6.353278320103683541e-11
-1.941316551956617786e-11
-1.745222022453418731e-10
-2.571390600447642782e-10
-1.470001204095794378e-10
1.400720928135257282e-10
9.171477466374255982e-11
-1.405590643877019374e-10
6.382285672179577318e-11
1.925547638004232454e-10
-1.435207508393432363e-11
1.599435861532327863e-11
4.438160949860048277e-11
-2.613031457876502373e-10
1.577356578685851218e-10
-1.737104210475237664e-11
7.032396887041159061e-11
-4.747820192552154595e-11
8.361773079501588768e-11
9.001781264839081587e-11
-1.364032636841372437e-10
-2.232368873089640715e-10
-8.156506720036205138e-11
3.349923116680031399e-10
7.674934299206626065e-11
-1.459458942587588126e-10
-2.879218530260629905e-10
4.063156200384554495e-10
-1.519038506092584839e-10
-4.536840347846293753e-11
-8.916887367371728601e-11
-7.620939296293371967e-11
-2.593467385292314020e-10
2.416714051101109817e-10
3.311713681064532011e-10
-3.566866246806910112e-10
9.223961872084629476e-11
-7.473863194995544745e-11
-3.498979578298033744e-11
2.324577336176858466e-10
-1.261409587893780326e-10
3.027893213936039274e-10
1.835265273086861271e-11
-3.888926680684079429e-11
3.078504118292357816e-11
1.521846815233374173e-10
1.428292067950920341e-10
6.702875754438508693e-11
-6.944827352084459449e-11
1.842362096216021428e-10
2.173243668357471847e-10
3.335315357233525901e-10
-2.311271729560360200e-10
-1.708479469009205332e-10
-6.287259601833738998e-11
-2.196015314037680355e-10
1.205001931570137685e-10
4.723116342475464080e-11
-1.142252542551958072e-10
1.072727739970247285e-10
-1.624033130198654362e-10
-9.360417996262526685e-11
2.530697873481813076e-10
-1.422749695834113481e-10
-2.593299186504083309e-11
2.714817537441405193e-10
1.346244504762950100e-10
1.427733209435899653e-10
-1.868720733710915738e-10
-5.152769322336325786e-10
-6.015439535378419578e-11
-1.461096382771032154e-10
9.876991585722194600e-12
-1.687251727222616182e-10
-4.714693913054901486e-11
4.264966158018523856e-11
4.277027343402295401e-11
2.204174343045650630e-11
-5.754072218699946006e-11
8.227801773230680737e-11
1.525895798604182119e-10
-7.953899344714798758e-11
4.861354374607884665e-12
-4.432202521664763140e-11
1.371417909790118017e-11
-9.069008044537696378e-11
-2.053282543990064823e-11
3.375908580460773578e-11
-1.974867214205033861e-10
9.120876276469402910e-11
-6.363562454758664444e-12
-7.688627512436596589e-11
-7.906196530793607735e-12
3.169606521691292755e-10
1.521736348042423970e-10
-9.454908383998983368e-11
6.998672474889389150e-12
3.127136050107282017e-10
-2.091480322263805647e-10
7.077788355402958587e-11
-1.693084838993996755e-10
-2.768828916144272512e-11
-6.753692050054382889e-11
8.945148788352952351e-11
1.824813217199405813e-11
-3.368988976681919212e-10
-1.686336625894568897e-10
5.159003085841717962e-11
-4.842818507322377286e-11
5.627391608253873301e-11
-2.111068403420901518e-10
5.542090050769665766e-11
2.659538145266537867e-10
-4.707706446893666907e-11
-1.177066083490885262e-11
1.186572784472872399e-10
-2.731732062777325609e-10
-1.252040277011090552e-10
-1.489952605737698832e-10
-1.580206937523698230e-10
1.708638508457482885e-10
3.765429912316875516e-10
2.987500524742614516e-11
3.258571190656311956e-10
2.178089791859960656e-10
3.727144981535701618e-10
-1.650440756284510258e-10
-3.410841331596969894e-10
-1.837915791780275754e-10
-4.101255723920615992e-10
-5.588124407651662295e-11
2.103341112391632350e-10
-7.507970634090810336e-11
-4.314598123222879167e-10
6.060540957975035781e-11
7.116816858054875183e-11
2.898113971028237756e-10
5.412955639272354347e-10
-3.652424890310257410e-11
4.588054935972252224e-11
1.614406247574251552e-10
-1.040116881512176406e-10
2.409766830524517900e-10
-3.999155451239744252e-10
-1.115149292352235477e-10
-1.707283481255927882e-10
-1.916773267884863685e-10
-2.443684421482572589e-10
-2.437490487228188840e-11
-9.444579840423017458e-11
1.447456043912609402e-11
-1.094141166557704992e-10
2.789554698345853012e-11
-1.029190344059571771e-10
-7.235438637120950034e-11
1.241198532841991664e-10
-1.216230033351806128e-10
8.972204923463067416e-11
2.338101379173451733e-10
2.944418042716279160e-10
4.284998744719104025e-11
-1.753488743094777647e-10
-2.710421817542219003e-11
-4.698922501100710747e-11
1.196592963603748672e-10
-1.714563768739907346e-10
-2.465702919618451006e-10
1.418875017478171685e-10
9.014756996439388104e-11
3.271632964541026922e-10
2.414678179629703436e-10
-1.457395315540566116e-10
1.418488104754089818e-10
1.183596831655364667e-10
-1.450054798457500738e-10
7.879938368482442002e-11
2.274907484611787822e-10
-2.987397135223446298e-11
3.686521088397398671e-10
2.281530103731554959e-10
-7.068824692257891229e-11
2.352161243557304715e-10
-7.306658750261263435e-11
-2.582340452583764545e-10
-1.007515182394058684e-10
1.028271356950938298e-10
1.528078080736960942e-10
2.006163429824070477e-10
-2.868694864988086124e-11
2.973258583782723008e-10
1.022386966753607851e-10
2.764814766020862180e-10
-2.243789043454569310e-10
-1.031866814216186867e-10
3.184276176071421105e-10
1.101842297956956429e-10
-1.070523808488488271e-10
2.974666069022191550e-10
1.799553561721012329e-10
-1.436330498982840709e-10
-4.753884508268413356e-10
3.342631380021110488e-11
2.319993086530303117e-10
-1.666055834959045967e-11
-3.013645999416780796e-10
-1.602572241576893930e-11
2.234289142588608001e-11
3.159504047278716143e-10
-9.860297300878784199e-11
2.432229417870246380e-10
-1.417895800770452297e-10
1.743553357247407121e-10
6.431280508145675867e-11
4.701343203628027823e-10
-1.578735475682435663e-10
-2.553584010911436053e-10
-2.091311568364062623e-10
-2.746713412271617472e-10
-5.007306791426913151e-10
3.016191463256490124e-10
1.824882606138444885e-10
5.644342632171728269e-11
1.460278703513395726e-10
2.247346198025468311e-10
-1.436024632539556478e-10
2.610806015823641246e-10
7.064333840123282471e-11
-1.005460298353355597e-11
9.797189448601528738e-11
-1.833106860749111888e-10
-1.597031118460989774e-10
-1.532199367382247601e-11
-2.094617534975640183e-11
-3.757231747947287204e-10
-2.450650238294826977e-10
9.869507988646830654e-11
-2.474130900154136725e-10
-7.671410728882221974e-11
-4.618297966274553801e-10
-1.305235641790858381e-10
-4.110384949074230576e-11
4.086556787408213154e-11
-7.490741360527408688e-11
-3.685512173223770560e-10
-2.083879180325709513e-10
-5.730967922445984186e-10
-3.495249367713171296e-10
-2.430257731167451141e-11
8.051608685333278004e-11
4.188012436845411912e-11
-1.105692551406356472e-10
-5.407635450538350597e-11
1.635863250415425796e-10
3.316061869540476437e-10
-2.513538266413206657e-10
2.660579534463636264e-10
-4.390904306816878488e-11
-9.944031709174794287e-11
3.529406766844545018e-10
2.847648783443901266e-10
-3.291429073737361932e-10
-3.165802342497414656e-11
-4.758214933175963779e-10
-3.589199215614513605e-10
-1.934676863157847038e-10
7.668544965699908289e-11
-6.872127866763833026e-11
1.645988068066372989e-10
-1.197040799816306844e-10
-6.671840857563893223e-11
-1.970472396362055179e-11
-3.991102726086381836e-10
4.594096492116506170e-10
-3.468022535813020113e-10
-5.288529614233539178e-10
-3.257083214247558089e-10
-3.943197435241074800e-10
1.341059763237950619e-10
-6.444686451168024632e-11
1.454479592322144299e-11
-8.422301744914761912e-11
4.916567153401274481e-12
-1.906970831244692022e-10
-1.757455292406007175e-11
-7.954471803461871104e-11
-3.027542799793891959e-11
-1.057829032702350958e-10
-7.347382424693904568e-11
-4.089939498186367928e-10
-8.578898702538140242e-11
3.159433548116652446e-10
-1.254027992558803817e-10
9.403708367550223102e-11
-3.213054267092729788e-10
-3.424591721312708614e-10
-4.229800398825034335e-10
-8.527561295990082613e-11
-1.272786043227114305e-10
-1.070858193785717560e-10
2.203821847235332143e-11
-2.542511340353215132e-11
-5.891932775003994038e-11
-6.094666438194451530e-12
-2.657645770121064288e-10
1.924698733724028443e-10
3.878215804054008231e-10
6.923601969521797628e-11
-1.077221714607112801e-10
-3.179766866479027954e-11
1.922919878882822786e-10
5.164757510556228226e-10
-5.611273251604487200e-11
1.367709417943174799e-10
4.024468536201197821e-10
-3.170793072548860891e-10
4.832800826193306420e-12
4.646844020683715826e-11
-1.147085204600273300e-11
1.522710013635020232e-10
-1.048603773257106297e-10
1.829834200828273083e-10
3.082815669408489612e-10
1.861406168091050972e-11
-6.983141842553663992e-11
-4.421624524852951765e-12
5.169668165772023372e-11
8.436809584289051145e-11
-1.307350061541256991e-10
-1.928870257961179391e-11
-4.534410902312657754e-10
-4.180188972746634590e-10
-2.234864376893241911e-10
3.369339876546639800e-11
-6.104219352209838689e-10
6.460991464063425838e-11
2.651375230477981404e-10
2.322782244323917666e-11
-1.943361582767977325e-10
-6.344873237917880715e-11
9.323684879714022600e-11
-3.801605974462773929e-10
3.268312287474373079e-10
-3.349044652711796743e-10
8.541074791867941940e-11
-3.210783028340102874e-10
-1.575089780825322805e-10
6.000691610275055154e-11
9.409265033788472010e-11
1.350287104351366452e-10
-1.901032109508093981e-10
-7.007708302531057143e-11
1.879972011398223231e-10
1.544434302669372983e-10
-6.114386774669355873e-12
-3.499800449446865969e-11
-6.738706814779504839e-13
-3.720591890132851631e-11
-2.209475380432479596e-10
3.743456933325006730e-11
2.076579047605164874e-10
6.767285343212137150e-11
1.162294704926125632e-10
-1.818268730024996671e-10
-5.703147676339170857e-11
-3.239641888086453037e-11
1.775975339013413645e-10
2.969674506303476846e-10
-4.978681356071490427e-11
-2.227609624538828825e-10
-1.140242830710569422e-10
1.785431802403536494e-10
-2.258421644141250795e-10
7.505046584199703830e-11
3.392393310708285981e-11
9.081801283228330135e-11
-2.405692867135655888e-10
4.183151047776334508e-10
5.617470377750066746e-11
4.014092530590929186e-11
-2.358202799701558661e-10
-4.167341818850367474e-11
2.746545768594899073e-10
-1.795958659567276072e-10
-6.452538503509686052e-11
-3.197829223644532703e-10
-6.597407342656680385e-11
-3.373263890438238377e-10
6.516689965430089160e-12
-1.268500859907817357e-10
-6.010756475882672589e-11
-1.013072820077454139e-10
-7.863287798670626216e-11
1.500546492616550154e-10
2.010007160713200847e-10
-1.282010608782968575e-11
-6.167395066869474363e-11
7.948015162684285428e-11
-5.300387906359560475e-11
-2.556919675988922336e-10
-5.795096347238626322e-11
9.739432871302966532e-11
1.754719564095452711e-10
-1.476239130937528898e-10
3.089556110946745093e-10
-1.051123840745127325e-10
-1.213022737811542129e-11
-4.211853088520456367e-11
5.250285622926398332e-11
-2.541851729098709711e-10
-1.798066001645892698e-10
3.666998926732389918e-10
2.647828623025816341e-10
1.484208866919800585e-10
4.745466242184193106e-10
1.013265998883738916e-10
2.595487019751985258e-11
-1.089077925064962926e-10
-3.486509692063322063e-11
9.454492744254139325e-12
2.541561405777770233e-10
-1.094480339691727977e-10
2.498799223094039235e-10
6.228134674657326286e-11
-1.286709766512572628e-10
-3.053140379405405724e-11
-1.601635490899866454e-10
6.407659125517994880e-12
1.861209658615692319e-10
-2.071595950337012937e-10
-2.437614554651190701e-10
2.853349154174900093e-11
-2.863276282738524969e-11
-2.601123760825885256e-10
-2.557494493959922011e-11
-2.718908709287148895e-10
1.790142339919142955e-10
-9.595831074182825660e-11
-2.001839666254667804e-10
1.128348456336247807e-11
2.047157235396390718e-11
-1.136674782076241286e-10
1.971680180234969271e-10
-5.016849782824017723e-12
1.277188771409143442e-10
-8.830505771051377906e-12
3.181405139329740450e-10
-2.214593786131757724e-10
7.176249872120621376e-11
-1.145784855882681086e-10
-2.693991141278218038e-10
4.381797980013146798e-10
-9.863015959510335051e-11
1.596071053100445170e-10
-2.540159749209180973e-10
1.549955996882346199e-10
-2.072097909922021586e-10
6.197759666592972394e-11
2.282534439235206492e-10
-3.424016625785952783e-10
-5.374971301375097710e-11
-3.414212801367000338e-10
6.957593529088867967e-11
2.985151570378263841e-10
5.030351135637545212e-12
1.757865797369362326e-10
-2.213437766407366780e-11
-5.956959231445679848e-11
-4.111559981367918226e-10
-7.540829072283372625e-12
-3.756465138948783533e-10
-4.419109800313236747e-10
-1.339655192333921718e-10
2.441864765945211957e-10
5.165678301777276715e-11
-2.785285196926778895e-11
2.504652041324106904e-10
1.584196107629054495e-10
-9.607797890609504066e-11
-1.755661449553969078e-10
-2.317279840235997312e-10
1.057001708382188099e-12
3.827321237714897961e-10
1.653184533711993254e-10
-2.137476862174025882e-10
-8.380637850358141350e-11
-1.601004329110367053e-10
3.923085190038477776e-10
1.415279976546557350e-10
1.282802752911038624e-10
-1.067003638222097095e-10
2.758425710069900560e-10
-1.912165425999035051e-10
-3.603506382177101841e-11
2.366549733956446744e-10
1.129333848659541673e-10
1.645764080571154864e-10
-4.138840381529007573e-10
-4.430649180875434467e-10
2.242159236054419580e-10
-9.497805320002328244e-12
-1.302537522285263094e-10
1.539875171818749777e-10
4.968150890682920817e-10
-1.625611312228159022e-10
-3.847994145544930689e-11
-4.875843062634999114e-10
-3.492705014096486593e-10
2.189435854837995521e-10
2.913708718743635018e-10
2.563262449517544894e-11
-3.568499107320377561e-10
3.256583197552842535e-11
-2.524962738892355674e-10
2.332836007701288850e-11
-1.877555055873614265e-11
3.803952708381075354e-10
-4.412667453657093120e-11
-2.522185238440499688e-11
-2.311181107605975171e-10
-6.384377748691605348e-11
-4.131577302501909799e-10
-1.175195496472269951e-10
-8.939832901733169024e-11
1.080181777357580586e-11
-9.400591416408587975e-11
-1.694834411702927923e-10
-7.066799923016731100e-11
3.298163964160494288e-10
-1.036525171249635946e-10
-2.141818111756066401e-10
-1.282445399874987402e-10
9.600686912136779938e-11
-2.918079389235828103e-10
3.167934248260451113e-10
-2.528892650843772572e-10
-1.474519811806018765e-11
1.290020174016248689e-10
1.010574887660986576e-10
3.734633990948310611e-10
2.246105662573327777e-10
-1.121931228476036324e-10
-1.942679211941467088e-10
-1.207449418227923843e-11
3.051436880951996500e-10
-7.244406463602359736e-11
1.589645082233914763e-10
2.110846497593854565e-10
1.425703305413250632e-10
-3.403189674511253315e-10
2.837905743735547048e-10
7.282789649121212960e-11
-1.748027694814524580e-10
2.262162679400603338e-10
-5.541957170951405942e-11
1.376603692149203084e-10
-8.068180845643979637e-11
-1.870617549748487818e-10
5.579486872520078578e-11
-1.273222499653670070e-10
5.016785598055406581e-11
-8.724743844057414321e-11
-3.175372742525439662e-10
-2.347804728408675601e-10
-1.080819322929471582e-10
1.803816818135572930e-10
1.563237872481693103e-10
9.807782364035233513e-11
1.318636588809596333e-10
2.557601352926042182e-11
-5.933348951048245112e-11
-3.661013714406635700e-10
-7.622641406968000410e-11
1.690364098694274730e-10
-2.757976069744927372e-10
1.743528654785109211e-10
3.179159713262436071e-10
6.246154982125773358e-11
-8.969421039228819836e-11
3.405902504471924885e-10
-1.834443569270760577e-10
-3.602858844597989219e-10
6.282443315575036991e-11
-2.907228902060410292e-10
1.272700000942705856e-10
1.108623123857732651e-10
-2.104259821944509667e-11
1.753683309679843205e-11
5.738194641669025486e-11
6.351654618930169249e-11
1.318889997214967025e-10
-1.409712763189574503e-10
-2.530223808250298134e-10
-2.105721985667940999e-10
1.233873246631045362e-11
1.053530457317819469e-10
8.845763010967289119e-11
1.743041544433054924e-10
1.723429315925173455e-10
-1.917039443855017566e-10
