-7.877085268781502947e-12
3.753685140495122141e-10
2.929133047224752318e-10
-1.054299078595555272e-10
-9.895265162818134286e-11
-7.950633207354229626e-11
7.404511725983553561e-11
-1.537135418949731047e-10
-2.062904291832978743e-10
5.852792556160224535e-11
-2.490785355746538698e-13
7.428313519852736135e-11
-8.494230319122664241e-11
-3.738010734277708025e-10
-7.515706113014886114e-11
-1.489477152727403109e-10
-5.857414553389617140e-11
1.151243197994311629e-10
1.012734063277065388e-10
1.570110846893513212e-10
-6.545111674860493167e-11
-1.755137701842102160e-12
1.884200573343264296e-10
-1.264512661247607639e-10
-2.431106427280838034e-10
-1.570532870420748850e-10
-1.115148251518149891e-11
-3.054657082834921766e-10
-2.893168343787166918e-11
2.077882310658196729e-10
1.580058167638398459e-10
1.961971279884622277e-10
-7.293039783196064718e-11
-2.367240570233519747e-10
1.273366412313237106e-10
-9.724451799364430826e-11
-2.115667641078289307e-10
-6.211040709525050829e-11
-2.262285081489068261e-10
1.181894859758614302e-10
-1.191526877164506004e-10
-2.127961556963597900e-10
4.229681188627765209e-11
1.669399896098155978e-10
-1.880288980071753713e-10
-5.280055212497636319e-11
-1.823717288296222705e-10
-1.458743681403973369e-10
9.101558395840925186e-11
-5.125833091312870238e-11
-6.158609733297737421e-11
-1.093721224698640526e-10
1.226972135004444908e-10
1.749054928668059006e-10
-1.752420153433575933e-10
1.894609608088515529e-10
-3.687976313226926095e-11
-3.232528827945557737e-11
1.072686106606823842e-10
2.551460154265328129e-10
6.565280263881589917e-11
3.449885654926987399e-10
-1.071108063355197260e-10
-7.653521913453253944e-12
1.539512406445453507e-10
3.768519524216529248e-11
1.227193069386345314e-10
4.157817146133169217e-11
1.714674929820247939e-11
-2.245718888627123988e-10
-9.765382946724798785e-13
1.359599932637678421e-10
-8.818224622730852502e-11
-5.641249967158756817e-11
-1.700853347053055131e-11
-2.816659960824807740e-10
1.015672268511735865e-11
-2.428348078176156832e-10
-1.758769935245041438e-10
-2.948615657194508799e-11
-1.779171948657065627e-11
-1.043454767035711939e-10
-1.386726844465613340e-10
-7.660869855152796504e-11
2.149513761429133751e-10
7.701971699303200580e-11
-2.504386975576977648e-10
1.014447553737696239e-10
-4.479712434335425542e-11
3.745229126828064636e-11
-6.591255319321476236e-14
-1.059952126070129452e-10
-8.086625813419345832e-11
1.470875504727686689e-11
-2.863728143509547408e-10
-2.475786242683852834e-10
-3.331084297286679430e-10
7.149425496066896812e-11
2.312756097744284034e-10
8.773343163070990158e-11
-1.004999694576014235e-10
1.936377447275816621e-11
-2.908683294222669247e-10
1.194279120042551767e-10
7.718675004708686060e-11
3.276608151470128405e-11
-1.646076330796830689e-11
2.404004773026713337e-10
1.121297360517914399e-10
-1.029570179111871653e-11
2.216933858711911398e-10
-2.718553715475025001e-10
3.292437711355233887e-10
1.326658088940391167e-10
-1.855123277216819133e-10
-1.927860926453917045e-10
-1.557463463752739585e-10
5.420082091478484188e-11
2.474674076768934583e-10
2.250903630152123469e-11
-4.835034594918852235e-10
-1.133186530721808083e-10
4.253006280485749357e-10
-1.613073979944701364e-10
2.661921377766773844e-11
-2.277942695583234922e-10
-1.647358499612394667e-10
2.122420711403449900e-10
1.512627384459008795e-10
-1.996735277121075569e-10
1.643942620921379216e-10
-1.150080863876468129e-10
-9.993227079174715755e-11
3.901379913573421732e-11
5.744969777676800504e-11
-1.095217527780079081e-10
-9.791705640749270856e-11
-2.642188967616476702e-10
4.269653727795308384e-11
1.400105587023858789e-10
-9.681884460821521543e-11
-1.346472100482998258e-10
-5.273368200442440923e-11
2.596306225566280546e-10
1.154114789847504596e-10
-3.037975426778416477e-10
1.478097921836507567e-10
-1.048682599091854684e-10
-6.385889039783876342e-11
-2.833306644856037337e-10
1.994233250757204701e-10
-7.242035443555394636e-11
-2.448847236102835723e-10
2.715650759821386373e-10
-2.522701214591194230e-10
-2.832777068473291138e-10
1.522983683610590333e-10
-2.074555249809151292e-10
-4.057806868296154335e-11
-1.674168442766799103e-10
1.795461140874365924e-10
1.331262322601389769e-10
8.042028154520153294e-11
-1.800380122762845758e-10
-1.908759261759485071e-10
-1.802481081059070789e-10
9.017955132639698945e-11
-5.316072582139952374e-10
-9.035946990643139998e-11
-5.197320004923788872e-11
1.246902581186759562e-10
-1.256302561980504606e-10
5.130083163829013415e-11
-6.553955989030413321e-11
9.429879099798199604e-11
-3.363440637116354992e-10
2.097821638624708385e-10
9.610454099195919753e-11
-2.043932800788184068e-10
1.590517717531270137e-10
6.096942395394933101e-11
-2.448988928316353508e-11
8.988551569721892065e-11
1.411060296385713286e-10
1.013085518253298289e-10
2.138664662032496722e-10
3.390949743220517121e-10
4.930919561552116193e-10
-1.544904482120301736e-10
5.290623841802677418e-11
5.023496896239265652e-11
7.888165814984304802e-11
2.926230369126869846e-10
4.542873854873619166e-10
-1.541862748588584964e-10
1.247610070809201943e-10
7.868975610003658971e-11
-2.298732593164487525e-10
-1.872399735258767350e-10
1.399208249264205506e-10
3.257902558839731455e-10
-2.101109286556379629e-10
-1.239544855646812493e-10
1.875328503597728513e-10
3.394720060612144152e-10
-5.032829708540020874e-11
-1.914800817903739016e-10
-1.888830203355951198e-10
3.013193583534246045e-10
1.644482605644981277e-10
2.861752501637226942e-10
2.428400813769826527e-10
-3.230831435718783951e-10
3.633202627639775528e-10
-6.233114024922770113e-11
2.368584217649072343e-10
-6.073461178424111040e-11
2.661016546001704342e-11
1.035973321017458204e-10
4.854027249590053827e-11
1.145535055702140426e-10
-7.407792435021320898e-11
-3.468879003487579382e-11
-2.437623713991143859e-11
-1.888409983941130577e-10
-1.158918447319301492e-10
3.718408220221292027e-11
1.408264893587585220e-10
-6.803689556189596033e-12
9.255900212945533667e-11
4.181316959339653749e-10
1.956530215618812463e-10
1.228296631072822720e-10
-5.576233919057926869e-11
3.780714352696890046e-10
2.169892737713396969e-11
-2.495876283425957354e-10
-1.273220695541255054e-10
3.012086136067182451e-10
-2.658416542455910303e-11
-1.306343089257921974e-10
-9.671653755649600726e-11
1.119347808886672624e-10
1.474964872461015375e-10
1.287966816532204462e-10
1.124868809210255449e-10
2.187613840076707561e-10
2.118395181494037161e-10
1.326188603378852804e-10
3.189953579063597999e-10
-6.573692978850687041e-11
1.258491505451431181e-10
-4.525201047211879768e-11
5.314517159682452530e-10
1.129498508611881391e-10
-3.862953845690242360e-10
2.614983785065305710e-10
2.923037367708047896e-10
2.546332589226096843e-10
-9.517326510222190450e-11
-2.663033404903814017e-10
7.952367930830206433e-11
-1.460612047976539429e-10
-1.163028007233890548e-10
-1.952876194089014916e-10
-1.580110903232068154e-10
1.635973162494863686e-10
3.794942415868973740e-10
-2.274721938588797343e-10
2.455887715413496153e-10
-5.389928781074360131e-11
1.069703631229046437e-10
3.185704200436845213e-10
1.041667307966065437e-10
-8.919218835723441430e-11
-1.891754253247057704e-10
-3.080052879411709910e-11
-1.729630327851339189e-12
4.333826700286813605e-11
1.409155292453334596e-10
1.855121056770769883e-10
-2.148703853732669700e-10
-2.327708858995691799e-11
1.044161215824068734e-10
-2.602191795375574657e-10
-2.839604940074735850e-10
2.843479271485982451e-11
9.747924689662568198e-12
1.960287904223534383e-10
-1.800980475863411812e-10
4.352237320537355458e-11
4.093425043372178607e-10
2.190965880943807065e-10
-5.306216577238842547e-11
2.567754620041995395e-10
2.313060507019848444e-11
3.813462740032136367e-11
-1.231044433058769982e-10
2.754539929483712513e-10
-2.329721415783581051e-10
-3.290014372048233326e-10
-7.222043796328847520e-11
3.551936800239019476e-10
1.581625108659778789e-10
1.976204339060316784e-10
1.489998541215342698e-10
1.427524348729392045e-10
1.386659398416867361e-10
1.721805753529537242e-10
6.732314705715225500e-11
-7.164963067296525878e-12
2.322071562810279488e-10
5.924012669300537937e-11
2.759292794252132808e-10
1.482415579179274800e-11
-7.660582584945174744e-11
-1.207766803235088560e-10
-2.674575838579329456e-11
4.930704178285338912e-10
-3.575423637713903702e-11
-7.496830933817477671e-11
1.189366105602829293e-10
-5.158080906841888691e-11
-1.525663900769913539e-10
1.337057686789933086e-10
-1.146727157674831687e-10
8.448355903745152773e-11
1.386935566394242869e-10
1.645049929610564732e-10
6.399970831072465671e-12
-1.740452226783872902e-10
-2.853272063063627684e-10
-4.608957382412626202e-10
-1.934302440442792204e-10
1.289446466268273639e-10
-2.744594829184876517e-11
6.928601442579562786e-11
1.855461895239329806e-10
-1.180467390504702507e-10
-1.421007755908476611e-11
7.323407158477124312e-11
5.144707576620888290e-11
1.317264630706915796e-10
-2.091482126376220663e-10
6.034601984783449780e-11
3.091066291815991462e-10
-1.725624643178491624e-10
-8.938759454846234576e-11
1.767165302979378794e-10
-1.102320526524813715e-10
-3.876527709945065681e-10
-1.156090501108764101e-11
-6.766130711266526987e-11
3.670592718663101550e-10
9.434537873165282917e-11
3.160046113670489376e-10
5.642684930418084832e-11
1.037105124002124512e-10
-2.704734491931759521e-10
2.235515106363550331e-10
2.068345494876666635e-10
3.883227073231410031e-11
5.528122751230490906e-11
-1.176825720206053916e-10
4.604227069049393606e-11
1.228466633973468447e-10
-3.448941687800299860e-10
9.846631843224429304e-11
-1.053290510366622357e-10
1.175770314443269626e-10
-1.834132845601743611e-11
1.019683851244401751e-10
-2.476638338855252641e-11
1.239514046957879145e-10
1.736261967533181405e-10
-2.361244533233275433e-10
-6.415849795882166973e-11
-3.596703490593711194e-11
1.510920000225013382e-10
2.025058176702287938e-10
5.172064165837042538e-12
7.065570351016958739e-12
-1.047107400786728704e-10
5.581604275994855868e-11
-1.283261830131721126e-10
5.914162215514551235e-11
-1.186314518841768972e-10
2.976058011139315340e-10
4.661468433475590700e-11
2.718789915423514003e-10
1.194951360083962300e-10
-1.813342948020491008e-10
2.777059138203696875e-11
-1.022796708438633573e-10
1.827223650163745106e-10
-5.571608452381582310e-11
-5.317047149788756144e-11
-6.732964880074021607e-11
1.694226703374823728e-11
1.113357669946246631e-10
-3.177168528267770853e-10
6.775138783332579351e-11
-4.321380753236070404e-11
-1.093482665526224196e-10
-2.895559902960087584e-10
-7.965540033127993524e-11
5.866282459798810578e-11
6.049242357031303641e-11
-5.876235609214575106e-11
5.384710038969231505e-11
2.255960140917778745e-10
5.253109058855898184e-11
-3.872056841824900175e-11
1.984742925564830784e-10
-2.184020880813264398e-10
8.071422696875885094e-11
3.543397172900419889e-11
4.039689069368357366e-11
-1.005984323620978671e-10
-1.400014132402205291e-11
1.072395783285884363e-10
-7.648722627484616510e-11
-9.493363040125046837e-11
-1.485938733170044657e-10
2.974028245894544398e-10
1.199744886770659491e-10
-6.110056904873317762e-11
-2.445220692592897649e-10
4.351297100413376029e-10
-7.798535428538144743e-11
-8.881157614881729501e-11
-7.280459568548280913e-11
-7.122413075988376363e-11
-2.608958049599152673e-10
1.561621387757838875e-10
2.555658740188704314e-10
-2.778194341246376098e-10
1.285513917537173256e-10
-2.697909257109998293e-11
-5.320399676378428921e-11
2.655056730027638423e-10
-5.514551315588533953e-11
3.205196663635945242e-10
9.351766583343135153e-11
8.022783826167056986e-12
3.701467951588988115e-11
1.343267025388783509e-10
1.081048722761934755e-10
8.199926848639904620e-11
-1.288437551094645528e-10
1.502285656984625462e-10
1.896109103061149881e-10
2.371124130373658545e-10
-1.634753860058069108e-10
-1.286585837867448845e-10
-1.324015896919661373e-10
-1.884384176475961681e-10
5.408007375251600024e-12
5.331141084141677311e-11
-1.764583201779856836e-10
9.743254120175848243e-11
-1.823894507646528496e-10
-2.412139377128141859e-10
1.445017716594776402e-10
-6.141361030831404832e-11
-1.846764408064416330e-11
2.106470553542294510e-10
1.961941303862957398e-10
1.595015924893417036e-10
-1.652697145804182810e-10
-4.160883304571427743e-10
-8.965962000617722083e-11
-1.550349570944575817e-10
3.513266066956788336e-12
-2.469478788125201163e-10
-8.625528069572396817e-11
2.526316308926190857e-11
6.546206285373834532e-12
2.316678793246040868e-11
3.919516100570064054e-11
1.866510418446765129e-10
2.134300652878451388e-10
-8.362199821476679062e-11
4.406933845624294577e-11
-3.593214614738826640e-11
-2.392337716816683724e-11
-7.686924707872577756e-11
5.655341125954116421e-11
2.576115709640447449e-11
-1.185499615141694107e-10
1.660347276333240529e-10
1.712713304513613366e-11
1.921343639743611220e-11
4.333769454412106370e-12
2.960337253110623124e-10
3.708650053724227291e-11
-1.968433471777331079e-10
7.817070601934261731e-11
3.182231145260061567e-10
-1.154618900489623456e-10
1.242334013440427043e-10
-1.340707267427632132e-10
-1.517507300374809631e-11
-8.013488483893382863e-11
8.992815520025843057e-11
-3.121546077178294354e-11
-3.435716988686721152e-10
-1.069085514560086381e-10
-7.525755713055914953e-11
-3.333815862260891549e-11
3.149502880717136577e-11
-1.726478404684428369e-10
5.400249344922336547e-11
1.781889635843469932e-10
-1.413468647681881407e-11
-3.312890586859573716e-11
9.935718914277913427e-11
-2.214622374374641822e-10
-1.371368019142948924e-10
-8.629667813675467869e-11
-1.564628288042158033e-10
5.272240977127751194e-11
2.738781978983695353e-10
8.661722727953957701e-11
2.317521730077487518e-10
1.873713545430533145e-10
3.378754220850765932e-10
-1.461873122554635529e-10
-3.203189935518935272e-10
-1.940107241527044835e-10
-4.090141836332605862e-10
4.300951608748881938e-11
1.278168404450497064e-10
-4.316608528953658208e-11
-3.266429904336121126e-10
2.432176682276576685e-11
1.086500056590722352e-10
3.056117303668060003e-10
4.588655566628574434e-10
-3.478917848243057165e-11
9.073618245647452341e-11
1.997243759266353891e-10
-5.490274554431628928e-11
1.622803974532516236e-10
-3.201036657962674781e-10
-1.929023329960699584e-10
-1.130120788617183791e-10
-1.579660152684070340e-10
-2.358395423396331125e-10
2.395813408773150854e-11
-9.876663376040539788e-11
5.755312892929964619e-11
-1.264467974770866476e-10
6.835086663325995460e-11
-4.371491363341917236e-11
-6.513004024988333640e-11
1.245461511700796109e-10
-1.204262384257859253e-10
1.143662733960049138e-10
1.446207043009906101e-10
2.795450260162368750e-10
5.766682964480907003e-11
-1.368949814617437255e-10
-8.079747981781792987e-11
-5.513590972672233192e-11
6.852778067223397329e-11
-2.068755722284265630e-10
-9.628471631106805262e-11
1.723764880834366409e-10
9.766081693340922243e-11
3.231098999467718613e-10
1.945665017988318368e-10
-1.133539095921065609e-10
1.826276213590105613e-10
1.069587127200399834e-10
-2.507953844599342119e-10
-2.958330802549369309e-11
2.434537571538442080e-10
1.433274679496499004e-11
3.515775448548197346e-10
2.041431468313703590e-10
-1.050864395502060233e-10
2.693315015456221317e-10
-9.976733328365128273e-11
-2.579057523099947957e-10
-1.779013047986666152e-10
6.938961905067486668e-11
1.306705577075462088e-10
9.879365381326721263e-11
-5.435915259588419701e-11
3.013289340270119965e-10
8.230183895507892089e-11
1.809844496492019061e-10
-1.872241250922002109e-10
-8.746332824660640881e-11
2.538990129252738370e-10
5.905953504026228984e-11
-1.320767939461120477e-10
3.264934433921951040e-10
1.211181988036713619e-10
-1.348071515527848874e-10
-4.307247891688348318e-10
-2.915467867126153578e-11
1.180269632028441151e-10
-4.961012503579276256e-11
-2.163500489871239552e-10
1.456111620168343279e-11
4.407155196339829217e-11
3.342935372963040663e-10
-2.348429090082149173e-11
1.755418171933698090e-10
-1.538922461685743315e-10
1.407165217681694003e-10
7.944054442043935182e-11
4.149783294771225428e-10
-6.747372105486704186e-11
-2.176308022683315357e-10
-2.684258371132841603e-10
-2.718014979752325644e-10
-4.144954379725618310e-10
2.293803480490907987e-10
9.708842063638201125e-11
1.391323861676951879e-10
1.341328714765666064e-10
2.241398316948917113e-10
-1.583789210890529375e-10
2.909994467614751557e-10
1.338587990451500787e-10
1.022125092897674392e-11
2.939753995789828878e-11
-2.295351547720869689e-10
-1.335080240805197604e-10
-1.118744194505971734e-10
3.822027416777729059e-11
-2.901656415144060475e-10
-2.438130253246129087e-10
6.034873989424482943e-11
-2.662339793069179450e-10
-1.007583461110073131e-10
-3.214249699734494925e-10
-9.038560178087351460e-11
-9.957829005813323420e-11
-4.313694887403407563e-11
-5.369397287902089033e-11
-2.676079635666184231e-10
-1.902553531385464680e-10
-5.440586869909225243e-10
-3.332007447731655247e-10
-6.756124826257092764e-11
1.287704248786880612e-10
3.283460309200236793e-12
2.605551191470212302e-11
-7.567442505962418409e-11
1.108269587213328577e-10
3.409710291890633016e-10
-2.338648996680348091e-10
2.284671202223975683e-10
-5.689156090671332322e-11
-7.731138645938884224e-11
3.777634871582336018e-10
2.230256118673779042e-10
-3.682523730397235795e-10
-3.101229689717044380e-11
-3.924272573563314381e-10
-2.448776736940772025e-10
-8.384300198560623585e-11
4.235618800141338625e-12
1.974959432105016788e-11
1.197960203258574552e-10
-1.150600031918358468e-10
-2.594305326120149857e-11
-3.383712754434498038e-11
-4.001962650157508961e-10
4.029127587124037291e-10
-3.000727999413754787e-10
-4.110778384358582116e-10
-2.028222312322469634e-10
-2.806742893657343529e-10
1.208170230526661726e-10
-8.822192282265106655e-11
3.542882653917445168e-11
-1.463849597094224464e-10
-6.752224473993706511e-11
-2.626403261540843914e-10
1.193886101091834462e-10
-2.213709771048399944e-10
8.280915883562833812e-12
-1.949130024048173482e-10
-5.128375155094566651e-11
-2.968755241639087217e-10
-1.346694422643679445e-10
2.975166779606297496e-10
-5.653388868154252123e-11
1.165350732579284454e-10
-2.280179101088464222e-10
-2.315289765464356719e-10
-3.662429526318788930e-10
-1.873291660681175586e-10
-1.328289006563565522e-10
-1.017807088610211963e-10
-1.270717558954359561e-11
-4.752047366718414878e-11
-1.121063034070779452e-10
1.832207996432799746e-12
-2.396571829876847914e-10
9.468975603610374492e-11
3.131071513173822041e-10
-8.346426327854317151e-11
-1.669858834540960402e-10
-3.634942000174667953e-11
1.857051179499080718e-10
4.318352897492161446e-10
-3.607964968455057431e-11
6.051510681448490914e-11
2.816224753399154679e-10
-2.587461078729091923e-10
-6.892209025721740545e-12
8.588890709759766651e-11
-7.528849765847667186e-11
2.173179969311433979e-10
-1.343880007276254673e-10
1.849329855918568910e-10
2.571542145890504116e-10
-4.369505104961923792e-11
2.478925745230675659e-11
-7.605913121544460864e-11
4.647243700972580882e-11
6.972085409007178214e-11
-8.237847209935367232e-11
-6.257911550067163375e-11
-5.037057437817793470e-10
-2.482668515213504179e-10
-1.854144060509099745e-10
1.166051630252518123e-11
-5.786124357420874276e-10
3.541084092617552415e-12
2.667749077200909369e-10
8.583064814438046142e-12
-2.177411306814036607e-10
-3.425620898056536134e-12
1.215341716154227925e-10
-3.225369971104896649e-10
2.954534672472419743e-10
-2.267043358594733604e-10
4.462846758812588632e-12
-2.328366388582026048e-10
-1.609043037698043577e-10
-5.720313805968046950e-11
5.731647448325993821e-11
6.070131897129016352e-11
-2.285368283505562204e-10
-8.549909391586396623e-11
1.421327777695324812e-10
1.512851510732104998e-10
-7.297930315619538533e-11
-1.797799409342104582e-11
1.949812533652561797e-11
-9.735147410427913428e-11
-1.894877865726840582e-10
8.191484990316411086e-11
1.008826217008262915e-10
1.308275709988038216e-10
6.390613038753656383e-11
-1.989434728066896696e-10
-1.212218381230201203e-10
-5.623741056171027708e-11
1.368700985882043142e-10
3.286497185506220831e-10
-4.479188200900985350e-11
-1.623557399632602483e-10
-8.138986012928839386e-11
1.598820104087295135e-10
-8.716426191934800727e-11
-1.559145174079290541e-12
9.152877067375442266e-11
9.168345249666032259e-11
-1.923918524493473114e-10
4.327955493987900581e-10
8.095470127589265985e-11
6.548140502049548672e-11
-1.595934912002050510e-10
2.981441482585722724e-12
2.520121611393477679e-10
-1.431467583357104445e-10
9.321192429023739123e-11
-2.124547482384997465e-10
-3.882549143296998295e-11
-2.914646579643687119e-10
-6.810717267935473274e-11
-1.291847046003269384e-10
-9.327766337108300831e-11
-1.732971266488192441e-10
-3.621172459111754449e-11
9.855619098608769946e-11
1.794703829993693489e-10
-2.600025750254530976e-11
-9.671811962430609810e-11
-5.375946909857987066e-11
-9.985877402751697218e-11
-1.368734431350659975e-10
-5.393156754518457774e-11
4.545144469125794728e-11
1.513486280746434431e-10
-9.314653215408696951e-11
1.570060609301648924e-10
-1.736672194940780400e-10
-3.757022470907145362e-12
4.285764104716704992e-11
5.727970875391008576e-11
-2.676595889372634929e-10
-7.668990442688539133e-11
3.328403108682209677e-10
1.935839405442507655e-10
1.377356839693533175e-10
4.126989583408402495e-10
1.407155919563862767e-10
-9.135834450058055722e-12
-1.255277826128775587e-10
-2.920877428813639654e-11
-9.502848508091688018e-11
2.839551094258041530e-10
-6.360362236890182430e-11
2.384994701731812938e-10
5.671643710236651259e-11
-7.116750244673397674e-11
-8.570878035074613877e-11
-1.877774880032490046e-10
4.334446690457127715e-11
2.079975358615371306e-10
-1.963433859941687842e-10
-2.501482632144558238e-10
-4.154310923043524895e-11
6.778219652225914160e-11
-2.187423575605862425e-10
-5.974398753494369885e-11
-2.471624571676045434e-10
8.203528828465422862e-11
2.009645228007173046e-11
-3.586300353908278282e-11
-7.639472388021317784e-11
-1.598736421026814014e-11
-4.702897793418259198e-11
4.387924051885150334e-11
4.874645825880818961e-12
1.476737621075585594e-10
2.987032496348795974e-11
2.118987485477674682e-10
-2.102261004166550151e-10
1.037121777347493889e-10
-5.020329985061522393e-11
-2.594624792795485746e-10
4.214305016070341026e-10
-6.388831130799133007e-11
1.475758681923622362e-10
-1.498613594330677756e-10
1.848584341157533117e-10
-1.982705527536765544e-10
4.353818694458055916e-11
1.655211245843446477e-10
-3.426548489393610453e-10
-1.120084303085633337e-10
-4.102299333563763639e-10
6.911495681327650686e-11
2.857235559261539493e-10
-2.312434965734411207e-12
2.268865928467533877e-10
-1.214492395540389680e-10
-1.929212865847684810e-11
-3.517060531699200965e-10
2.568044388251422561e-11
-2.531059528632084721e-10
-4.148041909957100870e-10
-8.329215789304456052e-11
1.392100046349042941e-10
2.347492339405121697e-11
6.290823417742785750e-11
2.603987858673662004e-10
1.813901945313389774e-10
-1.563530138692925675e-10
-7.187506145811539682e-11
-2.456149450491551534e-10
4.846464896068880535e-11
3.593799702272804097e-10
2.363766959945223789e-10
-2.029313106444163850e-10
-7.377647104345186335e-11
-1.904890412074422557e-10
2.643242014155333663e-10
1.008725047935143948e-10
1.034512059350234381e-10
-2.751195798955663463e-11
1.961100171143925763e-10
-1.625643508695873152e-10
2.630698783812057684e-11
1.713157254945585350e-10
1.508297653440848762e-10
2.006655119846101343e-10
-3.171369000742885191e-10
-3.824761063420112350e-10
1.186498399530222514e-10
1.182288017487209686e-10
-2.075144223123714937e-10
1.279269468135169063e-10
3.750405541680379429e-10
-1.456877396499578481e-10
-8.233121129297416019e-11
-4.893642158165789624e-10
-3.824748850966841474e-10
2.527628106818724518e-10
1.849806835485523493e-10
6.073384156701777670e-11
-2.575129276483067997e-10
3.878652260480563996e-11
-1.063010374169337524e-10
4.764959260494805449e-11
-3.791494201932366082e-11
2.792110986860052435e-10
2.708337720758180467e-11
-4.320197671825454222e-11
-2.951110744664475760e-10
-8.756577407620369513e-11
-4.522993646283168800e-10
-1.377934155666338256e-10
-1.101206140163846214e-10
-1.419959982928986619e-11
-2.518065964074445162e-11
-1.369959423680455757e-10
-8.018023744948976628e-11
3.000542592168642386e-10
-5.638617697756309610e-11
-1.648684383459553260e-10
-1.361053630910546985e-10
7.461382206530586814e-11
-1.587732723073997931e-10
1.881675787407388611e-10
-2.422254063993989348e-10
-1.905187951845022098e-10
4.623992508334673346e-11
1.576397345992575083e-10
2.924249176139426254e-10
1.239648661499614946e-10
-8.049384769837075737e-11
-1.178402514456777794e-10
5.233629155054764226e-11
2.622799755158666812e-10
-9.274969681172251512e-11
1.650364012117933044e-10
7.514738831204681446e-11
4.341016435205347079e-11
-3.414022398118277124e-10
2.004521826304284104e-10
7.248224936917679884e-11
-1.769013546759623523e-10
3.075386612039210377e-10
-9.835816189296409107e-11
1.316406289531002471e-10
-7.624423314922523787e-11
-2.204940952044154301e-10
2.913825430939098737e-11
-1.226023449429902712e-10
8.686058122764350742e-11
-9.189633776163219636e-11
-2.177122232493999832e-10
-1.839590979546557037e-10
-7.953911140834435400e-11
1.845149172341464805e-10
1.129272994560004406e-10
-2.780185803796797472e-11
1.239108537998134807e-10
-5.213897369404918436e-11
-6.595707487122570711e-12
-3.294700623435176112e-10
4.546579779329817939e-11
2.215554406603814641e-10
-2.399045961887225076e-10
1.868807331106836500e-10
3.112085589229707239e-10
6.571351102158118351e-11
-2.028569326406604034e-11
2.822483913256235155e-10
-9.518234811434211906e-11
-3.065495080001312544e-10
1.523511178325165361e-11
-3.253297076177830149e-10
1.570208685297558304e-10
1.429099755201335142e-10
-1.290530737829698182e-10
-2.874736559910218148e-11
1.036162822209973911e-11
-3.534986192654798742e-11
1.677653294063219391e-10
-1.032293556191277162e-10
-2.097522711075328061e-10
-1.811963634690272329e-10
1.831045731703895285e-11
9.858588945199642239e-11
8.874492807287026608e-11
2.031746021424751802e-10
2.209627064653219009e-10
-1.916715675065461255e-10
