-2.844986746186606297e-11
3.717915142420480379e-10
2.871330673226424324e-10
-1.234482793766034092e-10
-1.556964834836804812e-10
-1.092466256347179865e-10
4.122405888873359459e-11
-1.697661455857257806e-10
-1.614782751957477558e-10
5.289985116618822758e-11
-2.133679344318295534e-11
5.807103756194642585e-11
-1.136935129375515885e-10
-3.390629998989425076e-10
-8.431493003779877426e-11
-1.662531778912068603e-10
-2.236322238502452819e-11
7.860251338698276413e-11
1.126723159217135617e-10
1.559218865132550036e-10
-3.323003330835128111e-11
-4.366487726947809733e-11
1.738260785311140921e-10
-1.024970872065544825e-10
-2.590605230334830367e-10
-1.345698691368468758e-10
-9.454600297109649887e-12
-3.053287900289802792e-10
-3.595540531975416343e-11
1.783538178257160212e-10
1.659452297797514575e-10
2.328066489587499177e-10
-1.364337948173144355e-10
-2.088705181035876990e-10
1.285312967169716103e-10
-6.067930879982696979e-11
-2.360616147001337595e-10
-9.724895194684890498e-11
-2.349451189154194708e-10
1.329775733971416685e-10
-9.541074874608312939e-11
-1.647471187249394120e-10
-4.464549563376607466e-11
9.994426120041310924e-11
-2.523984909963417067e-10
-4.809619369439133152e-11
-1.739905580722123091e-10
-1.752933354026708912e-10
8.971763609810778917e-11
-5.246573314687807965e-11
-1.658382459135410159e-11
-1.258443904639250377e-10
1.355080353482307487e-10
2.303782026258360816e-10
-1.580173630832959475e-10
2.124212333809438746e-10
9.331924122335522043e-12
-7.475943475387936132e-11
7.937844825889328604e-11
2.592349113150760331e-10
1.213372041730664819e-10
3.355463684684423242e-10
-1.505202212870315748e-10
-4.464061065245772397e-11
2.029595241870296718e-10
3.261039355217931757e-11
5.502891198272408246e-11
3.688263930379243050e-11
8.349938795948474990e-12
-2.414646815829257775e-10
-9.068523709743203653e-12
1.591562298619564331e-10
-2.852978270295736252e-11
-8.715439481221665119e-11
-2.576514002150531724e-11
-2.022478989838205621e-10
-5.800662034038950310e-12
-2.757237771433551643e-10
-2.184426806106642971e-10
-4.222421717825497467e-11
-5.324398907879945853e-11
-4.355243943265918460e-11
-1.098931848297901581e-10
-8.634458426026725419e-11
2.404655918830655992e-10
9.908237424971488849e-11
-2.156994582946936134e-10
4.813492660016294167e-11
-5.195114477496431959e-11
2.767591711361205853e-12
-5.000832040136238277e-11
-1.016503964335058185e-10
-7.442161470416763791e-11
-7.947836833110955013e-12
-2.460129044923320407e-10
-2.824570022319505824e-10
-3.017658067872019956e-10
1.079259598357751315e-11
2.125853382217712806e-10
6.578726452488581344e-11
-1.009942476870584471e-10
9.124979938324173645e-11
-2.905637674910366286e-10
6.835017274386956387e-11
2.575052671094368861e-11
5.157363425212224683e-11
-5.234013222832345491e-11
2.104418306281274909e-10
8.667651318905456037e-11
-5.917960566037550052e-11
2.089562689544521845e-10
-2.844142699132135022e-10
3.042569529654315375e-10
1.525814197211872170e-10
-2.047430419649387545e-10
-1.924497783356571290e-10
-1.645203556721597238e-10
9.738364975531155210e-11
2.691902256657385806e-10
-1.284972128701156180e-12
-4.594124525247877955e-10
-1.049410280895557435e-10
3.878476151353282830e-10
-1.372085639550491010e-10
2.109443522635423562e-11
-2.429400569603501481e-10
-1.973030211432913461e-10
1.779055514017358064e-10
1.791710807497182145e-10
-2.190547188085645303e-10
6.103401117840689949e-11
-8.550118252292904231e-11
-7.775829979905779510e-11
4.052452817759899517e-11
7.279851027552908249e-11
-2.478008076511883928e-11
-9.029722802811335214e-11
-2.583936953293175520e-10
9.319645749572558202e-12
1.064172222564607750e-10
-4.292764754776356995e-11
-7.052537026597249792e-11
-4.956776655795636088e-11
2.288022965535319031e-10
1.018510206729494882e-10
-2.760323636330497266e-10
1.674870381274118358e-10
-1.409008465458327919e-10
-6.639204463976255965e-11
-2.721032288377500663e-10
2.177178853868255715e-10
-2.796273629313006381e-11
-2.542384081039017474e-10
2.349435646031849956e-10
-2.856579417453986025e-10
-2.944059440679325235e-10
1.519715880915484263e-10
-1.310997144177150631e-10
-1.637975866053409391e-11
-1.489861845005435725e-10
1.712034403134055083e-10
1.217964340494148701e-10
5.535669839185075602e-11
-1.501979790541341231e-10
-1.977695091026632213e-10
-2.331441983915993887e-10
1.069577343359995325e-10
-4.994379354528177828e-10
-9.409015927497321741e-11
5.607935990581403018e-12
7.766581822110651956e-11
-1.452816200675499658e-10
1.830982587769369729e-11
-5.337107839009647137e-11
9.619131186022755742e-11
-3.346232735346177378e-10
2.425932787986084804e-10
6.016233344841026565e-11
-2.051953051918076198e-10
1.541869409926732715e-10
8.031791898233109350e-11
-2.324862698188656651e-11
6.133044072598181629e-11
1.109948938315952205e-10
7.762207543393628839e-11
1.937192073420135330e-10
3.323986363934494648e-10
4.818087595559461533e-10
-1.610431510368215413e-10
6.862147655661843260e-11
3.400837250699950687e-11
6.230713861521408603e-11
2.926789088864012456e-10
4.391952357352124636e-10
-1.522265091757901700e-10
1.069680594101285465e-10
5.970620525763692399e-11
-1.980967057058080627e-10
-1.960357154384695377e-10
1.506659519368014344e-10
3.253580183049109564e-10
-1.727923082395221854e-10
-1.572102586999690743e-10
1.867247745312994311e-10
3.421124217251048094e-10
-1.757155532189358382e-11
-2.238965679524085317e-10
-1.866752585844011492e-10
2.919087749297943901e-10
1.260957310789123653e-10
3.248556146306924575e-10
2.103290736021889984e-10
-3.212206056701916168e-10
4.074686144051042902e-10
-6.309273242743884680e-11
2.908046026206534407e-10
-6.490831483407788483e-11
-3.013020388742404521e-12
5.232138333699509758e-11
5.513894202335833938e-11
1.464829924024968477e-10
-2.868899562358251387e-11
-2.023715917065516123e-11
-5.699912070111778917e-11
-2.130023935009717206e-10
-1.381716963066992321e-10
3.523971392471736408e-11
1.202516419773758116e-10
1.401656568589260132e-13
1.017593093122215464e-10
3.924493507945214787e-10
2.215098937607962171e-10
9.993257610307892946e-11
-4.326489166928126906e-11
3.728676256642415865e-10
1.379639458232162497e-12
-2.606772020463665740e-10
-1.285938577844092379e-10
3.394314829208155970e-10
1.600896498699100334e-11
-1.463935639378632914e-10
-7.831069126496004174e-11
9.518243138106896595e-11
1.129563942381395236e-10
1.547219852238157500e-10
1.013181205600233170e-10
1.549907979736531161e-10
2.209700478150722347e-10
1.653912562460391200e-10
2.766210871474328314e-10
-4.322914942678224293e-11
1.110209840726739117e-10
-1.148354605851054089e-10
5.079451304013105073e-10
7.909696508878738541e-11
-4.001077524851126554e-10
2.081885774884995044e-10
2.585786029740688718e-10
2.823236922022687168e-10
-1.103815927550044762e-10
-2.316480202102511043e-10
5.686981441321847797e-11
-1.297112001141798032e-10
-1.059119389412721546e-10
-1.798508564299083901e-10
-1.714128283758498128e-10
1.668258031717329004e-10
3.849955354517931028e-10
-2.254332137630044031e-10
1.929787163401641692e-10
-4.471377434978052179e-11
1.427121754105087348e-10
3.013570504251106286e-10
9.206933826444441138e-11
-1.723717141244307527e-10
-1.634109514370152283e-10
-6.113975298260854174e-11
-7.946573954420443897e-12
3.300790543669940291e-11
9.819494523055638524e-11
1.905667151858025932e-10
-2.561119094579566990e-10
2.805578686038145975e-11
6.065358632012518569e-11
-2.877256211064604940e-10
-2.949361033177666513e-10
4.220445173896969493e-11
-6.887723724702254913e-11
1.769573099164034602e-10
-1.531474946858679687e-10
6.444087624624117439e-11
4.548460497133532954e-10
2.055432490877251439e-10
-4.725703856012231086e-11
2.616862559978727631e-10
3.896999389851885098e-11
5.516550410922249625e-11
-7.912962646239307674e-11
2.791725461914751349e-10
-2.419219824467688795e-10
-3.093035272350164178e-10
-3.330384926170104620e-11
3.345711208080359711e-10
1.528253634752729795e-10
1.742654076597460744e-10
1.439994651297737960e-10
1.195086946070844647e-10
1.344761246802050891e-10
1.638865015918256063e-10
3.605562723385524748e-11
-1.952284514605828747e-11
2.785656150194881775e-10
6.693227916354516083e-11
2.482652694535403270e-10
5.120591450857858717e-11
-8.112735483400967951e-11
-1.335536403690440466e-10
-4.741858988799307895e-11
4.408457487947714526e-10
-2.588077321896697924e-11
-1.043763409036557732e-10
1.158895340802601481e-10
-8.021877606623206702e-11
-9.363308045573504046e-11
1.606770272388757803e-10
-1.452672426793810700e-10
6.261929863526916051e-11
1.254186338117690980e-10
1.268352645134029899e-10
3.793687933240086352e-11
-1.657165238366786753e-10
-2.890232497776423770e-10
-4.729351354981758959e-10
-1.657745052341397241e-10
1.100897706329817538e-10
3.442240242845784337e-11
9.198362210804944539e-11
1.682038675010488760e-10
-1.264934268441209042e-10
-7.799594303747880986e-12
8.458163336388935249e-11
6.454251022525170356e-11
1.307182972976050905e-10
-1.892183354446075327e-10
8.358483349901746351e-11
2.445730562516956752e-10
-1.698391705051705003e-10
-1.153469958437014498e-10
1.769585589173061635e-10
-9.089556191055336853e-11
-3.691508487779771031e-10
4.030108885499927851e-11
-3.819172061936271234e-11
3.908123824558629167e-10
1.056852313996436976e-10
3.082455957148511061e-10
5.965453131473452686e-11
1.291982076878639418e-10
-2.414829447516808614e-10
2.190889969444498320e-10
1.576193064956044054e-10
2.794786624349399062e-11
7.927487832848356675e-11
-8.744857615816670204e-11
5.743678796465978564e-11
1.477828970308792123e-10
-3.029223816231052524e-10
5.441757808255509588e-11
-6.964002291498516684e-11
1.250409359387916197e-10
-2.115342623287830293e-11
7.290398840176237627e-11
-2.046064706551220524e-11
1.135351188064070982e-10
1.483099337784565819e-10
-2.673767873773158499e-10
-3.704327122822093088e-11
-5.142250514289514740e-11
1.870576749052332843e-10
1.791381210036746552e-10
-1.723634429628972953e-11
5.504910416398445250e-11
-1.355170281547302125e-10
9.376495413437879733e-11
-8.003914198084771670e-11
3.198750986310727740e-11
-1.009415190322826561e-10
2.522467235088754478e-10
4.883493609497691068e-11
2.676968924308908981e-10
7.504399185398469285e-11
-2.047612079891791836e-10
3.190496478122639701e-11
-6.710466210479992810e-11
2.346440541867167440e-10
-8.346851682050626664e-11
-5.170231603957020639e-11
-8.855471911317636113e-12
5.235568922845601492e-11
9.895805008763858268e-11
-2.882014349392392205e-10
8.018062602754838508e-11
-4.615047927147841733e-11
-6.392617685202495181e-11
-2.950969191228836053e-10
-1.025151838418558725e-10
3.906072687520634190e-11
7.798761636479412118e-11
-6.703951976883004704e-11
3.777154977679941794e-11
2.120941755556771113e-10
6.865828044988475654e-11
2.063498677484787436e-12
2.114289299193217175e-10
-2.228713047447428153e-10
8.750536406587627880e-11
-5.110098108551675011e-12
4.261900901636472838e-11
-9.742191081629769656e-11
-2.937684817627683742e-12
1.045554198775278110e-10
-1.250463066426732439e-10
-1.126370940962573286e-10
-6.697158105861689137e-11
2.719254266203563475e-10
9.502552217321991179e-11
-9.308637194394009384e-11
-2.090572576163296503e-10
3.710097784548338495e-10
-8.452621935717274937e-11
-5.197112185051366851e-11
-1.019435785787337068e-10
-8.451195299130631611e-11
-2.165440327051015856e-10
1.483452249928518540e-10
2.431840839811627575e-10
-2.750592531519657769e-10
1.149400435940250986e-10
-4.498023481458446327e-11
-7.772142651685243209e-11
2.331000392707949231e-10
-1.254264470063048975e-10
3.248194768712409086e-10
1.885036571280807038e-11
2.302839863244088292e-11
4.075449352991533658e-11
1.326671272838808591e-10
1.098378957231638253e-10
1.124886642167588491e-10
-1.578591701800746705e-10
1.457554077433087514e-10
1.629501256150689414e-10
2.402237575527266245e-10
-1.627493279032776741e-10
-1.359718587723435235e-10
-9.158482999760408916e-11
-1.844762537173139094e-10
-1.112822334281560188e-11
1.312054631608106092e-12
-1.434393992472138279e-10
5.365940677903857647e-11
-1.484039419130667170e-10
-1.473370592197653650e-10
1.504339569580182001e-10
-7.458758610745519491e-11
-3.579804508380135530e-11
1.928921189442434070e-10
1.788987291639898558e-10
1.274172711784871126e-10
-1.864812609886357109e-10
-3.071617404870607970e-10
-9.207914986042453620e-11
-1.306088015518014345e-10
-1.315443240446079187e-11
-1.670078242366201948e-10
-8.083453351126479447e-11
5.963347177173616842e-11
4.755140725620776720e-11
3.544006060840487748e-11
5.870888497572224196e-11
1.372897906470882390e-10
2.402353316277583417e-10
-1.157941381668692316e-10
4.288303045996144647e-11
-2.422628764264800338e-11
-1.046549999439427836e-11
-5.037228273385707666e-11
8.085627306586573582e-11
4.335524994569794899e-12
-5.480359221987640694e-11
1.604907040597680634e-10
5.244345235855263354e-11
6.941165697771367604e-11
-3.460507227992515311e-11
3.609493537393149154e-10
4.215378046623641239e-11
-2.193577958164993902e-10
4.108695328408629166e-11
3.345141663668727006e-10
-1.302387919732694854e-10
1.238282532067813690e-10
-1.337660537892304546e-10
-4.074716952739976250e-11
-9.228686564943799908e-11
1.118509590503080631e-10
-2.387969683104174123e-11
-3.616338895007231713e-10
-8.787570671131561539e-11
-5.386521784167541682e-11
-6.627060705755027925e-11
2.629076123472628979e-11
-2.120668779470591403e-10
7.760574127768649078e-11
1.597128818087156787e-10
1.441168018256888672e-11
-9.989048477265782822e-11
4.662988745129936774e-11
-2.864309345262938677e-10
-7.984622685253128793e-11
-8.058070183336596415e-11
-1.753203276999570903e-10
5.044285822375371708e-11
2.696494139087235453e-10
1.616283773486770770e-10
2.162264950422709830e-10
1.527262760703251843e-10
2.964185286113973916e-10
-1.584008202382136687e-10
-3.148465099744868212e-10
-2.118641373449747789e-10
-4.360241889767024759e-10
2.772080134882948244e-11
1.661337734049084247e-10
-3.605648765669933198e-11
-3.671256076920315081e-10
7.018885472831470906e-12
1.014847650360195530e-10
2.603147142288264604e-10
4.158885458238614774e-10
-3.430176975793841621e-11
1.084797807138215830e-10
2.387039732543172477e-10
-2.861240931684161382e-11
1.165152835325145020e-10
-2.781092023340647756e-10
-2.102048396457334434e-10
-7.518698164066250911e-11
-1.410606770280153910e-10
-2.487520744942628426e-10
1.796734462600202420e-11
-9.597311834141919462e-11
4.624886584814191792e-11
-1.266282911860372451e-10
8.668651907406399459e-11
-2.038797256020963289e-11
-1.103660010604023967e-10
6.326279777812970906e-11
-9.087473828994774294e-11
1.190162690622997843e-10
1.545650968326484076e-10
2.488770023401087883e-10
2.024076739548519299e-11
-1.139769667535261988e-10
-8.678094354230836416e-11
-3.424353856029682674e-11
8.923664585047674791e-11
-1.859864207087724708e-10
-1.227307006024247471e-10
1.021574630444277432e-10
8.679936630562323785e-11
3.576333951205157291e-10
1.794661641518757733e-10
-8.951204361062892190e-11
1.708066188488288617e-10
1.722780945678792364e-10
-2.021176420674564156e-10
-1.527841742010593862e-11
2.352500694247083857e-10
-2.352965391971828524e-11
3.199111531237974759e-10
2.265160975456481651e-10
-8.246869853678617801e-11
2.587867420356104731e-10
-1.212570460706885456e-10
-2.520907371739156133e-10
-2.149765643277845584e-10
1.369620111768554693e-10
1.169540991829975951e-10
3.520180674732031889e-11
-7.973001425742864967e-11
2.809235899459139318e-10
8.265815809593846097e-11
1.886358985681013678e-10
-1.674630434322921246e-10
-6.333505941924499894e-11
2.844597890572231336e-10
5.542483139109322110e-11
-7.095082854569056963e-11
3.173893647900882797e-10
1.087283041378839243e-10
-1.249986086859777856e-10
-3.944032878067105230e-10
-5.150793333519310124e-11
8.691352498813031957e-11
-5.239605277429504326e-11
-1.619609169001279270e-10
5.794442703432878261e-11
4.604915060379966008e-11
3.340037690868769005e-10
-2.774776242109311397e-11
1.535208626890494088e-10
-1.524786963358337744e-10
1.845728847538197215e-10
2.296603532347951671e-11
4.022584210172652774e-10
-4.895964189621793139e-11
-1.619896161653144873e-10
-2.289821943168846019e-10
-2.249797015352328344e-10
-4.171587242307595034e-10
2.747169436378982255e-10
1.157249365779655648e-10
1.346860956097373219e-10
1.202993815674346934e-10
1.796079257543325980e-10
-1.064425214636344208e-10
2.614489180707835203e-10
1.081152528614737207e-10
-1.535363503002429297e-11
5.559129545584795551e-11
-2.605134163946587478e-10
-1.327171983422914536e-10
-9.417203128414541879e-11
-1.890428091844142955e-11
-2.616700189861376202e-10
-2.275954147368253189e-10
4.232782874202811740e-11
-1.941917876502330387e-10
-1.315569875259825494e-10
-3.311247942505701758e-10
-8.992341593572206193e-11
-1.064857438337618589e-10
-6.947173392113370483e-11
-1.084329986911214405e-10
-2.409516197676708771e-10
-2.078248684256323031e-10
-5.767144539703394912e-10
-3.331965259256719492e-10
-4.245211820963490368e-11
1.093411958197343381e-10
2.575378105218462110e-11
1.623349718538058539e-11
-8.912848237230264203e-11
1.311070141341019735e-10
3.500655043620071183e-10
-2.129907639147887721e-10
2.003294613528439072e-10
-7.867550361195796427e-11
-1.114319053696632977e-10
3.065280806957559889e-10
2.272250027024469432e-10
-3.262320413810471109e-10
-3.402391562934425906e-11
-3.921377667026604286e-10
-2.436691404206214884e-10
-9.848984822147244245e-11
3.012631116794395325e-11
3.794389455413771373e-11
1.286110246079275043e-10
-1.007707250977318836e-10
-3.519100982840583924e-11
-4.004637593757465197e-11
-3.808692528028956303e-10
4.343720105826065492e-10
-3.411294857702529271e-10
-3.778202195547919473e-10
-1.557423773279609236e-10
-3.636872192291917827e-10
1.120968110002174001e-10
-4.180917417828666771e-11
1.824591866483871172e-11
-1.187280551651070937e-10
-7.670561408268383730e-11
-2.261379972168242602e-10
1.278057104592278392e-10
-2.100332407994898176e-10
-6.794117352049156011e-12
-1.720492359691405682e-10
-3.353061578392768638e-11
-2.818541233740035068e-10
-1.072831823378805893e-10
3.459073860678785195e-10
-4.008350595885445955e-11
1.437712310314864794e-10
-2.468230064778254018e-10
-2.011937838553023994e-10
-3.288485317387568330e-10
-2.053232861509712848e-10
-1.569240848375841324e-10
-7.046727090731508270e-11
5.321437734906453443e-12
-3.318940955399085624e-11
-1.913608160819535442e-10
-6.912158345695473827e-12
-2.165904955386821484e-10
5.171290479166756882e-11
2.930480580420891101e-10
-7.936785950679592361e-11
-1.137032829001682899e-10
-2.471998300501709878e-11
1.549031319880711521e-10
4.321953628316776985e-10
-4.088080915454206377e-11
7.981644511989571811e-11
2.057799208809996117e-10
-2.579445268491298293e-10
-1.225181761599358765e-11
9.020294927664096463e-11
-1.191286097546040423e-10
2.195734982723962503e-10
-1.040897507076365969e-10
2.120837394592456349e-10
2.163497436757921832e-10
-2.093924339474639851e-11
4.567822856071934723e-11
-4.830834343660939112e-11
2.214717992332637664e-11
4.140054965517947494e-11
-1.002459226739915721e-10
-9.168676234905248634e-11
-5.333758434922231118e-10
-2.660400233445159301e-10
-1.803971555469630061e-10
2.894240402895320585e-12
-6.114884154584387943e-10
-1.500636073736849596e-11
2.459217551820103154e-10
2.426617240480766213e-11
-1.740900895663699544e-10
-1.263294677200654803e-11
1.520790438025443336e-10
-3.600372777690097337e-10
2.846971824954636077e-10
-2.150243871845702870e-10
5.390188295706366262e-12
-1.715431685589408062e-10
-1.576521274637698866e-10
-3.019764993617002347e-12
2.223917924815133063e-11
1.139963609619876195e-10
-2.213755984081799966e-10
-4.936890132811733167e-11
1.921638681512405356e-10
1.866454352184021559e-10
-8.105698057203625240e-11
-5.055003637899346813e-11
2.658717690451339877e-11
-1.032547103374525932e-10
-2.026794843068557839e-10
1.430547347247568268e-10
1.406501304312968159e-10
8.001321133432881538e-11
5.373125555596658387e-11
-1.957644879535536120e-10
-1.304173297134170184e-10
-2.317281783126290406e-11
1.368070101648299897e-10
3.259986169901196718e-10
-3.552117974758850494e-11
-1.344890310228663566e-10
-1.344546696202542080e-10
1.375956432125846618e-10
-1.022679510520596580e-10
5.315484510881596236e-11
7.654120393052465943e-11
4.886182430885455119e-11
-2.185034930768381400e-10
3.428363148927360271e-10
1.052366249698621914e-10
1.993832182689558863e-11
-9.831826325301662450e-11
-2.687450262328638928e-11
2.464539683444399998e-10
-1.567898033627557197e-10
6.215140208043479220e-11
-1.927704801341079133e-10
-1.785997044700948777e-11
-2.724787062646782942e-10
-1.003101421370722335e-10
-1.385723064073474120e-10
-1.023991655357825437e-10
-1.628863155467286106e-10
-5.993228135992012540e-11
7.688237546599197003e-11
1.373387237268985928e-10
4.801322533998231279e-12
-1.089571488588347847e-10
-9.225942926294194990e-11
-8.236500370628618839e-11
-1.437924640468324355e-10
-2.598119636099127661e-11
3.551289817771419166e-11
1.381382785936580149e-10
-1.139989699860954886e-10
1.554446849016954957e-10
-1.685959288844074422e-10
-1.594382265102112228e-11
2.408146598797955562e-11
3.703852502479065834e-11
-2.586355296596565267e-10
-4.131553432706880358e-11
3.175333052052309313e-10
1.989734904617179723e-10
1.314545139408096475e-10
3.837190842848059447e-10
1.167784619005018953e-10
2.093004242142981752e-11
-1.026858806318919903e-10
-8.673288476312990269e-11
-1.006188882213265856e-10
2.694575673700683183e-10
7.295429885201265563e-12
2.054577480370411990e-10
5.378426523594548314e-11
-5.316626305873484171e-11
-8.974682108586762297e-11
-1.924801568131684348e-10
6.840208260916469385e-11
1.793826337470605381e-10
-2.275759303227431474e-10
-2.341525862092908028e-10
-4.277496412630199529e-11
6.144511288663778714e-11
-1.771775365311256678e-10
-5.616231785188219305e-11
-2.496848283684016678e-10
6.485052772564614543e-11
-3.750950938741226537e-12
-5.759930032933624489e-11
-4.610268417026830434e-11
-2.885602867763736867e-11
-9.475339957099038202e-11
3.080646848729884368e-11
1.096686803869761917e-11
1.482095002280914287e-10
1.697396043165433355e-11
2.270877375032398504e-10
-1.854773973297696443e-10
7.653155192910432447e-11
-5.126721269732570363e-11
-2.928901565724117972e-10
3.832700823380719157e-10
-6.969076010721053649e-11
1.245087088985741275e-10
-1.625060086496432632e-10
2.051670500158309096e-10
-1.816245764896251558e-10
2.169714061195371357e-11
1.748438199777879731e-10
-2.687641220688874455e-10
-9.946009293937407847e-11
-3.774497936426257638e-10
6.920104766994228385e-11
3.152038907661136591e-10
4.070278836199037187e-12
2.221323125439766955e-10
-8.321991012971707846e-11
-8.756221442363099072e-12
-2.737850779421791003e-10
3.985062974054542906e-11
-2.036546903338987136e-10
-3.944292947810623673e-10
-7.244863042821236832e-11
1.531205995330964242e-10
7.628660203540249540e-11
9.927698940703777453e-11
2.889876393741275251e-10
1.635392932186618964e-10
-1.341901034734860332e-10
-3.789089181305271836e-11
-2.351591976701428166e-10
1.186724329915733733e-11
3.849508767306275558e-10
1.901448581920206493e-10
-1.126347765056934236e-10
-3.976238088787553693e-11
-1.957603940061503067e-10
2.879945448786003226e-10
1.025663165510337649e-10
1.139238217651161733e-10
-4.273484344174960370e-11
1.448317299423962368e-10
-9.726453670255708062e-11
6.205105873569038977e-11
1.966922180685060084e-10
1.445367991959045639e-10
1.452632458764924195e-10
-2.899008533230329476e-10
-3.311903529201742913e-10
1.156204507135605297e-10
4.890827326464730618e-11
-2.246943187067529379e-10
1.607390331948010953e-10
3.678672366724811127e-10
-1.743388350350372207e-10
-8.762086195490681462e-11
-4.733173297744031061e-10
-3.954763738711619681e-10
2.444311975047241958e-10
1.865148174795550062e-10
5.458551319281745862e-11
-2.985216518425204413e-10
5.277002446124612334e-11
-9.192695216153623505e-11
6.151567449874661975e-11
7.525355338877659506e-12
2.503414420207406010e-10
4.029235278757425931e-12
7.960340719925795838e-12
-3.176065521692805760e-10
-7.424335451977626121e-11
-4.168375089541598300e-10
-9.804282385950102707e-11
-1.129037002778332521e-10
-6.319120920972309818e-11
-1.021995682526366522e-11
-1.473415972563785203e-10
-5.743737430119466580e-11
3.024181460808961219e-10
-5.603431607603681641e-11
-1.656390163917720315e-10
-1.382170072838917463e-10
9.753299556880534738e-11
-1.798990817425405453e-10
1.804398436222598434e-10
-2.234025048286625292e-10
-1.986652509167186054e-10
2.806688215173380740e-11
1.530848364739156864e-10
2.472087534677314125e-10
1.175955027798991637e-10
-1.288527617937518244e-10
-1.271446004036391741e-10
2.441101661088129759e-11
2.779190211299464863e-10
-9.600588379843344455e-11
1.340805799721067615e-10
8.281150071232090681e-11
5.793347052085451310e-11
-3.536209935983691821e-10
1.627971923934268261e-10
7.446939592758994308e-11
-1.859859904973504285e-10
2.696305401173049177e-10
-1.255620052376116291e-10
1.610010458286126322e-10
-1.428983043005871423e-10
-2.306700386256466118e-10
5.463719754406071161e-12
-1.498925428222719347e-10
8.828891090439938694e-11
-8.471773282892058887e-11
-2.213496608227671913e-10
-1.672982030687109045e-10
-6.760647597303659495e-11
2.205134408406195234e-10
1.084491593750236405e-10
-2.105469965041351088e-11
7.549830899344911472e-11
-2.822507505495508440e-11
1.569614230256810572e-11
-3.827317907045824086e-10
-1.394315912728316675e-11
1.855743891887584596e-10
-2.564654877357241958e-10
1.984573338997819292e-10
3.501204326461504479e-10
8.764106801395499247e-11
-3.243991013313074490e-12
2.852491298721560042e-10
-8.807725382364850475e-11
-3.281139804300892138e-10
6.029170218635471201e-11
-2.744121874176386200e-10
1.191291648661163549e-10
1.157824253139594362e-10
-1.164257024122150597e-10
-2.272894372712386257e-11
-5.520289086957674840e-12
2.640695648259416828e-11
1.677850913761602669e-10
-1.130966154061496809e-10
-1.982932290589545232e-10
-1.887267980782425525e-10
4.010370854845568545e-11
8.734207801452953390e-11
7.051868117224913135e-11
2.101610829807754044e-10
2.156971268263419006e-10
-1.961660001104092999e-10
