-1.571804145172883693e-11
3.231968581651756267e-10
2.963413403556103276e-10
-1.184403686238511000e-10
-1.351920242420590057e-10
-6.457606671617099892e-11
5.669973518473980789e-11
-1.322638942813370022e-10
-1.789455528200534218e-10
4.160579519796314685e-11
-4.271917541931458118e-11
8.706560472582225430e-11
-1.059169210670951600e-10
-3.548847327117243822e-10
-8.618433744445042066e-11
-1.267657784298492629e-10
-3.045691476799561315e-11
9.678300522120153460e-11
1.040567701449113258e-10
1.810546434999338317e-10
-2.951383235028082197e-11
-9.041545290244812350e-12
1.945512639878188565e-10
-1.381720848847578509e-10
-1.898411289280588221e-10
-1.393396509286048968e-10
1.395921572777680808e-12
-3.412450044759651746e-10
5.286701632023493858e-12
1.999716781053706427e-10
1.115424697051281555e-10
1.982876501882557818e-10
-1.056463666548879132e-10
-2.046771224728516358e-10
1.059961007854326454e-10
-6.739541563716144879e-11
-1.922212666816136561e-10
-7.706314752997656115e-11
-2.057799347587874195e-10
1.199116778094477809e-10
-9.955382351822805731e-11
-1.671111582446371813e-10
-3.740814602526398858e-11
1.386527975766327359e-10
-1.865550353086220525e-10
-7.638892990380341530e-12
-1.468786481328976379e-10
-1.929163773173314667e-10
1.150140538364041731e-10
-3.059454078968570911e-11
-2.024473991224517988e-11
-1.477622330048333765e-10
1.246383829478503458e-10
2.052110148476060658e-10
-1.517238001902398992e-10
2.343273630689424181e-10
-9.448525295496779108e-12
-9.547974910706358287e-11
1.128491050605973101e-10
2.045177083243032712e-10
1.114429035165009907e-10
3.071114473840452774e-10
-1.013078648748333421e-10
-3.172676010798625157e-11
1.631329238360734735e-10
4.025658278949961755e-11
6.863880297469648895e-11
1.786436970574456495e-11
1.899348733847006088e-12
-2.400962206827728096e-10
-2.469134618987567364e-11
1.447667957732434729e-10
-2.345747901477679420e-11
-7.907646759619524346e-11
-8.366793369241065648e-12
-1.903155966154201906e-10
4.828278055146739689e-11
-2.628325335152226216e-10
-1.561488438550640012e-10
-8.944646412434309468e-11
-3.256154720854276263e-11
-5.303666533729156640e-11
-1.154324344443402595e-10
-4.748279547328593253e-11
2.620631489591573882e-10
1.038047009460640879e-10
-1.748577810323226345e-10
7.905259780116580259e-11
-7.537648283317821551e-11
2.506825302894810648e-11
-5.365172195403999922e-11
-9.186544580597200138e-11
-8.574765897328973097e-11
1.003067073845897994e-11
-2.314176072992779609e-10
-2.598046777713136635e-10
-3.035733886491698286e-10
7.633998294620525371e-11
1.964668705500827173e-10
1.099175750418623920e-10
-9.296383107759709219e-11
6.816508468787674246e-11
-2.887643457682997905e-10
1.145386077650023537e-10
7.594919138043110252e-11
2.092007123088990284e-11
-7.036260463166854606e-12
2.133728888020769432e-10
9.812976820011698464e-11
-6.933402463271676197e-11
1.940272248424079748e-10
-2.859159575763214889e-10
3.197538900323593225e-10
1.664958171332386883e-10
-1.870567450934501608e-10
-1.745409650144580382e-10
-1.391523840599262485e-10
9.421876473458823398e-11
2.647726482507550827e-10
-1.393063442378661421e-11
-4.913053852639848174e-10
-1.333898547173362203e-10
4.085089488903292931e-10
-1.560904322461809102e-10
2.010454649981063824e-11
-2.021756373427052722e-10
-1.544277622445022757e-10
1.826989531883427276e-10
1.645054509280541311e-10
-1.871746091453019289e-10
1.491500256634026300e-10
-9.538910633599684274e-11
-7.983577687831200365e-11
4.570085976318694065e-11
6.798332730095779652e-11
-5.484161735846981856e-11
-1.047519293528864637e-10
-2.511580388109280193e-10
1.081810335756827612e-11
1.301433960598785688e-10
-7.990848260863714358e-11
-1.239016389487090919e-10
-6.134424912485059167e-11
1.982535524636119817e-10
1.094217078057013737e-10
-2.985379166098311998e-10
1.598269572244959136e-10
-1.168706242893335912e-10
-7.427063131171252053e-11
-2.741872284772739476e-10
1.632182167199403011e-10
-6.375103916989033337e-11
-2.314711478046405091e-10
2.425987744025803750e-10
-2.779171892619558548e-10
-2.897513895483427859e-10
1.631290935666385167e-10
-1.449265984998504564e-10
2.513877994658741954e-12
-1.274175071008798454e-10
1.453368814186006830e-10
1.159792331617559569e-10
7.089306919283444586e-11
-1.406042504648041813e-10
-1.960548945412199373e-10
-1.772222923968058694e-10
1.042129438300065658e-10
-5.074157760631692327e-10
-3.862327124792841460e-11
-2.362586862258986287e-11
1.072968380810834788e-10
-1.420087381021062356e-10
2.635303780751385716e-11
-6.287410869720844175e-11
8.874727341900978672e-11
-3.243900703608915137e-10
1.803251992171794882e-10
7.260972378908547853e-11
-1.716625730452392418e-10
1.553661227449154580e-10
1.288501111362805318e-10
-2.409510611867116125e-11
1.041082012265270862e-10
1.281754563597914398e-10
8.743342855277447256e-11
1.543955518990003384e-10
3.628868316951638917e-10
4.762830130289330555e-10
-1.753990286346152061e-10
7.125453005407678120e-11
1.636641516755688031e-11
4.729372102274531642e-11
3.101256473847513462e-10
4.418586607712882142e-10
-1.808778959944135067e-10
1.418737488600996244e-10
9.218373286934422595e-11
-2.715775937467412859e-10
-2.216099526108905593e-10
8.688647717969288919e-11
2.974990254145382096e-10
-1.782749919909676350e-10
-1.349419603835499970e-10
1.937195126533453049e-10
3.101522649817667343e-10
-3.991604269337756250e-11
-1.964990808955846546e-10
-1.724325682239680191e-10
2.798572762419127002e-10
1.455812692618962956e-10
2.941242249754338900e-10
2.062728737817209890e-10
-2.987327329950772992e-10
3.431202821868595265e-10
-1.520655129594317145e-11
2.140443239317946222e-10
-8.930372413784581909e-11
5.636602296021919756e-13
1.092304163785584592e-10
6.341726449532458787e-11
1.393733184418266546e-10
-4.303351425205548253e-11
-7.668648355219076507e-11
-6.743026970124077479e-11
-1.920502368246701508e-10
-1.044557357277042797e-10
3.074326210272815274e-11
1.009627520476286122e-10
2.028284484811848642e-11
7.559056158790156132e-11
3.748337196185502762e-10
2.131212706313334593e-10
1.071524952100944006e-10
-5.694504590092464014e-11
3.460987052505970496e-10
-1.749837774678297819e-11
-2.655875241952543320e-10
-1.305428404263508924e-10
3.301642848008157216e-10
-2.913721347530540129e-12
-1.123682674686321548e-10
-8.096373571575554706e-11
1.082130357543675814e-10
1.339342664552489737e-10
1.081855161011446853e-10
9.884011664684777543e-11
1.828024120964499843e-10
1.882359268456923473e-10
1.768260815548927667e-10
2.848214164519191627e-10
-3.312791707621443038e-11
1.054641304842895977e-10
-1.057250328950765095e-10
4.840532419336796011e-10
1.054554638058036176e-10
-3.392314762429293751e-10
2.321884490230630149e-10
2.465293247322364323e-10
2.433949430891146903e-10
-7.402924107058339587e-11
-2.509722984989082306e-10
7.094633214244083774e-11
-1.104175639810023313e-10
-1.237313029811559772e-10
-1.891437562129283378e-10
-1.767541252251092487e-10
1.224207957228884425e-10
3.847774876497567220e-10
-2.066889437379870742e-10
2.061349979598503523e-10
-5.786671142260502165e-11
1.353498563227972795e-10
2.739066473633755550e-10
9.068237827314362676e-11
-1.517645314974558346e-10
-1.754298928346997855e-10
-4.708383335993993057e-11
1.883945777159112822e-11
5.401679450955931827e-11
1.019617029696107124e-10
1.477137301364450650e-10
-2.247898117646585092e-10
3.949731514074628080e-11
6.703161636867349671e-11
-2.692280842708782984e-10
-2.898498108194758061e-10
3.238417173312413411e-11
-4.751650461987111385e-11
2.406126131671015855e-10
-1.363276019850090393e-10
5.212778819707608591e-11
4.044524160029538962e-10
1.976091235089683096e-10
-4.490326860340232429e-11
2.514231878247841223e-10
2.683023594962641312e-11
6.406006280990084178e-11
-1.238563973604556168e-10
3.189006836379348897e-10
-2.301468876586554302e-10
-3.144421945044939548e-10
-4.143164630820983518e-11
3.376166568536120849e-10
1.413643369030381791e-10
1.670307364642908965e-10
1.554059797514995012e-10
1.225321372144705379e-10
1.467646698616320577e-10
1.616231870560369543e-10
6.617616177262419797e-11
-8.839942666760691736e-12
2.378862662411052042e-10
5.326619006984500970e-11
2.266273280149277980e-10
3.204865539618850789e-11
-6.114163342285650060e-11
-1.644344105322659289e-10
-4.749932391856503955e-11
4.689058585860550465e-10
-5.902128091817004929e-11
-8.799114908919491995e-11
1.083623746289674727e-10
-1.027235241313206870e-10
-1.701528917763539539e-10
1.290287182653671039e-10
-9.119235921950519241e-11
1.010312458693540805e-10
1.335544175251612842e-10
1.362538692983861210e-10
1.792188619731405197e-11
-1.761353285445466099e-10
-2.911614283007679660e-10
-4.521121810263650787e-10
-1.917271896800798459e-10
8.240155779937197167e-11
9.088538949209024054e-12
7.598480178394595441e-11
1.850818803772469323e-10
-1.163715582230828716e-10
2.066929960520269560e-11
7.316736105877907903e-11
1.821662265477641540e-11
1.362151086370388953e-10
-1.541776428748420358e-10
6.347115888427623531e-11
2.462507975309335961e-10
-1.442823360786604781e-10
-9.356130453719302409e-11
1.387519821260951858e-10
-9.926968275175696022e-11
-3.386994851251046157e-10
2.763102247005377876e-12
-2.875452653761101374e-11
3.316475982728661620e-10
9.514070087313086788e-11
2.642089880211528907e-10
2.953051692067276690e-11
1.230233553917159384e-10
-2.519439656900601676e-10
2.035298041214161913e-10
1.337244204258070113e-10
4.317958490762663359e-11
7.485605191259736557e-11
-7.747377739342198311e-11
6.985977074602800485e-11
1.668766097528973091e-10
-2.765379036873127916e-10
1.194808557647419889e-10
-8.606575174763264613e-11
1.459500298395255413e-10
-3.321133645872720308e-11
1.255723858228918743e-10
-1.250426151511163653e-11
1.278925576553291421e-10
1.244230690700121045e-10
-2.373984897552361417e-10
-3.445629892517843018e-11
-3.699446304850084744e-11
1.639168523137612965e-10
2.093456658025516504e-10
-3.228697864621210556e-11
3.155081751415877989e-11
-1.282862427398612226e-10
2.956993677694086387e-11
-9.621879681898093395e-11
4.382911047984272557e-11
-1.114856054695856358e-10
2.730906611958516805e-10
5.633961353002092665e-11
2.776165686224629781e-10
1.147780412380505766e-10
-1.832002882729000248e-10
2.714559133032423688e-11
-7.125075529579305567e-11
1.928022186348243849e-10
-8.273082219290017747e-11
-4.215601479007347052e-11
-7.059388490437967789e-11
1.793549336825961404e-11
6.014979486712590528e-11
-2.536123533403156216e-10
6.860320644896944486e-11
2.167644536088531027e-12
-1.163176777119190319e-10
-2.636630636043690856e-10
-9.956746538364313892e-11
5.892603072155111477e-11
6.640159255777433600e-11
-5.314214346352486018e-11
1.953313205627082993e-11
2.051262909530393586e-10
2.470622317840565074e-11
3.762747752267259216e-11
1.673046978734049617e-10
-1.975519747787757296e-10
1.262049909023232885e-10
-3.164335113381433473e-12
2.911427696150603595e-11
-1.055732515298224428e-10
1.577489527893050081e-11
5.998269936302591532e-11
-9.162590131062131604e-11
-9.206430062747017473e-11
-8.592977024379777617e-11
2.633743223512396980e-10
6.422815057582909049e-11
-9.003099654680823960e-11
-2.670825227646389521e-10
3.791229552518871060e-10
-1.059486109955543043e-10
-2.539426308123537979e-11
-9.250641225255762379e-11
-9.051435295726051322e-11
-2.358872541741163786e-10
1.696983664700724148e-10
2.575065161103395894e-10
-2.875241711386422594e-10
1.291930312730116270e-10
-4.113598003896434818e-11
-5.998552349284480556e-11
2.252273784142388990e-10
-6.861014534287335209e-11
2.729659276390350442e-10
3.870298526109650084e-11
4.886018672989322909e-12
7.402801288636240429e-11
1.355428547178405552e-10
1.145879779951286537e-10
9.207161422164489295e-11
-1.301169449963168745e-10
1.670261706721021255e-10
1.564823826072370139e-10
2.010191457735288623e-10
-1.339527933019724060e-10
-1.525815029879140639e-10
-1.093850357514192240e-10
-1.734778709572282196e-10
1.890905487744731772e-11
1.463418275449157591e-11
-1.500988500158229044e-10
7.079056091319202437e-11
-1.663419402220256416e-10
-1.747471611857065454e-10
1.742595373555033689e-10
-7.902065113363221371e-11
-1.442754249403321865e-11
1.722537112947009064e-10
1.823041162474225985e-10
1.517764525171827472e-10
-1.833381224614072380e-10
-3.420788374786098984e-10
-9.050245275421531232e-11
-1.282032674465583000e-10
-1.413652528370334949e-11
-1.939220173330369335e-10
-9.413623353049516140e-11
5.518353829447875114e-11
2.592851280902586097e-11
4.316134255555326149e-11
2.551189814958831903e-11
1.297928015064897522e-10
2.179052494000188744e-10
-1.091178536416492761e-10
1.345091399373998797e-11
-2.301710905205922586e-11
-7.611303948218406390e-12
-1.013445924402667231e-10
4.570265346726110067e-11
-4.096771533124154985e-12
-1.246712177938036348e-10
1.834203344763807308e-10
7.259387535540895442e-12
4.574581685679035559e-11
2.832714271483460777e-11
3.233950884862224484e-10
6.310699879330528006e-11
-1.473046684630219261e-10
8.346305591100389165e-11
3.294333972281293654e-10
-1.520283621214701952e-10
9.786298854619346343e-11
-1.181483522127990682e-10
-2.051620678900079042e-11
-6.869092794570264005e-11
9.670603207112549171e-11
5.912187406309499238e-12
-3.205612164602911207e-10
-9.161320313477716581e-11
-3.192795333673004166e-11
-4.939104680801165159e-11
4.083960947198761460e-11
-1.949704703241295078e-10
5.530937166597915677e-11
1.915201469637750620e-10
-7.278795621790123960e-12
-3.793382621908314434e-11
6.998075036124262738e-11
-2.476719662691806434e-10
-1.140289460077603678e-10
-7.557667686119984296e-11
-1.513206643322106970e-10
7.801715523614305425e-11
2.524576103724029963e-10
1.109447950176090103e-10
2.272150662063765481e-10
1.786093356548335009e-10
3.382931434980918084e-10
-1.076552180734324793e-10
-3.271187487552396078e-10
-2.186943404147712045e-10
-3.986767582730976756e-10
1.699463486604102513e-12
1.799401183610882526e-10
-8.353222280543803890e-11
-3.681391025356361979e-10
1.339588162618809974e-11
8.594430722652646182e-11
2.526568398941719806e-10
4.622718319247098862e-10
-4.673018916268034673e-11
1.081211301046103301e-10
1.767854196366158703e-10
-5.616740406111375705e-11
1.362148449590705468e-10
-2.729627635034148625e-10
-1.676778993431327081e-10
-8.212747149016763615e-11
-1.334725385770951789e-10
-2.002038534953953786e-10
-3.619100505392047751e-11
-1.216642481205454374e-10
5.194980556844086550e-11
-7.460695949923490389e-11
3.827047012627815548e-11
-4.681601287193082328e-11
-9.612152046534205851e-11
6.301054816804096959e-11
-1.356725426449045813e-10
9.005122342253812917e-11
1.569691598923839138e-10
2.557100087230423924e-10
3.012595728435485398e-11
-1.106154196017783420e-10
-7.395524470599212918e-11
-8.807882201367078778e-11
6.532503704637093733e-11
-1.587601300423457928e-10
-1.355682649473166634e-10
1.252019599107256909e-10
7.749970803994088442e-11
3.349808208596982695e-10
1.890902989742926366e-10
-7.886036962334586065e-11
1.399201032814545442e-10
1.316848574628437518e-10
-1.877233785085863360e-10
-1.453454023803146811e-11
2.029500595357447423e-10
-6.792007928302368214e-12
3.182323293771105455e-10
1.761669560229606191e-10
-5.939742447891305233e-11
2.340097837727483920e-10
-6.955590270418809951e-11
-2.324206938020267899e-10
-1.849443515000714910e-10
9.000987455376474600e-11
9.437597925376906005e-11
7.231096277315884890e-11
-4.641898670998401144e-11
2.559186751405206905e-10
6.722763318256497200e-11
2.249965352918437134e-10
-1.922422082634156482e-10
-4.077457121942629215e-11
2.706660451323728012e-10
8.473829971045176990e-11
-8.982352361908141347e-11
2.631843631917263338e-10
8.262947270853970849e-11
-1.226116708163971225e-10
-4.319262725260841762e-10
-6.974485572408539724e-11
1.370462354710610953e-10
-5.334156380487620197e-11
-1.742598704224107564e-10
4.779338036442482007e-11
3.609215704081236709e-11
3.042727181323812147e-10
-2.634450990690595518e-11
1.521874709586867880e-10
-1.643053748612288700e-10
1.590780979165984377e-10
5.142752543263462428e-11
4.015363042064734600e-10
-4.049437174469261436e-11
-1.935610283165800638e-10
-2.519899011677040335e-10
-2.316068725694009345e-10
-4.214779081301855967e-10
2.381848329680025245e-10
1.125968276949329550e-10
1.370682733980999046e-10
1.356425943788153177e-10
1.642612157404244044e-10
-1.504076446723345839e-10
3.091122358078735033e-10
1.305661412320802128e-10
-2.420789263490874532e-11
6.247220796229413509e-11
-2.486884587149518211e-10
-1.000038801768354801e-10
-7.202956286977979516e-11
4.643584128327660210e-12
-2.524121744951202118e-10
-2.252411174241686354e-10
4.844309675622326949e-11
-2.196628018369395363e-10
-6.555282011655449992e-11
-3.323370745267339998e-10
-9.245068599561534484e-11
-8.424443781462898073e-11
-5.053393814513640336e-11
-8.542402202271759393e-11
-2.308918889415423337e-10
-2.036774915392669527e-10
-5.549438131247086403e-10
-3.250517632835681070e-10
-2.491988906894171407e-11
9.833509700962750344e-11
4.392929076058038618e-11
2.715203756276096669e-11
-6.972158961282559630e-11
8.699373166276558322e-11
3.273195603448186830e-10
-2.060902143385945351e-10
1.824758955049077258e-10
-6.289595927411184562e-11
-1.030211679853287876e-10
3.394643455223445017e-10
2.259262915638160507e-10
-3.147923588464607292e-10
-6.210149061658398750e-11
-3.765177891690285605e-10
-2.538443621968866637e-10
-7.499550980227809305e-11
4.070793702126707103e-11
3.632797535013665424e-11
1.104486363479040278e-10
-1.200385485455868206e-10
-3.345836802060020432e-11
-6.295156756985775814e-11
-3.939446546752378708e-10
4.200099157358749835e-10
-3.038948814815256583e-10
-3.776968182656048612e-10
-1.950402894745906224e-10
-2.948910005073912544e-10
8.765274617239526833e-11
-6.385339479386686889e-11
2.011714406169318181e-11
-9.310428816799998231e-11
-1.212867306588094607e-11
-2.576926450004179969e-10
9.938314060597974731e-11
-2.431407297720511451e-10
1.276030670016581325e-11
-1.651788428258527119e-10
-4.767524916515775146e-12
-3.139468962576330568e-10
-9.356962427098380886e-11
3.061222941802554942e-10
-2.501715154479278169e-11
1.071279523423562807e-10
-2.075527805178722929e-10
-1.938514626598220048e-10
-3.719389241041426430e-10
-1.574695374095824718e-10
-1.455001813477352357e-10
-4.464005554094541139e-11
-1.236780122759739697e-11
-2.581220306940856801e-11
-1.594452070374785535e-10
-1.803536486821855078e-11
-2.128342502238922407e-10
6.599565338660795533e-11
2.872116988683615091e-10
-6.311100253508783453e-11
-1.609578026418034824e-10
-1.165932975166761310e-11
2.091436607232211031e-10
4.180371049322673116e-10
-2.754462977150318181e-11
3.653990998664369272e-11
2.593369408110390850e-10
-2.371187413086062179e-10
-6.263305846188060855e-12
6.543492830912711611e-11
-9.700555636538155113e-11
1.750626033025781680e-10
-1.031698823594773273e-10
1.971292573621497013e-10
1.886963918451556310e-10
-4.314187895815280172e-12
4.678267842561645296e-11
-7.432568449594612048e-11
1.186162279509517248e-12
5.572037969914234168e-11
-6.128311746955716899e-11
-6.979356675929082598e-11
-4.619665761040891994e-10
-2.853426661619806737e-10
-1.816797268183734104e-10
1.634374580117281539e-11
-5.471625375008670744e-10
2.769297638427481445e-11
2.575158697393220564e-10
2.457524461707549790e-11
-1.735489252308042296e-10
-4.462069602695351023e-11
1.258051718355801540e-10
-3.308665008638911331e-10
2.654377828648080140e-10
-2.657500886016350705e-10
2.112726660286057268e-12
-1.819297490435189957e-10
-1.176719832685080291e-10
-1.038440167189236263e-11
4.484007956606639311e-11
7.245133659683489213e-11
-2.041153773779669223e-10
-7.510249366848853469e-11
1.409162925236628894e-10
1.574129993020534357e-10
-5.215315679318877073e-11
-2.404216409290782508e-11
3.322608854716690985e-11
-7.738366891718584384e-11
-1.951123290711009872e-10
1.124873388880232028e-10
1.130265117610385062e-10
9.119489885467402246e-11
9.219128238591167701e-11
-1.767494067772545918e-10
-9.447011228846946551e-11
-3.119251384964272233e-11
1.661202286840079978e-10
3.206355181362141593e-10
-7.980134608676081598e-11
-1.417372330614341536e-10
-9.474274142995398051e-11
1.179903397208192928e-10
-1.207920430346121066e-10
3.252625252470053852e-11
8.335294954253669175e-11
5.820138121448437118e-11
-1.725158904619661371e-10
3.758408029241877557e-10
1.004835381568369712e-10
6.174872418940324792e-11
-1.513881936476835222e-10
-2.379490354753599490e-11
2.516073738245694358e-10
-1.835181312470623993e-10
6.639098992788916576e-11
-1.949343186868901512e-10
-4.151880228508986193e-11
-2.934092968587265204e-10
-6.812931468980210070e-11
-1.096426283098139720e-10
-1.034602403748863253e-10
-1.651836861737976392e-10
-4.704842071490134003e-11
8.141350094081900579e-11
1.762121559778506708e-10
1.167776292332334265e-11
-8.192854034083651982e-11
-5.826931992469752686e-11
-7.104998533957740392e-11
-1.442114622163259696e-10
-7.117657851996028739e-11
6.609249952882478851e-11
1.623099155079188449e-10
-1.121991874408756473e-10
1.523595555275036872e-10
-1.596032195294583289e-10
-3.010326016239517344e-11
4.539469494746484202e-11
4.287373928102411469e-11
-2.440342650178450867e-10
-7.543174418422893268e-11
2.973341572953813738e-10
1.977622648974275421e-10
1.429640572592205672e-10
3.715927843206401349e-10
8.124401151832216783e-11
-1.470546601156641486e-11
-1.112700209748851421e-10
-3.610271803733411389e-11
-7.811047642025670257e-11
2.716690206128191676e-10
1.450238193423381006e-11
2.160379652949018237e-10
5.411664866228349524e-11
-9.344246904019470890e-11
-8.838077492079321473e-11
-1.551097583707417016e-10
5.857117568730529911e-11
1.475330829725507442e-10
-2.233747353752590925e-10
-2.374979379826669401e-10
-4.933447400601309596e-11
2.551443084586324517e-11
-1.814400435451446469e-10
-4.686362409245248273e-11
-2.177025226757223209e-10
8.432084891429880713e-11
-5.883654674576632715e-11
-6.311135641867693380e-11
-5.921517443052692897e-11
-1.705909719040832329e-11
-8.896139380709655597e-11
8.098341441886702796e-11
2.576288488098654739e-11
1.513854042123341515e-10
2.597398164605468907e-11
2.272562416028023335e-10
-1.791703729825400160e-10
6.114093259457220597e-11
-5.301349637054642017e-11
-2.387785524859964426e-10
4.129480091208392878e-10
-6.845093936114210464e-11
1.249138570358354627e-10
-1.528663307048816478e-10
1.733128224268298823e-10
-1.883917188916228724e-10
4.153686075647478049e-11
1.633810586820771960e-10
-3.371679879737854435e-10
-8.380455357448468590e-11
-3.739842324712583377e-10
4.260738289962873182e-11
2.626583672782345502e-10
1.441633618037840847e-11
2.158809242480685953e-10
-8.095149550690905471e-11
3.478269755552432230e-12
-3.034078266406226021e-10
2.629946954657569336e-11
-2.100088297707358720e-10
-3.702437800789937228e-10
-7.469169727158941896e-11
1.788709735883742269e-10
8.022102426785693297e-11
3.192691944153835948e-11
2.705732859986653693e-10
1.575043151458288548e-10
-1.377393754609101961e-10
-7.337358498560320186e-11
-2.310415331274739970e-10
3.993678998615024511e-11
3.463274111936698318e-10
2.171645641091402013e-10
-1.561094309376898082e-10
-7.217038078266568846e-11
-1.909475355610368297e-10
2.921122788102081813e-10
1.155158885213225517e-10
1.483782818834100681e-10
-7.864396633916470591e-12
1.808956318072318936e-10
-1.579848613042500460e-10
4.957887572709651636e-11
1.909361002638831906e-10
1.372448543701665358e-10
1.818847433776582534e-10
-2.595337833533051253e-10
-3.308645857291736547e-10
1.236108160274085321e-10
3.582677904345743514e-11
-1.858151132960728091e-10
1.357316065098146396e-10
3.519550761943435191e-10
-1.631643431476703654e-10
-7.334270690773081469e-11
-4.458011737540346076e-10
-3.927471958764527926e-10
2.171729740485517368e-10
1.779942304658277408e-10
6.758439641263436215e-11
-2.553168787500226244e-10
5.433580668734450114e-11
-1.126229942638445891e-10
3.900656533883939403e-11
-4.311294724002046053e-11
3.025845962678630485e-10
1.511175906632189481e-11
-1.224408074929073109e-11
-2.668734400135264195e-10
-9.392388256035388849e-11
-3.884884636207175390e-10
-1.110839267792762541e-10
-1.163594082198571300e-10
-1.927123044476175551e-11
-3.490189040555868871e-11
-1.142825833966298887e-10
-9.037635223529960626e-11
3.012283755765565729e-10
-1.073843583498934606e-10
-1.178949438074283762e-10
-1.099146190730593275e-10
8.912501292535068842e-11
-1.702400720393626443e-10
1.743579447488485812e-10
-2.565143375488077027e-10
-1.706047109140129692e-10
2.758517025913675980e-11
1.421535389400929716e-10
2.794120768090380125e-10
1.553441819623913034e-10
-8.563797587735066941e-11
-1.249249592660817143e-10
4.592002819658880242e-11
2.505345930714497626e-10
-5.160928628900052217e-11
1.240675756575271294e-10
7.682526836916281354e-11
3.396453951420852491e-11
-3.108005519614209788e-10
1.827791806796597029e-10
7.043680222418302606e-11
-1.280527905933581678e-10
2.591198366985736357e-10
-9.422214397591943680e-11
1.213848743741863245e-10
-1.293954526859764087e-10
-2.064382276234510982e-10
4.382557858284563679e-11
-1.056518691977537117e-10
5.875941400113049440e-11
-8.835724513156506532e-11
-2.316408731495300799e-10
-1.924936043895542070e-10
-6.044033329377640484e-11
2.195322118536680023e-10
1.328836762848339959e-10
-1.249847447759577790e-12
9.031452669061579286e-11
-5.673501946024117615e-11
-5.492538715512473857e-12
-3.578020935091075216e-10
1.273209315755252646e-11
2.097748919016595437e-10
-2.718129055168105879e-10
1.850850722684427296e-10
3.397311321151619268e-10
9.071703110929973946e-11
-1.675486485663846281e-11
2.942679433459716165e-10
-8.549636693055973069e-11
-3.219361166539869146e-10
4.438488465652312698e-11
-2.900054640875282530e-10
1.471583133128007148e-10
1.054659901078558448e-10
-1.141510427848935194e-10
-2.013575417514346100e-11
1.228216833792927787e-11
-1.069236713058252519e-12
1.916456437989211281e-10
-7.514287803100927476e-11
-2.014369088199075009e-10
-2.119393827104687489e-10
4.027240346760052603e-11
1.016898301675617233e-10
5.986387774381540794e-11
1.865355231389642654e-10
1.915797936957730485e-10
-1.984373498853386764e-10
