-5.304872989654541016e+00
-3.071453571319580078e+00
-3.992988169193267822e-01
-3.014776110649108887e-01
-7.051710784435272217e-02
-8.835429549217224121e-01
-1.015006184577941895e+00
1.843705058097839355e+00
2.449457645416259766e+00
1.778037101030349731e-02
-4.217735528945922852e-01
-2.299175024032592773e+00
-3.143877029418945312e+00
1.030198812484741211e+00
-5.050116539001464844e+00
-3.709021568298339844e+00
9.530867338180541992e-01
-4.532215595245361328e-01
2.964356243610382080e-01
-1.429398059844970703e+00
-2.486048460006713867e+00
-1.563300490379333496e+00
-1.787527918815612793e+00
-6.193678379058837891e-01
-4.034699440002441406e+00
-3.158312082290649414e+00
-3.723599910736083984e+00
-2.604031562805175781e+00
-3.277502536773681641e+00
-2.948821783065795898e+00
-2.228674650192260742e+00
-4.658639430999755859e+00
-3.143240451812744141e+00
-4.968976676464080811e-01
5.813975334167480469e-01
-3.275937080383300781e+00
-2.055468797683715820e+00
-1.933518767356872559e+00
-9.520816206932067871e-01
-1.836408615112304688e+00
-2.629770994186401367e+00
-1.713283061981201172e+00
-3.167466640472412109e+00
-1.930972695350646973e+00
-2.395380973815917969e+00
-1.322430729866027832e+00
-2.624123573303222656e+00
-3.393071651458740234e+00
-3.785906314849853516e+00
-1.804914236068725586e+00
-3.015952348709106445e+00
-1.324796438217163086e+00
-1.907896518707275391e+00
-3.453387022018432617e+00
-1.733997702598571777e+00
-3.422940731048583984e+00
-1.362804532051086426e+00
-2.763102531433105469e+00
-2.756410360336303711e+00
-3.406543493270874023e+00
-4.203544259071350098e-01
3.844682872295379639e-01
-1.932586908340454102e+00
-3.368210077285766602e+00
-3.596774339675903320e+00
-7.207334637641906738e-01
-1.885173439979553223e+00
-7.674636244773864746e-01
-2.576893091201782227e+00
-2.751232147216796875e+00
-2.124222040176391602e+00
5.994076728820800781e-01
-1.813993692398071289e+00
-4.497894048690795898e-01
-1.446536779403686523e+00
-3.210712075233459473e-01
1.302936553955078125e+00
1.018829464912414551e+00
1.650656104087829590e+00
-4.405104517936706543e-01
-7.693484425544738770e-01
1.992840617895126343e-01
1.884731203317642212e-01
-1.121463030576705933e-01
-1.387184023857116699e+00
-4.236243069171905518e-01
1.309577673673629761e-01
-1.744475960731506348e+00
-3.183495759963989258e+00
-2.345085620880126953e+00
-4.965676307678222656e+00
-3.304360151290893555e+00
-1.814538359642028809e+00
-1.809158444404602051e+00
-3.056663751602172852e+00
-4.946178913116455078e+00
-3.010450601577758789e+00
4.886837005615234375e-01
-3.291260302066802979e-01
8.889777064323425293e-01
-4.461379945278167725e-01
-3.688537836074829102e+00
-2.819684267044067383e+00
-3.424654006958007812e+00
7.088730335235595703e-01
-1.826492071151733398e+00
-2.485729455947875977e+00
-2.144488811492919922e+00
-1.484078645706176758e+00
-2.129660367965698242e+00
-2.280344247817993164e+00
-2.256287813186645508e+00
2.827171087265014648e-01
-2.056196212768554688e+00
-2.295716762542724609e+00
-2.395911216735839844e+00
-2.767103433609008789e+00
-3.753076553344726562e+00
1.575296521186828613e+00
-2.449622564017772675e-02
1.783103346824645996e+00
4.805673062801361084e-01
4.445606768131256104e-01
-1.213647603988647461e+00
1.671882390975952148e+00
-1.730393171310424805e-01
-1.282714962959289551e+00
-1.444378852844238281e+00
-4.664468169212341309e-01
-1.762645006179809570e+00
-1.399540185928344727e+00
-3.871873378753662109e+00
-7.776279449462890625e-01
-2.900936365127563477e+00
-1.641178369522094727e+00
-3.624932050704956055e+00
-2.199707746505737305e+00
-1.665744744241237640e-02
1.634863317012786865e-01
2.937727928161621094e+00
-1.983141750097274780e-01
-3.219961374998092651e-02
8.595876395702362061e-03
1.992351889610290527e+00
6.438443064689636230e-01
1.318822145462036133e+00
6.812195777893066406e-01
-3.818807125091552734e+00
-2.160307645797729492e+00
-5.012793064117431641e+00
-1.627019762992858887e+00
6.486587047576904297e+00
2.013177633285522461e+00
-1.180554986000061035e+00
1.748418569564819336e+00
3.547383546829223633e+00
2.699341058731079102e+00
4.011540412902832031e+00
5.392946720123291016e+00
3.449173688888549805e+00
1.872314691543579102e+00
2.773124933242797852e+00
5.335192680358886719e+00
4.290454387664794922e+00
2.639340400695800781e+00
7.846316099166870117e-01
4.918085575103759766e+00
4.349444389343261719e+00
4.277850151062011719e+00
7.475563049316406250e+00
4.686861038208007812e+00
4.642314434051513672e+00
8.010618209838867188e+00
6.724209785461425781e+00
7.429190158843994141e+00
2.581850886344909668e-01
5.767165660858154297e+00
3.357682704925537109e+00
1.692617177963256836e+00
4.309306621551513672e+00
4.193264961242675781e+00
3.602537810802459717e-01
3.479664325714111328e+00
2.919541001319885254e-01
4.694736003875732422e+00
2.441752910614013672e+00
2.964751720428466797e+00
1.488455653190612793e+00
4.100704669952392578e+00
3.030676364898681641e+00
-9.005557894706726074e-01
2.064319610595703125e+00
2.331118345260620117e+00
4.657823562622070312e+00
-8.375184983015060425e-02
6.237327098846435547e+00
3.176040410995483398e+00
2.157144546508789062e+00
2.634036779403686523e+00
2.204375267028808594e+00
2.136477708816528320e+00
1.858720302581787109e+00
6.849763989448547363e-01
2.318263053894042969e+00
2.726069450378417969e+00
2.824397087097167969e+00
2.149070978164672852e+00
2.515889167785644531e+00
4.441639900207519531e+00
5.340345382690429688e+00
2.742194414138793945e+00
1.923244237899780273e+00
2.698985815048217773e+00
2.238995790481567383e+00
2.440820693969726562e+00
5.392033576965332031e+00
-8.632850050926208496e-01
5.015612125396728516e+00
2.944756031036376953e+00
4.811437726020812988e-01
6.149994134902954102e-01
-6.520256400108337402e-03
4.127533912658691406e+00
3.415779829025268555e+00
4.146593093872070312e+00
5.378417015075683594e+00
4.182077407836914062e+00
7.139725685119628906e+00
-8.830949664115905762e-01
2.421869993209838867e+00
6.408042907714843750e+00
8.137215614318847656e+00
7.396359920501708984e+00
1.570158839225769043e+00
3.341282606124877930e+00
6.132421493530273438e+00
4.940281867980957031e+00
1.196099400520324707e+00
4.900734424591064453e+00
3.734422206878662109e+00
3.987645149230957031e+00
3.345386028289794922e+00
4.826298713684082031e+00
3.222011327743530273e+00
3.241660594940185547e+00
4.766008377075195312e+00
3.315229415893554688e+00
8.273324966430664062e+00
1.164457416534423828e+01
8.804013252258300781e+00
1.186358642578125000e+01
2.674686908721923828e+00
4.492912292480468750e-01
6.699038505554199219e+00
4.691534042358398438e+00
2.955674648284912109e+00
4.551117897033691406e+00
5.854605674743652344e+00
5.543060779571533203e+00
2.293478727340698242e+00
1.286025047302246094e+00
2.798085212707519531e+00
2.383108139038085938e+00
6.158082485198974609e+00
8.175317764282226562e+00
1.501230835914611816e+00
7.968925833702087402e-01
2.514092683792114258e+00
4.971691966056823730e-02
5.860215187072753906e+00
3.837865591049194336e+00
2.594363212585449219e+00
3.596333265304565430e+00
4.837422847747802734e+00
3.191277265548706055e+00
2.563683509826660156e+00
2.560643851757049561e-01
-8.890693783760070801e-01
-4.468749761581420898e-01
2.027116060256958008e+00
6.445775032043457031e-01
3.786503553390502930e+00
4.034536838531494141e+00
-3.141076862812042236e-02
3.242394685745239258e+00
2.657305240631103516e+00
6.159854531288146973e-01
8.509474396705627441e-01
-1.879322409629821777e+00
-2.072499990463256836e+00
-2.777829647064208984e+00
-1.408501744270324707e+00
1.759822249412536621e+00
-2.885401248931884766e+00
-1.502195596694946289e+00
-2.097048997879028320e+00
-9.263852238655090332e-01
-2.899399995803833008e+00
-2.966525316238403320e+00
-1.400883674621582031e+00
-3.205384314060211182e-01
-2.845165014266967773e+00
-8.019803166389465332e-01
-1.012395620346069336e+00
-2.736976385116577148e+00
-1.462757110595703125e+00
-7.946257591247558594e-01
-1.161162018775939941e+00
5.448518991470336914e-01
3.165130317211151123e-02
1.343296766281127930e+00
-6.747986078262329102e-01
7.130562067031860352e-01
-2.763966321945190430e+00
9.259598255157470703e-01
-1.919246435165405273e+00
-2.671021699905395508e+00
-2.197869777679443359e+00
-3.770402669906616211e-01
-1.244514584541320801e+00
-2.571657657623291016e+00
-8.711316585540771484e-01
-2.444102764129638672e+00
-3.716565847396850586e+00
-2.589309930801391602e+00
-2.971138477325439453e+00
-3.144478559494018555e+00
1.039405226707458496e+00
-2.857126474380493164e+00
-1.792573809623718262e+00
1.411527037620544434e+00
7.329512834548950195e-01
3.981730341911315918e-01
8.027431368827819824e-01
-3.408493757247924805e+00
-3.273386955261230469e+00
-3.421235799789428711e+00
-1.561401009559631348e+00
-3.091247081756591797e-01
9.763295054435729980e-01
2.754240036010742188e-01
1.322784066200256348e+00
2.451785564422607422e+00
2.401919960975646973e-01
-3.107572555541992188e+00
2.733948230743408203e+00
2.029394060373306274e-01
-6.661593168973922729e-02
2.926814317703247070e+00
1.341968774795532227e+00
2.010752916336059570e+00
-1.312603831291198730e+00
7.139685750007629395e-01
1.026113629341125488e+00
1.945756196975708008e+00
2.535336494445800781e+00
9.749926328659057617e-01
4.908723235130310059e-01
-5.452727079391479492e-01
3.772340416908264160e-01
-8.614520430564880371e-01
6.267291903495788574e-01
-2.021690845489501953e+00
-8.279284238815307617e-01
-3.404428243637084961e+00
-3.579924106597900391e+00
-4.296057224273681641e+00
-2.814881086349487305e+00
-4.099452972412109375e+00
-3.147575855255126953e+00
-2.785059452056884766e+00
-1.127117991447448730e+00
-2.663550376892089844e+00
-9.327954649925231934e-01
-2.876699686050415039e+00
-2.240536212921142578e+00
-2.284506797790527344e+00
-3.094113826751708984e+00
-2.216650247573852539e+00
-3.756544113159179688e+00
-9.873069524765014648e-01
-3.429010391235351562e+00
-3.163150072097778320e+00
-6.934168338775634766e-01
-1.502244114875793457e+00
-4.312355518341064453e+00
-3.855191946029663086e+00
-4.054620742797851562e+00
-2.503284692764282227e+00
-1.978923439979553223e+00
-3.453270912170410156e+00
7.021285891532897949e-01
-2.990204811096191406e+00
-2.266486883163452148e+00
2.884232103824615479e-01
-2.345892429351806641e+00
-1.676619648933410645e+00
-8.114793896675109863e-01
-1.832961678504943848e+00
-2.237843751907348633e+00
-9.943405985832214355e-01
-1.188264250755310059e+00
-8.875426054000854492e-01
-7.223841547966003418e-01
-1.390482068061828613e+00
-2.480626106262207031e+00
-1.702638149261474609e+00
-2.736867666244506836e-01
-4.110643565654754639e-01
-3.277790248394012451e-01
-1.834152638912200928e-01
-8.440570533275604248e-02
3.107432365417480469e+00
6.072919368743896484e-01
5.920790433883666992e-01
-5.473697930574417114e-02
-1.652151823043823242e+00
-1.663599491119384766e+00
-1.233850240707397461e+00
1.618170291185379028e-01
4.874040186405181885e-01
-1.280197620391845703e+00
5.940128564834594727e-01
5.983909219503402710e-02
-4.074288308620452881e-01
6.065456941723823547e-02
-1.047034978866577148e+00
3.643885850906372070e+00
4.361728191375732422e+00
9.159434586763381958e-03
1.654554724693298340e+00
1.614895462989807129e+00
-1.086161375045776367e+00
9.610307812690734863e-01
2.344851732254028320e+00
2.279234170913696289e+00
-9.723111987113952637e-01
2.512873411178588867e-01
-7.952858209609985352e-01
-9.591125249862670898e-01
3.586278557777404785e-01
-1.504819035530090332e+00
-2.052164316177368164e+00
-1.176334321498870850e-01
1.107912421226501465e+00
3.565025568008422852e+00
-6.756338477134704590e-01
6.900511384010314941e-01
-2.187054395675659180e+00
-1.203677415847778320e+00
2.358083724975585938e+00
1.202227592468261719e+00
2.833455502986907959e-01
6.631059646606445312e-01
6.385683417320251465e-01
-2.629847452044487000e-02
8.024750947952270508e-01
1.124362468719482422e+00
-1.883824467658996582e+00
4.081124782562255859e+00
2.120485067367553711e+00
-6.121838092803955078e-01
3.550005674362182617e+00
3.840568304061889648e+00
-2.905091047286987305e+00
1.473295688629150391e-01
-3.125526905059814453e+00
-7.716735005378723145e-01
-2.485424280166625977e+00
-8.381690382957458496e-01
-3.405032157897949219e-01
-1.028421878814697266e+00
1.296931877732276917e-03
-2.029386997222900391e+00
-2.222239255905151367e+00
-1.547604441642761230e+00
6.651906371116638184e-01
-7.032874226570129395e-01
2.933298110961914062e+00
-3.244118690490722656e-01
1.834678351879119873e-01
-9.240699410438537598e-01
-1.786883115768432617e+00
-1.299563765525817871e+00
1.735078215599060059e+00
-1.880907773971557617e+00
1.957556307315826416e-01
4.424545764923095703e-01
-9.971910715103149414e-01
1.314686298370361328e+00
-2.747856140136718750e+00
1.987634599208831787e-01
-6.968818604946136475e-02
9.404174685478210449e-01
-1.648726224899291992e+00
2.061471343040466309e-01
9.089014530181884766e-01
-1.356230020523071289e+00
-6.183912158012390137e-01
-1.689680576324462891e+00
-6.570534706115722656e-01
-9.369719624519348145e-01
3.074631094932556152e-04
-7.854071855545043945e-01
-5.032006502151489258e-01
1.937022209167480469e-01
-1.446301817893981934e+00
-1.911307692527770996e+00
1.140715956687927246e+00
4.985950887203216553e-01
-6.944320201873779297e-01
-1.730845332145690918e+00
-2.156790733337402344e+00
-5.634741187095642090e-01
1.875116467475891113e+00
2.961504697799682617e+00
2.559656143188476562e+00
-1.779568433761596680e+00
-1.893005251884460449e+00
1.851940512657165527e+00
1.766821622848510742e+00
3.524587154388427734e-01
7.356830835342407227e-01
4.469233989715576172e+00
-1.452500462532043457e+00
1.183396279811859131e-01
1.786023974418640137e-01
-1.274223804473876953e+00
-2.047924280166625977e+00
1.905871868133544922e+00
5.140137299895286560e-02
-1.028815984725952148e+00
1.132403254508972168e+00
-6.238641142845153809e-01
1.971388578414916992e+00
-1.464185714721679688e+00
-1.147930860519409180e+00
1.129464721679687500e+01
-2.021960496902465820e+00
2.379656553268432617e+00
-1.719746708869934082e+00
1.251142024993896484e+00
6.885732710361480713e-02
2.472486257553100586e+00
-7.564011812210083008e-01
4.853888154029846191e-01
-1.736630678176879883e+00
-2.911533355712890625e+00
-3.717522621154785156e-01
-3.959665894508361816e-01
-2.734281539916992188e+00
2.862499654293060303e-01
1.880292892456054688e+00
6.065324544906616211e-01
-1.606967806816101074e+00
-2.369954824447631836e+00
-1.535432934761047363e-01
6.283486485481262207e-01
2.151743918657302856e-01
4.496318817138671875e+00
-2.956655323505401611e-01
-8.252953886985778809e-01
-3.198199868202209473e-01
-3.436755657196044922e+00
-5.623413920402526855e-01
-9.565399885177612305e-01
6.817012429237365723e-01
-7.178969383239746094e-01
2.863792419433593750e+00
-7.488193511962890625e-01
1.730948090553283691e+00
-1.499535441398620605e+00
5.811222791671752930e-01
-2.032154798507690430e+00
-2.107985734939575195e+00
-5.624461770057678223e-01
-1.423107743263244629e+00
-1.769933581352233887e+00
7.372360825538635254e-01
-1.311327695846557617e+00
-1.447838664054870605e+00
-3.216620922088623047e+00
-3.969719409942626953e-01
4.621333777904510498e-01
-1.655594348907470703e+00
2.827264368534088135e-01
-5.369206070899963379e-01
3.195795416831970215e-01
2.841339826583862305e+00
1.187241196632385254e+00
-2.732491970062255859e+00
-1.136396266520023346e-02
-2.605540990829467773e+00
-9.473578929901123047e-01
-8.986814618110656738e-01
-2.492132186889648438e+00
1.554180979728698730e+00
-1.661269426345825195e+00
-1.319034337997436523e+00
2.348144948482513428e-01
-7.119780033826828003e-02
6.300271153450012207e-01
3.671502470970153809e-01
3.422127723693847656e+00
-8.996556401252746582e-01
-7.300123572349548340e-03
6.003417372703552246e-01
-8.788805007934570312e-01
8.776572346687316895e-01
-6.875135898590087891e-01
-5.541632175445556641e-01
3.131434321403503418e-01
-8.943726420402526855e-01
-1.304544448852539062e+00
3.103263378143310547e-01
1.615832686424255371e+00
-2.039829015731811523e+00
2.193441152572631836e+00
-4.141141772270202637e-01
-5.627858638763427734e-01
1.158991932868957520e+00
2.664682865142822266e-01
1.673342585563659668e+00
-2.835576236248016357e-01
6.490977406501770020e-01
9.302568435668945312e-01
-1.624137520790100098e+00
-1.522042155265808105e+00
1.094695031642913818e-01
3.796777129173278809e-02
-5.831905603408813477e-01
2.037465125322341919e-01
1.811223328113555908e-01
-8.021691441535949707e-01
-1.385626912117004395e+00
-2.299503803253173828e+00
5.605732798576354980e-01
1.947710752487182617e+00
3.468206167221069336e+00
3.578534841537475586e+00
-8.303962349891662598e-01
-6.520050168037414551e-01
4.883393049240112305e-01
-2.218896746635437012e-01
1.994718611240386963e-01
-3.573883771896362305e-01
4.136041164398193359e+00
6.253916621208190918e-01
3.992706537246704102e-01
-2.170560121536254883e+00
-6.267694830894470215e-01
9.147361516952514648e-01
2.411322444677352905e-01
1.528696417808532715e+00
-2.056391716003417969e+00
1.399918079376220703e+00
-6.309088468551635742e-01
-6.971613168716430664e-01
-3.320370614528656006e-01
-6.260262131690979004e-01
-6.920893192291259766e-01
-1.669492840766906738e+00
-2.548443675041198730e-01
-2.073743343353271484e+00
2.517451047897338867e-01
2.072694778442382812e+00
-4.726198017597198486e-01
8.960883617401123047e-01
-2.118666887283325195e+00
-2.054665327072143555e+00
2.153131723403930664e+00
-6.885927915573120117e-01
8.791930675506591797e-01
-3.303966522216796875e-01
4.341620206832885742e-01
-1.589879274368286133e+00
5.698904991149902344e+00
-7.051571011543273926e-01
1.220097541809082031e+00
1.020676344633102417e-01
1.102968692779541016e+00
-2.339428812265396118e-01
-1.091182708740234375e+00
-7.478256821632385254e-01
-1.760624885559082031e+00
-4.233875751495361328e+00
-1.475291371345520020e+00
-3.466518402099609375e+00
2.332631647586822510e-01
-1.038166999816894531e+00
1.735405921936035156e+00
2.128751993179321289e+00
-2.729969322681427002e-01
2.291006803512573242e+00
-9.571695327758789062e-01
-3.981702625751495361e-01
1.029974699020385742e+00
1.515084028244018555e+00
-8.167901635169982910e-02
3.716934621334075928e-01
5.862295150756835938e+00
7.713543176651000977e-01
7.711279392242431641e-01
1.209964036941528320e+00
2.856830120086669922e+00
-2.543132305145263672e+00
6.428351998329162598e-01
-1.168251037597656250e+00
-9.513804316520690918e-01
-1.594290971755981445e+00
6.746199727058410645e-01
3.430182114243507385e-04
-2.700017929077148438e+00
-1.986145377159118652e-01
-1.648178815841674805e+00
-1.765691161155700684e+00
1.776343584060668945e+00
-1.074689149856567383e+00
-7.846953868865966797e-01
-5.607312917709350586e-01
7.996782660484313965e-02
1.619274139404296875e+00
7.214602231979370117e-01
2.867289781570434570e+00
-2.550906658172607422e+00
-6.169393062591552734e-01
-2.238235473632812500e+00
-2.189365148544311523e+00
3.886510133743286133e+00
-1.178429126739501953e+00
3.656390905380249023e+00
3.978811025619506836e+00
-1.724473536014556885e-01
2.514661073684692383e+00
-1.665529012680053711e+00
-5.794931054115295410e-01
-1.489431858062744141e+00
-1.105939745903015137e+00
-1.133992552757263184e+00
-3.569898307323455811e-01
2.215286940336227417e-01
-2.054726928472518921e-01
2.003222227096557617e+00
-2.185899764299392700e-03
-2.843925356864929199e-01
-1.740243673324584961e+00
3.199990987777709961e+00
1.352409273386001587e-01
-8.658787608146667480e-01
-1.213422775268554688e+00
3.223374843597412109e+00
-1.409015059471130371e+00
-3.807853758335113525e-01
2.931056976318359375e+00
-4.921900629997253418e-01
-1.186785817146301270e+00
1.586082100868225098e+00
3.322566747665405273e-01
-6.904478073120117188e-01
1.724113076925277710e-01
1.055909395217895508e+00
9.470576643943786621e-01
1.288514137268066406e-01
-1.346345186233520508e+00
8.081517219543457031e-01
2.806470632553100586e+00
-2.641623258590698242e+00
-3.707546889781951904e-01
1.178199887275695801e+00
1.317131400108337402e+00
2.698800563812255859e+00
-7.661048173904418945e-01
-6.694242358207702637e-01
-5.984060764312744141e-01
1.521470427513122559e+00
-5.534811615943908691e-01
-1.326209068298339844e+00
-7.823371887207031250e-01
-2.249908149242401123e-01
-1.173218727111816406e+00
-7.184352278709411621e-01
1.152614504098892212e-01
8.319468498229980469e-01
-3.910679519176483154e-01
-1.793119460344314575e-01
-1.002368450164794922e+00
3.497528433799743652e-01
1.243405461311340332e+00
1.964274883270263672e+00
2.116440296173095703e+00
4.553290903568267822e-01
2.663247346878051758e+00
5.441123485565185547e+00
1.585170626640319824e+00
2.181839011609554291e-02
4.282590866088867188e+00
1.583580255508422852e+00
3.771070480346679688e+00
-2.602833986282348633e+00
2.388553857803344727e+00
-4.101106822490692139e-01
2.738841474056243896e-01
2.558263540267944336e+00
2.025661945343017578e+00
-1.203702688217163086e+00
5.305709362030029297e+00
1.830632448196411133e+00
-1.650988124310970306e-02
2.210848093032836914e+00
-7.105156183242797852e-01
-2.438028097152709961e+00
2.978596687316894531e+00
-1.546591043472290039e+00
1.431723117828369141e+00
-1.549446731805801392e-01
-1.420617938041687012e+00
-7.774667739868164062e-01
-2.980406045913696289e+00
1.501974165439605713e-01
-1.437615633010864258e+00
-3.043742895126342773e+00
-4.796305656433105469e+00
1.135338306427001953e+00
4.536435604095458984e-01
6.381721049547195435e-02
3.161520063877105713e-01
-7.522541880607604980e-01
7.608667016029357910e-02
4.165579080581665039e-01
-1.746358394622802734e+00
2.101478815078735352e+00
1.869491457939147949e+00
-9.183117747306823730e-01
-1.454296708106994629e+00
-1.072735548019409180e+00
-1.537692308425903320e+00
1.811938285827636719e+00
2.782854318618774414e+00
1.387665629386901855e+00
-3.253140687942504883e+00
2.117634296417236328e+00
1.180970191955566406e+00
2.718593358993530273e+00
2.981079816818237305e-01
6.192245483398437500e-01
6.954926848411560059e-01
-1.530124902725219727e+00
-1.566841125488281250e+00
-1.080138921737670898e+00
-1.057533383369445801e+00
1.851891428232192993e-01
1.530729413032531738e+00
3.278666019439697266e+00
-1.314901113510131836e+00
-1.255672216415405273e+00
-1.846441388130187988e+00
-1.190899491310119629e+00
-1.261207699775695801e+00
-4.710551500320434570e-01
1.622193455696105957e-01
-1.977276802062988281e+00
2.376893281936645508e+00
4.850261509418487549e-01
-2.406922817230224609e+00
-1.790018320083618164e+00
2.203579694032669067e-01
-5.334918946027755737e-02
-1.480529308319091797e+00
-5.826020240783691406e-02
2.248391211032867432e-01
2.449708938598632812e+00
-8.952500820159912109e-01
2.447704315185546875e+00
-8.608450293540954590e-01
-3.910290956497192383e+00
4.824821352958679199e-01
2.755536794662475586e+00
-1.821703314781188965e+00
-2.277850389480590820e+00
3.140924930572509766e+00
1.499204754829406738e+00
-1.000407218933105469e+00
1.970345258712768555e+00
-2.232126951217651367e+00
-1.032470464706420898e+00
-1.633622884750366211e+00
-1.609680891036987305e+00
-1.338036417961120605e+00
-2.719720363616943359e+00
4.641562998294830322e-01
1.964443087577819824e+00
-8.051835298538208008e-01
1.424183487892150879e+00
-2.915834188461303711e+00
2.221979379653930664e+00
3.628809750080108643e-02
1.784761071205139160e+00
1.260997414588928223e+00
3.255205154418945312e+00
1.453805685043334961e+00
-3.863705098628997803e-01
-2.541786193847656250e+00
-7.365314364433288574e-01
-1.052218317985534668e+00
6.011965870857238770e-01
-1.771269738674163818e-01
-3.245044708251953125e+00
-3.491520583629608154e-01
4.703668951988220215e-01
-4.887487590312957764e-01
2.789265871047973633e+00
-1.164051890373229980e+00
6.230720877647399902e-01
1.741417765617370605e+00
-1.459610104560852051e+00
4.686019718647003174e-01
1.564258575439453125e+00
-2.513090968132019043e-01
1.007578253746032715e+00
2.077038884162902832e-01
-1.315243601799011230e+00
4.604876041412353516e-01
-1.076994895935058594e+00
-1.013154149055480957e+00
-3.134387969970703125e+00
-2.969158887863159180e+00
-3.463414192199707031e+00
-1.378594934940338135e-01
-1.184916138648986816e+00
2.842725038528442383e+00
-3.423318624496459961e+00
-1.734053373336791992e+00
-8.029683828353881836e-01
-2.235546588897705078e+00
-6.124647259712219238e-01
-2.042183160781860352e+00
-2.310417890548706055e+00
-2.525169372558593750e+00
-2.591099739074707031e+00
-4.172359466552734375e+00
-3.674924373626708984e+00
-3.921392917633056641e+00
-2.859413146972656250e+00
-3.127737760543823242e+00
-3.438723087310791016e+00
-4.185853481292724609e+00
-3.982836484909057617e+00
-1.675442695617675781e+00
-1.404417634010314941e+00
-2.215791940689086914e+00
-1.405468821525573730e+00
-2.561150789260864258e+00
-2.055430650711059570e+00
-2.276094675064086914e+00
-2.740826129913330078e+00
-2.357932567596435547e+00
-3.361288547515869141e+00
-3.417732477188110352e+00
1.479329705238342285e+00
-1.388154983520507812e+00
-9.193772822618484497e-02
-6.127800345420837402e-01
-3.246690034866333008e+00
-1.002258062362670898e+00
-3.981012105941772461e+00
-2.528758287429809570e+00
-5.584899187088012695e-01
-1.148232460021972656e+00
-3.927308022975921631e-01
-1.302881002426147461e+00
3.403831958770751953e+00
-9.820185601711273193e-02
1.409911513328552246e+00
-2.898306131362915039e+00
-7.496638298034667969e-01
1.059551596641540527e+00
4.278270304203033447e-01
4.285741329193115234e+00
3.495900869369506836e+00
6.526553034782409668e-01
-2.608690261840820312e+00
-4.843576252460479736e-01
-2.568257451057434082e-01
-2.253898978233337402e-01
5.259417891502380371e-01
-2.462765693664550781e+00
-4.097604274749755859e+00
6.154367923736572266e-01
-1.629803657531738281e+00
-2.477416396141052246e-01
-2.863549232482910156e+00
-1.517299175262451172e+00
-1.572087883949279785e+00
-1.925069093704223633e+00
-2.384499549865722656e+00
-8.618468046188354492e-02
-8.018308281898498535e-01
-4.190597057342529297e+00
-6.754515171051025391e-01
5.961698055267333984e+00
