-3.614295125007629395e-01
-1.504748940467834473e+00
5.434827804565429688e+00
6.648474335670471191e-01
2.335176229476928711e+00
3.650243282318115234e-01
2.927360773086547852e+00
1.674144148826599121e+00
3.314162254333496094e+00
-2.163330793380737305e+00
-1.297960638999938965e+00
-5.133126378059387207e-01
-2.847310543060302734e+00
5.937064886093139648e-01
-4.388379573822021484e+00
-6.166735291481018066e-01
-3.475045680999755859e+00
-1.904622912406921387e+00
-7.268024235963821411e-02
-8.312512636184692383e-01
4.385813713073730469e+00
-1.460264563560485840e+00
4.690562725067138672e+00
4.308015406131744385e-01
-1.975308179855346680e+00
-1.903559088706970215e+00
-3.768182992935180664e+00
-2.451216697692871094e+00
-2.780332565307617188e+00
-3.634259939193725586e+00
-1.464588165283203125e+00
-2.403950691223144531e+00
-2.775017261505126953e+00
3.923381805419921875e+00
3.515681266784667969e+00
-1.141003608703613281e+00
-4.357939958572387695e-01
-2.043587684631347656e+00
-2.307893753051757812e+00
-3.507139086723327637e-01
-4.335314750671386719e+00
-4.578154087066650391e+00
-5.155850410461425781e+00
-4.563779830932617188e+00
-2.882365703582763672e+00
-1.890969634056091309e+00
-3.604156255722045898e+00
-6.780120849609375000e+00
-1.713984608650207520e+00
1.782948493957519531e+00
2.192358493804931641e+00
-4.322657585144042969e+00
-3.131989002227783203e+00
-2.364303588867187500e+00
-2.792330980300903320e+00
-4.216260910034179688e+00
-1.336966276168823242e+00
-2.858022212982177734e+00
1.695423722267150879e+00
-5.709014415740966797e+00
-8.304682374000549316e-01
-1.939415454864501953e+00
-3.418386220932006836e+00
-2.331578969955444336e+00
-4.141295909881591797e+00
-2.131651937961578369e-01
-4.060560226440429688e+00
-5.771805644035339355e-01
-4.785612106323242188e+00
-1.298145532608032227e+00
2.655733227729797363e-01
-1.154784560203552246e+00
-1.632247567176818848e+00
-6.692957878112792969e-01
-6.998830437660217285e-01
-5.330109000205993652e-01
-9.058314561843872070e-02
-6.932348012924194336e-01
1.336002588272094727e+00
1.851788312196731567e-01
-4.204559028148651123e-01
3.980000913143157959e-01
-1.234943866729736328e+00
-4.315132498741149902e-01
-4.216360449790954590e-01
-2.509693861007690430e+00
-1.627003788948059082e+00
-9.735084772109985352e-01
-3.666894197463989258e+00
9.432889819145202637e-01
-3.930651426315307617e+00
-5.201598644256591797e+00
-3.048677444458007812e+00
-2.627384662628173828e+00
-3.390215873718261719e+00
-6.309459686279296875e+00
-2.253687381744384766e+00
3.967527866363525391e+00
1.197393536567687988e+00
4.583294868469238281e+00
3.000416517257690430e+00
-1.327759861946105957e+00
1.663088984787464142e-02
8.216874003410339355e-01
1.271273970603942871e+00
-2.943005561828613281e+00
-5.458066463470458984e-01
2.369960308074951172e+00
-1.442928791046142578e+00
-1.517511606216430664e+00
-8.523576259613037109e-01
-3.721519231796264648e+00
2.252208471298217773e+00
6.159839034080505371e-01
4.676357507705688477e-01
-1.508592247962951660e+00
-9.310159087181091309e-01
-1.275964379310607910e+00
-1.335763484239578247e-01
1.371596604585647583e-01
-8.837757706642150879e-01
-6.360267400741577148e-01
-2.931091308593750000e+00
-3.221909999847412109e+00
-6.131554841995239258e-01
3.464526534080505371e-01
-1.154927968978881836e+00
9.718579053878784180e-01
-8.957889676094055176e-01
1.979299187660217285e+00
1.327470302581787109e+00
-1.037924051284790039e+00
2.945942163467407227e+00
-1.300650715827941895e+00
-7.797277569770812988e-01
-1.505274772644042969e+00
-2.586862087249755859e+00
2.083379775285720825e-01
-1.369700551033020020e+00
2.190272569656372070e+00
1.211007952690124512e+00
8.537280559539794922e-01
6.461281329393386841e-02
1.203773736953735352e+00
3.023586511611938477e+00
1.913774132728576660e+00
2.759816408157348633e+00
1.740225553512573242e+00
2.066052198410034180e+00
-4.062225818634033203e-01
4.025272846221923828e+00
6.240643501281738281e+00
3.324231863021850586e+00
7.034147739410400391e+00
6.591910362243652344e+00
7.736260414123535156e+00
7.762169837951660156e+00
5.594007015228271484e+00
4.340687274932861328e+00
4.541846752166748047e+00
4.607738971710205078e+00
5.103003501892089844e+00
6.964457511901855469e+00
5.178492546081542969e+00
3.327641963958740234e+00
3.962530791759490967e-01
4.114776134490966797e+00
2.991569757461547852e+00
4.204903125762939453e+00
6.373703956604003906e+00
5.653926849365234375e+00
2.687621831893920898e+00
5.753395557403564453e+00
4.831261634826660156e+00
5.123341560363769531e+00
4.576986789703369141e+00
3.852510690689086914e+00
3.451001644134521484e+00
4.614349842071533203e+00
4.788550376892089844e+00
4.737469196319580078e+00
3.142373561859130859e+00
7.035233020782470703e+00
2.147799491882324219e+00
6.674184799194335938e+00
8.253005027770996094e+00
5.726653099060058594e+00
4.257142066955566406e+00
6.122004032135009766e+00
7.050623416900634766e+00
5.472860336303710938e+00
5.116650104522705078e+00
8.148779869079589844e+00
5.353647232055664062e+00
4.845201492309570312e+00
4.704183101654052734e+00
4.389866352081298828e+00
3.153092861175537109e+00
1.489727854728698730e+00
6.820369720458984375e+00
6.888212680816650391e+00
5.481243610382080078e+00
7.661135196685791016e+00
9.710323333740234375e+00
8.385005950927734375e+00
3.040503740310668945e+00
2.352762222290039062e+00
8.633146286010742188e+00
8.716078758239746094e+00
7.446881771087646484e+00
2.309619665145874023e+00
4.445217132568359375e+00
7.423991203308105469e+00
3.141280412673950195e+00
2.885697603225708008e+00
6.854637622833251953e+00
6.579453468322753906e+00
6.822535037994384766e+00
7.900709629058837891e+00
7.283460140228271484e+00
4.933308124542236328e+00
2.891680240631103516e+00
7.649381160736083984e+00
4.504476070404052734e+00
2.811558723449707031e+00
5.474225997924804688e+00
5.194609642028808594e+00
4.542856216430664062e+00
3.201203107833862305e+00
6.159796714782714844e+00
7.797295570373535156e+00
7.433025360107421875e+00
7.036636829376220703e+00
2.081229448318481445e+00
3.858753919601440430e+00
6.256464004516601562e+00
3.070476293563842773e+00
2.015924215316772461e+00
5.259750366210937500e+00
5.791127681732177734e+00
5.608435153961181641e+00
5.403815269470214844e+00
6.242351055145263672e+00
2.761608123779296875e+00
3.508519172668457031e+00
7.747545719146728516e+00
2.658913373947143555e+00
7.054731369018554688e+00
7.292409420013427734e+00
7.457315444946289062e+00
6.884089469909667969e+00
4.633208274841308594e+00
6.175261735916137695e-01
5.082284450531005859e+00
3.901457309722900391e+00
3.444089889526367188e+00
4.966580390930175781e+00
9.377929687500000000e+00
9.963903427124023438e+00
7.961162090301513672e+00
6.870792388916015625e+00
4.978535652160644531e+00
2.856202602386474609e+00
1.017707538604736328e+01
7.768136501312255859e+00
5.585489749908447266e+00
4.294223308563232422e+00
5.823297023773193359e+00
-7.399778366088867188e-01
4.298619747161865234e+00
6.309292316436767578e+00
1.174675345420837402e+00
3.343751192092895508e+00
5.238703250885009766e+00
2.744150400161743164e+00
8.860619068145751953e-01
2.063440322875976562e+00
3.068264484405517578e+00
1.236013054847717285e+00
6.279789447784423828e+00
9.642860293388366699e-01
3.351998805999755859e+00
5.777512073516845703e+00
4.172030925750732422e+00
3.937839269638061523e+00
1.718449831008911133e+00
2.843300104141235352e+00
3.320797443389892578e+00
-1.250651717185974121e+00
1.213447690010070801e+00
-1.041387170553207397e-01
1.211532354354858398e+00
4.827873706817626953e+00
-8.045003414154052734e-01
6.388978004455566406e+00
1.290483593940734863e+00
8.585823059082031250e+00
8.669670224189758301e-01
-1.079140305519104004e+00
-4.740178212523460388e-02
-3.848602056503295898e+00
7.812097668647766113e-01
-2.123713493347167969e+00
-2.734431266784667969e+00
-2.757738590240478516e+00
-2.135954380035400391e+00
-1.576306819915771484e+00
-2.540732383728027344e+00
-2.299648523330688477e+00
-1.211450576782226562e+00
9.304984807968139648e-01
-2.332031965255737305e+00
-2.048269271850585938e+00
-4.091150760650634766e+00
9.390740394592285156e-01
-2.977560043334960938e+00
-2.521863698959350586e+00
-2.029578208923339844e+00
-3.350063413381576538e-02
-3.608390331268310547e+00
-4.286747932434082031e+00
-2.658083677291870117e+00
-4.981719017028808594e+00
-5.123233318328857422e+00
-3.713730335235595703e+00
-4.892494678497314453e+00
-4.959909915924072266e+00
2.106862783432006836e+00
-1.130369782447814941e+00
-5.755274295806884766e-01
2.994745731353759766e+00
2.621638059616088867e+00
5.038778781890869141e+00
2.075294971466064453e+00
4.413100481033325195e-01
-1.390126347541809082e+00
-8.890614844858646393e-03
2.818017005920410156e+00
1.830030798912048340e+00
-1.634171724319458008e+00
-7.792015075683593750e-01
2.200719356536865234e+00
1.622719168663024902e+00
1.374047845602035522e-01
1.744952440261840820e+00
2.916424512863159180e+00
1.056415796279907227e+00
1.255795240402221680e+00
3.421660184860229492e+00
1.280664443969726562e+00
5.544769167900085449e-01
-1.705639362335205078e+00
-1.685037374496459961e+00
-4.075805544853210449e-01
-8.142431378364562988e-01
2.368959665298461914e+00
4.842027664184570312e+00
2.862069368362426758e+00
1.499872207641601562e+00
2.408140897750854492e+00
5.347564220428466797e+00
2.025375366210937500e+00
1.413245677947998047e+00
-1.091130733489990234e+00
-1.437222838401794434e+00
1.150865666568279266e-02
-1.297685623168945312e+00
-2.328566610813140869e-01
1.172754883766174316e+00
-2.452643156051635742e+00
-1.210633158683776855e+00
5.254243314266204834e-02
3.225018978118896484e-01
4.173967361450195312e+00
1.472842693328857422e+00
-1.296324610710144043e+00
-2.430011779069900513e-01
-5.717859268188476562e-01
2.972993850708007812e-01
-1.925831317901611328e+00
-8.892058730125427246e-01
5.704044103622436523e-01
1.426216214895248413e-01
-7.270555496215820312e-01
-2.245332479476928711e+00
8.079349398612976074e-01
5.689003318548202515e-02
1.420246720314025879e+00
1.747566103935241699e+00
-1.008170008659362793e+00
-1.965844154357910156e+00
3.391829013824462891e+00
-3.592575550079345703e+00
-2.048523187637329102e+00
2.007134675979614258e+00
-8.501892089843750000e-01
-9.666352868080139160e-01
1.302425742149353027e+00
-2.965126514434814453e+00
-1.414123058319091797e+00
-4.327402591705322266e+00
-9.924309849739074707e-01
-1.802975296974182129e+00
1.414394617080688477e+00
-1.790755152702331543e+00
-9.184419512748718262e-01
-1.310202002525329590e+00
-2.123910635709762573e-01
3.530219793319702148e+00
3.600876778364181519e-02
-2.537558078765869141e-01
-2.075396060943603516e+00
1.300348520278930664e+00
-1.831242322921752930e+00
-2.305335521697998047e+00
-4.033164978027343750e-01
-2.761713027954101562e+00
6.313031315803527832e-01
-2.105078935623168945e+00
-1.428092837333679199e+00
-3.854258954524993896e-01
1.935615420341491699e+00
-2.153928279876708984e+00
-2.786092758178710938e+00
-2.757617473602294922e+00
3.497668206691741943e-01
-9.761627316474914551e-01
1.149701029062271118e-01
3.139495372772216797e+00
-1.232163667678833008e+00
-1.929124832153320312e+00
-9.456446766853332520e-01
-2.119132280349731445e+00
4.559929847717285156e+00
1.336308479309082031e+00
2.334004163742065430e+00
-6.357225179672241211e-01
1.626316428184509277e+00
-1.837999820709228516e+00
-3.629624128341674805e+00
1.204683065414428711e+00
-6.573933362960815430e-01
-2.425404787063598633e+00
-1.586956143379211426e+00
-2.433226585388183594e+00
1.168328523635864258e+00
-3.039128303527832031e+00
3.979419469833374023e-01
-8.902420997619628906e-01
8.802646398544311523e-01
1.600957632064819336e+00
1.993136852979660034e-02
-1.733245849609375000e+00
-3.793056964874267578e+00
-3.346771001815795898e+00
2.089842855930328369e-01
-2.554302453994750977e+00
-2.146283835172653198e-01
-2.434991598129272461e+00
-2.976071119308471680e+00
7.894872665405273438e+00
-2.771510362625122070e+00
1.019931435585021973e+00
3.876949787139892578e+00
-3.646456480026245117e+00
-4.081933021545410156e+00
-2.486747264862060547e+00
-2.961260795593261719e+00
-1.749511435627937317e-02
9.850578904151916504e-01
-1.915850043296813965e+00
-1.182988882064819336e+00
3.765513896942138672e+00
-2.833254814147949219e+00
-1.959440946578979492e+00
7.755088210105895996e-01
-1.989773750305175781e+00
-4.860533237457275391e+00
-8.330809324979782104e-02
-1.495608836412429810e-01
-2.453710794448852539e+00
-2.587383985519409180e+00
-3.297488927841186523e+00
6.748009920120239258e-01
1.125015377998352051e+00
-3.551684141159057617e+00
-8.410465717315673828e-01
-1.104279041290283203e+00
7.894449234008789062e-01
1.185890197753906250e+00
-3.312928438186645508e+00
9.233531951904296875e-01
-1.234230995178222656e-01
-2.894079685211181641e+00
-1.709130525588989258e+00
-2.791337251663208008e+00
2.166143357753753662e-01
5.707257390022277832e-01
-3.120695829391479492e+00
-2.197452783584594727e+00
-1.586969971656799316e+00
-8.906922936439514160e-01
-6.503404974937438965e-01
-2.394351243972778320e+00
-2.702279329299926758e+00
-6.133729815483093262e-01
-8.713075518608093262e-01
-1.071435570716857910e+00
-1.182282924652099609e+00
-4.213575839996337891e+00
1.587521553039550781e+00
-2.740907192230224609e+00
-3.355105638504028320e+00
-2.185981273651123047e+00
-1.401881694793701172e+00
-4.236092567443847656e-01
2.676441967487335205e-01
-1.409180998802185059e+00
-1.153604149818420410e+00
4.587937891483306885e-01
-1.128432750701904297e+00
-2.097830057144165039e+00
-1.987118601799011230e+00
1.431813478469848633e+00
-3.534493923187255859e+00
5.112942218780517578e+00
-4.546773910522460938e+00
-4.237503528594970703e+00
-3.209482669830322266e+00
1.311455249786376953e+00
-2.953769445419311523e+00
-1.183593273162841797e+00
-1.018993854522705078e+00
-1.850365281105041504e+00
5.666486024856567383e-01
-2.863117456436157227e+00
9.211191534996032715e-01
4.853202819824218750e+00
-2.160799980163574219e+00
3.528718948364257812e+00
1.136059284210205078e+00
-2.372431516647338867e+00
-1.372227430343627930e+00
-9.879550337791442871e-01
-8.298219442367553711e-01
-1.002801299095153809e+00
-2.503654956817626953e+00
-2.822028398513793945e+00
-2.704194545745849609e+00
-2.114037275314331055e+00
-4.855014324188232422e+00
-4.154923439025878906e+00
3.973884582519531250e-01
-2.277087211608886719e+00
2.943114042282104492e+00
-1.363947510719299316e+00
-7.502547502517700195e-01
6.981396079063415527e-01
-1.043581724166870117e+00
-2.075407281517982483e-02
-1.875735402107238770e+00
-7.125806212425231934e-01
5.867525577545166016e+00
-3.466267585754394531e+00
-3.046133279800415039e+00
-2.570114850997924805e+00
-2.613603830337524414e+00
2.873213291168212891e-01
2.562898635864257812e+00
-1.162672519683837891e+00
-8.712642788887023926e-01
-3.650696277618408203e+00
-7.891165018081665039e-01
-1.092313528060913086e+00
-7.829254865646362305e-01
-1.436888456344604492e+00
8.497859835624694824e-01
-1.574597358703613281e+00
1.459780931472778320e+00
-2.491051912307739258e+00
-8.270124793052673340e-01
-1.835468173027038574e+00
-2.768720865249633789e+00
-8.173158764839172363e-01
-2.313986301422119141e+00
-2.526592016220092773e+00
-1.938164710998535156e+00
-7.709055542945861816e-01
-6.289272308349609375e-01
-1.887300729751586914e+00
-4.299448490142822266e+00
-1.354604959487915039e+00
-4.683837890625000000e+00
-1.809357404708862305e+00
-8.121531605720520020e-01
-2.792918443679809570e+00
-2.535575330257415771e-01
-3.922894716262817383e+00
-3.075371503829956055e+00
-6.418858170509338379e-01
-1.318582147359848022e-02
-8.296700119972229004e-01
-2.098982810974121094e+00
-6.353152990341186523e-01
-2.637895107269287109e+00
-3.635834217071533203e+00
-1.789543509483337402e+00
-7.797982096672058105e-01
-8.133971095085144043e-01
1.691801309585571289e+00
-7.687098979949951172e-01
1.070228219032287598e+00
-2.724519729614257812e+00
-3.532220363616943359e+00
-1.899839878082275391e+00
-1.215839505195617676e+00
-4.527427256107330322e-03
-1.175245642662048340e+00
9.779356718063354492e-01
-1.658890366554260254e+00
-2.470042407512664795e-01
1.156379818916320801e+00
3.196198046207427979e-01
-2.285848140716552734e+00
-3.417490243911743164e+00
3.770994424819946289e+00
-1.641935706138610840e+00
-9.557729959487915039e-01
1.313877940177917480e+00
-3.440839052200317383e+00
-9.253661036491394043e-01
-3.009109973907470703e+00
-3.147454261779785156e+00
-2.558363914489746094e+00
-2.165965318679809570e+00
-3.182109117507934570e+00
-1.346373796463012695e+00
-4.674467146396636963e-01
2.219911366701126099e-01
1.207796812057495117e+00
1.641309857368469238e+00
-2.400846958160400391e+00
-1.366998314857482910e+00
-5.301731824874877930e-01
-1.312900781631469727e+00
-3.100873231887817383e+00
3.402539968490600586e+00
-3.352572917938232422e+00
-2.796016693115234375e+00
-4.522494673728942871e-01
-3.502149343490600586e+00
-1.264534950256347656e+00
-2.714758396148681641e+00
-1.010095834732055664e+00
-1.003356814384460449e+00
-1.804320096969604492e+00
-6.169372797012329102e-01
9.769645929336547852e-01
3.051599860191345215e-01
-1.304191470146179199e+00
-1.326429843902587891e+00
-2.604765892028808594e+00
-4.326032638549804688e+00
-1.876720905303955078e+00
-1.370480656623840332e+00
-7.640805244445800781e-01
-2.358587026596069336e+00
-2.247987747192382812e+00
-1.257862567901611328e+00
-3.791461884975433350e-01
-5.018342137336730957e-01
-1.029205322265625000e+00
8.360156416893005371e-02
-3.187011957168579102e+00
-1.379687190055847168e-01
-2.995032787322998047e+00
2.009130001068115234e+00
4.881775677204132080e-01
-1.713214516639709473e+00
-3.316000401973724365e-01
-5.694909691810607910e-01
-1.929104328155517578e+00
-1.929128050804138184e+00
-1.805287599563598633e+00
-3.488906621932983398e+00
-3.278195142745971680e+00
-4.214873790740966797e+00
-3.530943870544433594e+00
-4.352610588073730469e+00
-2.319462776184082031e+00
-1.501349687576293945e+00
-1.759508371353149414e+00
-3.207355499267578125e+00
3.901339292526245117e+00
2.949318408966064453e+00
1.981860041618347168e+00
7.294068336486816406e-01
-1.736586213111877441e+00
-5.579295754432678223e-01
-1.695662856101989746e+00
2.280519962310791016e+00
1.039034724235534668e+00
-2.651031017303466797e+00
2.118050813674926758e+00
3.271357715129852295e-01
-1.133556723594665527e+00
5.407813936471939087e-02
-5.656545758247375488e-01
-2.383789300918579102e+00
-3.528739929199218750e+00
-2.224672079086303711e+00
-2.203305006027221680e+00
-9.772716760635375977e-01
-2.827680110931396484e+00
-3.403532028198242188e+00
-1.567010045051574707e+00
1.484719157218933105e+00
-1.822494149208068848e+00
3.096013307571411133e+00
-2.752743482589721680e+00
-1.592783927917480469e+00
-2.941204011440277100e-01
-2.781780362129211426e-01
6.281223893165588379e-02
4.830964207649230957e-01
-9.863713383674621582e-01
-2.565061569213867188e+00
-1.254506230354309082e+00
2.662905216217041016e+00
-3.762797832489013672e+00
-2.770760655403137207e-01
6.516539454460144043e-01
-3.520704746246337891e+00
1.916032314300537109e+00
-2.150147914886474609e+00
-1.876768231391906738e+00
-1.461416006088256836e+00
-4.303731024265289307e-01
-8.268030881881713867e-01
-3.213299274444580078e+00
-1.419938325881958008e+00
-3.630623221397399902e-01
-1.689820528030395508e+00
-1.048308134078979492e+00
1.617478951811790466e-02
-4.039678096771240234e+00
1.013486623764038086e+00
-2.856798410415649414e+00
-1.696671009063720703e+00
-5.972619652748107910e-01
5.354647040367126465e-01
7.415010035037994385e-02
-4.162260890007019043e-01
8.361590504646301270e-01
-3.976729154586791992e+00
-2.812725305557250977e+00
-2.666714191436767578e-01
-9.257187247276306152e-01
2.283797264099121094e+00
-3.322123289108276367e+00
-4.121956825256347656e-01
-4.167970716953277588e-01
-3.343994617462158203e+00
-2.039024114608764648e+00
-5.894348621368408203e-01
-1.110015511512756348e+00
-1.872421741485595703e+00
-3.489823579788208008e+00
-6.023313999176025391e-01
1.878530830144882202e-01
-6.939527988433837891e-01
-1.231014490127563477e+00
-1.471322894096374512e+00
2.427614331245422363e-01
-1.626922488212585449e+00
-2.825565576553344727e+00
-1.140247106552124023e+00
-3.488408327102661133e+00
-8.954968452453613281e-01
8.782824873924255371e-02
4.558164179325103760e-01
-2.068915128707885742e+00
-7.672631740570068359e-01
6.114250421524047852e-01
2.603402435779571533e-01
-6.659880280494689941e-01
-3.764922142028808594e+00
-1.591792583465576172e+00
-2.742051839828491211e+00
-2.021340608596801758e+00
-1.371905326843261719e+00
3.816769599914550781e+00
3.870281219482421875e+00
1.691452264785766602e+00
4.020006358623504639e-01
2.355839490890502930e+00
4.713965356349945068e-01
-3.477834761142730713e-01
-5.126100063323974609e+00
2.052426338195800781e+00
-2.836489677429199219e+00
2.652126073837280273e+00
1.692787170410156250e+00
3.639139652252197266e+00
-2.786502838134765625e+00
5.031370639801025391e+00
-1.811019897460937500e+00
-1.444386005401611328e+00
-8.987305760383605957e-01
-1.564378142356872559e+00
-4.864868640899658203e+00
3.812041878700256348e-01
-2.459568902850151062e-02
2.030263662338256836e+00
3.634105920791625977e+00
9.041947126388549805e-01
1.617797255516052246e+00
-3.038555145263671875e+00
-7.136228680610656738e-01
-1.515956282615661621e+00
-5.631794333457946777e-01
-2.128555476665496826e-01
-1.185929775238037109e+00
-2.287844181060791016e+00
-7.918844819068908691e-01
7.916312813758850098e-01
-1.234661698341369629e+00
-1.480136394500732422e+00
1.067864656448364258e+00
-1.060239553451538086e+00
-1.334247350692749023e+00
-1.196764230728149414e+00
-1.398450016975402832e+00
3.437201499938964844e+00
-3.281695395708084106e-02
-1.993237495422363281e+00
8.302093148231506348e-01
1.078517079353332520e+00
-2.819926261901855469e+00
1.855460286140441895e+00
9.527912735939025879e-01
-1.105597853660583496e+00
2.713840723037719727e+00
1.553056120872497559e+00
-6.041446328163146973e-01
1.445880532264709473e+00
-2.434792757034301758e+00
-1.671878814697265625e+00
-2.907685995101928711e+00
-2.853331327438354492e+00
2.245783090591430664e+00
7.665109038352966309e-01
4.523053646087646484e+00
-2.263525485992431641e+00
-2.927954673767089844e+00
-2.129893779754638672e+00
-5.094212055206298828e+00
-2.679058313369750977e+00
-2.954232692718505859e+00
-1.715110898017883301e+00
-4.666179180145263672e+00
-4.219033122062683105e-01
-1.062279820442199707e+00
-1.639412403106689453e+00
-2.182502985000610352e+00
-2.376424789428710938e+00
3.278493881225585938e-01
-2.025171995162963867e+00
-7.953674793243408203e-01
-8.989579677581787109e-01
1.667369723320007324e+00
4.564563184976577759e-02
1.127400517463684082e+00
-1.410298466682434082e+00
-9.732736945152282715e-01
-2.349907875061035156e+00
3.856049060821533203e+00
-2.282051086425781250e+00
-6.040891170501708984e+00
3.427232027053833008e+00
1.386675596237182617e+00
-2.106348514556884766e+00
2.138864994049072266e-01
-2.131138086318969727e+00
1.111088395118713379e-01
-8.365142941474914551e-01
-2.544747352600097656e+00
-2.316608905792236328e+00
2.078725337982177734e+00
-1.939093351364135742e+00
-2.079422950744628906e+00
-3.548069715499877930e+00
-1.084405779838562012e+00
-3.997293233871459961e+00
-2.825454473495483398e+00
-1.045091748237609863e+00
1.059123158454895020e+00
-4.761144146323204041e-02
1.489096641540527344e+00
-3.053964972496032715e-01
-1.373007774353027344e+00
-3.242983818054199219e+00
-2.364313364028930664e+00
-3.045203685760498047e-01
2.711899280548095703e+00
-1.536040663719177246e+00
-4.517798900604248047e+00
-1.399701952934265137e+00
-9.310449361801147461e-01
8.260214328765869141e-01
9.411458969116210938e-01
1.061057448387145996e+00
-3.544587194919586182e-01
2.815438985824584961e+00
-8.732035160064697266e-01
-1.063087940216064453e+00
-2.406660318374633789e+00
-3.685496091842651367e+00
-9.138661623001098633e-02
-5.679504871368408203e-01
-8.933053612709045410e-01
-1.779179453849792480e+00
-3.952505826950073242e+00
-2.163714408874511719e+00
-3.931439876556396484e+00
-3.143566846847534180e+00
-2.993445873260498047e+00
-2.110975086688995361e-01
-1.392520427703857422e+00
1.062918305397033691e+00
-1.649632692337036133e+00
4.418871402740478516e-01
-5.922596901655197144e-02
-2.451998710632324219e+00
-4.235430657863616943e-01
-1.728253811597824097e-01
-2.887647867202758789e+00
-1.797492623329162598e+00
-4.135557174682617188e+00
-2.885867118835449219e+00
-2.852245569229125977e+00
-8.266283273696899414e-01
-2.036216735839843750e+00
-3.191975593566894531e+00
-3.447283983230590820e+00
-2.969832897186279297e+00
-4.596650600433349609e+00
-9.401258826255798340e-01
1.323205947875976562e+00
-1.383890151977539062e+00
5.306768417358398438e-01
9.883973598480224609e-01
-1.480181932449340820e+00
-4.745387732982635498e-01
-1.088179469108581543e+00
-6.323692202568054199e-01
-4.587499201297760010e-01
-1.521886706352233887e+00
6.250723004341125488e-01
-2.632587194442749023e+00
-1.324724555015563965e+00
2.066741466522216797e+00
-2.622675180435180664e+00
-2.635703980922698975e-02
-1.964456558227539062e+00
-6.294821500778198242e-01
-2.423960924148559570e+00
-1.457069039344787598e+00
-8.718868494033813477e-01
-1.998973488807678223e+00
1.097825050354003906e+00
3.274517297744750977e+00
3.500719308853149414e+00
-3.961481153964996338e-01
4.630757331848144531e+00
5.639562606811523438e+00
3.649044513702392578e+00
5.065446376800537109e+00
4.053690433502197266e+00
4.152967929840087891e+00
8.402926921844482422e-01
-2.405343532562255859e+00
2.123088598251342773e+00
9.628297090530395508e-01
-2.233502149581909180e+00
-1.387969374656677246e+00
-2.589330673217773438e+00
-7.761024236679077148e-01
-1.099829748272895813e-01
-8.453795313835144043e-01
-9.637814164161682129e-01
-1.238139271736145020e+00
-4.623496532440185547e-01
-3.096360921859741211e+00
-3.800739765167236328e+00
-2.140890359878540039e+00
-1.309897661209106445e+00
-2.901608705520629883e+00
-2.290151119232177734e+00
1.677267432212829590e+00
