-1.937497377395629883e+00
-4.806054592132568359e+00
-1.256453394889831543e+00
-2.481116294860839844e+00
-1.943635702133178711e+00
-2.171262025833129883e+00
-1.547554254531860352e+00
-5.092843770980834961e-01
-1.232138276100158691e+00
-4.065155506134033203e+00
-8.950213901698589325e-03
-1.546754121780395508e+00
-2.605779409408569336e+00
4.748653769493103027e-01
-2.357256889343261719e+00
-1.945438504219055176e+00
-2.300841331481933594e+00
-9.734151363372802734e-01
1.652438521385192871e+00
-1.760844469070434570e+00
-3.398377656936645508e+00
-3.682197809219360352e+00
-4.926200389862060547e+00
-1.479027628898620605e+00
-9.644808173179626465e-01
-2.562722921371459961e+00
-3.999916315078735352e+00
-5.056122779846191406e+00
-2.913968563079833984e+00
-3.573807954788208008e+00
1.933341860771179199e+00
5.196908861398696899e-02
-3.270192742347717285e-01
-1.162521481513977051e+00
-2.706945419311523438e+00
1.581725597381591797e+00
7.616344690322875977e-01
2.061838626861572266e+00
-2.250688314437866211e+00
-3.230435550212860107e-01
-1.319890618324279785e+00
-2.307098388671875000e+00
-6.041697978973388672e+00
-6.443434357643127441e-01
-1.369095683097839355e+00
-9.354837983846664429e-02
-9.767659306526184082e-01
-1.925965785980224609e+00
-8.961322307586669922e-01
-2.466245889663696289e+00
-2.901542425155639648e+00
-8.696003556251525879e-01
-2.680823504924774170e-01
-1.642494678497314453e+00
-1.332137942314147949e+00
-1.761048555374145508e+00
-1.388390541076660156e+00
-2.011942863464355469e+00
-3.663945913314819336e+00
-1.955875992774963379e+00
-9.381761550903320312e-01
1.817698925733566284e-01
-1.513512253761291504e+00
-2.158601045608520508e+00
-1.805459499359130859e+00
-3.033286571502685547e+00
-2.790607929229736328e+00
-6.019493937492370605e-01
-3.861445426940917969e+00
-9.434244632720947266e-01
-3.704535722732543945e+00
-3.186566114425659180e+00
-1.991693854331970215e+00
-3.894695043563842773e+00
-2.656210422515869141e+00
-1.626545190811157227e+00
-2.182941198348999023e+00
-1.001830935478210449e+00
-2.257067680358886719e+00
-2.768095970153808594e+00
-3.641297578811645508e+00
-2.408171892166137695e+00
-1.343418598175048828e+00
-3.401319980621337891e+00
-1.822052836418151855e+00
-5.211322903633117676e-01
-1.405111432075500488e+00
-2.115926504135131836e+00
-2.031875848770141602e+00
2.540316343307495117e+00
-9.400314092636108398e-01
-5.564024925231933594e+00
-5.756711959838867188e+00
-4.308384418487548828e+00
-2.927429914474487305e+00
-4.013201236724853516e+00
-3.069410562515258789e+00
8.625422120094299316e-01
-5.854572296142578125e+00
-9.702728390693664551e-01
-2.217745065689086914e+00
8.337526917457580566e-01
-3.001121282577514648e+00
-1.861315608024597168e+00
-1.593260765075683594e+00
2.370960474014282227e+00
5.827896595001220703e-01
-6.348976135253906250e+00
-7.085697174072265625e+00
-3.158396482467651367e+00
-2.921398639678955078e+00
-4.604779720306396484e+00
-1.433989219367504120e-02
1.790255546569824219e+00
-4.100480079650878906e-01
-4.171215534210205078e+00
-1.442311763763427734e+00
-2.895338535308837891e+00
-2.638560533523559570e+00
-2.932898759841918945e+00
-5.126164913177490234e+00
-3.466670513153076172e+00
-1.015047550201416016e+00
-3.011980056762695312e+00
-2.003380060195922852e+00
-1.797193884849548340e+00
-2.646705865859985352e+00
-3.973079204559326172e+00
-1.719519615173339844e+00
-5.013214588165283203e+00
-5.012793540954589844e+00
-6.573182106018066406e+00
-4.507679939270019531e+00
-4.035042285919189453e+00
-4.250881671905517578e+00
-5.994252204895019531e+00
-3.629968404769897461e+00
-2.735530138015747070e+00
-1.714512348175048828e+00
-1.531908273696899414e+00
-4.319898128509521484e+00
-4.814807415008544922e+00
-4.331176757812500000e+00
-2.986250162124633789e+00
-2.917640447616577148e+00
-2.837194800376892090e-01
-3.862298488616943359e+00
-4.790765285491943359e+00
-2.798014402389526367e+00
-9.960726499557495117e-01
2.321750164031982422e+00
4.084253787994384766e+00
-2.330364584922790527e-01
-1.482606530189514160e+00
5.459737181663513184e-01
3.666120052337646484e+00
-5.953468680381774902e-01
9.254478812217712402e-01
4.615592479705810547e+00
8.492072105407714844e+00
-6.684380173683166504e-01
6.150372505187988281e+00
4.840120315551757812e+00
7.014973163604736328e+00
4.932007312774658203e+00
4.651274204254150391e+00
5.872262477874755859e+00
4.871179580688476562e+00
7.184914588928222656e+00
-1.570991754531860352e+00
3.825024068355560303e-01
4.473848342895507812e+00
4.629098415374755859e+00
2.758118629455566406e+00
3.748210906982421875e+00
-2.335925817489624023e+00
-6.078220605850219727e-01
-2.076204121112823486e-01
4.301769256591796875e+00
1.346906471252441406e+01
1.279512119293212891e+01
-2.678566217422485352e+00
4.723122119903564453e+00
1.244434833526611328e+00
1.957136750221252441e+00
4.142901420593261719e+00
4.809069037437438965e-01
4.163891673088073730e-01
1.482000946998596191e+00
2.385998010635375977e+00
1.194576248526573181e-01
-8.103051036596298218e-02
2.583080530166625977e+00
4.818203449249267578e+00
-7.805702090263366699e-01
1.157262802124023438e+01
2.095135211944580078e+00
1.597278475761413574e+00
9.187148809432983398e-01
-5.572412610054016113e-01
1.886542677879333496e+00
2.862629413604736328e+00
3.150249481201171875e+00
-2.482328265905380249e-01
2.644766807556152344e+00
-5.587325692176818848e-01
-1.598922163248062134e-01
-7.499161362648010254e-01
5.189938545227050781e+00
3.318739652633666992e+00
4.414973735809326172e+00
4.502599239349365234e+00
8.616368770599365234e-01
-3.445942103862762451e-01
2.106066942214965820e+00
1.052418470382690430e+00
-1.075863599777221680e+00
3.402826547622680664e+00
9.101380705833435059e-01
1.628561019897460938e+00
1.590969800949096680e+00
1.089781075716018677e-01
-1.191134214401245117e+00
5.845044851303100586e-01
-1.208579778671264648e+00
7.040875434875488281e+00
-8.005449920892715454e-02
3.652450323104858398e+00
-2.345785379409790039e+00
-1.590973973274230957e+00
-9.738159179687500000e-01
3.866479098796844482e-01
1.901549577713012695e+00
2.019998550415039062e+00
6.963696002960205078e+00
3.925720453262329102e+00
5.180634975433349609e+00
4.118903160095214844e+00
5.781903266906738281e+00
2.325871706008911133e+00
3.955365419387817383e+00
2.770421266555786133e+00
1.790474891662597656e+01
1.581324672698974609e+01
2.557998418807983398e+00
1.320508289337158203e+01
1.007644939422607422e+01
8.670198440551757812e+00
1.313515901565551758e+00
-4.562672376632690430e-01
5.670143961906433105e-01
4.450527667999267578e+00
1.815806865692138672e+00
7.422776222229003906e+00
1.156163501739501953e+01
3.182685613632202148e+00
2.451151132583618164e+00
7.599801421165466309e-01
-1.376574158668518066e+00
-1.874060273170471191e+00
4.297341346740722656e+00
-1.483008861541748047e+00
9.521775245666503906e+00
-2.618623077869415283e-01
3.528947114944458008e+00
7.016853094100952148e-01
-4.830072522163391113e-01
9.296094775199890137e-01
5.099882602691650391e+00
-1.404056549072265625e+00
-3.353677511215209961e+00
-1.633387923240661621e+00
-2.309902667999267578e+00
3.050053834915161133e+00
-3.416937291622161865e-01
1.071290612220764160e+00
5.155931115150451660e-01
-5.347792148590087891e+00
-4.714333057403564453e+00
-2.548804044723510742e+00
-4.082809925079345703e+00
2.898161649703979492e+00
3.057790040969848633e+00
-3.167336940765380859e+00
3.452486515045166016e+00
2.001083850860595703e+00
4.845723152160644531e+00
2.135448455810546875e-01
1.266092658042907715e+00
-4.865184724330902100e-01
6.363293170928955078e+00
1.434602499008178711e+00
3.374527454376220703e+00
-1.481554388999938965e+00
3.255903124809265137e-01
-6.208263039588928223e-01
-1.084416747093200684e+00
-2.978190660476684570e+00
-3.279164791107177734e+00
-2.809356451034545898e+00
-2.980764865875244141e+00
-1.321001768112182617e+00
-7.534831166267395020e-01
-8.042262196540832520e-01
3.311487436294555664e-01
-3.834187090396881104e-01
2.348600149154663086e+00
-1.348840355873107910e+00
-9.091175794601440430e-01
4.994174838066101074e-02
-9.424945116043090820e-01
-2.302398085594177246e-01
4.649704992771148682e-01
-1.626171827316284180e+00
1.567344963550567627e-01
-3.910767793655395508e+00
-9.834824502468109131e-02
-2.384395122528076172e+00
-4.407567977905273438e+00
-3.430282115936279297e+00
-5.351748943328857422e+00
-2.518511295318603516e+00
-2.402664899826049805e+00
-4.281803131103515625e+00
-3.900181055068969727e+00
-4.320282459259033203e+00
-4.264160156250000000e+00
-3.932002067565917969e+00
-4.351380825042724609e+00
-4.187731266021728516e+00
7.449696958065032959e-02
-2.096959590911865234e+00
-1.341140627861022949e+00
-1.825432777404785156e+00
-5.063194274902343750e+00
-3.195237398147583008e+00
-1.860673785209655762e+00
4.047676920890808105e-01
9.838331341743469238e-01
2.237891912460327148e+00
1.715788245201110840e+00
4.353997230529785156e+00
1.015408873558044434e+00
8.750690817832946777e-01
3.400919675827026367e+00
2.618349313735961914e+00
1.015259504318237305e+00
7.420374155044555664e-01
5.004616737365722656e+00
4.625724554061889648e-01
-1.348642110824584961e+00
-2.787653923034667969e+00
-8.182483911514282227e-01
5.547696352005004883e-01
3.173908472061157227e+00
5.601991176605224609e+00
-1.922892212867736816e+00
-2.216756343841552734e+00
-2.288080930709838867e+00
-3.004385948181152344e+00
-8.261867165565490723e-01
-5.976591110229492188e-01
-9.573151469230651855e-01
-2.764020442962646484e+00
8.971011638641357422e-01
1.863253474235534668e+00
3.865767478942871094e+00
2.449835300445556641e+00
-1.532761693000793457e+00
-1.597636699676513672e+00
1.530297040939331055e+00
-4.712774753570556641e-01
-2.036853313446044922e+00
-5.655782222747802734e-01
-4.113217353820800781e+00
-1.715813755989074707e+00
-1.951537489891052246e+00
-7.252744436264038086e-01
-1.487621068954467773e+00
4.104923009872436523e-01
7.732958793640136719e-01
-3.066113293170928955e-01
-1.647355198860168457e+00
-1.711445093154907227e+00
-2.000584602355957031e-01
2.317003965377807617e+00
-2.113602876663208008e+00
-3.834074497222900391e+00
-1.273427456617355347e-01
-1.838696479797363281e+00
-2.195641994476318359e+00
6.530932784080505371e-01
-4.047139167785644531e+00
-5.030909061431884766e+00
-8.425533771514892578e-01
-1.822820305824279785e+00
-3.676379919052124023e+00
-1.685250878334045410e+00
8.814802765846252441e-01
-3.800530135631561279e-01
-1.979779601097106934e+00
-1.332265257835388184e+00
-2.144080996513366699e-01
-3.554099321365356445e+00
-3.999655961990356445e+00
-4.502578258514404297e+00
-8.095363378524780273e-01
-2.085762023925781250e+00
-1.247293710708618164e+00
-1.585460603237152100e-01
1.774801969528198242e+00
1.588434338569641113e+00
4.581329822540283203e+00
-6.224274635314941406e-01
2.995786666870117188e+00
1.542465329170227051e+00
6.234853863716125488e-01
-1.878118276596069336e+00
-1.326812386512756348e+00
2.056052684783935547e+00
-6.406633555889129639e-02
3.821671962738037109e+00
2.520335912704467773e+00
3.777882754802703857e-01
-3.498481810092926025e-01
-1.102543711662292480e+00
3.841977119445800781e-01
4.361276149749755859e+00
4.599590778350830078e+00
2.333734333515167236e-01
6.813536882400512695e-01
5.112663507461547852e-01
-7.454607486724853516e-01
2.217327833175659180e+00
7.620863914489746094e+00
6.290741443634033203e+00
-5.522455573081970215e-01
-1.427624106407165527e+00
-2.207497835159301758e+00
-2.671757936477661133e-01
1.435186386108398438e+00
8.777589797973632812e-01
-6.574423313140869141e-01
2.386602759361267090e-01
-1.871886134147644043e+00
4.601757049560546875e+00
-9.442166090011596680e-01
2.782186985015869141e+00
1.955381155014038086e+00
-8.747648000717163086e-01
5.297900438308715820e-01
6.448866128921508789e-01
1.381371974945068359e+00
2.665845870971679688e+00
1.195760369300842285e+00
8.048474192619323730e-01
-4.160442948341369629e-01
5.145396232604980469e+00
1.405705690383911133e+00
3.280404567718505859e+00
-9.755640625953674316e-01
1.887075543403625488e+00
1.883565932512283325e-01
6.247441768646240234e+00
1.821599245071411133e+00
9.335721135139465332e-01
-1.651282429695129395e+00
-1.259326100349426270e+00
-1.566495418548583984e+00
2.346544981002807617e+00
-2.349361777305603027e-01
2.635470151901245117e+00
6.124462485313415527e-01
9.304301738739013672e-01
1.970320105552673340e+00
4.392482042312622070e-01
1.154006198048591614e-01
-3.246210098266601562e+00
2.526419639587402344e+00
1.750501245260238647e-01
1.120109200477600098e+00
-4.780109524726867676e-01
1.110135793685913086e+00
-1.787749171257019043e+00
-1.713672041893005371e+00
-1.582721948623657227e+00
-2.809768676757812500e+00
2.342580080032348633e+00
1.772843003273010254e+00
2.110604047775268555e+00
-2.971589565277099609e-01
5.760693550109863281e-01
1.068935513496398926e+00
1.453972220420837402e+00
-1.012666463851928711e+00
7.437174320220947266e-01
3.764861822128295898e-01
-2.506805062294006348e-01
-2.314522981643676758e+00
-1.164546132087707520e+00
-3.707564830780029297e+00
9.120890498161315918e-01
2.610275745391845703e+00
1.550372719764709473e+00
2.632424116134643555e+00
1.186246275901794434e+00
1.596493601799011230e+00
3.221315145492553711e+00
-8.690946698188781738e-01
4.128222465515136719e-01
-2.517863750457763672e+00
-5.077521204948425293e-01
-1.776518821716308594e+00
1.761354804039001465e+00
3.019778490066528320e+00
4.629709243774414062e+00
1.380518317222595215e+00
-2.103448152542114258e+00
7.538430690765380859e-01
2.489528656005859375e+00
-3.360501825809478760e-01
1.187916874885559082e+00
2.983109712600708008e+00
1.710597276687622070e+00
2.795561313629150391e+00
-2.357646942138671875e+00
-1.415163040161132812e+00
-1.545011520385742188e+00
1.001769542694091797e+00
3.154457807540893555e+00
-4.999220967292785645e-01
1.484574913978576660e+00
-3.179734945297241211e+00
-1.907788395881652832e+00
2.623236179351806641e+00
-2.439186811447143555e+00
6.035308241844177246e-01
-3.049373030662536621e-01
-1.709644675254821777e+00
6.405192375183105469e+00
-2.471934080123901367e+00
5.028167963027954102e-01
8.112222701311111450e-02
3.616952657699584961e+00
-1.652926921844482422e+00
8.402259349822998047e-01
-2.661047697067260742e+00
-3.197516441345214844e+00
5.026472806930541992e-01
-9.143800139427185059e-01
-8.512741327285766602e-01
-9.220919609069824219e-01
2.234981060028076172e+00
-6.402589082717895508e-01
-2.572880268096923828e+00
-1.036384940147399902e+00
-3.427584767341613770e-01
-5.388985276222229004e-01
-1.585956573486328125e+00
-5.636700987815856934e-01
1.147366881370544434e+00
-1.074500307440757751e-01
3.229357242584228516e+00
-5.060738086700439453e+00
-6.248143315315246582e-01
-1.336842536926269531e+00
-2.080339640378952026e-01
-2.801841795444488525e-01
2.596800327301025391e+00
-2.648096084594726562e+00
4.126060485839843750e+00
2.140079021453857422e+00
1.833731174468994141e+00
-4.133129119873046875e+00
7.131191492080688477e-01
-6.690939068794250488e-01
-2.786751508712768555e+00
-7.223580777645111084e-02
1.491841435432434082e+00
-6.953897476196289062e-01
1.079367995262145996e+00
-7.609282135963439941e-01
-1.632790923118591309e+00
3.051813364028930664e+00
-1.753829956054687500e+00
4.994416236877441406e-01
-1.688418269157409668e+00
1.760487556457519531e+00
2.857133865356445312e+00
7.683551907539367676e-01
-2.281059980392456055e+00
5.836403369903564453e-01
-4.480562210083007812e+00
3.704446554183959961e-01
-1.408945322036743164e+00
-2.657862901687622070e+00
1.205121755599975586e+00
3.888913393020629883e-01
8.221340179443359375e-02
2.057245731353759766e+00
6.616681218147277832e-01
2.001406252384185791e-01
1.149807453155517578e+00
1.837062120437622070e+00
3.235940933227539062e-01
-9.608331322669982910e-01
1.769411325454711914e+00
1.363770127296447754e+00
1.931405186653137207e+00
-1.450869321823120117e+00
1.619993805885314941e+00
-5.683864355087280273e-01
-2.493867158889770508e+00
-1.274048686027526855e+00
1.249577522277832031e+00
5.327301621437072754e-01
-3.589887320995330811e-01
1.527561068534851074e+00
1.156295537948608398e+00
1.204616904258728027e+00
1.013617396354675293e+00
1.890015244483947754e+00
1.591392159461975098e+00
-9.821025729179382324e-01
7.647420763969421387e-01
-3.563768386840820312e+00
1.453873753547668457e+00
-2.324227571487426758e+00
-2.775560140609741211e+00
-6.655448079109191895e-01
1.122967481613159180e+00
2.415596097707748413e-01
1.086543679237365723e+00
1.671239376068115234e+00
1.066428720951080322e-01
-1.383585095405578613e+00
2.682718992233276367e+00
3.726109743118286133e+00
2.391940355300903320e+00
2.220129966735839844e+00
-1.617753386497497559e+00
-1.319997429847717285e+00
-6.948198676109313965e-01
5.104006767272949219e+00
-1.607106566429138184e+00
-8.131220936775207520e-01
-2.944718897342681885e-01
-2.545897722244262695e+00
1.681537389755249023e+00
-1.479745388031005859e+00
-1.299606084823608398e+00
9.710178971290588379e-01
1.263514906167984009e-01
4.336082458496093750e+00
-8.339596390724182129e-01
2.302617788314819336e+00
-3.125892877578735352e+00
-2.557542800903320312e+00
-3.140275478363037109e-01
1.437853455543518066e+00
8.097165226936340332e-01
-1.339210391044616699e+00
-2.287961244583129883e+00
-1.616731882095336914e+00
-2.063890844583511353e-01
-6.774306297302246094e-01
2.213357686996459961e+00
1.697423219680786133e+00
-3.306543111801147461e+00
-2.076440095901489258e+00
1.251218318939208984e-01
-2.357328891754150391e+00
-3.486296415328979492e+00
-9.623718261718750000e-01
-8.852633237838745117e-01
-1.875588893890380859e+00
8.557600021362304688e+00
-1.506583333015441895e+00
3.245854377746582031e+00
-5.125740170478820801e-01
-9.248487949371337891e-01
1.087205052375793457e+00
1.377205550670623779e-01
-2.262701988220214844e+00
-1.028961539268493652e+00
-2.865819454193115234e+00
7.593365758657455444e-02
-1.450807213783264160e+00
-3.260364234447479248e-01
-2.232763618230819702e-01
7.237986922264099121e-01
9.267840385437011719e-01
-1.829496741294860840e+00
-8.442714810371398926e-01
-2.232746839523315430e+00
2.209913253784179688e+00
1.105116844177246094e+00
-6.492879390716552734e-01
-7.395576834678649902e-01
5.857587456703186035e-01
2.561672449111938477e+00
-3.312618732452392578e+00
1.840694546699523926e+00
2.810402154922485352e+00
1.997364044189453125e+00
-2.338013172149658203e+00
3.838893771171569824e-01
2.392050504684448242e+00
4.701300144195556641e+00
-8.292373269796371460e-02
-4.912740886211395264e-01
7.642440199851989746e-01
-3.579029321670532227e+00
-4.016905128955841064e-01
-5.145987868309020996e-01
-1.423992037773132324e+00
3.230028390884399414e+00
-2.746881246566772461e-01
1.995527595281600952e-01
2.933638334274291992e+00
-5.256926417350769043e-01
2.866095781326293945e+00
2.330744028091430664e+00
-1.343966245651245117e+00
-2.360447168350219727e+00
3.230207443237304688e+00
-2.093097448348999023e+00
-2.371511936187744141e+00
8.280636072158813477e-01
9.204705059528350830e-02
9.802975058555603027e-01
4.160414695739746094e+00
4.278406620025634766e+00
9.630476832389831543e-01
-1.583004951477050781e+00
2.047170400619506836e+00
1.191080927848815918e+00
-5.333098173141479492e-01
4.123294830322265625e+00
1.059441804885864258e+00
1.871879577636718750e+00
-3.587899506092071533e-01
-1.503254175186157227e+00
3.119148731231689453e+00
-4.751958847045898438e-01
2.072664260864257812e+00
5.261620283126831055e-01
1.885705590248107910e+00
1.946267247200012207e+00
-1.619157433509826660e+00
1.934192895889282227e+00
-4.065010070800781250e+00
3.985180258750915527e-01
4.145304203033447266e+00
1.155972480773925781e+00
-3.419489145278930664e+00
3.751636743545532227e+00
-3.808485269546508789e-01
-1.209743499755859375e+00
4.300704479217529297e+00
1.146175622940063477e+00
8.205912709236145020e-01
-3.550241231918334961e+00
2.804125070571899414e+00
3.242508471012115479e-01
1.445809602737426758e+00
-2.899465560913085938e-01
2.074045240879058838e-01
1.782977938652038574e+00
6.637809276580810547e-01
-1.663442701101303101e-01
2.412528038024902344e+00
-5.000481009483337402e-01
3.162158966064453125e+00
1.634948492050170898e+00
3.270304918289184570e+00
-5.135954171419143677e-02
-6.914864182472229004e-01
1.814931631088256836e+00
-2.429051399230957031e-01
-2.005354642868041992e+00
-1.276236414909362793e+00
6.460276246070861816e-02
2.741043329238891602e+00
3.076005578041076660e-01
4.445050716400146484e+00
1.068783402442932129e+00
2.277495622634887695e+00
-6.795712113380432129e-01
4.772896766662597656e+00
1.340426802635192871e+00
4.161403656005859375e+00
2.394762516021728516e+00
4.870147228240966797e+00
1.903010010719299316e+00
-1.085150122642517090e+00
1.586880326271057129e+00
1.010801315307617188e+00
-6.034733653068542480e-01
3.583149194717407227e+00
-4.401830956339836121e-02
1.545692607760429382e-02
-4.387086391448974609e+00
-2.141678810119628906e+00
2.110376358032226562e+00
5.939257144927978516e+00
9.918716549873352051e-01
-2.022881269454956055e+00
3.599710941314697266e+00
2.863583862781524658e-01
-3.104565858840942383e+00
4.242090702056884766e+00
-4.020344734191894531e+00
-1.708089411258697510e-01
-3.554859161376953125e+00
-1.997168421745300293e+00
-1.643036127090454102e+00
-3.585486888885498047e+00
4.669145941734313965e-01
-2.280818462371826172e+00
-3.582555532455444336e+00
-5.544415950775146484e+00
1.628996372222900391e+00
6.480920314788818359e-02
1.675260186195373535e+00
-4.109539985656738281e-01
-3.612108230590820312e-01
1.808750748634338379e+00
9.027417898178100586e-01
1.297471076250076294e-01
4.407438635826110840e-01
1.498350620269775391e+00
-1.172217369079589844e+00
-4.695909500122070312e+00
1.317813634872436523e+00
9.408049583435058594e-01
5.655141353607177734e+00
6.578388214111328125e+00
1.774289965629577637e+00
-1.128403067588806152e+00
1.643082380294799805e+00
5.803717613220214844e+00
2.773558139801025391e+00
9.597333669662475586e-01
1.189623475074768066e+00
-1.028905868530273438e+00
2.892947942018508911e-02
-1.411087512969970703e+00
1.065066814422607422e+00
1.194914340972900391e+00
3.552991867065429688e+00
3.232059001922607422e+00
7.889146327972412109e+00
-1.421339750289916992e+00
-1.950836181640625000e+00
2.100717276334762573e-03
-1.487572431564331055e+00
3.604406714439392090e-01
9.350486397743225098e-01
1.624892592430114746e+00
2.146010637283325195e+00
2.444475889205932617e+00
1.076519116759300232e-02
1.335909962654113770e+00
-1.342743277549743652e+00
-6.465290188789367676e-01
-1.298063278198242188e+00
-3.923967123031616211e+00
1.489291667938232422e+00
1.281446814537048340e+00
-9.184213876724243164e-01
-3.943641901016235352e+00
1.628983974456787109e+00
-1.481487751007080078e+00
-2.102193832397460938e+00
5.072540044784545898e-01
5.697255611419677734e+00
-4.396610558032989502e-01
-2.580141067504882812e+00
-2.639429569244384766e-01
-1.460154294967651367e+00
-2.357790172100067139e-01
1.489782214164733887e+00
2.525223016738891602e+00
-1.982421875000000000e+00
1.059830069541931152e+00
2.159311622381210327e-01
-1.210361242294311523e+00
-2.487799882888793945e+00
-1.671845793724060059e+00
-6.895362585783004761e-02
6.107186675071716309e-01
1.120516657829284668e+00
-1.262257218360900879e+00
1.410917490720748901e-01
-4.896889686584472656e+00
1.957471489906311035e+00
4.643497467041015625e+00
3.005360841751098633e+00
2.844959497451782227e+00
-1.666179418563842773e+00
1.849493861198425293e+00
6.818858385086059570e-01
2.044727802276611328e+00
2.637470245361328125e+00
2.028426647186279297e+00
-7.398287206888198853e-02
5.996607542037963867e-01
-3.727138519287109375e+00
-1.152026414871215820e+00
1.136508941650390625e+00
4.001159965991973877e-01
3.803775548934936523e+00
-1.834152936935424805e+00
-3.744768619537353516e+00
-3.346334993839263916e-01
1.852932013571262360e-02
6.468434929847717285e-01
1.674726158380508423e-01
-9.153019189834594727e-01
-1.856953144073486328e+00
2.252797603607177734e+00
-3.344165563583374023e+00
-2.852093219757080078e+00
-1.395407795906066895e+00
-3.913008928298950195e+00
-4.102347850799560547e+00
-1.142742872238159180e+00
9.833778142929077148e-01
4.108940601348876953e+00
-9.447428584098815918e-01
-7.330546975135803223e-01
-9.654305577278137207e-01
-9.423900246620178223e-01
3.099527060985565186e-01
-3.112799882888793945e+00
-1.338910222053527832e+00
-2.335794687271118164e+00
-2.731721162796020508e+00
-1.601349353790283203e+00
-1.271593809127807617e+00
2.107017278671264648e+00
-5.425471663475036621e-01
-1.257477641105651855e+00
-1.818231701850891113e+00
2.544745802879333496e-01
-3.489610195159912109e+00
-1.275850653648376465e+00
5.364218950271606445e-01
-2.157361030578613281e+00
-1.124427556991577148e+00
-7.907333225011825562e-02
-1.610920190811157227e+00
-2.347878068685531616e-01
2.477363646030426025e-01
-1.719054460525512695e+00
-1.686513051390647888e-02
4.293915331363677979e-01
4.723140299320220947e-01
-5.139922142028808594e+00
6.545995473861694336e-01
-6.255390048027038574e-01
-3.644149065017700195e+00
-1.804184556007385254e+00
-2.831470012664794922e+00
-5.977972149848937988e-01
1.250078916549682617e+00
-5.629247426986694336e-01
2.537976503372192383e+00
-2.055883407592773438e+00
-2.745355844497680664e+00
2.279546111822128296e-01
-2.948192358016967773e+00
-2.727671623229980469e+00
-1.908786892890930176e+00
1.267747759819030762e+00
-1.978339076042175293e+00
8.362057805061340332e-02
8.277951180934906006e-02
-2.651368379592895508e+00
-4.906327724456787109e+00
6.540688872337341309e-01
1.364178895950317383e+00
-1.665117859840393066e+00
1.803596019744873047e+00
-3.464641332626342773e+00
-4.117328166961669922e+00
-2.027274370193481445e-01
-2.698099374771118164e+00
-2.566769123077392578e+00
7.168020009994506836e-01
-2.766972303390502930e+00
-3.986074447631835938e+00
-9.661647677421569824e-02
-6.881655454635620117e-01
2.482339143753051758e+00
-2.467434644699096680e+00
-3.765371561050415039e+00
-1.853731393814086914e+00
4.515743255615234375e+00
