-1.126832127571105957e+00
-4.079432964324951172e+00
3.463755548000335693e-01
-2.264363765716552734e+00
-1.390656679868698120e-01
-1.503623843193054199e+00
5.225605145096778870e-02
-3.160227537155151367e+00
-1.018329024314880371e+00
-3.694855451583862305e+00
-5.062215328216552734e+00
-1.776969313621520996e+00
-5.996447086334228516e+00
-2.463874578475952148e+00
-4.582125663757324219e+00
-6.580016136169433594e+00
-5.196329593658447266e+00
-1.588238328695297241e-01
-2.353671312332153320e+00
-2.968406438827514648e+00
-7.111235618591308594e+00
-4.513548851013183594e+00
-3.758789777755737305e+00
-4.151877403259277344e+00
-5.365509033203125000e+00
-2.911242485046386719e+00
-4.787721157073974609e+00
-3.268735647201538086e+00
-2.017413139343261719e+00
-2.712067365646362305e+00
-2.400269269943237305e+00
-1.403972268104553223e+00
-1.766234993934631348e+00
-9.966874718666076660e-01
-2.496026515960693359e+00
-6.822735309600830078e+00
-2.459734678268432617e+00
-3.196496486663818359e+00
-4.994059562683105469e+00
-3.760013818740844727e+00
-2.857189178466796875e+00
-5.395378112792968750e+00
-5.131673336029052734e+00
-7.081015586853027344e+00
-5.354392528533935547e+00
-3.749753475189208984e+00
-3.426268100738525391e+00
-5.474037170410156250e+00
-4.072084903717041016e+00
-4.296335220336914062e+00
-1.629901170730590820e+00
-2.085566043853759766e+00
-2.249419450759887695e+00
-1.814428925514221191e+00
-4.111140727996826172e+00
-2.227196693420410156e+00
-2.093715190887451172e+00
-2.896863937377929688e+00
-4.044418334960937500e+00
-1.979620099067687988e+00
3.551774099469184875e-02
-3.238313198089599609e-01
-8.857469558715820312e-01
-2.301194429397583008e+00
-2.158259630203247070e+00
-1.811434864997863770e+00
-4.207205295562744141e+00
-2.571900606155395508e+00
-5.414874076843261719e+00
-6.148411750793457031e+00
-4.540161132812500000e+00
-2.677757978439331055e+00
-2.034028291702270508e+00
-2.858993291854858398e+00
-2.258301496505737305e+00
-3.008367300033569336e+00
-2.243031501770019531e+00
-3.387045860290527344e+00
-1.364664912223815918e+00
-3.294671773910522461e+00
-7.490643501281738281e+00
-6.487865924835205078e+00
-3.964581251144409180e+00
-5.800309181213378906e+00
-3.054182052612304688e+00
-6.168312072753906250e+00
-4.690306663513183594e+00
-3.382897377014160156e-01
-4.447557330131530762e-01
-1.383644342422485352e+00
-3.291312456130981445e+00
-7.175316333770751953e+00
-4.621218204498291016e+00
-2.178765535354614258e+00
-3.363659143447875977e+00
-6.515747070312500000e+00
-1.799872517585754395e+00
-4.632202088832855225e-01
-4.811067581176757812e+00
-1.194593906402587891e+00
-3.389673471450805664e+00
-5.810269832611083984e+00
-4.476425647735595703e+00
-4.679521083831787109e+00
5.379121899604797363e-01
-1.312573194503784180e+00
-3.883818864822387695e+00
-2.891860008239746094e+00
-3.492741107940673828e+00
-4.862986564636230469e+00
-3.246097326278686523e+00
-4.461667060852050781e+00
-5.741124153137207031e-01
-2.156128883361816406e+00
1.151814103126525879e+00
-3.506716728210449219e+00
-4.081101417541503906e+00
-6.032467365264892578e+00
2.384086400270462036e-01
-4.723274230957031250e+00
-4.182380199432373047e+00
-1.963906049728393555e+00
-1.650534510612487793e+00
-1.760028362274169922e+00
2.204682305455207825e-02
-1.668062329292297363e+00
-2.718776464462280273e+00
-2.193145990371704102e+00
-4.058796882629394531e+00
-2.890199661254882812e+00
-3.576596498489379883e+00
-6.129177093505859375e+00
-4.240093231201171875e+00
-4.188323020935058594e+00
-3.954082727432250977e+00
-4.980302810668945312e+00
-5.223803997039794922e+00
-5.843915939331054688e+00
-5.190066337585449219e+00
-4.718006134033203125e+00
-4.666804790496826172e+00
-5.421002388000488281e+00
-5.140152931213378906e+00
-4.086271762847900391e+00
-2.247157573699951172e+00
-5.068933010101318359e+00
-1.965131163597106934e+00
-5.388538837432861328e+00
-3.881181955337524414e+00
-3.510418176651000977e+00
-3.374440670013427734e+00
8.186729431152343750e+00
2.628609657287597656e+00
3.568045377731323242e+00
6.265005111694335938e+00
3.538015604019165039e+00
3.764392375946044922e+00
3.976033926010131836e+00
5.803744316101074219e+00
4.401539325714111328e+00
4.511631488800048828e+00
5.161264896392822266e+00
9.539590835571289062e+00
5.626820564270019531e+00
3.617827892303466797e+00
4.065186023712158203e+00
6.608729839324951172e+00
4.856983661651611328e+00
6.040729522705078125e+00
8.236349105834960938e+00
3.652450561523437500e+00
4.320561885833740234e+00
5.180109024047851562e+00
4.028192520141601562e+00
8.151168823242187500e+00
3.460266113281250000e+00
7.689779758453369141e+00
1.054428815841674805e+00
2.030215740203857422e+00
4.370196342468261719e+00
5.109443187713623047e+00
8.656383156776428223e-01
4.266176700592041016e+00
-2.367767810821533203e+00
3.672114849090576172e+00
1.140642166137695312e+00
2.394411087036132812e+00
4.990299418568611145e-02
4.509128570556640625e+00
3.719902753829956055e+00
-1.248244881629943848e+00
3.319199562072753906e+00
3.235640287399291992e+00
3.140561819076538086e+00
-8.227774500846862793e-01
2.999284505844116211e+00
2.959667682647705078e+00
-7.094113826751708984e-01
-8.958069086074829102e-01
3.030765056610107422e+00
4.012604713439941406e+00
1.889180302619934082e+00
2.727398157119750977e+00
5.591262340545654297e+00
3.352311372756958008e+00
3.961423635482788086e+00
5.427950024604797363e-01
1.415761756896972656e+01
1.294196224212646484e+01
5.711602210998535156e+00
-1.866425156593322754e+00
1.007816553115844727e+00
7.234901905059814453e+00
3.541560888290405273e+00
3.292318582534790039e+00
6.645766258239746094e+00
2.995239973068237305e+00
3.979711771011352539e+00
5.131302356719970703e+00
6.941271305084228516e+00
2.219377040863037109e+00
-1.341142058372497559e+00
1.125878238677978516e+01
3.571074724197387695e+00
3.125881910324096680e+00
5.386472702026367188e+00
2.957618951797485352e+00
8.782085418701171875e+00
8.298803567886352539e-01
4.582226276397705078e+00
7.798277378082275391e+00
9.267727851867675781e+00
7.244577407836914062e+00
-1.748548507690429688e+00
5.535979270935058594e+00
1.073128032684326172e+01
4.160159587860107422e+00
2.634290218353271484e+00
5.995959758758544922e+00
6.005860805511474609e+00
7.127074241638183594e+00
5.345742702484130859e+00
2.902814388275146484e+00
1.447185158729553223e+00
7.114428997039794922e+00
3.427275419235229492e+00
3.480860710144042969e+00
7.415161609649658203e+00
1.256564903259277344e+01
1.219119167327880859e+01
1.253666400909423828e+01
5.991711139678955078e+00
-1.963588118553161621e+00
6.327440738677978516e+00
4.800621986389160156e+00
2.469039678573608398e+00
4.673312664031982422e+00
1.151384162902832031e+01
9.501417160034179688e+00
7.289325714111328125e+00
8.410978317260742188e+00
3.458859920501708984e+00
-2.206128984689712524e-01
1.099470901489257812e+01
8.059811592102050781e+00
4.350286006927490234e+00
2.015074491500854492e+00
3.803594827651977539e+00
-1.679031968116760254e+00
5.472306251525878906e+00
7.101067066192626953e+00
1.731766700744628906e+00
2.323011875152587891e+00
8.875136375427246094e+00
1.017566680908203125e+00
-2.601002693176269531e+00
-1.900683283805847168e+00
-6.491607427597045898e-01
-1.660390973091125488e+00
1.827510476112365723e+00
-2.533352851867675781e+00
1.410602092742919922e+00
2.053505659103393555e+00
-8.778771013021469116e-02
2.750555515289306641e+00
2.080629110336303711e+00
1.114841580390930176e+00
2.248389869928359985e-01
-2.785092353820800781e+00
-2.330552339553833008e+00
-1.889394402503967285e+00
-6.910937428474426270e-01
1.761385202407836914e-01
-4.659895896911621094e-01
-2.959524154663085938e+00
-2.187191247940063477e+00
1.328650593757629395e+00
-2.405519247055053711e+00
-5.066547393798828125e+00
-1.715289592742919922e+00
-3.979401111602783203e+00
-2.332374572753906250e+00
-4.930114269256591797e+00
-2.997375965118408203e+00
-2.389214515686035156e+00
-3.894974946975708008e+00
3.420238196849822998e-01
-5.490274429321289062e+00
-4.772809982299804688e+00
-3.122302532196044922e+00
-2.007215976715087891e+00
-3.226098060607910156e+00
-3.560358047485351562e+00
-2.956654787063598633e+00
7.302413880825042725e-02
-2.750029563903808594e+00
-4.968417167663574219e+00
-1.302968621253967285e+00
-3.175043344497680664e+00
-4.615108013153076172e+00
-5.933492660522460938e+00
-5.341373443603515625e+00
-6.405371189117431641e+00
-5.371401309967041016e+00
-4.556225299835205078e+00
-4.450435161590576172e+00
-7.210753440856933594e+00
-1.297136425971984863e+00
-5.326134204864501953e+00
-2.513360261917114258e+00
-3.719548881053924561e-01
-6.492291092872619629e-01
1.701492071151733398e+00
7.814101576805114746e-01
-2.862528562545776367e+00
-7.346188545227050781e+00
-5.292057514190673828e+00
-2.914615631103515625e+00
-1.878583133220672607e-01
-1.230235099792480469e+00
-4.997709274291992188e+00
-8.742579817771911621e-02
-4.163633346557617188e+00
-6.696667194366455078e+00
-5.576575279235839844e+00
1.906394958496093750e-01
-2.584715127944946289e+00
-5.052809715270996094e+00
-9.413896203041076660e-01
-6.290658473968505859e+00
-4.114435195922851562e+00
-7.192054271697998047e+00
-3.695061445236206055e+00
-1.629670381546020508e+00
-3.323805570602416992e+00
1.376336812973022461e+00
4.085639119148254395e-01
-3.138756513595581055e+00
-2.942539006471633911e-02
4.496696889400482178e-01
-3.132677555084228516e+00
1.014435529708862305e+00
-1.950636744499206543e+00
-3.895402908325195312e+00
-1.913610339164733887e+00
-3.014897346496582031e+00
-4.165376186370849609e+00
-2.653348445892333984e+00
1.649513125419616699e+00
-3.439916610717773438e+00
-3.882348060607910156e+00
-2.037197589874267578e+00
-3.402078866958618164e+00
-4.135645627975463867e-01
-2.503980875015258789e+00
-3.048114299774169922e+00
-2.042390584945678711e+00
-2.231163024902343750e+00
5.830186009407043457e-01
-1.117863059043884277e+00
1.010647892951965332e+00
-6.070266962051391602e-01
1.496864318847656250e+00
-2.256517648696899414e+00
-2.642881631851196289e+00
-5.554624080657958984e+00
-6.417990684509277344e+00
-2.510778903961181641e+00
1.261842727661132812e+00
-4.251579046249389648e-01
-2.565718173980712891e+00
5.941913127899169922e-01
-6.267458438873291016e+00
-4.637156963348388672e+00
4.077608883380889893e-01
-3.186231136322021484e+00
-4.280724525451660156e+00
-2.288347005844116211e+00
1.059612393379211426e+00
-2.455931425094604492e+00
-7.522569894790649414e-01
-1.184649348258972168e+00
-1.907163977622985840e+00
-4.547201633453369141e+00
-4.395743846893310547e+00
-4.864130973815917969e+00
-3.066050052642822266e+00
6.685690879821777344e-01
-2.854142427444458008e+00
1.129743218421936035e+00
-2.652502536773681641e+00
5.687075138092041016e+00
3.988149404525756836e+00
-1.978599309921264648e+00
2.772791385650634766e+00
2.639286518096923828e+00
1.158471584320068359e+00
6.026982665061950684e-01
7.359976172447204590e-01
2.924165725708007812e+00
-5.569443106651306152e-01
2.703464269638061523e+00
7.974713295698165894e-02
-5.102211236953735352e-01
4.493300318717956543e-01
-2.686715126037597656e+00
9.859160780906677246e-01
8.925315141677856445e-01
6.527074813842773438e+00
-1.468704700469970703e+00
1.673978716135025024e-01
2.000501155853271484e+00
-1.900277733802795410e+00
3.040571928024291992e+00
6.402277469635009766e+00
4.400032043457031250e+00
-1.016406938433647156e-01
-4.088600158691406250e+00
-1.668063759803771973e+00
-1.302324175834655762e+00
1.310697555541992188e+00
-1.409552693367004395e+00
-9.457088112831115723e-01
1.455355882644653320e+00
-2.606396190822124481e-02
2.807616710662841797e+00
-6.982425600290298462e-02
-2.762347459793090820e-01
2.030923604965209961e+00
-3.848651647567749023e+00
2.162603616714477539e+00
1.032068252563476562e+00
2.765029430389404297e+00
-1.837441444396972656e+00
1.510525703430175781e+00
1.450416088104248047e+00
1.904313206672668457e+00
2.554014444351196289e+00
-1.484997272491455078e+00
7.278069257736206055e-01
4.404359161853790283e-01
-1.582451015710830688e-01
5.099696159362792969e+00
4.614331722259521484e+00
-2.048896074295043945e+00
2.717981338500976562e-01
-9.760084748268127441e-01
3.967644870281219482e-01
1.453791856765747070e+00
1.452805280685424805e+00
-1.457194805145263672e+00
-1.879946351051330566e+00
5.313739299774169922e+00
2.360937297344207764e-01
-2.010454893112182617e+00
2.542156457901000977e+00
1.660995721817016602e+00
6.075020432472229004e-01
4.665361881256103516e+00
2.127177476882934570e+00
2.406350851058959961e+00
-2.104636907577514648e+00
-2.361222028732299805e+00
-4.332230091094970703e+00
-1.063485741615295410e-01
-3.314687013626098633e+00
-2.166378498077392578e+00
3.277871608734130859e+00
-1.113136291503906250e+00
2.946080684661865234e+00
-3.149212598800659180e+00
2.054928064346313477e+00
9.436486959457397461e-01
-7.548237442970275879e-01
-1.070762753486633301e+00
-1.282225251197814941e+00
3.560288906097412109e+00
-2.181264638900756836e+00
-2.363151550292968750e+00
2.236068010330200195e+00
-2.939398527145385742e+00
-8.702774047851562500e-01
4.726788997650146484e+00
-1.125548124313354492e+00
4.446355998516082764e-02
-7.147117853164672852e-01
-1.828333020210266113e+00
7.231394201517105103e-02
8.878300786018371582e-01
5.563675165176391602e-01
-3.505114555358886719e+00
-1.573413252830505371e+00
-8.816040158271789551e-01
-5.464542508125305176e-01
1.922236561775207520e+00
4.840479850769042969e+00
9.361556768417358398e-01
-2.017763853073120117e+00
1.949907898902893066e+00
4.493354320526123047e+00
1.038181900978088379e+00
5.383281707763671875e-01
2.450958013534545898e+00
8.078673362731933594e+00
-2.364410161972045898e+00
-2.660729646682739258e+00
-2.101045846939086914e+00
-1.945159435272216797e+00
1.838182210922241211e+00
3.779705286026000977e+00
5.859310626983642578e-01
1.001974344253540039e+00
-1.809551954269409180e+00
-2.178371667861938477e+00
6.382657051086425781e+00
2.836919426918029785e-01
-2.361338615417480469e+00
7.011972904205322266e+00
-3.970417499542236328e+00
8.483689308166503906e+00
-3.881625890731811523e+00
-1.724625349044799805e+00
3.135409355163574219e+00
1.476610660552978516e+00
-1.048807054758071899e-03
-9.528338909149169922e-01
-8.163135647773742676e-01
-4.123850345611572266e+00
-3.211699008941650391e+00
-2.255056351423263550e-01
-2.405049562454223633e+00
-2.443122148513793945e+00
8.015280723571777344e+00
6.010646224021911621e-01
-2.575886964797973633e+00
-1.931358456611633301e+00
-1.273707449436187744e-01
8.163879513740539551e-01
1.694548487663269043e+00
3.311205625534057617e+00
4.975542724132537842e-01
-1.180739879608154297e+00
9.071562886238098145e-01
-1.281791210174560547e+00
-2.752300500869750977e+00
-1.966433167457580566e+00
-7.193205356597900391e-01
3.634608507156372070e+00
5.203679084777832031e+00
-1.498291641473770142e-01
3.131324350833892822e-01
3.545277193188667297e-02
-1.242511987686157227e+00
-1.071244955062866211e+00
-1.801650822162628174e-01
3.336276412010192871e-01
-2.112526655197143555e+00
5.949462652206420898e-01
2.364354848861694336e+00
-1.758649706840515137e+00
2.075668573379516602e+00
-3.579005002975463867e+00
9.664031267166137695e-01
9.331403672695159912e-02
-5.812708735466003418e-01
1.980592846870422363e+00
-4.396346569061279297e+00
4.072314262390136719e+00
2.659357309341430664e+00
6.065240859985351562e+00
-5.538625121116638184e-01
2.111727476119995117e+00
-4.055166721343994141e+00
1.955911636352539062e+00
2.061644554138183594e+00
-3.896559000015258789e+00
3.528821706771850586e+00
-1.161387920379638672e+00
-2.783008098602294922e+00
-1.472957134246826172e+00
6.538798213005065918e-01
2.540348768234252930e-01
3.117352247238159180e+00
-1.383032083511352539e+00
-1.930357813835144043e+00
-1.599705934524536133e+00
2.965695142745971680e+00
6.033671498298645020e-01
4.684035301208496094e+00
-2.529337644577026367e+00
3.066938877105712891e+00
1.144637763500213623e-01
7.202561497688293457e-01
-1.157966017723083496e+00
2.677723884582519531e+00
3.480487823486328125e+00
-6.926530003547668457e-01
1.553696990013122559e+00
3.984863996505737305e+00
-1.302561521530151367e+00
1.543606638908386230e+00
3.690065860748291016e+00
6.030788421630859375e-01
4.894991964101791382e-02
-1.203159928321838379e+00
-2.915255546569824219e+00
1.222633838653564453e+00
-2.569262683391571045e-01
-4.195138931274414062e+00
1.139946103096008301e+00
5.548252463340759277e-01
7.130227088928222656e-01
-2.392307281494140625e+00
-6.558033227920532227e-01
-2.217337131500244141e+00
-1.219931483268737793e+00
3.136920928955078125e+00
2.601082563400268555e+00
2.203141927719116211e+00
1.351088166236877441e+00
2.066729545593261719e+00
2.294621229171752930e+00
-1.836448073387145996e+00
2.496117591857910156e+00
-2.290694713592529297e-01
-1.457250416278839111e-01
3.422906637191772461e+00
3.017708361148834229e-01
1.631409525871276855e-01
-3.546392202377319336e+00
2.642795145511627197e-01
1.215791553258895874e-01
-7.398861646652221680e-01
4.089629650115966797e-02
-1.243105530738830566e+00
2.742233037948608398e+00
7.791097760200500488e-01
-9.564431905746459961e-01
-8.334236741065979004e-01
-4.062301516532897949e-01
-1.274557709693908691e+00
-2.974059104919433594e+00
-2.685338735580444336e+00
-3.558804035186767578e+00
-4.511924982070922852e-01
1.441338777542114258e+00
-1.304122805595397949e+00
3.991269588470458984e+00
-9.123224616050720215e-01
1.257528662681579590e+00
2.559927463531494141e+00
6.208223104476928711e-02
4.174911677837371826e-01
7.031242251396179199e-01
3.729994595050811768e-01
8.508450388908386230e-01
7.816540718078613281e+00
-2.160395622253417969e+00
3.923213243484497070e+00
-1.329726576805114746e+00
2.287206172943115234e+00
-6.021446585655212402e-01
-1.681609034538269043e+00
-1.288246631622314453e+00
1.767458200454711914e+00
-2.372232675552368164e+00
-1.734987378120422363e+00
-3.410623788833618164e+00
1.188858747482299805e+00
1.322494149208068848e-01
-2.057492285966873169e-01
3.252032756805419922e+00
1.470951080322265625e+00
4.855088710784912109e+00
-2.244324207305908203e+00
2.049222886562347412e-01
4.611166477203369141e+00
5.840513229370117188e+00
-2.277215957641601562e+00
7.943578958511352539e-01
5.916708946228027344e+00
-1.349343299865722656e+00
1.819085001945495605e+00
5.648602247238159180e-01
3.646083116531372070e+00
-2.090560436248779297e+00
8.694804310798645020e-01
4.920986652374267578e+00
-1.287732720375061035e+00
7.261251807212829590e-01
-3.488700985908508301e-01
-2.786845445632934570e+00
-3.859156072139739990e-01
-1.929698884487152100e-01
-9.117567539215087891e-01
-2.688282728195190430e+00
8.508147001266479492e-01
-1.807909369468688965e+00
-1.678755402565002441e+00
7.356823980808258057e-02
-1.455262899398803711e+00
2.205270767211914062e+00
2.400037795305252075e-01
2.519228219985961914e+00
-3.800758361816406250e+00
8.265989422798156738e-01
-8.529095053672790527e-01
-1.801349401473999023e+00
5.155754089355468750e+00
-3.323698759078979492e+00
-1.872872352600097656e+00
5.693242073059082031e+00
-2.270357847213745117e+00
2.645566463470458984e+00
-1.229606151580810547e+00
9.522054791450500488e-01
7.888141274452209473e-01
1.049654483795166016e+00
-5.724900364875793457e-01
-1.759044051170349121e+00
4.313934326171875000e+00
8.305809497833251953e-01
6.167296767234802246e-01
-5.420585870742797852e-01
-1.860046505928039551e+00
-2.933877468109130859e+00
7.523951530456542969e-01
1.275239586830139160e+00
7.967793941497802734e-01
1.212134599685668945e+00
3.864589929580688477e+00
2.708626389503479004e-01
3.950436115264892578e+00
1.621787250041961670e-01
-1.955110192298889160e+00
-3.833618640899658203e+00
1.758699893951416016e+00
3.069846034049987793e-01
1.232068777084350586e+00
-3.478821039199829102e+00
2.304406404495239258e+00
5.077021598815917969e+00
-9.462887644767761230e-01
2.601778507232666016e-02
4.714144766330718994e-02
1.480293750762939453e+00
-1.910445451736450195e+00
1.617582440376281738e+00
-4.571692347526550293e-01
2.704614639282226562e+00
3.458152294158935547e+00
-4.300668239593505859e-01
1.953444719314575195e+00
1.714365601539611816e+00
1.809907197952270508e+00
1.959260344505310059e+00
-1.954548835754394531e+00
-1.376165032386779785e+00
4.043967723846435547e+00
1.824312686920166016e+00
-2.185975313186645508e+00
-9.678758978843688965e-01
-4.862479865550994873e-01
-7.332754135131835938e-01
4.642610549926757812e+00
6.458733558654785156e+00
-1.578448057174682617e+00
1.816864162683486938e-01
3.129533052444458008e+00
2.103627681732177734e+00
4.923973560333251953e+00
3.696490049362182617e+00
5.267423152923583984e+00
7.059014320373535156e+00
1.707288980484008789e+00
3.666361093521118164e+00
1.080829858779907227e+00
6.187118053436279297e+00
-2.458028554916381836e+00
6.082558155059814453e+00
1.368536233901977539e+00
2.296852588653564453e+00
-1.226025938987731934e+00
-2.196629047393798828e+00
-3.220748305320739746e-01
7.360116481781005859e+00
6.579391360282897949e-01
-6.981704831123352051e-01
3.759851694107055664e+00
6.060180664062500000e-01
-3.780858278274536133e+00
1.275702834129333496e+00
-2.703539848327636719e+00
7.162689208984375000e+00
-1.722684979438781738e+00
-2.500168561935424805e+00
2.557530879974365234e+00
-1.849519491195678711e+00
-1.354651331901550293e+00
-2.509070634841918945e+00
-3.316925525665283203e+00
-3.374166727066040039e+00
8.223696947097778320e-01
4.073253631591796875e+00
1.530537247657775879e+00
-6.001311540603637695e-01
-7.005238533020019531e-02
5.871149897575378418e-01
3.261895418167114258e+00
7.684574723243713379e-01
6.425786018371582031e-01
1.510447740554809570e+00
-3.673727273941040039e+00
-2.170356035232543945e+00
1.280162096023559570e+00
-1.906597465276718140e-01
3.190607786178588867e+00
5.065125465393066406e+00
3.208701372146606445e+00
-1.822258591651916504e+00
6.343595027923583984e+00
2.741494417190551758e+00
4.040486335754394531e+00
3.614209413528442383e+00
-9.503161907196044922e-01
1.937373995780944824e+00
-3.162515878677368164e+00
-3.100014925003051758e+00
-1.541742801666259766e+00
-1.200608015060424805e+00
2.743899583816528320e+00
-1.543606966733932495e-01
8.989562034606933594e+00
-3.812913656234741211e+00
-2.690218210220336914e+00
-1.662859559059143066e+00
-3.766289234161376953e+00
-2.611233472824096680e+00
-2.875155925750732422e+00
7.546092867851257324e-01
-5.241416692733764648e-01
2.221246957778930664e+00
-9.435495734214782715e-01
1.543948799371719360e-01
-2.521650314331054688e+00
2.370067596435546875e+00
-1.939174532890319824e+00
-3.422412157058715820e+00
1.963966250419616699e+00
3.391043663024902344e+00
3.987628459930419922e+00
-2.674225568771362305e+00
1.217310786247253418e+00
-7.766610980033874512e-01
-1.385190606117248535e+00
1.255576908588409424e-01
5.706062793731689453e+00
3.046259164810180664e+00
-5.524774074554443359e+00
5.345978260040283203e+00
2.900044918060302734e+00
-2.494485616683959961e+00
5.683309555053710938e+00
-9.458016157150268555e-01
-1.402638435363769531e+00
3.504583835601806641e-01
-6.576392799615859985e-03
-1.540371417999267578e+00
-2.186103105545043945e+00
4.187606871128082275e-01
-8.344529271125793457e-01
1.287690877914428711e+00
1.295094490051269531e+00
-1.628849267959594727e+00
6.697481870651245117e-02
-2.344125270843505859e+00
2.357438802719116211e+00
3.005808115005493164e+00
4.133691787719726562e+00
1.598769068717956543e+00
-2.385405063629150391e+00
-2.969632387161254883e+00
2.268511295318603516e+00
2.987814903259277344e+00
3.841495990753173828e+00
6.273591518402099609e-01
-1.374214291572570801e+00
5.580517649650573730e-01
-8.650031685829162598e-01
1.270080089569091797e+00
6.879572391510009766e+00
1.014782071113586426e+00
6.763908267021179199e-01
-2.928952693939208984e+00
-4.481979846954345703e+00
-7.748693823814392090e-01
-1.540443897247314453e+00
6.410562992095947266e-01
4.106715679168701172e+00
2.448247909545898438e+00
9.671287536621093750e-01
3.814141154289245605e-01
-2.999440729618072510e-01
-6.676588654518127441e-01
-1.975858956575393677e-01
-3.208089828491210938e+00
-7.710556983947753906e-01
-6.027930378913879395e-01
9.902696609497070312e-01
7.577362537384033203e+00
2.045236825942993164e+00
3.248085975646972656e+00
3.609081745147705078e+00
5.510746836662292480e-01
4.351692199707031250e+00
8.082705140113830566e-01
1.943782448768615723e+00
3.033626556396484375e+00
5.833366513252258301e-01
2.960904598236083984e+00
5.800527334213256836e-02
-1.536334276199340820e+00
9.275636076927185059e-01
1.827766776084899902e+00
-1.367072463035583496e+00
-1.553903460502624512e+00
-2.914156675338745117e+00
-2.066657781600952148e+00
2.985590696334838867e+00
-3.635767996311187744e-01
1.570940136909484863e+00
1.666850447654724121e+00
-1.948555111885070801e+00
2.246215820312500000e+00
2.232712030410766602e+00
1.620557188987731934e+00
3.784883022308349609e+00
-1.486622810363769531e+00
-5.277518033981323242e-01
5.884367227554321289e-01
-1.534819483757019043e+00
2.646093845367431641e+00
-2.416863203048706055e+00
3.302563190460205078e+00
-2.481389492750167847e-01
1.326991558074951172e+00
-1.517266273498535156e+00
-2.231396913528442383e+00
-1.990967750549316406e+00
4.015128314495086670e-01
-2.141482383012771606e-01
4.149374961853027344e+00
-1.903898477554321289e+00
-2.980455636978149414e+00
-2.567327022552490234e+00
-3.324223458766937256e-01
-4.346129417419433594e+00
2.625288248062133789e+00
-9.480113387107849121e-01
-2.070731878280639648e+00
-5.978538990020751953e+00
-1.417529940605163574e+00
5.001875758171081543e-01
-2.018378734588623047e+00
-4.750693738460540771e-01
-4.148732185363769531e+00
-4.319473266601562500e+00
4.682216167449951172e+00
-3.734612703323364258e+00
-3.088124990463256836e+00
-2.639209985733032227e+00
-3.352216005325317383e+00
-1.979506134986877441e+00
-4.879912853240966797e+00
-4.573243141174316406e+00
-4.068680763244628906e+00
-2.539004564285278320e+00
-2.117918491363525391e+00
3.428053617477416992e+00
6.241889476776123047e+00
