-5.426201224327087402e-01
-4.020391464233398438e+00
-8.521622419357299805e-01
-3.182678222656250000e+00
-4.763199806213378906e+00
-3.951903283596038818e-01
-1.276162028312683105e+00
-8.306460380554199219e-01
5.836075544357299805e-01
-4.718938827514648438e+00
-1.573164343833923340e+00
-2.054692983627319336e+00
-3.572350263595581055e+00
-2.042605638504028320e+00
-1.993867993354797363e+00
-4.284416139125823975e-01
-3.648921728134155273e+00
-1.086682081222534180e+00
-2.468353271484375000e+00
-2.687296152114868164e+00
-3.642687082290649414e+00
-4.156322956085205078e+00
-4.224345207214355469e+00
-3.932166814804077148e+00
-7.743108272552490234e-01
4.484084129333496094e+00
2.094014406204223633e+00
1.563545465469360352e-01
3.583308935165405273e+00
-2.170666933059692383e+00
5.176644325256347656e-01
2.425479292869567871e-01
1.298917651176452637e+00
1.349796295166015625e+00
-2.118051983416080475e-02
1.122848272323608398e+00
2.144552946090698242e+00
2.849720478057861328e+00
-3.235698223114013672e+00
-1.428864955902099609e+00
-4.146201133728027344e+00
-1.820520877838134766e+00
-2.731290817260742188e+00
-3.186381101608276367e+00
-3.500851392745971680e+00
-1.282205581665039062e+00
-2.186113119125366211e+00
-1.482972502708435059e+00
-3.618114709854125977e+00
-2.470038175582885742e+00
-6.893174052238464355e-01
-3.273931264877319336e+00
-2.359229564666748047e+00
-1.532160639762878418e+00
-2.727594971656799316e-01
-1.593705415725708008e+00
-1.293460249900817871e+00
-1.144968628883361816e+00
-1.879575967788696289e+00
-2.361219882965087891e+00
6.506170630455017090e-01
-1.207503557205200195e+00
7.749053239822387695e-01
-1.538197636604309082e+00
-7.674225568771362305e-01
1.557563185691833496e+00
-6.061514616012573242e-01
-2.503387451171875000e+00
-8.943233489990234375e-01
-2.587368726730346680e+00
-2.867967605590820312e+00
-1.599868535995483398e+00
1.615529417991638184e+00
6.095600128173828125e-01
3.526174128055572510e-01
-1.254883766174316406e+00
-1.155287504196166992e+00
5.830290317535400391e-01
-2.416089534759521484e+00
-1.950108289718627930e+00
-5.675138473510742188e+00
-5.989122867584228516e+00
-1.819936156272888184e+00
-3.832146644592285156e+00
-2.487993001937866211e+00
-1.305330038070678711e+00
-1.891266465187072754e+00
-6.906206011772155762e-01
-7.157873511314392090e-01
-4.733477115631103516e+00
-2.772283554077148438e+00
-5.824780941009521484e+00
-4.428400039672851562e+00
-3.202023029327392578e+00
-4.468666076660156250e+00
-3.696367740631103516e+00
-3.572017669677734375e+00
8.659716248512268066e-01
-3.586584806442260742e+00
-2.279974937438964844e+00
-3.085959672927856445e+00
-2.176493406295776367e+00
-2.473460435867309570e+00
-2.596122264862060547e+00
-1.216304227709770203e-01
-5.597339868545532227e-01
1.608784198760986328e+00
-1.670963168144226074e+00
-2.369563579559326172e+00
-2.102461099624633789e+00
-2.383262634277343750e+00
-1.615785837173461914e+00
-2.038526773452758789e+00
-3.659879207611083984e+00
-9.620073437690734863e-01
-2.324374198913574219e+00
-2.730088829994201660e-01
-4.569540023803710938e+00
-6.967561244964599609e-01
-1.362115025520324707e+00
-1.207541823387145996e+00
4.076174497604370117e-01
-2.923534512519836426e-01
-3.788527846336364746e-02
-2.718980908393859863e-01
-8.597661256790161133e-01
-3.812553167343139648e+00
-4.994872570037841797e+00
-6.153922080993652344e+00
-5.518884181976318359e+00
-6.796849250793457031e+00
-4.540433883666992188e+00
-5.534882068634033203e+00
-4.575766086578369141e+00
-5.444029331207275391e+00
-4.421201229095458984e+00
-1.911452293395996094e+00
-1.988921999931335449e+00
-5.925245761871337891e+00
-2.148596286773681641e+00
-4.823294162750244141e+00
-4.099899768829345703e+00
-3.007308244705200195e+00
-2.677101135253906250e+00
-4.435868740081787109e+00
-3.959239959716796875e+00
-6.464896202087402344e+00
-3.093142986297607422e+00
-4.734941482543945312e+00
-3.040140867233276367e+00
6.467459201812744141e-01
8.001179695129394531e+00
-6.946699023246765137e-01
2.422934472560882568e-01
2.575436830520629883e+00
8.192139863967895508e-01
-4.414169490337371826e-01
2.549368619918823242e+00
6.188553333282470703e+00
4.880216598510742188e+00
8.814213275909423828e-01
5.274073481559753418e-01
1.448840975761413574e+00
6.282561779022216797e+00
5.122523784637451172e+00
7.050599575042724609e+00
7.517330646514892578e-01
4.708753228187561035e-01
5.559239864349365234e+00
-1.230795025825500488e+00
4.452852725982666016e+00
-1.356713533401489258e+00
-1.564181923866271973e+00
-7.495262622833251953e-01
7.435986518859863281e+00
6.550808429718017578e+00
-1.034766197204589844e+00
3.975584745407104492e+00
8.812356591224670410e-01
5.556527614593505859e+00
6.877864360809326172e+00
-6.123084425926208496e-01
9.004652976989746094e+00
9.548402428627014160e-01
3.889049530029296875e+00
5.150362968444824219e+00
7.607779502868652344e+00
5.480438709259033203e+00
3.617013931274414062e+00
4.686854362487792969e+00
-8.713784217834472656e-01
9.122827529907226562e+00
3.377155542373657227e+00
8.994204521179199219e+00
5.213076591491699219e+00
7.409079074859619141e-01
3.012020587921142578e+00
3.626126766204833984e+00
4.463578224182128906e+00
1.243314743041992188e+00
8.503591537475585938e+00
4.979983329772949219e+00
3.223249435424804688e+00
2.348495721817016602e+00
3.109826564788818359e+00
3.959498882293701172e+00
1.944612383842468262e+00
4.637024879455566406e+00
5.849175453186035156e+00
3.515997409820556641e+00
7.541002035140991211e-01
8.523667454719543457e-01
4.058229923248291016e+00
4.044775962829589844e+00
7.513875007629394531e+00
1.788891911506652832e+00
3.691261053085327148e+00
-6.797841191291809082e-01
3.613472282886505127e-01
4.373409748077392578e+00
4.271889686584472656e+00
-3.506198525428771973e-01
5.121632099151611328e+00
6.755701065063476562e+00
3.137685060501098633e+00
6.526827335357666016e+00
5.003970146179199219e+00
1.231910896301269531e+01
1.462062001228332520e-01
8.917081356048583984e-01
3.704692602157592773e+00
4.113182067871093750e+00
3.864960193634033203e+00
3.698461294174194336e+00
1.635636901855468750e+01
9.613276481628417969e+00
8.281868934631347656e+00
8.844202041625976562e+00
4.189554691314697266e+00
4.286777019500732422e+00
9.351284980773925781e+00
4.354386329650878906e+00
2.863065600395202637e-01
4.326272964477539062e+00
1.056951045989990234e+01
-2.822430133819580078e-01
1.057962059974670410e+00
1.299745559692382812e+00
3.902916908264160156e+00
4.851864337921142578e+00
2.638896226882934570e+00
1.708513617515563965e+00
2.566618680953979492e+00
1.952735900878906250e+00
2.669407844543457031e+00
5.183308601379394531e+00
4.781465053558349609e+00
3.622095108032226562e+00
1.163567066192626953e+00
3.719467639923095703e+00
7.134353637695312500e+00
4.320554256439208984e+00
5.266840457916259766e+00
5.207582473754882812e+00
2.321636438369750977e+00
3.181687355041503906e+00
1.940146207809448242e+00
8.937711119651794434e-01
2.480506420135498047e+00
2.834072351455688477e+00
8.818326592445373535e-01
1.332090258598327637e+00
1.059317231178283691e+00
5.430056095123291016e+00
2.264400720596313477e+00
3.351590633392333984e+00
2.373912334442138672e+00
-3.687900066375732422e+00
-1.803044557571411133e+00
-1.727660417556762695e+00
1.008808732032775879e+00
1.845816850662231445e+00
1.645916461944580078e+00
-1.893480181694030762e+00
-1.885893344879150391e+00
-2.757687866687774658e-02
-1.960959076881408691e+00
-2.744014024734497070e+00
-1.112268805503845215e+00
-2.976762056350708008e+00
1.561557501554489136e-01
-1.313520908355712891e+00
-5.875874757766723633e-01
-7.658979296684265137e-01
1.673627138137817383e+00
5.810708522796630859e+00
-2.412045150995254517e-01
2.145617723464965820e+00
2.493055760860443115e-01
8.447855710983276367e-02
-5.951876044273376465e-01
-1.822929024696350098e+00
-1.081442475318908691e+00
9.500108659267425537e-02
-3.509482145309448242e-01
-9.043868780136108398e-01
-3.779699206352233887e-01
-3.652863502502441406e+00
-3.520874738693237305e+00
1.156595468521118164e+00
-1.752297043800354004e+00
-1.385845184326171875e+00
-2.026011228561401367e+00
-3.179714441299438477e+00
-2.642773389816284180e-01
-3.988224744796752930e+00
-2.567865610122680664e+00
-6.594436764717102051e-01
-4.196686267852783203e+00
-1.905195832252502441e+00
-3.473987340927124023e+00
-1.992748141288757324e+00
-1.870730400085449219e+00
-3.065193653106689453e+00
-4.853188514709472656e+00
-2.243608951568603516e+00
-4.118500232696533203e+00
2.063662558794021606e-01
-9.308900237083435059e-01
-8.845438361167907715e-01
-2.186995983123779297e+00
-2.381715059280395508e+00
-2.840709686279296875e+00
-2.116586685180664062e+00
-2.010115385055541992e+00
-1.160188093781471252e-01
1.651080101728439331e-01
3.429591059684753418e-01
3.662060499191284180e+00
-4.552435874938964844e+00
-3.517499923706054688e+00
1.686647415161132812e+00
1.174996733665466309e+00
-3.996717453002929688e+00
-1.986696839332580566e+00
-1.965598583221435547e+00
1.458747982978820801e+00
-3.486608028411865234e+00
-1.099904254078865051e-02
-3.990019798278808594e+00
-3.888551950454711914e+00
-3.422725200653076172e+00
-4.967877388000488281e+00
-4.355219364166259766e+00
-2.795358896255493164e+00
-1.993545770645141602e+00
2.138261079788208008e+00
9.540346264839172363e-01
1.154426693916320801e+00
9.366454482078552246e-01
2.787338197231292725e-01
6.023198366165161133e-01
9.333811998367309570e-01
-1.236915349960327148e+00
2.670143604278564453e+00
-1.001904964447021484e+00
-3.395199298858642578e+00
5.030035227537155151e-02
-1.511355042457580566e+00
-5.768783092498779297e-01
-1.219090104103088379e+00
7.357983589172363281e-01
-2.306805372238159180e+00
-2.369100570678710938e+00
-3.890168666839599609e+00
-3.924204826354980469e+00
-6.211771965026855469e+00
5.063976049423217773e-01
1.946100950241088867e+00
2.016402006149291992e+00
1.563453435897827148e+00
5.004668235778808594e-01
6.027464866638183594e-01
-1.148600697517395020e+00
2.737688779830932617e+00
-2.305712223052978516e+00
-4.504528045654296875e+00
-3.088841438293457031e+00
-1.508238315582275391e+00
-2.116485118865966797e+00
-1.715806961059570312e+00
-2.607003211975097656e+00
-1.111615896224975586e+00
-3.353837251663208008e+00
-2.781514167785644531e+00
-3.920664310455322266e+00
-3.669429063796997070e+00
-2.188271522521972656e+00
1.572046056389808655e-02
-1.182919263839721680e+00
-2.385860919952392578e+00
-9.396092295646667480e-01
-2.953942298889160156e+00
-2.974543809890747070e+00
-3.887028217315673828e+00
-4.080515861511230469e+00
7.838168740272521973e-01
1.140026152133941650e-01
1.816290318965911865e-01
2.625474452972412109e+00
3.758191466331481934e-01
3.719344139099121094e+00
3.830899000167846680e+00
7.337208986282348633e-01
2.186951398849487305e+00
1.120101094245910645e+00
-1.279792666435241699e+00
-6.213548779487609863e-01
-2.060249567031860352e+00
-1.108884930610656738e+00
-2.144031286239624023e+00
-1.240001559257507324e+00
2.348698854446411133e+00
-1.676750421524047852e+00
-9.448907375335693359e-01
-1.253483653068542480e+00
6.866667866706848145e-01
8.757597804069519043e-01
1.799796462059020996e+00
-1.676142930984497070e+00
2.955672740936279297e-01
3.407157361507415771e-01
-3.043812036514282227e+00
3.488832712173461914e-01
4.747863292694091797e+00
1.461880683898925781e+00
-1.059810757637023926e+00
-4.030494213104248047e+00
-2.093507289886474609e+00
-1.025375723838806152e+00
1.990068435668945312e+00
-7.983067631721496582e-02
-5.751880407333374023e-01
1.056636810302734375e+00
1.078551411628723145e+00
1.178690075874328613e+00
1.898037195205688477e-01
3.135477006435394287e-01
5.992459058761596680e-01
-2.650009393692016602e+00
1.086200922727584839e-01
1.806614160537719727e+00
-5.408744215965270996e-01
1.431316494941711426e+00
1.314435154199600220e-01
4.119557857513427734e+00
-1.230896353721618652e+00
1.542907834053039551e+00
3.031598962843418121e-02
8.882371336221694946e-02
-6.503270864486694336e-01
4.080423712730407715e-01
1.718386262655258179e-01
2.679059028625488281e+00
4.893882274627685547e-01
5.952617168426513672e+00
-2.460254669189453125e+00
8.716850280761718750e-01
1.279619216918945312e+00
4.886161684989929199e-01
-2.069844305515289307e-01
6.411503553390502930e-01
1.499212980270385742e+00
-1.151150226593017578e+00
-3.091876506805419922e+00
6.668329983949661255e-02
-1.429184913635253906e+00
1.454900979995727539e+00
2.827739238739013672e+00
2.152713298797607422e+00
3.570471763610839844e+00
8.328139185905456543e-01
2.400076866149902344e+00
-2.762328147888183594e+00
-1.846014380455017090e+00
2.038578748703002930e+00
-5.752313137054443359e+00
1.461891651153564453e+00
2.158015012741088867e+00
-1.602278351783752441e-01
-1.093296766281127930e+00
-8.043128252029418945e-01
1.833303213119506836e+00
6.488364338874816895e-01
-9.227985143661499023e-01
-2.630168497562408447e-01
1.114321231842041016e+00
-2.212927341461181641e+00
-1.580137372016906738e+00
5.206882357597351074e-01
-2.554494619369506836e+00
-2.310914754867553711e+00
1.778417706489562988e+00
-9.870333671569824219e-01
3.362647294998168945e-01
9.922395944595336914e-01
-8.423063158988952637e-01
1.750397086143493652e+00
8.026664853096008301e-01
2.188973903656005859e+00
-6.273769140243530273e-01
-1.248268127441406250e+00
-2.455327749252319336e+00
-9.093891382217407227e-01
1.422679424285888672e+00
3.130229473114013672e+00
2.873808145523071289e-01
-3.744621574878692627e-01
4.295689761638641357e-01
3.225991010665893555e+00
1.530582904815673828e-01
9.626929461956024170e-02
1.455887556076049805e+00
9.578690528869628906e-01
2.609489560127258301e-01
-4.493289947509765625e+00
-1.502953529357910156e+00
-5.037444233894348145e-01
2.749110460281372070e+00
7.018910050392150879e-01
2.017460346221923828e+00
9.338920116424560547e-01
-1.933330178260803223e+00
-1.188596367835998535e+00
2.138169527053833008e+00
-4.772775769233703613e-01
2.524985074996948242e-01
5.356711387634277344e+00
-4.593853354454040527e-01
6.351178169250488281e+00
8.092922568321228027e-01
9.861828684806823730e-01
1.021323680877685547e+00
2.871505022048950195e+00
2.741342306137084961e+00
1.038874149322509766e+00
-1.474088668823242188e+00
-6.698159575462341309e-01
9.905874729156494141e-02
4.257874488830566406e-01
2.403796464204788208e-01
-1.770644545555114746e+00
4.217260837554931641e+00
2.722084283828735352e+00
-2.782454252243041992e+00
3.400367125868797302e-02
1.256666183471679688e+00
-2.847606182098388672e+00
-8.682987689971923828e-01
-3.088809847831726074e-01
1.368244647979736328e+00
2.807312011718750000e-01
-8.158874511718750000e-01
-2.844372272491455078e+00
-1.757482290267944336e+00
-2.360049724578857422e+00
-1.242767930030822754e+00
1.960893750190734863e+00
1.479111760854721069e-01
1.465053439140319824e+00
-4.945862591266632080e-01
2.086403608322143555e+00
-2.952246189117431641e+00
-3.569300472736358643e-01
-8.497165441513061523e-01
-1.215901136398315430e+00
-3.170308351516723633e+00
4.545608162879943848e-01
-2.735281884670257568e-01
-3.075210571289062500e+00
-1.296687722206115723e+00
-4.884607195854187012e-01
-5.093833804130554199e-02
-7.106165885925292969e-01
-1.280201911926269531e+00
-3.299565315246582031e-01
8.224390745162963867e-01
1.631404638290405273e+00
1.601905345916748047e+00
1.355724573135375977e+00
2.059613466262817383e+00
2.960262894630432129e-01
1.277298092842102051e+00
-2.288440227508544922e+00
-1.506370902061462402e+00
8.162999153137207031e-02
9.385169148445129395e-01
-1.154791116714477539e+00
8.726669549942016602e-01
3.687608003616333008e+00
-9.684259295463562012e-01
-7.846463322639465332e-01
-1.283669471740722656e+00
-2.581656694412231445e+00
-1.823383808135986328e+00
1.750828266143798828e+00
7.813665270805358887e-01
9.543958306312561035e-01
9.344879388809204102e-01
1.750194072723388672e+00
2.056271791458129883e+00
1.205189943313598633e+00
-1.363945603370666504e+00
9.557481408119201660e-01
-9.988558292388916016e-02
1.598671793937683105e+00
-1.102786779403686523e+00
-1.180759787559509277e+00
1.048778653144836426e+00
2.045546919107437134e-01
6.256449818611145020e-01
6.536364555358886719e-01
1.804792135953903198e-01
-2.023587226867675781e+00
-1.200231790542602539e+00
-1.559636116027832031e+00
3.331760168075561523e-01
-1.727951765060424805e+00
-2.328841686248779297e+00
-2.008333683013916016e+00
-1.316012382507324219e+00
-9.570258855819702148e-01
2.108330726623535156e+00
-1.348644495010375977e+00
1.034932881593704224e-01
1.743340969085693359e+00
-2.304683029651641846e-01
2.079806327819824219e+00
1.358279943466186523e+00
2.268133759498596191e-01
2.527799367904663086e+00
1.428351759910583496e+00
-9.363567829132080078e-01
-3.254642486572265625e-01
-1.767535090446472168e+00
-4.402649879455566406e+00
2.691858053207397461e+00
-2.220303535461425781e+00
-3.223692774772644043e-01
-1.673694372177124023e+00
-1.477927684783935547e+00
1.999471068382263184e+00
-4.513835608959197998e-01
1.030460476875305176e+00
1.006810545921325684e+00
7.347908616065979004e-01
-1.066647842526435852e-02
-1.838473558425903320e+00
-9.395371675491333008e-01
8.769162297248840332e-01
-1.986102759838104248e-01
-1.392493128776550293e+00
5.933122038841247559e-01
-2.061178445816040039e+00
1.168874859809875488e+00
-4.505684077739715576e-01
7.746259868144989014e-02
2.232092142105102539e+00
-2.134498834609985352e+00
-3.094714879989624023e+00
1.532731056213378906e-01
5.142612010240554810e-02
-1.833319544792175293e+00
-1.231369853019714355e+00
1.104273051023483276e-01
-8.655260801315307617e-01
6.890231132507324219e+00
-5.237720608711242676e-01
6.004228591918945312e-01
1.102860569953918457e-01
3.485751152038574219e-01
-7.887029051780700684e-01
-1.206714034080505371e+00
-8.660885095596313477e-01
-4.560047090053558350e-01
1.073336675763130188e-01
3.002421855926513672e-01
-6.129446625709533691e-01
4.246592521667480469e+00
-9.424188137054443359e-01
-2.102586746215820312e+00
3.461627244949340820e+00
1.610751628875732422e+00
2.248121500015258789e+00
-2.807933330535888672e+00
2.408965349197387695e+00
-4.302277266979217529e-01
3.736943960189819336e+00
-1.471001386642456055e+00
-1.255924820899963379e+00
2.240920782089233398e+00
-2.163800954818725586e+00
-4.691025614738464355e-01
-1.677643179893493652e+00
1.920741081237792969e+00
-9.090196490287780762e-01
-2.457285165786743164e+00
4.620676517486572266e+00
-1.824062108993530273e+00
1.381391882896423340e+00
3.059836626052856445e-01
-2.942863941192626953e+00
-1.617861628532409668e+00
4.816309809684753418e-01
-2.049056291580200195e+00
-5.691265463829040527e-01
-9.668178856372833252e-02
-5.566013455390930176e-01
-2.225384950637817383e+00
-1.265135407447814941e+00
-8.960548043251037598e-01
1.675794005393981934e+00
3.335628271102905273e+00
-3.102291584014892578e+00
-2.560114860534667969e+00
1.417817324399948120e-01
9.557575583457946777e-01
-1.306115090847015381e-01
1.125730752944946289e+00
-3.494798541069030762e-01
-1.699056506156921387e+00
1.977076530456542969e+00
5.293743610382080078e-01
-2.622113227844238281e-01
-5.517644286155700684e-01
-1.842070966958999634e-01
2.608146667480468750e-01
5.130597352981567383e-01
-5.328657031059265137e-01
1.465311288833618164e+00
2.281287163496017456e-01
1.055643148720264435e-02
2.061614274978637695e+00
-6.554039716720581055e-01
-1.590841770172119141e+00
-1.615418493747711182e-01
1.001227140426635742e+00
-1.624862074851989746e+00
4.340370297431945801e-01
-3.444233179092407227e+00
3.636625528335571289e+00
-1.198700428009033203e+00
1.052717044949531555e-01
7.096420526504516602e-01
4.122898101806640625e+00
-4.191630363464355469e+00
1.403310298919677734e-01
9.665084481239318848e-01
2.331166982650756836e+00
-1.901464223861694336e+00
2.552462339401245117e+00
4.555958747863769531e+00
-7.250600457191467285e-01
-3.921629190444946289e-01
-8.287363052368164062e-01
-6.416054368019104004e-01
-6.681955456733703613e-01
1.705767393112182617e+00
-4.337685108184814453e-01
1.752162456512451172e+00
-8.351013064384460449e-01
3.056504011154174805e+00
-2.235397815704345703e+00
7.201079130172729492e-01
6.057872176170349121e-01
3.337364673614501953e+00
-1.726522803306579590e+00
-2.336279869079589844e+00
2.402685403823852539e+00
2.234674453735351562e+00
-2.919774770736694336e+00
-3.135914206504821777e-01
2.213884115219116211e+00
3.743332028388977051e-01
2.335010290145874023e+00
1.397585868835449219e+00
3.781787753105163574e-01
1.577310204505920410e+00
1.331813812255859375e+00
1.640380263328552246e+00
8.588187694549560547e-01
-6.980639696121215820e-01
1.527106046676635742e+00
4.120617389678955078e+00
-3.619982302188873291e-01
-1.318626105785369873e-01
2.274958938360214233e-01
2.805974721908569336e+00
-3.382194042205810547e-01
3.147699594497680664e+00
3.516264438629150391e+00
5.802525281906127930e-01
-9.954479336738586426e-01
4.286043941974639893e-01
1.180750727653503418e+00
4.942860126495361328e+00
-7.964361310005187988e-01
5.953754782676696777e-01
6.373965740203857422e+00
-1.096306920051574707e+00
-2.150960713624954224e-01
4.050248622894287109e+00
-2.687905311584472656e+00
2.773265123367309570e+00
-1.642252683639526367e+00
-2.021222114562988281e-01
-5.513964891433715820e-01
-2.660160541534423828e+00
-7.397172451019287109e-01
-3.031586885452270508e+00
-2.255042791366577148e+00
-2.855365276336669922e+00
1.664565920829772949e+00
7.076634764671325684e-01
1.806807398796081543e+00
-2.396503239870071411e-01
5.432903766632080078e-01
4.040803909301757812e+00
1.876227736473083496e+00
-2.719929516315460205e-01
2.487396240234375000e+00
1.326347738504409790e-01
-1.306786298751831055e+00
-2.156038522720336914e+00
-1.485327601432800293e+00
-2.224667072296142578e+00
5.834075212478637695e-01
6.259908676147460938e+00
6.882748007774353027e-01
-3.804429769515991211e+00
2.467767238616943359e+00
-2.803499102592468262e-01
1.535994529724121094e+00
-1.468910813331604004e+00
2.335582733154296875e+00
-1.256867527961730957e+00
4.202929139137268066e-01
-6.727709770202636719e-01
3.573997259140014648e+00
2.060367465019226074e-01
1.826462388038635254e+00
2.794856071472167969e+00
7.351161956787109375e+00
-1.423640370368957520e+00
-2.362582683563232422e+00
-1.224966168403625488e+00
-5.056133866310119629e-01
-6.524639129638671875e-01
-3.559921503067016602e+00
-4.609706997871398926e-01
9.833026528358459473e-01
2.457367181777954102e+00
-1.506711125373840332e+00
-1.936742663383483887e+00
-4.359565079212188721e-01
2.807094573974609375e+00
-7.863350510597229004e-01
-1.170559763908386230e+00
3.612391710281372070e+00
-1.182775378227233887e+00
-1.241003990173339844e+00
-4.079186916351318359e+00
2.694073617458343506e-01
-2.175617694854736328e+00
-1.413193345069885254e-01
-4.939776957035064697e-01
3.965820789337158203e+00
1.113336682319641113e+00
-7.330929040908813477e-01
1.570150256156921387e+00
-1.951949670910835266e-02
-3.143037080764770508e+00
1.228568792343139648e+00
-6.155399084091186523e-01
-4.945876002311706543e-01
-7.002900242805480957e-01
2.261876821517944336e+00
-1.820834994316101074e+00
-3.179709196090698242e+00
-4.554425716400146484e+00
3.453416526317596436e-01
1.637442827224731445e+00
1.266357064247131348e+00
8.754767477512359619e-02
-7.533184885978698730e-01
-2.979792594909667969e+00
1.309382557868957520e+00
2.181077003479003906e+00
3.133512735366821289e+00
1.559032201766967773e-01
-2.716926574707031250e+00
-2.870440721511840820e+00
1.047125309705734253e-01
5.804058164358139038e-02
3.999140262603759766e-01
-1.389516949653625488e+00
-1.719978898763656616e-01
5.703120827674865723e-01
-3.134491920471191406e+00
1.725556254386901855e+00
1.859972834587097168e+00
-7.746558785438537598e-01
1.854390799999237061e-01
-1.213026165962219238e+00
-2.300906181335449219e+00
1.117970347404479980e-01
5.775276422500610352e-01
-2.158613204956054688e-01
-6.465226411819458008e-01
-2.801570892333984375e-01
1.098345965147018433e-01
-2.731402516365051270e-01
-3.730900287628173828e-01
4.345931410789489746e-01
-3.782000541687011719e-01
-2.896805047988891602e+00
-6.089915037155151367e-01
-1.960914492607116699e+00
-2.191685914993286133e+00
3.746682882308959961e+00
7.870078086853027344e-01
9.750605225563049316e-01
5.477529168128967285e-01
1.025667071342468262e+00
-4.758218675851821899e-02
-2.293951272964477539e+00
-1.654455184936523438e+00
-8.734549880027770996e-01
-2.993303775787353516e+00
8.971624374389648438e-01
-3.243674039840698242e-01
2.889149188995361328e-01
-5.011768937110900879e-01
5.249837636947631836e-01
-3.122836589813232422e+00
-9.944944977760314941e-01
-2.486240625381469727e+00
-1.118592768907546997e-01
1.739557646214962006e-02
-1.431369066238403320e+00
7.419089078903198242e-01
2.610206842422485352e+00
5.643600225448608398e-01
-8.653269708156585693e-02
-1.243457198143005371e-01
1.093914747238159180e+00
-1.084479451179504395e+00
-1.587274074554443359e+00
-2.419986486434936523e+00
-9.001935124397277832e-01
-1.434443473815917969e+00
1.325388550758361816e+00
-1.637731552124023438e+00
3.409863948822021484e+00
-2.105170488357543945e+00
-9.812665581703186035e-01
-2.254007101058959961e+00
-1.621622681617736816e+00
3.586626946926116943e-01
-1.637872576713562012e+00
-9.758409261703491211e-01
2.424691766500473022e-01
-1.929602742195129395e+00
-3.726381659507751465e-01
-3.340839862823486328e+00
4.736850261688232422e-01
-2.418639898300170898e+00
2.926904439926147461e+00
-1.931876540184020996e-01
-2.784947633743286133e+00
-3.805703639984130859e+00
-1.734885931015014648e+00
-2.756643295288085938e+00
3.555679917335510254e-01
-1.989255070686340332e+00
-2.668127536773681641e+00
-3.929530620574951172e+00
5.432356834411621094e+00
-1.062107443809509277e+00
-2.810225963592529297e+00
-2.200958967208862305e+00
-2.818425416946411133e+00
-2.318592548370361328e+00
-3.811401128768920898e+00
-8.603528738021850586e-01
8.047610521316528320e-01
-2.611895799636840820e-01
-2.354730367660522461e+00
3.962950468063354492e+00
2.037317514419555664e+00
