-1.182317018508911133e+00
-2.172589302062988281e+00
-6.517438888549804688e-01
-2.581068277359008789e+00
-9.112492799758911133e-01
-5.290328264236450195e-01
-5.549684762954711914e-01
1.472239017486572266e+00
1.217228770256042480e+00
-3.486619949340820312e+00
-1.795240640640258789e+00
-1.598294854164123535e+00
-5.269893169403076172e+00
6.415016055107116699e-01
-3.114825248718261719e+00
1.376194041222333908e-02
-1.883680343627929688e+00
1.716152876615524292e-01
1.672242045402526855e+00
-2.205204010009765625e+00
-2.034103870391845703e+00
-2.377436399459838867e+00
-9.356126785278320312e-01
-1.654720902442932129e+00
-3.481133460998535156e+00
3.203263044357299805e+00
-2.944430410861968994e-01
-3.626368939876556396e-01
1.971089243888854980e+00
-9.969052076339721680e-01
-2.066729545593261719e+00
-1.211477518081665039e+00
-7.784262895584106445e-01
-1.044213056564331055e+00
-2.358598448336124420e-02
-1.568715095520019531e+00
-1.840747475624084473e+00
4.339058697223663330e-01
-2.015371084213256836e+00
-1.470468282699584961e+00
-2.875440359115600586e+00
-3.158386945724487305e+00
-2.525502443313598633e+00
-3.584488391876220703e+00
-2.850571393966674805e+00
-1.368209123611450195e+00
-2.601745605468750000e+00
-4.226773262023925781e+00
-3.553415298461914062e+00
-3.078983545303344727e+00
-3.700051546096801758e+00
-2.367769718170166016e+00
-2.554623126983642578e+00
-2.674887478351593018e-01
-2.099720478057861328e+00
-2.766782283782958984e+00
-3.958798050880432129e-01
-2.368379354476928711e+00
-2.942194461822509766e+00
-2.984736680984497070e+00
1.018905758857727051e+00
-2.903908014297485352e+00
-1.919363975524902344e+00
-1.352372527122497559e+00
-1.736162662506103516e+00
-2.038250863552093506e-01
-3.965266942977905273e+00
-2.549209117889404297e+00
-3.747508287429809570e+00
-3.660203933715820312e+00
-2.262770414352416992e+00
-5.543892979621887207e-01
-1.139202952384948730e+00
-5.641726851463317871e-01
-1.589456796646118164e+00
-5.929064154624938965e-01
-5.841673910617828369e-02
-2.317218303680419922e+00
-1.960920691490173340e+00
1.761807948350906372e-01
-1.582800269126892090e+00
-2.389415979385375977e+00
-4.528471529483795166e-01
-1.194098830223083496e+00
-1.131806969642639160e+00
-1.331952095031738281e+00
-1.558138728141784668e+00
2.943801507353782654e-02
-8.058651685714721680e-01
-4.431415498256683350e-01
-2.030092477798461914e+00
-3.643009185791015625e+00
-3.168325424194335938e+00
-7.247956991195678711e-01
-3.235360860824584961e+00
-3.367527484893798828e+00
-3.737846612930297852e-01
1.522966742515563965e+00
-2.060099840164184570e+00
-1.827203929424285889e-01
-2.286276817321777344e+00
-2.876039505004882812e+00
-1.871791839599609375e+00
-2.316803932189941406e+00
-2.674867212772369385e-01
-2.668045520782470703e+00
-3.084024488925933838e-01
-7.413740158081054688e-01
-2.456663131713867188e+00
-3.621584892272949219e+00
-1.584682226181030273e+00
-3.572858333587646484e+00
-1.095754861831665039e+00
-2.431181669235229492e+00
8.043887615203857422e-01
-1.063843846321105957e+00
-3.533668994903564453e+00
-3.747048377990722656e+00
-4.483711346983909607e-02
-4.809148013591766357e-01
-1.600632190704345703e+00
-1.166046023368835449e+00
-5.592564940452575684e-01
-1.000736951828002930e-01
-4.843673110008239746e-01
6.006470918655395508e-01
-4.011682510375976562e+00
-3.084205627441406250e+00
-2.947909116744995117e+00
-4.190968990325927734e+00
-4.001482009887695312e+00
-3.832769870758056641e+00
-3.492241144180297852e+00
-4.519952297210693359e+00
-2.471290349960327148e+00
-5.621949672698974609e+00
-1.373835682868957520e+00
-5.576282739639282227e-01
-4.186395645141601562e+00
3.522795140743255615e-01
-5.027072429656982422e+00
-3.920663356781005859e+00
-4.726396083831787109e+00
5.165985226631164551e-01
-2.466220617294311523e+00
1.204985380172729492e+00
-1.277260541915893555e+00
-2.976361751556396484e+00
-2.529622316360473633e+00
-3.405313253402709961e+00
-4.728765785694122314e-01
8.738601684570312500e+00
1.880606293678283691e+00
3.279069900512695312e+00
4.612872123718261719e+00
3.015730381011962891e+00
3.424395561218261719e+00
5.016222953796386719e+00
1.059739398956298828e+01
5.956951618194580078e+00
3.583847284317016602e-01
5.322195529937744141e+00
6.861945152282714844e+00
6.809391498565673828e+00
4.680559635162353516e+00
9.672654151916503906e+00
6.218774318695068359e+00
3.184637546539306641e+00
7.385723114013671875e+00
2.217829942703247070e+00
2.126166582107543945e+00
6.376184940338134766e+00
4.615998268127441406e+00
3.442797899246215820e+00
4.561800003051757812e+00
1.468057274818420410e+00
3.820877552032470703e+00
1.365999341011047363e+00
4.116539478302001953e+00
7.685599803924560547e+00
7.605395793914794922e+00
-1.227923929691314697e-01
7.068286418914794922e+00
1.513489723205566406e+00
3.566088199615478516e+00
4.239840507507324219e+00
4.034663677215576172e+00
4.914446353912353516e+00
2.258182525634765625e+00
4.438608646392822266e+00
8.623478412628173828e-01
5.368550777435302734e+00
3.600229501724243164e+00
5.266066074371337891e+00
5.909754633903503418e-01
7.199465274810791016e+00
3.832993507385253906e+00
4.371710300445556641e+00
2.794923305511474609e+00
3.872104406356811523e+00
3.659152746200561523e+00
5.013038635253906250e+00
2.582126140594482422e+00
4.723477840423583984e+00
2.916860818862915039e+00
5.503395557403564453e+00
2.938948154449462891e+00
4.812283515930175781e+00
7.443094253540039062e+00
4.437920570373535156e+00
2.175650596618652344e+00
4.022264003753662109e+00
5.172632217407226562e+00
4.290888786315917969e+00
7.883162021636962891e+00
4.040121078491210938e+00
2.335021495819091797e+00
3.965318679809570312e+00
2.675662517547607422e+00
3.925754308700561523e+00
2.254526615142822266e+00
-3.808608651161193848e-01
4.124110698699951172e+00
9.033893585205078125e+00
4.356401443481445312e+00
5.815435409545898438e+00
4.081096649169921875e+00
1.034794139862060547e+01
3.945480287075042725e-01
2.006873130798339844e+00
5.376068115234375000e+00
4.477833747863769531e+00
5.175565242767333984e+00
1.083835959434509277e+00
1.246266174316406250e+01
6.200825214385986328e+00
1.120075702667236328e+01
1.154947948455810547e+01
1.122520923614501953e+01
7.932582855224609375e+00
1.103538513183593750e+01
1.093403244018554688e+01
6.547650814056396484e+00
4.540258407592773438e+00
5.179471969604492188e+00
6.181779384613037109e+00
5.217119693756103516e+00
4.141676425933837891e+00
4.293792724609375000e+00
2.954819440841674805e+00
3.775533676147460938e+00
3.332261085510253906e+00
3.478788137435913086e+00
8.471869468688964844e+00
6.382129669189453125e+00
1.789547324180603027e+00
4.543776512145996094e+00
5.989035129547119141e+00
5.450295925140380859e+00
4.862904548645019531e+00
3.308976650238037109e+00
2.519901275634765625e+00
7.924349308013916016e+00
6.391456604003906250e+00
6.246341705322265625e+00
4.093736171722412109e+00
2.071349620819091797e+00
1.346684098243713379e+00
3.782620668411254883e+00
-3.266781568527221680e-01
6.611776947975158691e-01
-1.966311454772949219e+00
8.362282812595367432e-02
4.707692623138427734e+00
-3.777438700199127197e-01
-5.373796820640563965e-01
-1.743842005729675293e+00
-2.164256334304809570e+00
-2.246966123580932617e+00
-9.250219464302062988e-01
-2.166095256805419922e+00
1.884591132402420044e-01
1.179392337799072266e+00
-4.815080463886260986e-01
2.279362678527832031e+00
1.358285188674926758e+00
-3.694507479667663574e-01
-6.342968344688415527e-01
-2.702980995178222656e+00
-3.525553941726684570e+00
-7.160964608192443848e-01
-1.706256151199340820e+00
-1.188521981239318848e+00
-2.983701705932617188e+00
-1.068027734756469727e+00
2.106052637100219727e+00
1.192748770117759705e-01
-2.248908877372741699e-01
-1.836918711662292480e+00
-1.910445570945739746e+00
-9.516547322273254395e-01
8.493669629096984863e-01
-3.914629817008972168e-01
-7.434735298156738281e-01
-2.770538330078125000e-01
-3.171985447406768799e-01
1.803620100021362305e+00
-2.559831380844116211e+00
-1.488288283348083496e+00
5.094320178031921387e-01
-5.653004646301269531e-01
2.286287397146224976e-01
9.107232093811035156e-01
-1.738713860511779785e+00
1.193498134613037109e+00
-3.001543521881103516e+00
8.714720606803894043e-01
-7.183505296707153320e-01
-1.465750813484191895e+00
-2.180144309997558594e+00
-2.707422971725463867e+00
1.030439019203186035e+00
-3.110611915588378906e+00
-3.429798603057861328e+00
-4.092802524566650391e+00
-3.153968811035156250e+00
-3.855094909667968750e+00
-5.284259840846061707e-02
-2.438255786895751953e+00
-2.221940755844116211e+00
-6.039783954620361328e-01
-2.524916887283325195e+00
-1.266431331634521484e+00
2.392046153545379639e-01
-3.606238365173339844e+00
-2.433393955230712891e+00
-2.032111644744873047e+00
-2.503955841064453125e+00
3.528485298156738281e+00
-1.067721128463745117e+00
-3.534934043884277344e+00
1.763157486915588379e+00
-2.267339825630187988e-01
-2.572989463806152344e+00
-1.321261048316955566e+00
8.373667597770690918e-01
1.740319579839706421e-01
-8.936230540275573730e-01
-5.866194963455200195e-01
-1.997176170349121094e+00
-1.282886028289794922e+00
-2.948297262191772461e+00
-2.864971637725830078e+00
-2.319973468780517578e+00
-1.260606408119201660e+00
2.933371365070343018e-01
1.541926622390747070e+00
2.395591586828231812e-01
3.356509208679199219e-01
6.021268963813781738e-01
-1.107046484947204590e+00
5.021994709968566895e-01
-2.808518171310424805e+00
-7.899788022041320801e-01
-3.038073778152465820e+00
-1.489865064620971680e+00
-2.147617578506469727e+00
-3.686495423316955566e-01
-2.249023675918579102e+00
-1.130152583122253418e+00
-1.644251823425292969e+00
-1.790480494499206543e+00
-2.856941699981689453e+00
-2.001149415969848633e+00
-2.056229829788208008e+00
-2.298044204711914062e+00
-5.531044006347656250e+00
-2.225761651992797852e+00
-8.830738067626953125e-01
-1.744608283042907715e+00
-3.293004930019378662e-01
-1.242686748504638672e+00
-6.077917218208312988e-01
-2.471503257751464844e+00
-9.726602435111999512e-01
-3.213938474655151367e+00
-4.531131267547607422e+00
-1.441592454910278320e+00
-3.675462678074836731e-02
-2.405509471893310547e+00
-3.018137931823730469e+00
-1.342704176902770996e+00
-2.138763189315795898e+00
-2.245501995086669922e+00
-8.871239423751831055e-01
-3.343758106231689453e+00
-3.050848245620727539e+00
-2.739286422729492188e+00
-6.475642919540405273e-01
8.965676426887512207e-01
-1.427253842353820801e+00
-6.454179883003234863e-01
-1.225989580154418945e+00
-8.442800045013427734e-01
-2.613669157028198242e+00
-3.261442899703979492e+00
-9.708228707313537598e-01
-3.120791912078857422e-02
-3.014956235885620117e+00
-1.474799633026123047e+00
-1.831964135169982910e+00
1.236085653305053711e+00
1.602149248123168945e+00
5.725619196891784668e-01
2.753304004669189453e+00
-2.013882249593734741e-01
1.451434969902038574e+00
-2.327663898468017578e-01
-1.838953137397766113e+00
1.035404324531555176e+00
1.278151422739028931e-01
3.217170834541320801e-01
1.514359593391418457e+00
-1.414609789848327637e+00
-2.704147815704345703e+00
-2.781111717224121094e+00
-1.482394695281982422e+00
-3.282465413212776184e-02
1.635698080062866211e+00
1.908068805932998657e-01
-1.877384185791015625e-01
3.157575845718383789e+00
-1.223085045814514160e+00
1.020022869110107422e+00
5.002826690673828125e+00
2.807320356369018555e+00
-8.211451768875122070e-01
-3.592856168746948242e+00
-2.510249853134155273e+00
-5.653688311576843262e-01
2.947143316268920898e+00
-1.635607361793518066e+00
-2.828330278396606445e+00
9.158836603164672852e-01
1.451101340353488922e-02
1.653645515441894531e+00
-1.348161935806274414e+00
1.325245141983032227e+00
-1.253273487091064453e+00
-3.689293622970581055e+00
2.488346099853515625e+00
9.863727688789367676e-01
5.675160884857177734e-01
-2.351039275527000427e-02
-1.436301231384277344e+00
1.188282608985900879e+00
1.521974802017211914e+00
1.868340849876403809e+00
-2.259819269180297852e+00
8.879417181015014648e-01
1.159699678421020508e+00
-7.471918463706970215e-01
2.109792470932006836e+00
2.270332574844360352e+00
-1.640657424926757812e+00
1.981717824935913086e+00
-5.096686482429504395e-01
-2.801527261734008789e+00
3.630838692188262939e-01
1.920348644256591797e+00
2.727489471435546875e-01
-1.066473126411437988e+00
7.176473140716552734e-01
-1.869519472122192383e+00
-2.297554016113281250e+00
1.023546457290649414e+00
-1.007239341735839844e+00
-8.605139851570129395e-01
1.652249455451965332e+00
1.016942143440246582e+00
1.525278538465499878e-01
-2.297832250595092773e+00
-7.607510685920715332e-01
-4.022838592529296875e+00
-7.184720039367675781e-01
-8.903288245201110840e-01
-1.942726492881774902e+00
1.249979853630065918e+00
-1.867733001708984375e-01
-1.661945939064025879e+00
-2.560961961746215820e+00
1.109956383705139160e+00
2.872606217861175537e-01
-9.533279538154602051e-01
-2.140392541885375977e+00
-9.121140241622924805e-01
2.254112482070922852e+00
-3.346265077590942383e+00
-3.040365695953369141e+00
6.605200171470642090e-01
-2.299414873123168945e+00
1.977180093526840210e-01
1.402742505073547363e+00
-2.332176446914672852e+00
-9.391941428184509277e-01
-3.131704628467559814e-01
-2.545333623886108398e+00
-5.488700270652770996e-01
4.871873185038566589e-02
-1.137839674949645996e+00
3.842684924602508545e-01
-1.450353145599365234e+00
-2.380707979202270508e+00
-2.414495199918746948e-01
1.757536768913269043e+00
2.547013759613037109e+00
3.700784683227539062e+00
-1.954535841941833496e+00
5.879306793212890625e-01
3.967407643795013428e-01
2.439579486846923828e+00
-1.290124893188476562e+00
3.409587621688842773e+00
2.896348953247070312e+00
-1.803854703903198242e+00
-2.039051055908203125e+00
-2.744895219802856445e+00
-1.465589046478271484e+00
-1.191335916519165039e+00
4.157625198364257812e+00
-6.948119401931762695e-01
-4.973064064979553223e-01
-2.440571069717407227e+00
-6.366305351257324219e-01
2.298469781875610352e+00
-6.642077565193176270e-01
-2.069497823715209961e+00
5.174289226531982422e+00
-2.001637935638427734e+00
4.382041454315185547e+00
-1.717348337173461914e+00
-1.582716703414916992e-01
1.543862104415893555e+00
3.274596691131591797e+00
1.017289876937866211e+00
-3.988888859748840332e-01
-5.166500806808471680e-01
-3.082326412200927734e+00
-9.054180979728698730e-01
-2.888664007186889648e-01
-3.128383398056030273e+00
-2.953664541244506836e+00
2.638155937194824219e+00
-7.899204492568969727e-01
-3.110587835311889648e+00
-1.906682610511779785e+00
1.337019652128219604e-01
-1.779283046722412109e+00
3.586815297603607178e-02
2.679451927542686462e-02
1.389862000942230225e-01
-1.690491080284118652e+00
-3.706777691841125488e-01
-1.559803724288940430e+00
-2.076565027236938477e-01
-3.437957525253295898e+00
-2.058059930801391602e+00
1.404411435127258301e+00
9.839386940002441406e-01
-3.886161148548126221e-01
2.262081384658813477e+00
-1.704329609870910645e+00
-1.158060908317565918e+00
6.700052618980407715e-01
1.280357837677001953e+00
-1.624149322509765625e+00
-1.994628071784973145e+00
-1.369292497634887695e+00
9.813746213912963867e-01
-1.735430479049682617e+00
-1.817036747932434082e+00
-3.335117340087890625e+00
-1.735094428062438965e+00
1.346421718597412109e+00
-3.629092872142791748e-01
-8.815816044807434082e-01
-2.731026172637939453e+00
2.498074054718017578e+00
1.046883344650268555e+00
7.227578759193420410e-01
5.774130225181579590e-01
5.838444232940673828e-01
-1.516217827796936035e+00
-2.712420374155044556e-02
3.508974909782409668e-01
-2.829948663711547852e+00
2.432614803314208984e+00
1.519047617912292480e+00
-9.759951233863830566e-01
-5.651519075036048889e-02
-3.069580495357513428e-01
9.653906822204589844e-01
1.611615300178527832e+00
-4.053138196468353271e-01
-1.450988888740539551e+00
3.236854672431945801e-01
1.023588180541992188e+00
7.466472387313842773e-01
1.805081844329833984e+00
-1.901480555534362793e+00
2.785968780517578125e+00
-1.386334538459777832e+00
-1.017552614212036133e+00
1.373002529144287109e+00
1.087133407592773438e+00
3.015315055847167969e+00
-1.347076773643493652e+00
9.582428932189941406e-01
3.483224660158157349e-03
-6.955829262733459473e-01
2.134532928466796875e+00
1.626672387123107910e+00
8.150861263275146484e-01
-9.480706453323364258e-01
-2.711508274078369141e+00
-1.448595046997070312e+00
3.012081384658813477e-01
3.450808674097061157e-02
-2.126512765884399414e+00
-1.055829524993896484e+00
2.078862190246582031e+00
-1.365241527557373047e+00
-5.248605012893676758e-01
-2.494463622570037842e-01
-1.743238210678100586e+00
-6.841964721679687500e-01
5.107034444808959961e-01
-6.976864933967590332e-01
1.312562465667724609e+00
4.434627294540405273e-01
2.044477909803390503e-01
1.700411319732666016e+00
-5.387507081031799316e-01
9.130533933639526367e-01
5.065488815307617188e-01
-7.514047026634216309e-01
1.752367854118347168e+00
-2.526990413665771484e+00
-9.468600749969482422e-01
-2.465572595596313477e+00
-9.224936366081237793e-01
-2.641955614089965820e-01
-1.198404669761657715e+00
-5.337477326393127441e-01
-9.228657484054565430e-01
2.358906030654907227e+00
-2.818572819232940674e-01
-1.648245334625244141e+00
2.458626478910446167e-01
-1.468198418617248535e+00
-9.504697322845458984e-01
-1.693492293357849121e+00
-1.075643777847290039e+00
-3.627724885940551758e+00
-1.371453881263732910e+00
5.178940892219543457e-01
-6.812679767608642578e-01
1.585583806037902832e+00
-1.590270638465881348e+00
8.042252063751220703e-01
8.387815356254577637e-01
-3.419207036495208740e-01
1.740356564521789551e+00
-6.018444895744323730e-01
8.412151932716369629e-01
-7.815040349960327148e-01
7.719207763671875000e+00
-8.939085602760314941e-01
3.349581718444824219e+00
3.758580982685089111e-01
1.860601067543029785e+00
7.759173512458801270e-01
-2.232379674911499023e+00
-1.824422955513000488e+00
-2.834574878215789795e-01
-8.824064135551452637e-01
-9.572097063064575195e-01
-2.211355686187744141e+00
1.048052191734313965e+00
2.678543031215667725e-01
-3.894153237342834473e-01
3.411522626876831055e+00
-1.014900326728820801e+00
1.932029247283935547e+00
-3.574686050415039062e+00
-6.576251387596130371e-01
4.500902593135833740e-01
1.614569187164306641e+00
-1.603208661079406738e+00
-1.416101157665252686e-01
4.107940196990966797e+00
2.034397125244140625e+00
7.356111407279968262e-01
4.172632098197937012e-01
2.347928524017333984e+00
-2.347748756408691406e+00
-1.032192349433898926e+00
1.068876147270202637e+00
-1.137714147567749023e+00
1.415204048156738281e+00
-7.673670053482055664e-01
-3.497750759124755859e+00
-2.532437324523925781e+00
-1.201190054416656494e-01
-1.910448431968688965e+00
-2.076211214065551758e+00
8.048806786537170410e-01
-1.373492002487182617e+00
-8.671538233757019043e-01
-2.801052927970886230e-01
1.015105724334716797e+00
3.005308389663696289e+00
2.900951147079467773e+00
-1.242024302482604980e-01
-2.686284065246582031e+00
-6.504322886466979980e-01
-2.339393794536590576e-01
-1.385059833526611328e+00
2.465354442596435547e+00
-3.305410623550415039e+00
1.443002074956893921e-01
2.845529556274414062e+00
2.366717755794525146e-01
1.665757656097412109e+00
-1.627279967069625854e-01
-2.181790769100189209e-01
2.502560138702392578e+00
1.593028008937835693e-01
-1.513279438018798828e+00
-1.494466543197631836e+00
2.065056085586547852e+00
1.073959469795227051e+00
7.704532742500305176e-01
-7.075003385543823242e-01
-2.375106096267700195e+00
-1.421624779701232910e+00
1.237444996833801270e+00
-9.680928587913513184e-01
2.629418373107910156e-01
-4.061412513256072998e-01
4.445693016052246094e+00
-1.626688003540039062e+00
1.343327403068542480e+00
1.435952544212341309e+00
-8.408311009407043457e-02
-3.993293285369873047e+00
4.638683497905731201e-01
-9.336991310119628906e-01
1.023761987686157227e+00
-8.189310431480407715e-01
1.355916619300842285e+00
3.233602762222290039e+00
-3.436682224273681641e+00
2.403110265731811523e+00
1.902105927467346191e+00
1.255880594253540039e+00
-2.217009305953979492e+00
2.845235168933868408e-01
7.406573891639709473e-01
1.521857261657714844e+00
2.526458263397216797e+00
-3.033762574195861816e-01
-1.020334362983703613e+00
-4.281369447708129883e-01
1.707521677017211914e+00
1.736256957054138184e+00
-1.364974260330200195e+00
-1.018639087677001953e+00
4.446080327033996582e-01
4.717685580253601074e-01
-1.754494667053222656e+00
-2.487855672836303711e+00
2.364231273531913757e-02
-2.539157271385192871e-01
2.133457422256469727e+00
4.268615245819091797e+00
4.600827395915985107e-01
-1.089401006698608398e+00
-4.209365546703338623e-01
2.195734024047851562e+00
1.106190204620361328e+00
9.641332626342773438e-01
4.452029228210449219e+00
2.747843503952026367e+00
-2.463409185409545898e+00
2.610970020294189453e+00
3.978954553604125977e+00
5.012419223785400391e+00
-2.062942743301391602e+00
2.164939165115356445e+00
-8.572376370429992676e-01
1.641845583915710449e+00
-3.887815475463867188e-01
1.016625404357910156e+00
-1.118933439254760742e+00
5.261761188507080078e+00
2.388066530227661133e+00
-7.216643691062927246e-01
4.128603458404541016e+00
-2.506453990936279297e+00
-1.017615199089050293e+00
5.087287425994873047e+00
-3.887473821640014648e+00
1.161410093307495117e+00
-9.140909314155578613e-01
-1.899493098258972168e+00
-6.448677778244018555e-01
-1.986811518669128418e+00
-7.540503144264221191e-01
-2.577810525894165039e+00
-3.534210681915283203e+00
-2.918337821960449219e+00
4.691052436828613281e-01
5.244839191436767578e-01
9.540186524391174316e-01
-8.475626111030578613e-01
-3.935615420341491699e-01
5.450640320777893066e-01
-5.730333328247070312e-01
-1.800111532211303711e+00
3.390078783035278320e+00
3.225266218185424805e+00
-4.797283709049224854e-01
-3.089974641799926758e+00
7.678369879722595215e-01
-1.248954534530639648e+00
2.398934602737426758e+00
4.706453323364257812e+00
1.819014668464660645e+00
-1.887730956077575684e+00
2.288156270980834961e+00
1.813188314437866211e+00
3.447403907775878906e+00
1.330083608627319336e+00
-4.617011845111846924e-01
8.669059276580810547e-01
-1.393150210380554199e+00
-3.922609806060791016e+00
-3.562986254692077637e-01
-4.360466301441192627e-01
1.755632996559143066e+00
9.512397050857543945e-01
7.043120861053466797e+00
-2.700834274291992188e+00
-3.271033525466918945e+00
-1.787664890289306641e+00
-3.470631122589111328e+00
-1.910390257835388184e+00
-3.966622591018676758e+00
-3.858383893966674805e-01
-3.560484409332275391e+00
-3.987824916839599609e-01
8.464832305908203125e-01
-2.981876611709594727e+00
1.264993101358413696e-02
-6.013567000627517700e-02
-2.474217414855957031e+00
-1.338167428970336914e+00
-5.402481555938720703e-02
4.877050518989562988e-01
1.598941922187805176e+00
-2.548174619674682617e+00
2.306368350982666016e+00
-1.819633245468139648e+00
-1.357358813285827637e+00
-1.641715764999389648e-01
3.731924772262573242e+00
-1.375997543334960938e+00
-2.729254245758056641e+00
2.891860723495483398e+00
1.697425961494445801e+00
-2.873507738113403320e+00
3.049930095672607422e+00
-2.286894798278808594e+00
-1.947612285614013672e+00
-1.558348894119262695e+00
-2.104058742523193359e+00
-2.914231777191162109e+00
-2.321037292480468750e+00
1.400423496961593628e-01
7.065857201814651489e-02
5.634959787130355835e-03
-1.768279552459716797e+00
-1.320643782615661621e+00
-9.361048340797424316e-01
-2.021646022796630859e+00
-1.067135214805603027e+00
8.145202398300170898e-01
2.882316589355468750e+00
3.029272854328155518e-01
-3.345356464385986328e+00
-3.451420545578002930e+00
-9.679739475250244141e-01
-4.320299625396728516e-01
4.618319571018218994e-01
-8.173173666000366211e-01
2.385006099939346313e-01
3.276705145835876465e-01
-1.661350131034851074e+00
-3.154648840427398682e-01
1.634420394897460938e+00
-1.253733396530151367e+00
-3.256199657917022705e-01
-1.470388889312744141e+00
-1.384726047515869141e+00
3.410185277462005615e-01
-1.302374124526977539e+00
-1.137630105018615723e+00
4.051261842250823975e-01
-2.224502086639404297e+00
-6.533051133155822754e-01
-3.679214715957641602e-01
-2.887441635131835938e+00
-1.650714397430419922e+00
-1.346790194511413574e+00
-3.801229953765869141e+00
-2.213329076766967773e+00
-4.673103392124176025e-01
-5.112934708595275879e-01
2.693940639495849609e+00
-1.630455851554870605e+00
-1.541862964630126953e+00
-5.171955004334449768e-02
-3.713721036911010742e-02
2.116512060165405273e+00
-2.208344697952270508e+00
-7.440479993820190430e-01
-3.019874095916748047e+00
-3.619359493255615234e+00
-1.148284196853637695e+00
-1.851809859275817871e+00
6.688736677169799805e-01
-1.651105523109436035e+00
-1.680715441703796387e+00
-4.398667335510253906e+00
-1.535275697708129883e+00
-3.662040710449218750e+00
-2.831014394760131836e+00
-5.032394081354141235e-02
-8.358653783798217773e-01
-6.742597818374633789e-01
-3.585617542266845703e-01
-1.460843920707702637e+00
-1.525741666555404663e-01
-1.668554663658142090e+00
-1.439582467079162598e+00
-2.023365020751953125e+00
-9.617983698844909668e-01
-1.656693220138549805e+00
-1.401963710784912109e+00
9.744298458099365234e-01
-1.873253881931304932e-01
-2.796098947525024414e+00
1.092841267585754395e+00
-1.893810272216796875e+00
-1.280992627143859863e+00
-1.130214810371398926e+00
-1.746673345565795898e+00
-9.655926227569580078e-01
-1.846805810928344727e+00
1.152527570724487305e+00
1.572039008140563965e+00
1.085442490875720978e-02
-2.360176086425781250e+00
-1.404729723930358887e+00
1.582307338714599609e+00
-1.061488151550292969e+00
3.846816539764404297e+00
1.402441620826721191e+00
-9.027644395828247070e-01
-2.202490806579589844e+00
-2.107797116041183472e-01
3.324966132640838623e-01
4.799493253231048584e-01
-1.283227443695068359e+00
-1.852210998535156250e+00
-1.972155451774597168e+00
3.286812543869018555e+00
-1.903487086296081543e+00
-2.190234661102294922e+00
-5.994648933410644531e-01
-3.805816650390625000e+00
-1.899480938911437988e+00
-2.901890039443969727e+00
-2.153491973876953125e+00
-1.126716852188110352e+00
-2.930299758911132812e+00
-3.626814842224121094e+00
2.024063825607299805e+00
3.232926607131958008e+00
