1.114525890350341797e+01
8.681833267211914062e+00
1.099546337127685547e+01
1.717194938659667969e+01
1.422119235992431641e+01
1.611133956909179688e+01
1.408136844635009766e+01
-3.401520490646362305e+00
-5.791105628013610840e-01
-2.177307367324829102e+00
7.751690149307250977e-01
9.014464020729064941e-01
1.473132729530334473e+00
-2.634528875350952148e-01
2.658092975616455078e+00
-1.770675539970397949e+00
-1.505595088005065918e+00
3.689954042434692383e+00
-1.118472695350646973e+00
-9.307714700698852539e-01
2.253180742263793945e-01
3.746130228042602539e+00
9.645986370742321014e-03
9.963892102241516113e-01
-1.442136645317077637e+00
2.418200254440307617e+00
4.916264057159423828e+00
2.978373289108276367e+00
2.313964366912841797e+00
9.409482002258300781e+00
2.348256826400756836e+00
2.029459714889526367e+00
3.575939893722534180e+00
1.391537570953369141e+01
1.163921546936035156e+01
3.699633359909057617e+00
7.476691722869873047e+00
-1.082567811012268066e+00
7.659992218017578125e+00
4.733682632446289062e+00
6.247851371765136719e+00
5.788499355316162109e+00
5.049107551574707031e+00
3.913704633712768555e+00
4.930518150329589844e+00
3.170969486236572266e+00
6.246616840362548828e+00
4.682997703552246094e+00
5.553337574005126953e+00
4.140620708465576172e+00
6.687167644500732422e+00
2.321966648101806641e+00
8.142457008361816406e-01
-3.013226747512817383e+00
2.722720205783843994e-01
3.266923427581787109e+00
4.956104606389999390e-02
-4.639362335205078125e+00
3.733349323272705078e+00
3.896434009075164795e-01
2.123454332351684570e+00
3.751602888107299805e+00
2.532184123992919922e+00
2.713825225830078125e+00
3.041850805282592773e+00
1.094941234588623047e+01
2.685669183731079102e+00
2.616894483566284180e+00
2.955640792846679688e+00
1.006350040435791016e+00
-2.806257963180541992e+00
3.389409065246582031e+00
-3.848611831665039062e+00
-2.025247812271118164e+00
-3.342501401901245117e+00
-2.587197542190551758e+00
2.470289319753646851e-01
-3.292991816997528076e-01
-1.420398473739624023e+00
-1.960489630699157715e+00
-6.511201262474060059e-01
6.345267891883850098e-01
1.911513209342956543e+00
-1.042251706123352051e+00
3.565276622772216797e+00
1.781314849853515625e+00
1.893324017524719238e+00
1.534570336341857910e+00
-1.009847670793533325e-01
-2.500765770673751831e-02
-3.435728073120117188e+00
-7.524402737617492676e-01
-1.246245980262756348e+00
-2.167878389358520508e+00
3.716033697128295898e+00
-1.181048035621643066e+00
-1.152000188827514648e+00
1.749449133872985840e+00
1.018815398216247559e+00
2.452282905578613281e+00
-3.479633808135986328e+00
-2.114375829696655273e+00
6.986807584762573242e-01
1.016128349304199219e+01
-7.707979679107666016e-01
1.470759868621826172e+00
-8.988519906997680664e-01
6.592179298400878906e+00
7.095729827880859375e+00
1.114600467681884766e+01
3.664456129074096680e+00
2.255665063858032227e+00
5.636404037475585938e+00
4.898696899414062500e+00
5.859858512878417969e+00
4.506484508514404297e+00
2.669968843460083008e+00
8.423852920532226562e+00
4.594788551330566406e+00
5.215094089508056641e+00
3.703833580017089844e+00
5.659009933471679688e+00
4.989105224609375000e+00
8.258175849914550781e+00
8.435276031494140625e+00
4.224828243255615234e+00
9.842037200927734375e+00
-2.751083135604858398e+00
-3.569926977157592773e+00
3.065537512302398682e-01
-2.271210908889770508e+00
4.409032464027404785e-01
3.660182356834411621e-01
1.742352485656738281e+00
-4.353670477867126465e-01
-2.027346372604370117e+00
-1.400248706340789795e-01
-1.017847537994384766e+00
5.850372910499572754e-01
-1.330435276031494141e-01
3.807700872421264648e+00
1.223039627075195312e+00
1.177710771560668945e+00
-1.036024212837219238e+00
1.658334374427795410e+00
4.829363346099853516e+00
1.931374669075012207e+00
7.009187221527099609e+00
5.337744235992431641e+00
1.276216888427734375e+01
1.071933269500732422e+01
2.512898921966552734e+00
-2.417443752288818359e+00
-1.163463711738586426e+00
-1.898826241493225098e+00
-9.480025768280029297e-01
-2.810422480106353760e-01
-2.276430845260620117e+00
-3.609451949596405029e-01
-2.530165195465087891e+00
-1.761810541152954102e+00
4.187014698982238770e-02
2.065150499343872070e+00
-2.182090997695922852e+00
-6.661670207977294922e-01
-3.066229820251464844e+00
-2.869062423706054688e-01
-9.779462814331054688e-01
1.123100519180297852e+00
1.106015086174011230e+00
-1.677983283996582031e+00
2.579410552978515625e+00
2.030366182327270508e+00
1.628780961036682129e+00
-2.945523023605346680e+00
-1.951480507850646973e+00
1.219330906867980957e+00
-1.715131849050521851e-02
2.167692661285400391e+00
3.912608623504638672e-01
5.292872786521911621e-01
-2.842273116111755371e-01
-1.795942544937133789e+00
-2.360904455184936523e+00
-1.428776144981384277e+00
-2.014585256576538086e+00
-1.933905124664306641e+00
-2.715988159179687500e+00
4.450968205928802490e-01
-6.780211925506591797e-01
-7.078404426574707031e-01
-1.479405760765075684e+00
-1.494783520698547363e+00
-1.157871365547180176e+00
5.521870255470275879e-01
6.559387445449829102e-01
-9.576336741447448730e-01
-2.653308868408203125e+00
-2.313955783843994141e+00
-5.259387493133544922e-01
-5.033715724945068359e+00
-1.763264060020446777e+00
-1.416306138038635254e+00
2.515723943710327148e+00
-1.557699404656887054e-02
-2.478895932435989380e-01
-2.130035012960433960e-01
2.779012203216552734e+00
1.498158335685729980e+00
7.725203037261962891e-01
-2.015081942081451416e-01
-4.600268304347991943e-01
1.170527696609497070e+00
1.957202911376953125e+00
-2.976896524429321289e+00
6.781079769134521484e-01
-1.315771102905273438e+00
-1.279083847999572754e+00
2.057059764862060547e+00
1.043935894966125488e+00
-9.834663867950439453e-01
-8.263497948646545410e-01
2.608564496040344238e-01
-1.534752845764160156e+00
-2.790553331375122070e+00
-2.299772948026657104e-02
-2.761465787887573242e+00
-1.309972405433654785e+00
-2.221748590469360352e+00
-1.172451972961425781e+00
-2.330900430679321289e+00
-2.572332143783569336e+00
-1.411991596221923828e+00
-4.756137847900390625e+00
-2.713526487350463867e+00
-9.725514054298400879e-01
-1.263448357582092285e+00
1.746820926666259766e+00
-1.842987060546875000e+00
-3.366582632064819336e+00
-2.347754001617431641e+00
-2.507169008255004883e+00
4.020925760269165039e-01
-2.323621273040771484e+00
-4.484266281127929688e+00
-6.120116114616394043e-01
-8.434720635414123535e-01
-4.903793334960937500e-03
2.105085104703903198e-01
-1.998342871665954590e-01
1.743189454078674316e+00
2.915098190307617188e+00
-4.171043395996093750e+00
-5.491890907287597656e-01
1.565271615982055664e-01
-2.183775663375854492e+00
-1.904876708984375000e+00
-6.980168223381042480e-01
-1.045753479003906250e+00
-1.058530449867248535e+00
-2.829078197479248047e+00
-4.349951744079589844e+00
-3.449117422103881836e+00
9.852352142333984375e-01
1.764217972755432129e+00
-7.308878898620605469e-01
-1.386548399925231934e+00
-2.223207950592041016e+00
-1.312838554382324219e+00
9.868673682212829590e-01
3.022971868515014648e+00
1.460509061813354492e+00
2.530844211578369141e+00
2.127697706222534180e+00
2.150688648223876953e+00
-4.764431953430175781e+00
8.598964810371398926e-01
3.153624534606933594e+00
1.294018507003784180e+00
3.673530101776123047e+00
2.337916851043701172e+00
6.002293229103088379e-01
2.210834264755249023e+00
-3.511078834533691406e+00
1.565493702888488770e+00
1.920919418334960938e+00
4.113632202148437500e+00
9.585347175598144531e-01
3.179327249526977539e+00
8.075928688049316406e-01
3.060626983642578125e+00
-2.076663494110107422e+00
-3.385727852582931519e-02
2.405765295028686523e+00
2.721048593521118164e+00
-1.850140839815139771e-01
9.047042846679687500e+00
-9.194760918617248535e-01
5.724337577819824219e+00
2.437232732772827148e+00
2.121458649635314941e-01
-1.647595405578613281e+00
-1.515289545059204102e+00
6.343178749084472656e-01
-6.705037951469421387e-01
-2.752356529235839844e+00
-1.144440993666648865e-01
1.886851787567138672e+00
-8.303068876266479492e-01
-1.410468101501464844e+00
2.171522140502929688e+00
3.070125356316566467e-02
2.588202059268951416e-01
-4.990375339984893799e-01
4.163788795471191406e+00
7.348743081092834473e-01
-1.615555644035339355e+00
2.675569534301757812e+00
9.255799651145935059e-01
-6.757111549377441406e-01
2.261655569076538086e+00
-2.595478057861328125e+00
5.143848061561584473e-01
-3.688354015350341797e+00
-1.028682738542556763e-01
-1.361476778984069824e+00
2.557624578475952148e-01
8.078599929809570312e+00
5.139386653900146484e+00
6.494922637939453125e+00
2.720143318176269531e+00
2.317317724227905273e+00
-7.730601429939270020e-01
1.327017426490783691e+00
3.530694961547851562e+00
2.716372013092041016e+00
1.771446943283081055e+00
7.284667491912841797e+00
-7.801346182823181152e-01
-2.810736656188964844e+00
2.993764877319335938e-01
1.222098350524902344e+00
3.117473423480987549e-01
-2.695060729980468750e+00
6.597261428833007812e+00
-1.016814470291137695e+00
-6.584874391555786133e-01
-2.177263736724853516e+00
1.419128775596618652e-01
9.842247962951660156e-01
3.523955643177032471e-01
-1.721244931221008301e+00
5.804343819618225098e-01
2.996441125869750977e+00
-5.595495104789733887e-01
1.566314697265625000e+00
8.260860443115234375e+00
6.455781459808349609e+00
4.841777801513671875e+00
6.151412487030029297e+00
1.153444957733154297e+01
8.695874810218811035e-01
6.428560256958007812e+00
5.535705089569091797e+00
3.032945871353149414e+00
-1.795223951339721680e+00
-2.275472879409790039e+00
-3.233574867248535156e+00
-6.834709048271179199e-01
-2.143984079360961914e+00
-8.904405236244201660e-01
-8.774742484092712402e-01
-3.648894786834716797e+00
-1.313939213752746582e+00
3.274562954902648926e-01
-1.690432429313659668e+00
1.877172470092773438e+00
1.473442196846008301e+00
-6.030564308166503906e-01
1.290601730346679688e+00
1.235313415527343750e+00
1.669783294200897217e-01
1.334018588066101074e+00
2.220642566680908203e+00
1.652494192123413086e+00
-1.832285284996032715e+00
-4.844578504562377930e-01
3.617451429367065430e+00
6.632086038589477539e-01
1.253782176971435547e+01
1.259012603759765625e+01
1.312257957458496094e+01
1.169684219360351562e+01
7.363475322723388672e+00
1.552453422546386719e+01
1.532411289215087891e+01
1.006806278228759766e+01
1.781548500061035156e+01
-2.916752815246582031e+00
-1.097058773040771484e+00
-4.374024391174316406e+00
-1.711552023887634277e+00
-2.877485156059265137e-01
1.336765646934509277e+00
2.302133321762084961e+00
2.042667567729949951e-01
-2.636250257492065430e+00
-3.070648670196533203e+00
-5.344579219818115234e-01
-1.585613489151000977e+00
7.586575150489807129e-01
1.054146885871887207e-01
-1.624175161123275757e-01
-8.307707309722900391e-02
-3.474752187728881836e+00
-1.847678184509277344e+00
1.444198966026306152e+00
-2.780345201492309570e+00
-1.609971642494201660e+00
2.354619264602661133e+00
-2.236382484436035156e+00
-2.344261407852172852e+00
-7.225950956344604492e-01
-2.518445253372192383e+00
-3.205225229263305664e+00
-1.252234816551208496e+00
-2.912978649139404297e+00
-7.279263436794281006e-02
-1.524791955947875977e+00
-1.381448507308959961e+00
-1.559218168258666992e+00
-2.006435632705688477e+00
-1.372723460197448730e+00
3.512581586837768555e+00
3.725686371326446533e-01
4.107542634010314941e-01
-9.181497693061828613e-01
-2.874394059181213379e-01
-2.671625614166259766e-01
-5.543534755706787109e+00
-5.079033970832824707e-01
-1.723426461219787598e+00
-3.269639730453491211e+00
-2.609804391860961914e+00
-3.785617113113403320e+00
-4.326938688755035400e-01
-8.097943067550659180e-01
-8.405677676200866699e-01
-1.819170951843261719e+00
2.347324609756469727e+00
-1.763826608657836914e+00
-2.620111703872680664e+00
-1.839911580085754395e+00
-2.391263008117675781e+00
-2.706027746200561523e+00
-1.844681143760681152e+00
-1.293694853782653809e+00
2.183402061462402344e+00
-2.099308729171752930e+00
-2.170809745788574219e+00
1.136479496955871582e+00
-2.289495706558227539e+00
9.519642591476440430e-01
-4.970674514770507812e-01
-1.338696837425231934e+00
-4.275197505950927734e+00
-2.951705217361450195e+00
1.694473505020141602e+00
-1.365369319915771484e+00
-1.838395297527313232e-01
-3.442311286926269531e+00
-5.546414256095886230e-01
8.132272958755493164e-01
2.119901478290557861e-01
8.920984864234924316e-01
-7.447095960378646851e-02
-1.521394252777099609e+00
-1.419244408607482910e+00
-1.484153866767883301e+00
-1.833947777748107910e+00
1.025328397750854492e+00
-4.734954237937927246e-01
-1.306893825531005859e+00
4.723660945892333984e-01
4.239893913269042969e+00
5.599628090858459473e-01
-2.656019449234008789e+00
-1.004276394844055176e+00
-4.494022428989410400e-01
-5.138038992881774902e-01
-1.489032983779907227e+00
-5.157928466796875000e-01
-5.402996540069580078e-01
-2.356724262237548828e+00
-2.539161443710327148e+00
-1.659135818481445312e+00
-2.361900091171264648e+00
-1.260244846343994141e+00
2.160713672637939453e+00
-7.485265731811523438e-01
-7.189942002296447754e-01
-1.136161565780639648e+00
5.012442916631698608e-02
-1.841344952583312988e+00
-2.733712673187255859e+00
-3.632525682449340820e+00
-4.576985538005828857e-01
-2.496052265167236328e+00
5.583769321441650391e+00
-2.801450252532958984e+00
-1.855013608932495117e+00
-3.314977884292602539e+00
-1.308560967445373535e+00
-9.429054260253906250e-01
-1.941995024681091309e+00
2.075745582580566406e+00
-1.265701651573181152e+00
-1.933397650718688965e+00
-7.804316282272338867e-01
-1.717920064926147461e+00
-1.593995332717895508e+00
-1.999777555465698242e+00
-5.063800334930419922e+00
3.229189515113830566e-01
-3.317411661148071289e+00
-8.770502805709838867e-01
1.908239841461181641e+00
3.050629377365112305e+00
-2.091394186019897461e+00
-1.047575116157531738e+00
-1.527295261621475220e-01
-3.115597724914550781e+00
-2.449674367904663086e+00
-1.148378133773803711e+00
-1.505000591278076172e+00
-6.238077878952026367e-01
4.624734222888946533e-01
-2.189091920852661133e+00
-5.466852188110351562e-01
1.583875894546508789e+00
8.480512350797653198e-02
-3.783752322196960449e-01
1.600294828414916992e+00
-1.281254172325134277e+00
-1.110857725143432617e+00
7.369403243064880371e-01
9.781691431999206543e-01
-4.143901824951171875e+00
5.177702903747558594e-01
-8.989821672439575195e-01
-3.299150705337524414e+00
-5.183959007263183594e+00
1.687191486358642578e+00
5.979585051536560059e-01
-1.829074978828430176e+00
-4.956504344940185547e+00
-2.888467788696289062e+00
-1.237580657005310059e+00
2.758815526962280273e+00
-1.150194048881530762e+00
-2.629913568496704102e+00
-2.492753267288208008e+00
-4.562276974320411682e-02
2.313099652528762817e-01
-2.714260101318359375e+00
-8.187930583953857422e-01
-1.457738637924194336e+00
-6.296827793121337891e-01
-1.930391907691955566e+00
-4.749085307121276855e-01
-1.234356835484504700e-01
-1.316222548484802246e+00
-3.384335279464721680e+00
-3.338731050491333008e+00
-2.246625185012817383e+00
-2.062957763671875000e+00
-1.649069905281066895e+00
-8.422788381576538086e-01
-2.638468980789184570e+00
-1.218268036842346191e+00
-2.172219991683959961e+00
2.036975175142288208e-01
-6.321156024932861328e-01
-5.374572277069091797e-01
-1.207534790039062500e+00
-1.698232054710388184e+00
-3.039990901947021484e+00
-2.368095368146896362e-01
2.272097207605838776e-02
-1.903620958328247070e-01
-2.298053741455078125e+00
-2.491565704345703125e+00
-1.305052995681762695e+00
1.969369500875473022e-02
-3.482204437255859375e+00
-2.551236391067504883e+00
-1.047913789749145508e+00
-9.207479953765869141e-01
3.810437440872192383e+00
8.642265796661376953e-01
-9.534304738044738770e-01
-4.398223400115966797e+00
-1.454104900360107422e+00
-3.462532281875610352e+00
-2.037349939346313477e+00
-1.000075340270996094e+00
-1.481364294886589050e-02
-4.073592185974121094e+00
-6.036141514778137207e-01
-2.614778757095336914e+00
-3.317985534667968750e+00
2.131942510604858398e+00
-4.723562717437744141e+00
-2.422299861907958984e+00
-2.891705989837646484e+00
-9.199608564376831055e-01
3.125308990478515625e+00
-1.747936457395553589e-01
-1.501390814781188965e+00
-2.651648998260498047e+00
1.407116413116455078e+00
-3.815094709396362305e+00
-2.708963871002197266e+00
-6.698865890502929688e-01
-4.259043216705322266e+00
-5.334975719451904297e-01
-1.801560759544372559e+00
-1.855365872383117676e+00
1.710096240043640137e+00
-5.008206367492675781e+00
-1.699887275695800781e+00
-2.400879383087158203e+00
-2.653189301490783691e-01
-1.000015020370483398e+00
-1.394391298294067383e+00
-2.116454839706420898e+00
-2.341076612472534180e+00
2.574450969696044922e-01
2.971283674240112305e+00
1.276758909225463867e+00
-2.095310449600219727e+00
3.510203957557678223e-01
-9.691705107688903809e-01
6.213390827178955078e-01
-3.818926811218261719e-01
-5.238154411315917969e+00
-1.803837895393371582e+00
-3.915281295776367188e-01
-1.700036644935607910e+00
3.116109669208526611e-01
1.080567836761474609e+00
1.867212176322937012e+00
-3.339038133621215820e+00
-1.504017829895019531e+00
-2.721328258514404297e+00
-1.970679759979248047e+00
-6.246324181556701660e-01
1.954588770866394043e+00
-2.789087295532226562e-01
-2.138017892837524414e+00
-6.244851350784301758e-01
-4.259635925292968750e+00
9.548246860504150391e-03
-1.314165115356445312e+00
5.170704841613769531e+00
-1.716816186904907227e+00
-3.631659507751464844e+00
-4.534250497817993164e-01
-1.497363090515136719e+00
1.733803629875183105e+00
-2.789080142974853516e+00
-3.837921857833862305e+00
6.088555455207824707e-01
2.521740674972534180e+00
4.070012092590332031e+00
-1.532498955726623535e+00
-6.598841547966003418e-01
-1.250491976737976074e+00
-9.828876256942749023e-01
-3.766194105148315430e+00
-3.650564253330230713e-01
1.757742881774902344e+00
-2.718993425369262695e+00
-5.768796801567077637e-01
4.590856075286865234e+00
6.687087565660476685e-02
-1.000052213668823242e+00
-3.398164510726928711e+00
2.165818452835083008e+00
-4.267283439636230469e+00
-4.342731475830078125e+00
2.059839963912963867e+00
-3.857856392860412598e-01
1.866341829299926758e-01
-1.089782953262329102e+00
-1.025751948356628418e+00
2.873214706778526306e-02
-1.752590179443359375e+00
-2.544204711914062500e+00
1.118295267224311829e-01
3.091836214065551758e+00
-2.101974248886108398e+00
-1.874469876289367676e+00
-1.816538333892822266e+00
-1.592656254768371582e+00
-2.539021492004394531e+00
-1.547705084085464478e-01
-5.519303679466247559e-01
-3.513545274734497070e+00
-7.199558615684509277e-01
-6.505029201507568359e-01
-2.155585050582885742e+00
-2.400910854339599609e-01
-3.371172547340393066e-01
-5.774433016777038574e-01
-1.893832564353942871e+00
-9.565771222114562988e-01
-3.003028154373168945e+00
5.547414422035217285e-01
-6.651462316513061523e-01
-1.063084244728088379e+00
-1.263497710227966309e+00
-8.491220474243164062e-01
-1.414299488067626953e+00
-1.999562501907348633e+00
-7.098801136016845703e-01
-1.103726983070373535e+00
2.303213357925415039e+00
2.098158359527587891e+00
-2.702136516571044922e+00
-1.569200396537780762e+00
-3.730205059051513672e+00
-2.624667406082153320e+00
-7.621536254882812500e-01
-2.823541641235351562e+00
3.070919215679168701e-01
-6.630548238754272461e-01
7.436521649360656738e-01
-2.907454013824462891e+00
-1.180716276168823242e+00
-3.815532326698303223e-01
5.384815335273742676e-01
2.423427551984786987e-01
-2.168041467666625977e+00
1.539965987205505371e+00
3.383717536926269531e+00
-4.384942054748535156e+00
-1.347070336341857910e+00
-3.229833841323852539e+00
1.944160461425781250e+00
1.011111512780189514e-01
-3.119251251220703125e+00
7.588033080101013184e-01
-1.828257083892822266e+00
4.922956824302673340e-01
-1.418901681900024414e+00
-2.306685447692871094e-01
-6.836459040641784668e-01
5.400759696960449219e+00
-2.209118127822875977e+00
-7.673475742340087891e-01
-1.823430210351943970e-01
-2.874568700790405273e+00
-9.851055145263671875e-01
1.023181557655334473e+00
-4.165297031402587891e+00
-7.101953029632568359e-01
-5.662668347358703613e-01
-2.945966482162475586e+00
1.749237298965454102e+00
-7.060774564743041992e-01
-2.307707309722900391e+00
-1.339409828186035156e+00
-1.282980084419250488e+00
-1.054267287254333496e+00
2.398627549409866333e-01
-5.875756740570068359e-01
1.837425112724304199e+00
-1.496021389961242676e+00
-1.442472457885742188e+00
-8.009471893310546875e-01
-1.171309053897857666e-01
4.915947437286376953e+00
-5.759288668632507324e-01
4.206987619400024414e-01
-5.707355141639709473e-01
-9.586752057075500488e-01
-2.943040609359741211e+00
-2.545298814773559570e+00
-3.192512512207031250e+00
-3.097525119781494141e+00
5.834542512893676758e-01
-7.859872579574584961e-01
5.982593446969985962e-02
2.643486976623535156e+00
3.372896611690521240e-01
-1.090586781501770020e+00
1.033815741539001465e+00
-1.972151756286621094e+00
-1.010853499174118042e-01
-3.693989038467407227e+00
8.331864356994628906e+00
-1.575427055358886719e+00
-2.712410449981689453e+00
-1.568791627883911133e+00
-1.252363681793212891e+00
1.319950938224792480e+00
-5.053062438964843750e-01
1.704332828521728516e+00
-1.762819290161132812e+00
-2.684609651565551758e+00
-1.472224116325378418e+00
3.828391790390014648e+00
6.120522692799568176e-02
1.650353550910949707e+00
-1.451390385627746582e+00
-1.877931475639343262e+00
-2.614090442657470703e+00
1.442991852760314941e+00
4.935269832611083984e+00
-5.118864059448242188e+00
-2.111497402191162109e+00
-1.117064714431762695e+00
-1.231493949890136719e+00
8.421142697334289551e-01
-2.434612751007080078e+00
-3.466548442840576172e+00
2.339499145746231079e-01
2.179203271865844727e+00
-3.743973016738891602e+00
-6.867585778236389160e-01
-2.037908554077148438e+00
-2.554782390594482422e+00
6.880622863769531250e+00
3.249534666538238525e-01
-1.919812202453613281e+00
-1.641191124916076660e+00
-9.267096519470214844e-01
-5.281772017478942871e-01
-1.654131770133972168e+00
-1.979501128196716309e+00
-1.372295498847961426e+00
1.438367962837219238e+00
-1.344376921653747559e+00
-1.786043405532836914e+00
2.641059160232543945e+00
-1.300325155258178711e+00
-1.871766924858093262e+00
-1.490780115127563477e+00
-1.732422351837158203e+00
1.927191853523254395e+00
3.288307666778564453e+00
-7.135817408561706543e-01
-5.876786112785339355e-01
-5.050874948501586914e-01
-1.049727320671081543e+00
-3.235918283462524414e+00
-3.586055040359497070e+00
-2.033296346664428711e+00
-2.030061483383178711e+00
-3.335217237472534180e+00
-1.519682884216308594e+00
-2.016987085342407227e+00
-2.331930160522460938e+00
-2.348659515380859375e+00
-1.232584953308105469e+00
-2.269426584243774414e+00
2.152931094169616699e-01
-5.180971622467041016e-01
-2.241734266281127930e+00
-2.501129865646362305e+00
2.457124471664428711e+00
-2.745598793029785156e+00
-4.965096473693847656e+00
-4.685012817382812500e+00
-1.021028041839599609e+00
2.130683898925781250e+00
-2.003029823303222656e+00
-2.682921409606933594e+00
-4.344538152217864990e-01
-2.780467987060546875e+00
-9.901691079139709473e-01
-2.314958572387695312e+00
-3.622844457626342773e+00
-1.225081443786621094e+00
9.786669611930847168e-01
-5.637948513031005859e-01
-5.517229437828063965e-01
-2.116053342819213867e+00
-2.059256315231323242e+00
-2.193053960800170898e+00
-1.671216845512390137e+00
-2.571826696395874023e+00
-1.597159147262573242e+00
-2.280673384666442871e-01
2.361696481704711914e+00
1.039990305900573730e+00
-2.011558532714843750e+00
3.106077432632446289e+00
-9.951201677322387695e-01
-2.183604478836059570e+00
-2.726021766662597656e+00
1.449237018823623657e-01
-1.688054203987121582e+00
2.274053573608398438e+00
-8.380832076072692871e-01
-2.673246145248413086e+00
-9.052739739418029785e-01
2.441748619079589844e+00
-3.142293095588684082e-01
-9.732881784439086914e-01
-5.865809917449951172e-01
-2.552954852581024170e-01
1.016322612762451172e+01
-2.944220066070556641e+00
-1.072774887084960938e+00
3.117128312587738037e-01
-2.322621494531631470e-01
-6.034941673278808594e-01
-1.030098080635070801e+00
-1.660272717475891113e+00
2.992162227630615234e+00
-2.949995517730712891e+00
-4.378065109252929688e+00
-1.578646421432495117e+00
-4.578141689300537109e+00
-4.342795848846435547e+00
-3.688697338104248047e+00
-4.069445133209228516e+00
-3.076817691326141357e-01
-1.811776518821716309e+00
-1.720219373703002930e+00
-2.432364940643310547e+00
-2.077402591705322266e+00
-1.667056798934936523e+00
-4.499896526336669922e+00
-1.346893548965454102e+00
1.591936945915222168e+00
-2.128392219543457031e+00
-1.526492595672607422e+00
-3.902199029922485352e+00
-7.707999229431152344e+00
-3.411450862884521484e+00
-7.707085609436035156e-01
-8.806301951408386230e-01
-4.469294071197509766e+00
-5.309441089630126953e-01
3.088349819183349609e+00
-1.475393295288085938e+00
-3.815038204193115234e+00
-2.674559831619262695e+00
-1.697648763656616211e+00
-1.159918904304504395e+00
-3.455328941345214844e+00
-1.051069974899291992e+00
8.868087530136108398e-01
-3.130983352661132812e+00
-4.449385166168212891e+00
-2.128646612167358398e+00
-3.117460012435913086e+00
-6.096432685852050781e+00
-1.968164443969726562e+00
-4.767164230346679688e+00
-2.688671588897705078e+00
-2.303866863250732422e+00
-4.656268954277038574e-01
-4.904151439666748047e+00
-2.066695928573608398e+00
-1.161925315856933594e+00
-3.340050697326660156e+00
1.848457574844360352e+00
2.620919466018676758e+00
-7.195493578910827637e-01
1.485064029693603516e+01
-1.110983610153198242e+00
3.642880439758300781e+00
2.957826375961303711e+00
4.018078804016113281e+00
3.544417619705200195e+00
3.035092353820800781e-01
5.091455578804016113e-01
-1.358645558357238770e+00
-2.956704854965209961e+00
1.275870990753173828e+01
-2.443709611892700195e+00
-2.398829460144042969e+00
-1.762788295745849609e+00
2.365767478942871094e+00
-1.274731755256652832e-01
-5.304120063781738281e+00
-3.305299758911132812e+00
2.312778234481811523e+00
1.487642168998718262e+00
-3.217278242111206055e+00
-9.677218645811080933e-02
9.836829304695129395e-01
7.485005259513854980e-01
4.280848026275634766e+00
1.356594085693359375e+00
8.139212131500244141e-01
