6.882010936737060547e+00
3.879441499710083008e+00
1.452444934844970703e+01
1.583632755279541016e+01
1.385175132751464844e+01
1.360267162322998047e+01
1.312501525878906250e+01
-3.013331651687622070e+00
-3.060744524002075195e+00
-3.464599370956420898e+00
-3.428412914276123047e+00
-2.480841875076293945e+00
-1.588073253631591797e+00
-6.963340938091278076e-02
-2.062456369400024414e+00
-2.415327072143554688e+00
-3.064219474792480469e+00
3.974746763706207275e-01
1.723649501800537109e-01
-1.162038207054138184e+00
-1.373517036437988281e+00
1.963759660720825195e-01
1.335412710905075073e-01
7.813415527343750000e-01
-2.609816551208496094e+00
-6.355773806571960449e-01
-5.344560146331787109e-01
-1.312715291976928711e+00
7.470381259918212891e-02
8.703500628471374512e-01
6.214470267295837402e-01
-1.340653061866760254e+00
-2.609721124172210693e-01
7.467214107513427734e+00
7.684206962585449219e+00
7.185611128807067871e-02
3.594211816787719727e+00
-1.884589314460754395e+00
6.874935626983642578e-01
1.172379493713378906e+00
-1.152044832706451416e-01
-1.993499875068664551e+00
-2.392455101013183594e+00
-1.425424814224243164e+00
-1.362610578536987305e+00
-1.613070607185363770e+00
-6.386159658432006836e-01
-2.185015201568603516e+00
-2.350742369890213013e-01
5.753222107887268066e-01
3.003744363784790039e+00
4.452078342437744141e+00
-2.795772552490234375e+00
-1.922320365905761719e+00
-1.999030709266662598e+00
-1.334182977676391602e+00
-2.248144149780273438e+00
-3.428594350814819336e+00
1.755916476249694824e+00
-2.983126163482666016e+00
-2.297242641448974609e+00
-2.477494001388549805e+00
-2.787935256958007812e+00
-2.781161546707153320e+00
-1.665969371795654297e+00
5.784143924713134766e+00
-2.886973381042480469e+00
-1.687776923179626465e+00
-3.202144145965576172e+00
1.804119944572448730e-01
-2.841844797134399414e+00
-1.209470629692077637e+00
-2.328758955001831055e+00
-2.673020601272583008e+00
-3.284915924072265625e+00
-7.509835362434387207e-01
-1.032303214073181152e+00
-1.096357822418212891e+00
-1.001600384712219238e+00
-1.270169138908386230e+00
-1.745727896690368652e+00
-2.548230409622192383e+00
-2.275944471359252930e+00
-2.173003196716308594e+00
-1.895385622978210449e+00
-2.507807016372680664e+00
-3.051517248153686523e+00
-7.059378623962402344e-01
-1.683351874351501465e+00
-1.747514724731445312e+00
-4.189630985260009766e+00
-4.083297729492187500e+00
-3.094492435455322266e+00
-3.139434337615966797e+00
-1.594942063093185425e-01
-3.349645137786865234e+00
-9.481621384620666504e-01
1.534704923629760742e+00
6.911790370941162109e-01
1.658079981803894043e+00
-1.726220175623893738e-02
9.015360474586486816e-01
4.011362195014953613e-01
4.970351696014404297e+00
-2.106109857559204102e+00
-1.080901622772216797e+00
-4.600308537483215332e-01
3.134358406066894531e+00
-8.151793479919433594e-01
4.630894660949707031e+00
1.405524969100952148e+00
-8.575001358985900879e-01
6.411659717559814453e+00
2.376647233963012695e+00
3.862677335739135742e+00
1.857065796852111816e+00
8.750706911087036133e-02
2.286204099655151367e+00
2.351798057556152344e+00
1.099508643150329590e+00
-4.501226246356964111e-01
1.438282132148742676e+00
2.501680850982666016e+00
3.754182338714599609e+00
2.860640525817871094e+00
1.085276126861572266e+00
1.099800229072570801e+00
-3.650191783905029297e+00
-3.092687368392944336e+00
-2.204228937625885010e-01
-2.051193475723266602e+00
-8.534809947013854980e-01
-1.983482241630554199e-01
-1.709108233451843262e+00
-1.092737674713134766e+00
-2.453028440475463867e+00
-1.722398161888122559e+00
3.845905363559722900e-01
-3.149065256118774414e+00
-1.022217392921447754e+00
-7.037767171859741211e-01
-1.537040591239929199e+00
-2.197578191757202148e+00
-1.059623122215270996e+00
9.309262633323669434e-01
5.855936527252197266e+00
3.713445663452148438e+00
1.017427158355712891e+01
1.057153797149658203e+01
8.499654769897460938e+00
9.583737373352050781e+00
2.094653129577636719e+00
-3.354659080505371094e+00
-1.659818410873413086e+00
-2.348765134811401367e+00
-2.018429994583129883e+00
-1.191254615783691406e+00
-8.843601942062377930e-01
1.998166739940643311e-01
-1.217234849929809570e+00
-3.180806636810302734e+00
3.770323395729064941e-01
9.911851286888122559e-01
-1.155489206314086914e+00
-1.607668548822402954e-01
-5.088713765144348145e-01
-4.448222815990447998e-01
-2.326394081115722656e+00
-3.333227634429931641e-01
-1.278231739997863770e+00
-1.353359222412109375e+00
2.356175184249877930e+00
1.688516139984130859e+00
1.176423668861389160e+00
1.444712877273559570e+00
-3.044575214385986328e+00
-1.658710718154907227e+00
-1.583134770393371582e+00
3.274451732635498047e+00
6.930325627326965332e-01
6.577969789505004883e-01
-2.034282207489013672e+00
-1.052315235137939453e+00
-8.251057267189025879e-01
-1.430686831474304199e+00
-1.830606460571289062e+00
-1.158296704292297363e+00
-2.145388364791870117e+00
-4.383434355258941650e-01
-4.866932630538940430e-01
-1.591588854789733887e+00
-8.861602544784545898e-01
-1.084847688674926758e+00
-4.726546406745910645e-01
-2.617922067642211914e+00
4.729382991790771484e+00
-1.030783534049987793e+00
3.732127249240875244e-01
-1.402994513511657715e+00
2.124065876007080078e+00
-3.611423730850219727e+00
-8.018047809600830078e-01
-2.205182552337646484e+00
3.389717817306518555e+00
-1.538441300392150879e+00
2.049319505691528320e+00
-4.948045313358306885e-01
1.757671684026718140e-01
1.510428309440612793e+00
2.053968429565429688e+00
9.242644906044006348e-01
-2.544535696506500244e-01
-8.833979964256286621e-01
-3.076525032520294189e-01
-4.442521333694458008e-01
-9.702434539794921875e-01
-2.782012224197387695e+00
1.110695600509643555e+00
-1.741636246442794800e-01
-2.576251029968261719e-01
-2.559139728546142578e+00
-8.254856467247009277e-01
-9.619631767272949219e-01
4.437637805938720703e+00
1.695923447608947754e+00
2.611253023147583008e+00
-1.743939161300659180e+00
2.182552099227905273e+00
-3.694976329803466797e+00
-1.672106146812438965e+00
-7.258136272430419922e-01
-6.747680306434631348e-01
5.819559693336486816e-01
-1.982699751853942871e+00
7.021089196205139160e-01
2.522348165512084961e+00
1.890145540237426758e+00
4.571646213531494141e+00
2.375875711441040039e-01
-7.816628813743591309e-01
8.922054171562194824e-01
-2.546955943107604980e-01
4.237696230411529541e-01
-1.514130353927612305e+00
-2.587121486663818359e+00
2.629676580429077148e+00
8.752843141555786133e-01
2.346801757812500000e-02
2.225946903228759766e+00
2.175400257110595703e+00
3.480313777923583984e+00
2.592415809631347656e+00
-2.720301866531372070e+00
1.613488912582397461e+00
1.396455466747283936e-01
-2.381994009017944336e+00
9.604771733283996582e-01
9.583739936351776123e-02
8.461957573890686035e-01
-6.155390143394470215e-01
-1.852050185203552246e+00
-9.384440779685974121e-01
-2.212087154388427734e+00
2.518027544021606445e+00
2.242140769958496094e+00
-1.723792552947998047e+00
-2.980029821395874023e+00
-2.159601688385009766e+00
1.106271624565124512e+00
7.310082316398620605e-01
1.772674441337585449e+00
-7.046590447425842285e-01
4.526563286781311035e-01
7.715206146240234375e-01
-2.323769569396972656e+00
-2.938443660736083984e+00
-7.265419960021972656e-01
8.628504872322082520e-01
-3.773147761821746826e-01
1.103929400444030762e+00
-4.068664312362670898e-01
1.625205159187316895e+00
2.659579992294311523e+00
-1.640648484230041504e+00
3.159327983856201172e+00
2.252656936645507812e+00
2.241066455841064453e+00
6.328631043434143066e-01
-6.764317154884338379e-01
-8.407658338546752930e-02
2.216573655605316162e-01
-3.827906847000122070e+00
-4.715377688407897949e-01
-2.544052839279174805e+00
2.629253625869750977e+00
2.606104612350463867e+00
7.795688152313232422e+00
7.531812787055969238e-01
-6.223884224891662598e-01
-1.586686134338378906e+00
-5.993346571922302246e-01
-1.770284295082092285e+00
7.928177714347839355e-02
1.153547018766403198e-01
-1.292544960975646973e+00
-2.362098217010498047e+00
1.013527587056159973e-01
-1.886549353599548340e+00
-1.480990529060363770e+00
-1.773653268814086914e+00
5.835676193237304688e-01
-4.199631512165069580e-01
-4.658894538879394531e-01
-7.875415682792663574e-01
1.793097734451293945e+00
-3.486011624336242676e-01
-3.863337278366088867e+00
-1.083805918693542480e+00
-9.539225101470947266e-01
-6.501711010932922363e-01
-1.862904578447341919e-01
-1.159392952919006348e+00
-1.787396073341369629e+00
-3.746162414550781250e+00
-1.763166069984436035e+00
-3.531438589096069336e+00
-2.157491207122802734e+00
6.375240802764892578e+00
2.850449800491333008e+00
4.938136100769042969e+00
-5.000059604644775391e-01
-1.430039286613464355e+00
-1.354668021202087402e+00
2.959245145320892334e-01
3.048748970031738281e-01
-2.131281852722167969e+00
-1.708338737487792969e+00
2.811709880828857422e+00
-2.004948616027832031e+00
-1.313146352767944336e+00
1.045019388198852539e+00
1.423096179962158203e+00
7.056829333305358887e-01
-1.445090293884277344e+00
4.841392993927001953e+00
-3.024938106536865234e-01
-3.741887807846069336e-01
-1.916048824787139893e-01
-1.390908956527709961e+00
-6.015359163284301758e-01
-4.475789964199066162e-01
-1.788307547569274902e+00
-3.720356523990631104e-01
3.759014010429382324e-01
-2.110617160797119141e+00
7.641976475715637207e-01
2.889739036560058594e+00
2.663276910781860352e+00
4.930433034896850586e-01
1.411590576171875000e+00
5.139911174774169922e+00
1.386300325393676758e+00
1.869739413261413574e+00
2.785982847213745117e+00
-3.717959821224212646e-01
-6.798772215843200684e-01
-1.537999987602233887e+00
-1.576384544372558594e+00
-1.862304806709289551e+00
-1.101048350334167480e+00
-1.690303683280944824e+00
-3.650092124938964844e+00
-1.077365756034851074e+00
-1.845862269401550293e+00
-1.539037108421325684e+00
-7.346848249435424805e-01
-1.978087782859802246e+00
-1.492856502532958984e+00
-7.101936340332031250e-01
-5.182142257690429688e-01
-1.714613556861877441e+00
-1.856093525886535645e+00
-1.604216933250427246e+00
-1.233047366142272949e+00
-1.291413068771362305e+00
1.443794369697570801e+00
8.783004879951477051e-01
-4.807730913162231445e-01
1.655511379241943359e+00
9.206104278564453125e+00
7.023126602172851562e+00
1.176595592498779297e+01
6.294429302215576172e+00
1.887875080108642578e+00
1.136443805694580078e+01
1.151697731018066406e+01
5.329587936401367188e+00
9.190552711486816406e+00
-2.672789096832275391e+00
6.311801075935363770e-01
-1.462793231010437012e+00
-2.802325189113616943e-01
4.734592139720916748e-01
4.349362850189208984e+00
4.574200153350830078e+00
1.855674028396606445e+00
-3.772919178009033203e+00
-1.661026179790496826e-01
2.669419765472412109e+00
-1.694915533065795898e+00
-2.493786334991455078e+00
-2.031228393316268921e-01
2.554585695266723633e+00
1.653305768966674805e+00
-1.370959162712097168e+00
-3.188786745071411133e+00
-6.362605094909667969e-01
-1.077646493911743164e+00
-9.632216393947601318e-02
3.419273853302001953e+00
-1.855693936347961426e+00
1.572091102600097656e+00
4.918260574340820312e-01
-1.049934983253479004e+00
-9.032527208328247070e-01
-3.066947460174560547e-01
-1.964862465858459473e+00
4.660788178443908691e-01
-6.026168465614318848e-01
-2.634571075439453125e+00
-3.471849441528320312e+00
-2.111786127090454102e+00
-1.474009394645690918e+00
6.125746726989746094e+00
-1.170412182807922363e+00
1.499218702316284180e+00
-4.291271418333053589e-02
3.276800811290740967e-01
1.079355120658874512e+00
-3.052747011184692383e+00
2.424022197723388672e+00
1.112897396087646484e-01
-2.255412340164184570e+00
-1.741317033767700195e+00
-3.221691846847534180e+00
2.354497432708740234e+00
-6.422279030084609985e-02
1.492297649383544922e+00
-9.053864479064941406e-01
2.452163457870483398e+00
1.173147082328796387e+00
1.543828547000885010e-01
-1.310867428779602051e+00
-2.870784759521484375e+00
-1.303972363471984863e+00
2.626358345150947571e-02
8.776620030403137207e-01
3.732962608337402344e+00
-2.061907529830932617e+00
-1.639780849218368530e-01
2.189006567001342773e+00
1.349655270576477051e+00
2.271274566650390625e+00
1.548401355743408203e+00
-2.224281877279281616e-01
-1.078477025032043457e+00
-4.997864365577697754e-01
-6.703464388847351074e-01
8.217733502388000488e-01
5.350388288497924805e-01
-8.404980301856994629e-01
1.983604192733764648e+00
4.084601402282714844e+00
2.937026023864746094e+00
3.199999332427978516e-01
2.212205171585083008e+00
-1.834570169448852539e+00
3.370915353298187256e-01
1.047377228736877441e+00
-4.408912733197212219e-03
-3.112484812736511230e-01
-1.031713128089904785e+00
-1.047638535499572754e+00
2.526592016220092773e-01
5.225232124328613281e+00
-7.838057875633239746e-01
-7.852046489715576172e-01
-2.394146919250488281e-01
-4.178148210048675537e-01
3.671268522739410400e-01
1.006393551826477051e+00
1.173457264900207520e+00
-6.314825415611267090e-01
-4.345497131347656250e+00
-9.556213617324829102e-01
-4.247844696044921875e+00
4.109332561492919922e-01
-2.704204916954040527e-01
-1.338229179382324219e-01
2.675845146179199219e+00
-1.701500296592712402e+00
1.550804495811462402e+00
5.096071213483810425e-02
6.466314792633056641e-01
-1.849425077438354492e+00
-2.751467004418373108e-02
-4.933292567729949951e-01
-1.212522268295288086e+00
2.881728410720825195e+00
-3.463132858276367188e+00
2.070326805114746094e+00
-1.220543384552001953e+00
-1.984320878982543945e-01
3.258000314235687256e-01
1.622063755989074707e+00
3.340526342391967773e+00
-9.905138611793518066e-01
-3.030368313193321228e-02
2.173682928085327148e+00
-2.401252269744873047e+00
-2.115483283996582031e+00
-2.049074649810791016e+00
-4.264515399932861328e+00
2.183899879455566406e+00
9.824337959289550781e-01
1.970332860946655273e+00
-3.989442586898803711e-01
1.579513072967529297e+00
-2.190645694732666016e+00
-4.148909747600555420e-01
-1.334153175354003906e+00
-1.106811046600341797e+00
-2.820247888565063477e+00
-1.397777080535888672e+00
-1.426955938339233398e+00
-6.371887922286987305e-01
1.296904563903808594e+00
-4.192480742931365967e-01
-1.741228997707366943e-01
8.256131410598754883e-01
1.395632505416870117e+00
-1.293637037277221680e+00
4.901780784130096436e-01
-8.165396749973297119e-02
-6.450066566467285156e-01
1.301334500312805176e+00
1.876625537872314453e+00
-2.395792007446289062e+00
-2.138877391815185547e+00
-5.743119716644287109e-01
-2.191124200820922852e+00
-4.355680465698242188e+00
1.687615633010864258e+00
3.364925980567932129e-01
2.230874300003051758e+00
-2.703512907028198242e+00
-1.421891570091247559e+00
2.534008264541625977e+00
4.979965090751647949e-01
1.799376010894775391e-01
-1.589294195175170898e+00
-1.135183215141296387e+00
2.854420185089111328e+00
1.127292752265930176e+00
-3.125808477401733398e+00
-1.326746821403503418e+00
-2.490964531898498535e-01
2.969246804714202881e-01
-1.070992588996887207e+00
-5.145117044448852539e-01
1.953389883041381836e+00
1.789124459028244019e-01
-3.376991450786590576e-01
-2.626502275466918945e+00
-1.207548618316650391e+00
-5.399137139320373535e-01
2.811352968215942383e+00
-2.154083251953125000e+00
-1.838872075080871582e+00
4.692753404378890991e-02
-1.132851958274841309e+00
2.051958560943603516e+00
-3.107781887054443359e+00
-4.167480766773223877e-01
-7.752959728240966797e-01
-9.571733325719833374e-02
-4.684324264526367188e-01
2.757062435150146484e+00
-1.410484790802001953e+00
1.494461059570312500e+00
-1.057045459747314453e+00
-1.242186203598976135e-01
-1.495715230703353882e-02
-3.170353919267654419e-02
-2.515233516693115234e+00
-1.279038071632385254e+00
2.502390623092651367e+00
1.595190763473510742e+00
9.103528857231140137e-01
-1.705422639846801758e+00
1.587084412574768066e+00
-3.458920717239379883e+00
-9.903823733329772949e-01
-1.763779282569885254e+00
-6.185941696166992188e-01
2.906197011470794678e-01
1.483800649642944336e+00
-3.249314546585083008e+00
3.712440431118011475e-01
-5.344337224960327148e-01
-1.278019905090332031e+00
2.417298793792724609e+00
-3.872868537902832031e+00
-2.258253693580627441e-01
-1.710754632949829102e+00
1.722783327102661133e+00
-1.466935515403747559e+00
-8.799054622650146484e-01
1.809084266424179077e-01
-4.318437576293945312e-01
1.947953462600708008e+00
-1.932544112205505371e+00
-1.424463510513305664e+00
6.450418829917907715e-01
-3.766612291336059570e+00
5.876535773277282715e-01
1.422092795372009277e+00
5.211626887321472168e-01
2.444500684738159180e+00
-2.095544099807739258e+00
-2.033011913299560547e-01
-1.005049109458923340e+00
7.874768972396850586e-01
-3.804584443569183350e-01
-2.758479356765747070e+00
-8.130158185958862305e-01
7.001673430204391479e-02
6.084832549095153809e-01
3.613834857940673828e+00
4.147584915161132812e+00
-5.425054430961608887e-01
-3.382523059844970703e-01
-1.332796216011047363e+00
1.704090833663940430e+00
-1.721127331256866455e-01
-4.415193557739257812e+00
-7.450359463691711426e-01
-1.651488542556762695e+00
-2.400393009185791016e+00
6.891732811927795410e-01
2.746652841567993164e+00
-4.815388843417167664e-02
-7.737622261047363281e-01
-1.620264530181884766e+00
5.535589158535003662e-02
-9.793593287467956543e-01
1.414096951484680176e+00
2.871792793273925781e+00
4.347948729991912842e-01
-1.421953916549682617e+00
-1.294322848320007324e+00
-2.530229091644287109e+00
4.500342905521392822e-01
-2.157458782196044922e+00
2.946850061416625977e+00
-5.884245634078979492e-01
-1.405422449111938477e+00
2.135623216629028320e+00
-1.183098435401916504e+00
2.548069953918457031e-01
2.339587211608886719e-01
-1.551892518997192383e+00
1.216967225074768066e+00
9.883065819740295410e-01
2.798951148986816406e+00
3.650195896625518799e-01
2.614638805389404297e+00
5.622549653053283691e-01
-5.845022797584533691e-01
-1.848971486091613770e+00
-4.867194294929504395e-01
1.084094345569610596e-01
-1.339801788330078125e+00
-1.487199306488037109e+00
2.264010667800903320e+00
-1.645617187023162842e-01
1.606060147285461426e+00
-2.806718349456787109e+00
-5.379280447959899902e-01
-3.035789489746093750e+00
-3.294602394104003906e+00
3.889318466186523438e+00
1.568189620971679688e+00
3.401167154312133789e+00
1.924140930175781250e+00
1.946141719818115234e-01
2.593452692031860352e+00
-9.535799026489257812e-01
-2.881442785263061523e+00
6.003000140190124512e-01
2.319765806198120117e+00
2.669580221176147461e+00
-1.766829609870910645e+00
-1.736140251159667969e-01
4.141730666160583496e-01
-1.357928395271301270e+00
4.062582552433013916e-02
-2.575212717056274414e-01
-3.496974945068359375e+00
-1.416157782077789307e-01
1.403929114341735840e+00
-5.738419294357299805e-01
-1.884914636611938477e+00
-2.973816394805908203e-01
-1.641906499862670898e-01
6.959924697875976562e-01
2.614188194274902344e-01
-5.829275846481323242e-01
2.219985246658325195e+00
1.614408493041992188e+00
-1.794209957122802734e+00
1.592212021350860596e-01
1.815066486597061157e-01
2.312460422515869141e+00
7.975903153419494629e-01
7.690190672874450684e-01
-8.700764775276184082e-01
1.430210471153259277e+00
3.071307182312011719e+00
-2.343123435974121094e+00
2.035928487777709961e+00
5.697952508926391602e-01
-7.122175097465515137e-01
2.071855068206787109e+00
5.900992825627326965e-02
5.391885042190551758e-01
9.021164774894714355e-01
3.431604385375976562e+00
-3.113015651702880859e+00
-2.079612016677856445e+00
2.610041141510009766e+00
-8.742457032203674316e-01
1.296350121498107910e+00
-2.189017057418823242e+00
2.685973882675170898e+00
1.840702295303344727e+00
-7.141410112380981445e-01
8.986511230468750000e-01
-1.257694363594055176e+00
1.211166739463806152e+00
2.613569200038909912e-01
-1.384130835533142090e+00
-8.621554970741271973e-01
1.172464370727539062e+00
-4.679131507873535156e-01
-6.625065803527832031e-01
2.161102771759033203e+00
-1.796231418848037720e-01
3.719671964645385742e+00
-3.891424238681793213e-01
4.749801754951477051e-01
9.301892518997192383e-01
-2.763749837875366211e+00
9.305607676506042480e-01
1.670017600059509277e+00
-2.614356040954589844e+00
-1.110687732696533203e+00
1.142584800720214844e+00
-2.889303922653198242e+00
1.407184362411499023e+00
-4.987063109874725342e-01
-1.864191055297851562e+00
6.281259059906005859e-01
1.174533724784851074e+00
-6.989352107048034668e-01
8.552721142768859863e-01
-4.772818088531494141e-01
2.449431180953979492e+00
-6.664640307426452637e-01
-1.456255197525024414e+00
6.209202408790588379e-01
-1.688940286636352539e+00
4.195218563079833984e+00
2.530765295028686523e+00
3.096007823944091797e+00
1.906766533851623535e+00
-3.852568268775939941e-01
1.926832914352416992e+00
-2.134652853012084961e+00
-2.765516281127929688e+00
-6.694037467241287231e-02
2.846517086029052734e+00
5.282554149627685547e+00
1.077557206153869629e+00
3.136690378189086914e+00
3.619887590408325195e+00
3.111546516418457031e+00
1.368986248970031738e+00
-3.902127742767333984e+00
8.929040431976318359e-01
-3.805705547332763672e+00
9.410695075988769531e+00
2.005018711090087891e+00
1.735216379165649414e+00
-1.470900297164916992e+00
-6.524556279182434082e-01
1.864573478698730469e+00
1.335835099220275879e+00
2.004431486129760742e+00
-1.486655831336975098e+00
-1.943532109260559082e+00
1.497265994548797607e-01
4.812848091125488281e+00
2.135951995849609375e+00
3.334032058715820312e+00
8.293415307998657227e-01
7.504087686538696289e-02
-2.085429668426513672e+00
2.673726081848144531e+00
1.640082001686096191e+00
-2.345851182937622070e+00
-9.557214379310607910e-01
1.362757563591003418e+00
-2.805823802947998047e+00
-2.310552746057510376e-01
-2.736134529113769531e+00
-2.733953952789306641e+00
1.150059819221496582e+00
2.942888021469116211e+00
-2.379333257675170898e+00
8.600692749023437500e-01
-1.279831409454345703e+00
-1.130062341690063477e+00
7.758008003234863281e+00
2.255407810211181641e+00
1.394679397344589233e-01
1.913748741149902344e+00
1.391345739364624023e+00
2.189419269561767578e+00
9.017052054405212402e-01
-5.094143152236938477e-01
9.282696843147277832e-01
3.138299226760864258e+00
2.462002635002136230e-01
6.830292940139770508e-01
3.144468069076538086e+00
-1.309307217597961426e+00
-1.793068945407867432e-01
-2.548108339309692383e+00
-4.619754254817962646e-01
-1.157795667648315430e+00
2.648221254348754883e+00
1.812945455312728882e-01
-1.418891191482543945e+00
-2.769935369491577148e+00
-1.830189079046249390e-01
-3.002686738967895508e+00
-3.985727548599243164e+00
-5.807442665100097656e-01
-3.410601019859313965e-01
-3.423702716827392578e+00
-1.338974475860595703e+00
4.919620454311370850e-01
-1.530285716056823730e+00
3.224905580282211304e-02
-2.457329273223876953e+00
-9.710233211517333984e-01
5.575295090675354004e-01
-1.944255113601684570e+00
-2.236399501562118530e-01
-2.398041248321533203e+00
5.212724685668945312e+00
-4.316983520984649658e-01
-4.561780452728271484e+00
-3.004202604293823242e+00
4.792613983154296875e-01
3.877594470977783203e+00
-1.042902350425720215e+00
-2.327385902404785156e+00
3.971749305725097656e+00
-2.421539306640625000e+00
-1.983799219131469727e+00
4.970807135105133057e-01
-2.124520778656005859e+00
-1.907896757125854492e+00
7.805549502372741699e-01
-2.130843698978424072e-01
-1.126183748245239258e+00
5.520839095115661621e-01
-6.342892050743103027e-01
-2.763662576675415039e+00
-1.745602011680603027e+00
-1.230915188789367676e+00
-2.852331995964050293e-01
-1.409828186035156250e+00
6.905355930328369141e+00
1.963530659675598145e+00
-4.288345873355865479e-01
3.656838178634643555e+00
5.926694869995117188e-01
-2.448323011398315430e+00
-1.818246603012084961e+00
1.489980340003967285e+00
-1.522559642791748047e+00
2.290554046630859375e+00
7.783293724060058594e-01
-1.021201372146606445e+00
4.942370653152465820e-01
6.709175109863281250e+00
1.420637845993041992e+00
-1.516672611236572266e+00
-3.651687800884246826e-01
-1.582898020744323730e+00
8.073476791381835938e+00
8.938138931989669800e-02
-4.117432534694671631e-01
-1.189166754484176636e-01
1.407808423042297363e+00
8.242909908294677734e-01
-1.032963395118713379e-02
1.490218997001647949e+00
2.848286867141723633e+00
-2.175487041473388672e+00
-3.319283723831176758e+00
-1.584811925888061523e+00
-3.178125858306884766e+00
-3.381957054138183594e+00
-2.852502346038818359e+00
-1.758739948272705078e+00
2.666374921798706055e+00
-4.401156902313232422e+00
-3.863776922225952148e+00
-1.888999104499816895e+00
-1.967927098274230957e+00
-1.854569315910339355e+00
-2.612286806106567383e+00
-2.645719528198242188e+00
2.537342011928558350e-01
-2.625221729278564453e+00
-2.522599101066589355e-01
-3.955222606658935547e+00
-3.698042869567871094e+00
-3.708871603012084961e+00
-1.425439476966857910e+00
-2.056645393371582031e+00
-1.792616128921508789e+00
-3.442557573318481445e+00
-2.540333509445190430e+00
-1.462172031402587891e+00
2.456305325031280518e-01
-2.393508434295654297e+00
-1.744789600372314453e+00
-1.163572192192077637e+00
-1.468806862831115723e+00
-1.159697294235229492e+00
-2.525392293930053711e+00
-3.130709648132324219e+00
-2.440655946731567383e+00
-2.048683881759643555e+00
-3.355336427688598633e+00
-1.715862631797790527e+00
-1.488976716995239258e+00
-3.930436849594116211e+00
-3.142524719238281250e+00
-4.279411792755126953e+00
1.510199010372161865e-01
-2.273604869842529297e+00
-1.992974400520324707e+00
-2.336816310882568359e+00
-3.006890773773193359e+00
2.769816398620605469e+00
3.174142122268676758e+00
3.853470683097839355e-01
8.596025466918945312e+00
9.312182664871215820e-03
2.437288522720336914e+00
2.330541372299194336e+00
3.864202022552490234e+00
1.930941224098205566e+00
1.373912215232849121e+00
2.607477903366088867e+00
-1.644780516624450684e+00
-2.504900932312011719e+00
1.130978298187255859e+01
-2.263681173324584961e+00
-4.245054244995117188e+00
-3.902424335479736328e+00
-4.096695184707641602e-01
-4.214047789573669434e-01
-3.205713510513305664e+00
-2.677419424057006836e+00
-1.298668265342712402e+00
-1.441725134849548340e+00
-3.587432622909545898e+00
-2.737417459487915039e+00
-2.121525764465332031e+00
-3.555800676345825195e+00
-1.808952808380126953e+00
-2.079332590103149414e+00
9.184287190437316895e-01
