2.580421924591064453e+00
-7.802008986473083496e-01
8.047907352447509766e-01
2.944227695465087891e+00
9.715075492858886719e+00
4.369031429290771484e+00
6.855609893798828125e+00
4.519753456115722656e-01
-1.591802835464477539e+00
-1.600677490234375000e+00
-3.627849578857421875e+00
-2.051717758178710938e+00
-3.358232378959655762e-01
-5.551552772521972656e-01
-1.639378547668457031e+00
-7.152188420295715332e-01
-1.813059568405151367e+00
-6.471351385116577148e-01
-1.788193821907043457e+00
-8.546206951141357422e-01
-2.050021409988403320e+00
-1.574222087860107422e+00
-4.852777004241943359e+00
-3.015275955200195312e+00
-5.141428470611572266e+00
1.331497311592102051e+00
2.661066770553588867e+00
9.182994365692138672e-01
3.858643054962158203e+00
2.591644763946533203e+00
-1.771689355373382568e-01
-1.846215605735778809e+00
-7.696764916181564331e-02
1.929855704307556152e+00
2.242907762527465820e+00
-1.347639083862304688e+00
1.810643792152404785e+00
1.409320354461669922e+00
3.771631479263305664e+00
1.389933347702026367e+00
6.208038330078125000e-01
3.346505403518676758e+00
1.732780218124389648e+00
1.532301545143127441e+00
4.084625244140625000e+00
1.027976155281066895e+00
-3.155071139335632324e-01
9.157517552375793457e-02
1.257199406623840332e+00
3.637679517269134521e-01
1.611130595207214355e+00
3.204544305801391602e+00
7.304217338562011719e+00
7.792719841003417969e+00
4.725798606872558594e+00
2.697377681732177734e+00
3.385190010070800781e+00
1.762561321258544922e+00
5.699601173400878906e+00
3.220966100692749023e+00
6.303745269775390625e+00
4.859827041625976562e+00
4.684655189514160156e+00
5.843005657196044922e+00
3.467788696289062500e+00
7.915833473205566406e+00
2.976255416870117188e+00
4.925969123840332031e+00
2.715199232101440430e+00
2.016871929168701172e+00
-3.693416595458984375e+00
1.973838090896606445e+00
-5.062833309173583984e+00
-3.703698873519897461e+00
-4.638446807861328125e+00
-1.767029047012329102e+00
5.928061604499816895e-01
-2.184644222259521484e+00
6.984167098999023438e-01
3.217529296875000000e+00
-4.789874553680419922e+00
-2.174119710922241211e+00
-1.186020135879516602e+00
-3.903631687164306641e+00
-2.552726566791534424e-01
3.029852807521820068e-01
-4.315498173236846924e-01
1.218761682510375977e+00
-8.364657163619995117e-01
4.667151570320129395e-01
-1.258154034614562988e+00
-1.532438158988952637e+00
-1.264242649078369141e+00
-1.999860048294067383e+00
6.571075916290283203e-01
-3.459013223648071289e+00
-1.343027710914611816e+00
5.751392841339111328e-01
-3.847293853759765625e-01
2.320993661880493164e+00
2.246360778808593750e-01
-3.661013543605804443e-01
2.443795919418334961e+00
4.241174697875976562e+00
5.236832618713378906e+00
5.171008110046386719e-01
3.344763815402984619e-01
6.097870469093322754e-01
-6.927446126937866211e-01
-3.480751514434814453e-01
3.346502542495727539e+00
2.992545843124389648e+00
2.833018064498901367e+00
4.014305114746093750e+00
6.998493671417236328e+00
-1.146065473556518555e+00
7.500898838043212891e-01
-2.260047435760498047e+00
8.848010301589965820e-01
5.302387475967407227e-01
7.065690122544765472e-03
-1.547920823097229004e+00
1.474870085716247559e+00
4.809377193450927734e-01
3.575131416320800781e+00
4.221825003623962402e-01
1.486329734325408936e-01
-3.233884096145629883e+00
-2.738998651504516602e+00
2.683407068252563477e+00
5.481139659881591797e+00
1.317775607109069824e+00
-1.854264438152313232e-01
-1.744079351425170898e+00
8.870508074760437012e-01
-1.412482023239135742e+00
-1.741571307182312012e+00
9.320648759603500366e-02
-2.992245912551879883e+00
-1.950986504554748535e+00
-6.456648707389831543e-01
-2.527832746505737305e+00
4.278023838996887207e-01
-2.264984130859375000e+00
5.581932067871093750e-01
7.014597952365875244e-02
-1.090680509805679321e-01
-6.266334652900695801e-01
-2.357335388660430908e-01
3.102314710617065430e+00
5.629176616668701172e+00
3.211011886596679688e+00
-4.936001300811767578e+00
-3.210605621337890625e+00
-2.819972515106201172e+00
-1.527873992919921875e+00
-1.859084486961364746e+00
-2.342461109161376953e+00
1.629059910774230957e+00
3.687176227569580078e+00
-8.077580332756042480e-01
1.382634997367858887e+00
1.259731799364089966e-01
2.733887910842895508e+00
-1.196122884750366211e+00
-1.641082763671875000e-01
-4.592943191528320312e-01
-2.275196075439453125e+00
4.909242630004882812e+00
-8.017452955245971680e-01
-9.458574056625366211e-01
6.565938949584960938e+00
3.732245683670043945e+00
3.183423757553100586e+00
-1.254815101623535156e+00
-2.050881862640380859e+00
4.417035281658172607e-01
-1.981433868408203125e+00
6.343035221099853516e+00
2.336741685867309570e+00
3.498279809951782227e+00
6.437329649925231934e-01
-4.564280509948730469e-01
-1.564496755599975586e+00
2.259866952896118164e+00
-3.271682560443878174e-02
-9.058656692504882812e-01
-1.856683611869812012e+00
-1.915387511253356934e+00
-8.179563879966735840e-01
-2.719558000564575195e+00
-6.021754741668701172e-01
-6.984634995460510254e-01
6.435827165842056274e-02
-2.139131307601928711e+00
1.991698980331420898e+00
-8.365876078605651855e-01
-1.499307870864868164e+00
-1.356492996215820312e+00
-5.706933736801147461e-01
-3.693254470825195312e+00
-1.192796349525451660e+00
9.972300529479980469e-01
-7.407732009887695312e-01
-2.563665628433227539e+00
-1.751382708549499512e+00
6.635711789131164551e-01
1.057865381240844727e+00
2.071100473403930664e+00
4.652470588684082031e+00
9.484016299247741699e-01
5.068862438201904297e+00
-2.084707021713256836e+00
1.135745286941528320e+00
-2.635273218154907227e+00
-1.561018109321594238e+00
-2.915448188781738281e+00
-1.590804696083068848e+00
-5.359724760055541992e-01
-9.168273210525512695e-01
-1.039757847785949707e+00
-1.447539567947387695e+00
-2.489280462265014648e+00
-1.153216838836669922e+00
-1.121101498603820801e+00
3.174412965774536133e+00
-2.214401245117187500e+00
1.801314949989318848e+00
-2.814996242523193359e+00
-1.489992976188659668e+00
-1.314692258834838867e+00
-2.753759860992431641e+00
-2.879453420639038086e+00
-3.545089483261108398e+00
1.081137895584106445e+00
1.901119202375411987e-01
3.012184381484985352e+00
3.306098937988281250e+00
3.812281787395477295e-01
-1.924591779708862305e+00
-6.352929472923278809e-01
-1.004312276840209961e+00
2.044129371643066406e+00
2.146977186203002930e+00
-3.132427930831909180e+00
1.294864773750305176e+00
3.523123264312744141e+00
-1.622372508049011230e+00
-2.440037250518798828e+00
-1.456557154655456543e+00
-8.826971054077148438e-01
-4.363240599632263184e-01
-5.121196746826171875e+00
3.136141300201416016e+00
-1.051962614059448242e+00
-3.694701671600341797e+00
-1.122576713562011719e+00
-8.028041720390319824e-01
-2.060161352157592773e+00
-2.940376758575439453e+00
-3.340671539306640625e+00
-3.261234760284423828e+00
-1.503300517797470093e-01
1.147589206695556641e+00
-1.108438968658447266e+00
-2.434773743152618408e-01
-6.022833585739135742e-01
-9.924873709678649902e-01
6.313772201538085938e+00
-4.365612983703613281e+00
-3.387809038162231445e+00
-1.744946718215942383e+00
-3.037085533142089844e+00
1.607955574989318848e+00
-1.782023191452026367e+00
-4.769102573394775391e+00
-1.067387223243713379e+00
-9.141047000885009766e-01
-2.172237157821655273e+00
-3.506020307540893555e+00
-2.135974645614624023e+00
-9.541323781013488770e-01
-8.857466578483581543e-01
-4.404509544372558594e+00
2.660894870758056641e+00
2.585328578948974609e+00
-4.687775671482086182e-01
-1.441473841667175293e+00
-2.285689592361450195e+00
-5.357865810394287109e+00
-3.749230384826660156e+00
-2.580692768096923828e+00
-2.942486524581909180e+00
-2.502788305282592773e+00
-3.847800016403198242e+00
-3.665948152542114258e+00
-2.720994949340820312e+00
-4.473070144653320312e+00
2.078171253204345703e+00
-2.051181793212890625e-01
-3.272322177886962891e+00
-3.913628339767456055e+00
-1.648443937301635742e+00
-1.179799556732177734e+00
-3.666913509368896484e+00
-9.618526697158813477e-02
4.270302295684814453e+00
-9.553079605102539062e-01
-4.116190433502197266e+00
-4.387596130371093750e+00
1.401073038578033447e-01
-2.314468145370483398e+00
-1.654441952705383301e+00
9.792175889015197754e-01
1.806411027908325195e+00
-8.952678442001342773e-01
-4.273656845092773438e+00
-4.383449554443359375e+00
-3.857076168060302734e+00
-3.182467222213745117e+00
-2.694660902023315430e+00
-4.686969280242919922e+00
-4.334840297698974609e+00
-4.572164535522460938e+00
-6.140039920806884766e+00
-3.823114395141601562e+00
-5.126381874084472656e+00
5.024973869323730469e+00
7.497994303703308105e-01
4.688199520111083984e+00
1.676357865333557129e+00
1.352300047874450684e+00
-9.865141510963439941e-01
1.283760517835617065e-01
-4.281615614891052246e-01
-2.934426069259643555e+00
-2.711321830749511719e+00
2.301952600479125977e+00
2.118994712829589844e+00
5.970395803451538086e-01
-3.107308864593505859e+00
4.167502880096435547e+00
3.602153062820434570e-01
-1.325884342193603516e+00
1.131725907325744629e+00
2.817139625549316406e+00
2.578230142593383789e+00
-4.475334644317626953e+00
2.333601862192153931e-01
-2.413268983364105225e-01
1.044875681400299072e-01
1.386407017707824707e+00
3.372464478015899658e-01
1.787427186965942383e+00
-4.816582500934600830e-01
-5.596531629562377930e-01
3.670896530151367188e+00
2.702381849288940430e+00
2.045564651489257812e+00
2.143219232559204102e+00
2.638636589050292969e+00
-1.724693775177001953e-01
-3.636609315872192383e-01
5.111894130706787109e+00
-9.648592472076416016e-01
-1.578708887100219727e+00
-3.394458532333374023e+00
-2.166929721832275391e+00
-9.153714179992675781e-01
-3.871850490570068359e+00
-2.980252742767333984e+00
-2.774053573608398438e+00
-1.876883745193481445e+00
-2.563476562500000000e-01
-1.548390746116638184e+00
-4.505100727081298828e+00
-4.179786145687103271e-01
-9.778107404708862305e-01
-7.467217445373535156e-01
-1.454956531524658203e+00
-4.641659855842590332e-01
-3.799334466457366943e-01
5.855332612991333008e-01
5.157846212387084961e-02
-1.334880709648132324e+00
1.157764554023742676e+00
-4.089094996452331543e-01
-1.239737629890441895e+00
-4.339383125305175781e+00
2.740552902221679688e+00
8.756134033203125000e+00
3.607474803924560547e+00
-3.607817173004150391e+00
-1.080474495887756348e+00
5.239088058471679688e+00
6.549449443817138672e+00
-1.055634975433349609e+00
-8.268308639526367188e-01
3.100481927394866943e-01
-3.153574466705322266e+00
-5.997132778167724609e+00
1.081215739250183105e-01
8.686332106590270996e-01
-3.283578872680664062e+00
-3.760203599929809570e+00
-3.314434051513671875e+00
-2.582040786743164062e+00
-3.017185688018798828e+00
-4.789493083953857422e+00
-1.018210172653198242e+00
-2.473270893096923828e+00
1.209789991378784180e+00
-1.124043226242065430e+00
3.626117408275604248e-01
-2.120915889739990234e+00
-3.868982940912246704e-02
5.229278564453125000e+00
-2.530755281448364258e+00
-6.046487689018249512e-01
3.476032257080078125e+00
3.181204319000244141e+00
1.052629232406616211e+00
5.945582866668701172e+00
2.997900843620300293e-01
1.281619787216186523e+00
-3.875449419021606445e+00
-6.350684762001037598e-01
1.397208094596862793e+00
2.364915132522583008e+00
-6.168730184435844421e-02
1.788070082664489746e+00
-1.254591822624206543e+00
6.312844157218933105e-02
4.836258411407470703e+00
1.136230826377868652e+00
3.038018941879272461e+00
-1.652414798736572266e+00
-2.701641082763671875e+00
1.849526047706604004e+00
-3.751929998397827148e+00
2.233103513717651367e+00
-1.013363957405090332e+00
-3.004127264022827148e+00
-1.377105712890625000e-03
8.344032168388366699e-01
3.106593132019042969e+00
1.122087463736534119e-01
-9.102799892425537109e-01
-1.557541251182556152e+00
-2.391714334487915039e+00
-2.081187725067138672e+00
-4.300972819328308105e-01
-2.575225591659545898e+00
-6.227694749832153320e-01
-1.590671777725219727e+00
2.741827964782714844e-01
3.245870828628540039e+00
1.291446685791015625e+00
-2.102909088134765625e-01
1.335556626319885254e+00
4.780981242656707764e-01
6.056632399559020996e-01
2.083833694458007812e+00
3.170675992965698242e+00
2.641709327697753906e+00
-2.465650558471679688e+00
-2.441445350646972656e+00
5.105496883392333984e+00
-2.053987264633178711e+00
1.080432653427124023e+00
1.000629961490631104e-01
-9.280111193656921387e-01
7.696938514709472656e-01
6.291370868682861328e+00
9.213379621505737305e-01
-2.811485767364501953e+00
6.016691923141479492e-01
2.943868160247802734e+00
-1.510155558586120605e+00
-2.120268344879150391e+00
-9.102152585983276367e-01
-1.915994644165039062e+00
-6.178520321846008301e-01
-4.784993171691894531e+00
-1.147342801094055176e+00
-9.605743288993835449e-01
-1.093034863471984863e+00
1.457688808441162109e+00
4.146328926086425781e+00
-1.220184326171875000e+00
4.365943670272827148e-01
2.585557699203491211e+00
3.736013770103454590e-01
-7.685633301734924316e-01
1.087816357612609863e-01
-2.204271316528320312e+00
-9.458909928798675537e-02
-4.355850696563720703e+00
-2.223634004592895508e+00
6.039845943450927734e+00
-1.026367545127868652e+00
-2.777982234954833984e+00
5.560855388641357422e+00
9.697619676589965820e-01
2.809748053550720215e-01
-2.348490506410598755e-01
-2.500285506248474121e-01
1.444323658943176270e+00
1.724308371543884277e+00
-1.337922692298889160e+00
-1.097579240798950195e+00
-2.138689279556274414e+00
4.927613258361816406e+00
1.102268815040588379e+00
5.410473346710205078e+00
3.166297912597656250e+00
-1.994491927325725555e-02
-1.454135179519653320e+00
1.504250407218933105e+00
1.049200534820556641e+00
-1.190477252006530762e+00
5.691065192222595215e-01
1.767416834831237793e+00
3.828742504119873047e+00
-1.340968132019042969e+00
-3.149746417999267578e+00
-6.449915170669555664e-01
-2.386415243148803711e+00
6.559795737266540527e-01
3.479035139083862305e+00
-9.135216474533081055e-02
2.069617807865142822e-01
-1.150702238082885742e+00
-1.661563873291015625e+00
2.138155698776245117e+00
-7.885954380035400391e-01
1.073340415954589844e+00
-5.008260250091552734e+00
-3.146576404571533203e+00
4.818450450897216797e+00
-2.761828184127807617e+00
2.913630723953247070e+00
2.764521598815917969e+00
5.910550594329833984e+00
1.733726143836975098e+00
1.233637332916259766e-01
3.649274349212646484e+00
-4.717309951782226562e+00
-2.109874248504638672e+00
-1.393004655838012695e+00
-1.346088528633117676e+00
-3.152750968933105469e+00
-4.914426058530807495e-02
1.318514466285705566e+00
-2.928657293319702148e+00
-2.028039455413818359e+00
-6.374946832656860352e-01
-2.091848373413085938e+00
-8.071764111518859863e-01
-1.996391266584396362e-01
-6.578794121742248535e-01
-2.384731292724609375e+00
2.434690475463867188e+00
-1.730677008628845215e+00
-2.630248069763183594e+00
-3.266520738601684570e+00
6.529528498649597168e-01
3.944911003112792969e+00
-1.359242558479309082e+00
-3.414989233016967773e+00
1.446808338165283203e+00
8.086854815483093262e-01
2.911543369293212891e+00
-1.592403292655944824e+00
1.545416831970214844e+00
-2.887414768338203430e-03
-2.168580740690231323e-01
2.859355211257934570e+00
-1.814464569091796875e+00
-2.084651708602905273e+00
-8.738300800323486328e-01
-2.613292694091796875e+00
1.163865447044372559e+00
2.618075609207153320e-01
2.960525453090667725e-01
2.499626398086547852e+00
-3.685268402099609375e+00
8.332105636596679688e+00
-1.064346194267272949e+00
2.640787124633789062e+00
-7.905496358871459961e-01
-1.898672223091125488e+00
-2.007725000381469727e+00
8.156452178955078125e-01
-1.197542905807495117e+00
-2.878916263580322266e+00
5.991604804992675781e+00
1.382969737052917480e+00
-1.565198898315429688e+00
-2.410418987274169922e+00
6.279267787933349609e+00
-1.710577011108398438e+00
3.937332630157470703e+00
-3.677218675613403320e+00
-1.347239971160888672e+00
-8.230649828910827637e-01
4.735269069671630859e+00
-1.315292477607727051e+00
2.508263349533081055e+00
-2.873286485671997070e+00
-1.196960657835006714e-01
4.683465957641601562e+00
1.572391748428344727e+00
9.674893617630004883e-01
-5.589988231658935547e+00
2.531671762466430664e+00
2.471232414245605469e+00
-8.841973543167114258e-01
4.794027805328369141e+00
-9.729127883911132812e-01
1.219743847846984863e+00
2.408475399017333984e+00
-7.273619771003723145e-01
3.734173536300659180e+00
-2.117455005645751953e+00
-3.319558620452880859e+00
-4.726974070072174072e-01
-2.334030866622924805e+00
-1.574299335479736328e+00
-1.494508266448974609e+00
4.984589099884033203e+00
2.942418813705444336e+00
-1.663633227348327637e+00
2.098766088485717773e+00
-1.161980152130126953e+00
5.603811740875244141e-01
7.653101086616516113e-01
-1.252715468406677246e+00
4.478146553039550781e+00
3.799481391906738281e+00
2.022761553525924683e-01
3.122060060501098633e+00
1.746952414512634277e+00
-6.558136343955993652e-01
1.581074714660644531e+00
-3.378482580184936523e+00
1.673226833343505859e+00
2.171288013458251953e+00
4.292863309383392334e-01
-3.077275037765502930e+00
1.747248768806457520e+00
-1.740068197250366211e-01
-1.260920047760009766e+00
-7.856408357620239258e-01
-2.545852184295654297e+00
4.372972011566162109e+00
-9.337710142135620117e-01
-2.919745922088623047e+00
-2.320845127105712891e+00
1.696982145309448242e+00
-9.646177291870117188e-01
-3.246375083923339844e+00
2.158810496330261230e-01
-3.343101501464843750e+00
-1.631193757057189941e+00
-1.301729679107666016e+00
3.647232055664062500e+00
-4.151875495910644531e+00
-2.910562515258789062e+00
-1.029848694801330566e+00
-6.424045562744140625e-01
-5.990963429212570190e-02
-2.266973733901977539e+00
2.620716094970703125e+00
6.148485183715820312e+00
-1.386991262435913086e+00
1.361337423324584961e+00
6.059441089630126953e+00
9.951425194740295410e-01
1.732323914766311646e-01
1.049072623252868652e+00
4.338298439979553223e-01
-2.977221250534057617e+00
-6.322797536849975586e-01
2.602383136749267578e+00
-6.593921780586242676e-01
2.965003848075866699e-01
-2.485055923461914062e+00
-7.615513801574707031e-01
-4.032013893127441406e+00
-1.655165076255798340e+00
1.714476823806762695e+00
-1.683801263570785522e-01
2.381605863571166992e+00
-2.576591253280639648e+00
1.081686258316040039e+00
5.367155075073242188e+00
-2.952598929405212402e-01
-3.703131914138793945e+00
-2.795082807540893555e+00
1.317437529563903809e+00
-1.138317584991455078e+00
3.624501228332519531e+00
1.232867836952209473e-01
-7.242181301116943359e-01
-2.752099514007568359e+00
4.250113964080810547e-01
2.045045644044876099e-01
-1.490412592887878418e+00
-7.274099588394165039e-01
3.159558773040771484e+00
-9.582713246345520020e-01
1.254525542259216309e+00
-2.076482534408569336e+00
9.712679386138916016e-01
-4.032579898834228516e+00
-1.036591172218322754e+00
-2.940516471862792969e+00
-5.313378572463989258e-01
2.474765062332153320e+00
6.528623104095458984e-01
-1.454073488712310791e-01
2.367394685745239258e+00
-2.344816684722900391e+00
-3.300207614898681641e+00
2.220969915390014648e+00
6.280708312988281250e+00
-6.848394870758056641e-01
1.461823225021362305e+00
-8.732442259788513184e-01
8.761485815048217773e-01
4.119164466857910156e+00
-3.797594070434570312e+00
3.393214941024780273e+00
-4.700509548187255859e+00
-3.699172019958496094e+00
1.788453340530395508e+00
2.104625225067138672e+00
1.682331442832946777e+00
2.851114273071289062e+00
5.015504360198974609e+00
2.393738746643066406e+00
-2.032599687576293945e+00
5.221568346023559570e-01
-2.402250766754150391e+00
-2.410708904266357422e+00
-5.715597867965698242e-01
3.424948692321777344e+00
2.940340936183929443e-01
2.627652406692504883e+00
-1.688185691833496094e+00
-2.037500858306884766e+00
3.631769657135009766e+00
3.261010944843292236e-01
-9.459761381149291992e-01
-3.842012882232666016e+00
2.868920803070068359e+00
-9.254730939865112305e-01
3.297228097915649414e+00
-1.459730386734008789e+00
3.482166826725006104e-01
1.642544031143188477e+00
-7.536993026733398438e-01
1.724298715591430664e+00
2.164053678512573242e+00
9.366323947906494141e-01
1.970567345619201660e+00
8.090566992759704590e-01
1.259800314903259277e+00
5.624309062957763672e+00
4.122735500335693359e+00
-3.153457641601562500e-01
6.709203124046325684e-01
3.750391006469726562e-01
6.229271411895751953e+00
1.004613041877746582e+00
-4.875909090042114258e-01
3.231003522872924805e+00
4.185606479644775391e+00
-3.420948743820190430e+00
-1.662078976631164551e+00
-3.047813653945922852e+00
-1.980052232742309570e+00
2.237275362014770508e+00
6.950067520141601562e+00
-9.812463521957397461e-01
1.340136229991912842e-01
2.356197685003280640e-01
3.255871772766113281e+00
8.100909739732742310e-02
1.727823019027709961e+00
8.989824056625366211e-01
3.968329906463623047e+00
4.035313129425048828e+00
-6.513735651969909668e-01
-1.347175613045692444e-02
-1.474620252847671509e-01
-4.752476513385772705e-01
7.334967851638793945e-01
1.165296077728271484e+00
-2.337192535400390625e+00
4.273803710937500000e+00
-4.863214969635009766e+00
-5.879464149475097656e+00
2.431612491607666016e+00
-1.458484381437301636e-01
4.017334938049316406e+00
-2.746371984481811523e+00
1.838739037513732910e+00
1.127562403678894043e+00
-1.204190492630004883e+00
8.837768435478210449e-01
-4.728768348693847656e+00
5.282261848449707031e+00
-3.820739746093750000e+00
-2.542229413986206055e+00
2.677539587020874023e+00
-3.843255043029785156e+00
-1.330358266830444336e+00
1.393401265144348145e+00
-5.636559486389160156e+00
-2.999340772628784180e+00
1.268065810203552246e+00
4.818661689758300781e+00
-1.654025912284851074e+00
-2.299137115478515625e+00
1.896556019783020020e+00
8.464989066123962402e-01
3.896587848663330078e+00
-2.609733819961547852e+00
2.749128103256225586e+00
1.055018529295921326e-01
-5.041152477264404297e+00
-2.439065694808959961e+00
-1.132118821144104004e+00
-4.313569068908691406e-01
1.394352078437805176e+00
1.582309007644653320e+00
5.719654083251953125e+00
-3.657463788986206055e+00
1.657703280448913574e+00
-1.056210994720458984e+00
7.010268688201904297e+00
1.084521770477294922e+00
-6.668656319379806519e-02
4.038992404937744141e+00
9.905534386634826660e-01
-3.437314748764038086e+00
-7.675157785415649414e-01
2.561826944351196289e+00
3.234963417053222656e-01
-8.262970447540283203e-01
2.249348402023315430e+00
-2.882074594497680664e+00
-1.865174889564514160e+00
2.033047676086425781e+00
-4.175769805908203125e+00
-1.439125657081604004e+00
-1.670591384172439575e-01
-1.990661174058914185e-01
1.921463608741760254e-01
8.864654302597045898e-01
-1.299000859260559082e+00
-2.783777236938476562e+00
-3.058893680572509766e+00
-1.433815956115722656e+00
-3.169536352157592773e+00
-3.770983695983886719e+00
4.154891014099121094e+00
-2.743682622909545898e+00
3.880132675170898438e+00
-1.463436961174011230e+00
-1.902413010597229004e+00
-2.960522890090942383e+00
-3.732975006103515625e+00
-3.885113447904586792e-02
4.704392433166503906e+00
-9.513950943946838379e-01
-1.749564409255981445e+00
2.726128101348876953e+00
5.014837265014648438e+00
-6.586663126945495605e-01
4.939362049102783203e+00
5.495557785034179688e-01
-1.466947555541992188e+00
-6.619099974632263184e-01
-2.558418989181518555e+00
-5.028138637542724609e+00
-3.877624034881591797e+00
7.443183064460754395e-01
2.675565004348754883e+00
1.374449849128723145e+00
-8.804514408111572266e-01
-4.680918455123901367e-01
-2.243222743272781372e-01
-3.479124546051025391e+00
2.098978281021118164e+00
-6.238645687699317932e-02
2.273922681808471680e+00
2.403188943862915039e+00
-4.946491718292236328e+00
-9.002820253372192383e-01
9.853899478912353516e-01
1.201751351356506348e+00
7.933154106140136719e-01
-1.128798604011535645e+00
-1.269625782966613770e+00
2.476428508758544922e+00
-2.596121549606323242e+00
1.744416356086730957e+00
5.768485546112060547e+00
2.270700633525848389e-01
4.833152592182159424e-01
-1.204375028610229492e+00
-4.152359008789062500e+00
-3.153511047363281250e+00
-1.340290784835815430e+00
-3.809838742017745972e-02
2.323438644409179688e+00
-2.375992298126220703e+00
-4.675127506256103516e+00
1.386436820030212402e+00
-7.664665579795837402e-01
-3.680519461631774902e-01
5.590846538543701172e-01
-1.610632777214050293e+00
-9.608458280563354492e-01
-8.720284104347229004e-01
7.956840395927429199e-01
2.230863094329833984e+00
2.411553621292114258e+00
-4.407729506492614746e-01
3.405470848083496094e+00
-2.001813888549804688e+00
9.682529568672180176e-01
-5.365353822708129883e-01
-2.040140390396118164e+00
-3.108472347259521484e+00
-2.349079847335815430e+00
1.517187595367431641e+00
-3.008126020431518555e-01
5.113656520843505859e-01
3.595741987228393555e+00
1.222524523735046387e+00
-1.590592384338378906e+00
1.772702932357788086e-01
-5.546426773071289062e+00
1.011730313301086426e+00
2.765738070011138916e-01
-1.495927572250366211e+00
-2.893429994583129883e-01
-6.243284940719604492e-01
9.022721648216247559e-01
-1.549441099166870117e+00
6.648026704788208008e-01
5.799770951271057129e-01
-1.680673956871032715e+00
2.349610567092895508e+00
-1.461974859237670898e+00
-1.330831289291381836e+00
2.690191507339477539e+00
6.420363903045654297e+00
1.172734260559082031e+00
-4.417974650859832764e-01
9.724867343902587891e-01
2.859840095043182373e-01
2.236248254776000977e+00
-2.821813821792602539e-01
-6.370579004287719727e-01
-8.485530614852905273e-01
-2.280910968780517578e+00
2.742475032806396484e+00
1.234025359153747559e+00
3.426735401153564453e-01
-3.183575153350830078e+00
1.673696875572204590e+00
-2.743501901626586914e+00
3.288028001785278320e+00
1.480023860931396484e+00
-3.506637811660766602e+00
-3.184290885925292969e+00
5.066546201705932617e-01
-3.673645257949829102e+00
1.135353684425354004e+00
-1.839984059333801270e+00
-4.958603382110595703e+00
-4.172536849975585938e+00
2.226344585418701172e+00
-3.992711380124092102e-02
-3.438896417617797852e+00
5.738081783056259155e-02
-6.299369335174560547e-01
-1.396942138671875000e+00
2.146071672439575195e+00
3.829395174980163574e-01
-1.706450700759887695e+00
7.928889989852905273e-01
4.581597328186035156e+00
-9.050531685352325439e-02
1.592927932739257812e+00
