2.991214022040367126e-02
2.205544710159301758e-02
-2.762427926063537598e-02
2.756128087639808655e-02
2.074885182082653046e-02
1.785731874406337738e-02
-3.905572742223739624e-02
-4.953009635210037231e-02
-2.177760004997253418e-02
1.428909599781036377e-03
-6.686621904373168945e-02
-1.660110056400299072e-02
-7.360295206308364868e-02
4.183285683393478394e-02
-3.105868212878704071e-02
1.117984391748905182e-02
-1.847653277218341827e-02
4.414057731628417969e-02
3.514004498720169067e-02
1.361729577183723450e-03
-2.704050391912460327e-02
-7.531024515628814697e-02
2.894997410476207733e-02
-8.111152797937393188e-03
-1.771987602114677429e-02
1.597331464290618896e-02
5.170222744345664978e-02
-4.516375064849853516e-02
-4.241068288683891296e-02
-4.869154468178749084e-02
2.806769870221614838e-02
-5.451949313282966614e-02
-9.060584008693695068e-03
-1.521633751690387726e-02
-1.646755263209342957e-04
4.761895164847373962e-03
-2.630176022648811340e-03
-3.529112040996551514e-02
8.457560837268829346e-02
-7.288700342178344727e-02
3.965348005294799805e-02
-3.289195522665977478e-02
4.994074627757072449e-02
-3.448408097028732300e-02
-1.834464259445667267e-02
-3.716582059860229492e-02
3.685090690851211548e-03
-5.394379794597625732e-02
4.175724461674690247e-03
-3.966451808810234070e-02
1.192818116396665573e-02
-2.377845346927642822e-03
3.731489926576614380e-02
-3.688439726829528809e-02
-7.982315123081207275e-02
1.448627840727567673e-02
-4.090833663940429688e-02
2.488080970942974091e-02
-4.246310517191886902e-02
-3.919234499335289001e-02
4.001944512128829956e-02
2.683201432228088379e-02
9.527144953608512878e-03
3.150112181901931763e-02
2.296912670135498047e-02
2.779408171772956848e-02
4.505762457847595215e-02
-7.530391216278076172e-03
-1.989242434501647949e-02
-1.923646777868270874e-02
-3.618033230304718018e-02
-7.160477340221405029e-02
-4.354014992713928223e-03
-6.089081987738609314e-02
-4.304740577936172485e-02
7.783293724060058594e-02
4.232649505138397217e-02
-1.155194826424121857e-03
2.797921746969223022e-02
-6.342782825231552124e-02
4.400764778256416321e-02
2.190687321126461029e-02
-8.131913840770721436e-02
7.475737482309341431e-03
1.304872427135705948e-02
4.082845896482467651e-02
4.823031276464462280e-02
1.977788656949996948e-02
-1.058667898178100586e-02
3.805157914757728577e-02
4.925613477826118469e-02
-2.327114343643188477e-02
3.272505104541778564e-02
1.073736697435379028e-03
-2.067080512642860413e-02
3.328035771846771240e-02
-8.031108975410461426e-02
6.810241378843784332e-03
2.775545231997966766e-02
4.456466436386108398e-02
-1.453546807169914246e-02
8.230354636907577515e-03
7.831004261970520020e-02
-7.067935168743133545e-02
-2.177574485540390015e-02
7.265380769968032837e-02
2.621521987020969391e-02
-9.129613637924194336e-03
-8.919246494770050049e-02
4.037675634026527405e-02
4.417841136455535889e-02
-2.867601625621318817e-02
8.569307625293731689e-02
-1.541057601571083069e-03
4.027058184146881104e-02
-1.496771350502967834e-02
2.132299356162548065e-02
-3.195592202246189117e-03
1.969435438513755798e-02
7.315902411937713623e-02
7.455600425601005554e-03
7.356363534927368164e-02
6.668081879615783691e-02
-6.165206432342529297e-03
8.670347929000854492e-02
-3.480865806341171265e-02
-3.713600337505340576e-02
-6.769943982362747192e-03
-2.490702271461486816e-02
-4.845236428081989288e-03
1.655553095042705536e-02
1.926991157233715057e-02
-2.213770151138305664e-02
-5.990152433514595032e-02
2.821303717792034149e-02
-3.771448507905006409e-02
1.234440132975578308e-02
-8.532106876373291016e-02
-3.695275634527206421e-03
-7.747881114482879639e-02
-5.026897788047790527e-02
-3.572481870651245117e-02
3.644618019461631775e-02
-1.229287125170230865e-02
4.902574419975280762e-02
2.316725254058837891e-02
-7.939780130982398987e-03
-3.988535702228546143e-02
-6.560199707746505737e-02
4.354844242334365845e-02
2.514244988560676575e-02
5.652565509080886841e-03
4.125350713729858398e-02
-1.866073161363601685e-02
6.054467335343360901e-02
-2.105921506881713867e-02
9.075419604778289795e-02
-1.301671564579010010e-01
1.531681045889854431e-03
2.833267673850059509e-02
7.345017790794372559e-02
5.121528357267379761e-02
-3.427919000387191772e-02
-4.117196425795555115e-03
-9.145079553127288818e-02
-2.438377588987350464e-03
1.010016165673732758e-02
2.795418724417686462e-02
-3.103943914175033569e-02
-7.529057562351226807e-03
8.705972135066986084e-02
3.064411506056785583e-02
3.021496534347534180e-02
7.960680872201919556e-02
2.185532450675964355e-02
-8.705699443817138672e-02
-2.195684611797332764e-02
8.742742240428924561e-02
8.931477367877960205e-02
9.006080031394958496e-02
-4.471258260309696198e-03
2.149557322263717651e-02
-7.345524430274963379e-02
-7.053589820861816406e-02
-1.488669402897357941e-02
-2.228955924510955811e-02
-5.296105146408081055e-02
1.437979191541671753e-02
4.660252481698989868e-02
9.681461378931999207e-03
-1.991671323776245117e-02
5.622957367449998856e-03
-1.657024025917053223e-02
-7.630989700555801392e-02
3.696080669760704041e-02
-6.154929287731647491e-03
1.181418746709823608e-01
5.203252658247947693e-04
3.079913184046745300e-02
3.526683524250984192e-02
-1.073990762233734131e-02
-3.759797289967536926e-02
-1.546063832938671112e-02
-3.011639416217803955e-02
-2.031564153730869293e-02
5.047838389873504639e-02
1.263965666294097900e-02
3.879157081246376038e-02
-3.150286525487899780e-02
1.300338841974735260e-02
2.593444287776947021e-02
-1.622049883008003235e-02
6.037498638033866882e-02
3.417802229523658752e-02
-9.567206725478172302e-03
-3.140344470739364624e-02
7.939288392663002014e-03
-2.070334553718566895e-02
1.165291108191013336e-02
6.603655964136123657e-02
-8.685985580086708069e-03
1.007109060883522034e-01
-6.693366914987564087e-03
1.089311949908733368e-02
-1.891400478780269623e-02
2.021677792072296143e-04
-9.457466192543506622e-03
-9.034039452672004700e-03
4.992186278104782104e-02
-7.816004753112792969e-02
-3.530124574899673462e-02
-7.007418572902679443e-02
-2.669060416519641876e-02
6.035990267992019653e-02
-8.354748785495758057e-02
1.387440413236618042e-02
7.947999984025955200e-03
-6.872940808534622192e-02
4.319973289966583252e-03
4.865650832653045654e-02
-5.645679682493209839e-02
-1.045001521706581116e-01
3.559823706746101379e-02
2.877707593142986298e-02
3.000386618077754974e-02
-6.806164979934692383e-02
-2.584242448210716248e-02
-6.983326375484466553e-02
-1.012071222066879272e-01
4.830477759242057800e-02
-4.407143220305442810e-02
-5.020117759704589844e-02
-2.895854413509368896e-02
-2.934045344591140747e-02
4.508591443300247192e-02
3.043355420231819153e-02
-4.904953017830848694e-02
2.001734450459480286e-02
-2.111074328422546387e-02
4.769936203956604004e-03
-2.366688102483749390e-02
5.214108154177665710e-02
-8.015942573547363281e-02
3.607314452528953552e-02
-3.649257123470306396e-04
-7.854205556213855743e-03
-4.676118493080139160e-02
3.105868771672248840e-02
4.231593385338783264e-02
6.443921942263841629e-03
2.379481866955757141e-02
-2.438424527645111084e-02
7.259090244770050049e-02
1.724545098841190338e-02
7.601487636566162109e-02
6.724234670400619507e-02
-1.130484417080879211e-01
-6.258605420589447021e-02
5.827743560075759888e-03
3.094623610377311707e-02
-4.193294048309326172e-02
-3.123408742249011993e-02
1.329108513891696930e-02
-7.136391848325729370e-02
-2.721096947789192200e-02
3.796277195215225220e-02
-1.590801030397415161e-02
-2.126988768577575684e-02
1.248368620872497559e-01
1.995491981506347656e-02
-7.669579237699508667e-02
-2.816265262663364410e-02
5.366335809230804443e-02
-1.275763195008039474e-02
1.934513263404369354e-02
5.663388594985008240e-02
3.947263956069946289e-02
-4.450597614049911499e-02
-5.715206265449523926e-03
-6.499013304710388184e-02
-1.207178086042404175e-02
2.373887412250041962e-02
6.285596638917922974e-03
-1.831851527094841003e-02
5.104260891675949097e-02
-8.181989192962646484e-02
5.758646503090858459e-02
-2.815462648868560791e-02
2.276631072163581848e-02
2.740403637290000916e-02
2.983822487294673920e-02
8.296852931380271912e-03
2.152178063988685608e-02
5.049150809645652771e-02
3.246969357132911682e-02
6.251639127731323242e-02
5.496605858206748962e-02
1.644231379032135010e-04
4.273872077465057373e-02
7.273481041193008423e-02
-9.885202161967754364e-03
3.571998327970504761e-02
2.136091887950897217e-02
3.131831064820289612e-02
-1.411588583141565323e-02
-7.286553736776113510e-03
-3.945236653089523315e-02
7.891838997602462769e-02
-3.422654792666435242e-02
4.317251592874526978e-02
1.247671060264110565e-02
1.610344834625720978e-02
3.547879680991172791e-02
4.922694712877273560e-02
1.255802437663078308e-02
1.936852745711803436e-02
-2.766052819788455963e-02
-7.345156744122505188e-03
-3.109958954155445099e-02
-4.239794611930847168e-02
-4.331735521554946899e-02
3.192886337637901306e-02
6.692277267575263977e-03
-5.590652301907539368e-02
4.565660655498504639e-02
-1.591933891177177429e-02
2.894210629165172577e-03
3.400635719299316406e-02
-2.496865764260292053e-02
3.991672396659851074e-02
-5.815798882395029068e-03
4.571795463562011719e-02
2.932585775852203369e-02
-1.149157062172889709e-03
-3.953288123011589050e-02
2.443080209195613861e-02
2.337952330708503723e-02
-9.787998348474502563e-02
-3.378546237945556641e-02
-6.137745454907417297e-03
9.406045079231262207e-03
-9.032145142555236816e-02
-2.890252694487571716e-02
-7.416173815727233887e-03
-1.641613431274890900e-02
-2.306183055043220520e-02
1.256191730499267578e-02
-2.619150094687938690e-02
4.617578350007534027e-03
3.606437146663665771e-02
-3.535182215273380280e-03
-1.431619841605424881e-02
3.774000331759452820e-03
3.811930865049362183e-02
-1.367349624633789062e-01
3.968138247728347778e-02
-1.678963005542755127e-02
1.859640143811702728e-02
-1.829801313579082489e-02
2.740253694355487823e-02
-1.170159224420785904e-02
-9.264147281646728516e-02
-3.066601976752281189e-02
-6.942825019359588623e-02
2.512019127607345581e-03
-3.428919240832328796e-02
3.184263035655021667e-02
2.393206767737865448e-02
-8.190612494945526123e-02
-5.369115248322486877e-02
-1.178879290819168091e-03
-2.477632835507392883e-03
1.466175541281700134e-03
-1.173289865255355835e-02
1.105092540383338928e-01
2.955988980829715729e-03
-2.284228987991809845e-02
3.197704628109931946e-02
-6.076633930206298828e-03
-2.288535237312316895e-02
-6.981790065765380859e-04
-2.660877071321010590e-02
-5.818903446197509766e-05
1.080734506249427795e-01
-4.890315979719161987e-02
-2.832882106304168701e-03
-7.211085408926010132e-03
2.851329743862152100e-03
-7.723192870616912842e-02
3.321468085050582886e-02
1.006497070193290710e-01
-4.932160489261150360e-03
-1.193333119153976440e-01
-6.157521158456802368e-02
-4.858815670013427734e-02
1.520223170518875122e-02
4.539864137768745422e-03
1.030049622058868408e-01
1.275237500667572021e-01
2.999434247612953186e-03
3.966195881366729736e-02
8.816655725240707397e-03
-1.856944337487220764e-02
-8.558111637830734253e-02
-9.102573990821838379e-02
-2.266187220811843872e-03
5.079461261630058289e-02
1.019196584820747375e-03
-1.372173428535461426e-04
-3.545965626835823059e-02
5.228440091013908386e-02
-1.379844173789024353e-02
8.306966722011566162e-02
-1.675202324986457825e-02
-1.299786008894443512e-02
-1.502616889774799347e-02
1.285084243863821030e-02
4.075366258621215820e-02
-8.510543033480644226e-03
-4.368783906102180481e-02
-2.141749486327171326e-02
-3.204880282282829285e-02
-5.242345109581947327e-02
8.510927855968475342e-02
2.145838737487792969e-02
5.081573873758316040e-02
4.009924083948135376e-02
3.418173640966415405e-02
-3.987228870391845703e-02
2.579960599541664124e-02
-2.845671726390719414e-03
-2.515316009521484375e-03
4.224786907434463501e-02
7.328274846076965332e-02
-5.323711782693862915e-03
-6.425173580646514893e-02
2.497938647866249084e-02
-3.480505198240280151e-02
-1.382494419813156128e-01
-3.806758299469947815e-02
-3.259156644344329834e-02
-6.871366500854492188e-02
-5.777897313237190247e-04
-4.231370985507965088e-02
-6.293932348489761353e-02
4.062117077410221100e-03
-8.529607951641082764e-02
-3.055041097104549408e-02
7.578541338443756104e-02
4.207487218081951141e-03
-2.562806382775306702e-02
-2.213229984045028687e-02
2.332853153347969055e-02
3.596795350313186646e-02
6.367590744048357010e-03
-2.451790124177932739e-02
6.230002269148826599e-03
-1.446272060275077820e-02
3.642883151769638062e-02
8.508644998073577881e-03
-8.072517812252044678e-03
-4.552694782614707947e-02
5.243081226944923401e-02
3.347296267747879028e-02
1.246590539813041687e-02
-1.748412847518920898e-02
1.035569421947002411e-02
6.098307296633720398e-02
-1.697464659810066223e-02
1.652403920888900757e-02
-4.795344173908233643e-02
-4.430577158927917480e-02
6.598736345767974854e-02
4.117714986205101013e-02
-4.944409802556037903e-02
2.233052812516689301e-02
-2.893756330013275146e-02
-1.356027126312255859e-01
4.291690886020660400e-02
3.086096234619617462e-02
1.152545399963855743e-02
-2.819037064909934998e-02
7.296955585479736328e-02
-1.788893900811672211e-02
-3.363640606403350830e-02
-3.658932447433471680e-02
-6.345257908105850220e-02
-2.789968624711036682e-03
6.014435552060604095e-03
1.868017390370368958e-02
2.665713988244533539e-02
-1.111245341598987579e-02
-6.382720172405242920e-02
-3.733599931001663208e-02
-7.152032852172851562e-02
1.273161917924880981e-02
-8.241070806980133057e-02
-2.635144628584384918e-03
-3.428076207637786865e-02
4.800982773303985596e-02
4.495982080698013306e-02
9.450092911720275879e-03
-1.667577773332595825e-02
-3.106686845421791077e-02
4.591579735279083252e-02
-1.766715012490749359e-02
2.756828442215919495e-02
1.661095954477787018e-02
-5.561234802007675171e-02
-5.635517090559005737e-02
-2.317450009286403656e-02
5.644187331199645996e-03
9.809488058090209961e-02
-5.538320168852806091e-02
9.064443409442901611e-02
4.733953624963760376e-02
-2.648122236132621765e-02
-7.397255301475524902e-02
5.976257473230361938e-02
-3.770337253808975220e-02
-6.984161585569381714e-02
-6.845729798078536987e-02
4.254240542650222778e-03
-2.788521349430084229e-02
-1.347839459776878357e-02
-4.874119907617568970e-02
-4.994827322661876678e-03
4.755712300539016724e-02
-9.971946477890014648e-03
6.852596998214721680e-04
3.139075636863708496e-02
8.687643334269523621e-03
-9.871382266283035278e-02
-3.927929699420928955e-02
3.530215099453926086e-02
-2.333179861307144165e-02
-1.058277022093534470e-02
-6.736245006322860718e-03
-5.619028210639953613e-02
3.634862601757049561e-02
-2.788985334336757660e-02
-9.235242009162902832e-02
-2.800414524972438812e-02
4.963925480842590332e-02
-8.578542619943618774e-02
-4.094426706433296204e-02
6.803571246564388275e-03
-4.770971089601516724e-02
-2.239515259861946106e-02
1.706443540751934052e-02
8.943573571741580963e-03
1.282051205635070801e-02
-5.599770694971084595e-03
-1.758611015975475311e-02
9.649276733398437500e-03
-2.488024905323982239e-02
3.716944903135299683e-02
5.623127892613410950e-02
4.625163227319717407e-02
1.827075518667697906e-02
6.642131507396697998e-02
-9.579399228096008301e-02
1.752439141273498535e-02
2.208497747778892517e-02
1.285563688725233078e-02
-4.017452150583267212e-02
-4.785151407122612000e-02
-2.616572938859462738e-02
-2.957228943705558777e-02
-2.480835653841495514e-02
-2.484852634370326996e-02
-1.724129542708396912e-03
-2.092625945806503296e-02
-6.782037019729614258e-02
8.257608860731124878e-03
-4.347474128007888794e-02
-7.301730662584304810e-02
3.868436813354492188e-02
3.590543754398822784e-03
4.396199062466621399e-02
-5.487141758203506470e-02
-2.522900141775608063e-02
3.584779798984527588e-02
1.154232099652290344e-01
-3.619701042771339417e-02
2.221316099166870117e-04
-4.109631292521953583e-03
3.234334290027618408e-02
-5.505271255970001221e-04
3.535852953791618347e-02
3.044965490698814392e-02
2.090822905302047729e-02
-2.335738018155097961e-02
-1.280300784856081009e-02
-4.104477912187576294e-02
1.936232298612594604e-02
-1.360413245856761932e-02
7.808583788573741913e-03
-1.188487745821475983e-03
-1.300772279500961304e-02
-2.736024931073188782e-02
2.607401087880134583e-02
-1.259751468896865845e-01
-5.330659449100494385e-03
1.086099073290824890e-02
7.441946864128112793e-02
-1.418084837496280670e-03
2.228638716042041779e-02
-3.590557724237442017e-02
2.407545596361160278e-02
9.420363605022430420e-02
-4.135619476437568665e-02
-3.525428473949432373e-02
6.511198822408914566e-03
2.938428148627281189e-02
-2.005501464009284973e-02
3.682139143347740173e-02
-3.550045937299728394e-02
2.035981044173240662e-02
-9.718639403581619263e-02
6.056292355060577393e-02
-2.078994922339916229e-02
-7.360133528709411621e-02
3.981794044375419617e-02
-4.051266610622406006e-02
-1.844780519604682922e-02
3.315246850252151489e-02
3.651671856641769409e-02
1.794201508164405823e-02
-8.238697424530982971e-03
7.725322246551513672e-02
-1.056471019983291626e-01
-1.775174774229526520e-02
3.071031346917152405e-02
1.344982627779245377e-02
-3.000302240252494812e-03
-9.571682661771774292e-03
-2.483784221112728119e-02
8.735144510865211487e-03
-1.003842875361442566e-01
-2.617957442998886108e-02
-4.099142178893089294e-02
6.590490043163299561e-02
-2.166653051972389221e-03
7.104093208909034729e-03
3.826424479484558105e-02
5.416409671306610107e-02
-7.385160773992538452e-03
3.126532211899757385e-02
-6.409236788749694824e-02
5.017402768135070801e-02
2.805065363645553589e-03
7.950069010257720947e-02
2.459306456148624420e-02
-8.870083838701248169e-03
3.919351473450660706e-02
1.276137493550777435e-02
-3.333231434226036072e-02
-3.970286622643470764e-02
-4.973511397838592529e-02
-1.350925862789154053e-02
5.017502605915069580e-02
-4.826355352997779846e-02
-2.746513485908508301e-02
7.121225446462631226e-02
-3.591429442167282104e-03
-7.310549262911081314e-03
-5.081715807318687439e-02
5.310826748609542847e-02
6.703995913267135620e-02
-6.013428792357444763e-03
3.007684834301471710e-02
2.167386189103126526e-02
4.934488236904144287e-02
4.254516959190368652e-02
1.747541874647140503e-02
-2.811362966895103455e-02
-7.165407296270132065e-03
-3.875656053423881531e-03
4.796492680907249451e-02
4.357512295246124268e-02
9.323512017726898193e-02
-8.452077955007553101e-02
-1.040504574775695801e-01
3.112329170107841492e-02
1.445675641298294067e-02
2.426263317465782166e-02
-3.729348629713058472e-02
-2.009682357311248779e-03
-2.948266640305519104e-02
-2.414087951183319092e-02
4.165627434849739075e-02
2.206804975867271423e-02
-8.739277720451354980e-03
-1.999277994036674500e-02
-1.724783703684806824e-02
7.175001502037048340e-02
6.134679540991783142e-02
1.367589458823204041e-02
-6.918649375438690186e-02
2.983805723488330841e-02
-3.981661051511764526e-03
2.575645409524440765e-02
4.934069700539112091e-03
-9.517715871334075928e-02
5.703589320182800293e-02
-1.315222680568695068e-02
2.734146267175674438e-02
-6.342879496514797211e-03
1.408439129590988159e-02
-3.876329958438873291e-02
1.835573464632034302e-02
-2.661142684519290924e-02
-3.262456133961677551e-02
2.794312313199043274e-03
-7.378417998552322388e-02
-2.536512911319732666e-02
-6.034405529499053955e-02
4.845039173960685730e-02
-2.679251879453659058e-02
-6.122420355677604675e-02
-6.924223620444536209e-03
-1.014717575162649155e-02
3.402549773454666138e-02
1.075566560029983521e-02
3.115235269069671631e-02
-2.857713401317596436e-02
2.171687781810760498e-03
-2.395984530448913574e-02
2.205749228596687317e-02
1.111568696796894073e-02
1.292710285633802414e-02
-3.838052600622177124e-02
1.924487575888633728e-02
1.069038361310958862e-02
-4.158203303813934326e-02
1.228388026356697083e-02
7.889777421951293945e-03
-2.490270510315895081e-02
5.319297313690185547e-02
4.751928150653839111e-03
7.357049733400344849e-02
-2.865313552320003510e-02
5.214029550552368164e-02
-5.259929597377777100e-02
2.438881993293762207e-02
-1.772283762693405151e-02
-9.080492891371250153e-03
5.059115588665008545e-02
-6.135119125247001648e-03
1.345948688685894012e-02
-7.289102301001548767e-03
4.068541526794433594e-02
1.495836395770311356e-02
3.053304739296436310e-02
4.149996489286422729e-02
4.593282938003540039e-03
3.034052439033985138e-02
-3.406878188252449036e-02
-9.225845336914062500e-02
-1.085509061813354492e-01
-1.179431676864624023e-01
-2.100342884659767151e-02
2.295333147048950195e-02
-2.775748260319232941e-03
4.685069993138313293e-02
7.849587127566337585e-03
-2.337822318077087402e-02
6.125418096780776978e-02
-1.938293315470218658e-02
-3.582376986742019653e-02
-7.159064710140228271e-02
-2.416866458952426910e-02
-2.706200256943702698e-02
2.866013720631599426e-02
3.081774711608886719e-02
-7.394423335790634155e-02
-4.475254565477371216e-02
-2.926815301179885864e-02
3.738947212696075439e-03
2.710005268454551697e-03
6.367896497249603271e-02
1.013270914554595947e-01
-3.443880751729011536e-02
-5.586511455476284027e-03
-9.199544042348861694e-02
6.853802129626274109e-03
3.011147119104862213e-02
-1.819487893953919411e-03
-6.791876256465911865e-02
1.727203279733657837e-02
7.983265817165374756e-02
9.831115603446960449e-03
4.020870476961135864e-02
-8.504009246826171875e-02
3.218882158398628235e-02
-1.989357359707355499e-02
-2.721922285854816437e-02
-1.193002518266439438e-02
4.994141310453414917e-02
4.492358118295669556e-02
2.111028321087360382e-02
-4.712022840976715088e-03
-1.398149784654378891e-02
-2.788629569113254547e-02
8.038312196731567383e-03
1.753452420234680176e-02
-5.745016038417816162e-03
2.550137788057327271e-02
-6.635590642690658569e-02
1.438428834080696106e-02
1.135407295078039169e-02
5.170724354684352875e-03
-5.313853174448013306e-02
2.480920031666755676e-02
-4.384554177522659302e-02
-4.282676056027412415e-02
-6.117437407374382019e-02
6.483769416809082031e-02
-8.416534215211868286e-02
8.902700617909431458e-03
-3.410463221371173859e-03
9.589686058461666107e-03
-2.896844409406185150e-02
-6.097899004817008972e-02
3.643155097961425781e-03
6.068856269121170044e-02
9.578056633472442627e-02
-5.190784111618995667e-03
2.565646357834339142e-02
1.004011835902929306e-02
-5.181675776839256287e-02
3.436277061700820923e-02
3.264697641134262085e-02
4.504259675741195679e-02
-1.726721599698066711e-02
5.453545600175857544e-03
5.807516723871231079e-02
-6.705683469772338867e-02
-1.003872901201248169e-01
-2.821755409240722656e-02
2.882679924368858337e-03
5.840511992573738098e-02
-3.171986341476440430e-02
1.524854730814695358e-02
9.898286312818527222e-03
-1.379165798425674438e-02
2.986991405487060547e-02
7.166819274425506592e-02
4.941438883543014526e-02
2.354759722948074341e-02
3.189288824796676636e-02
1.550278067588806152e-02
1.528259925544261932e-02
8.229833841323852539e-02
-6.415905058383941650e-02
-5.894076079130172729e-02
-6.185812503099441528e-02
5.974888801574707031e-03
2.385767176747322083e-02
1.128199994564056396e-01
-3.544276952743530273e-02
-1.805866137146949768e-03
3.166823089122772217e-02
1.473837941884994507e-01
-5.174115300178527832e-02
4.380747675895690918e-02
1.118591427803039551e-02
-2.241664379835128784e-02
-6.504793465137481689e-02
-4.895260557532310486e-03
-2.347512170672416687e-03
-5.830151587724685669e-02
5.758029967546463013e-02
6.373692303895950317e-03
5.469781812280416489e-03
-8.629575371742248535e-02
3.246513660997152328e-03
-2.232028916478157043e-02
-9.673304855823516846e-03
6.570456176996231079e-02
4.615906998515129089e-02
-2.846988849341869354e-02
-3.381720185279846191e-02
-9.413750469684600830e-02
-1.776749081909656525e-02
-6.991685926914215088e-02
-4.416333884000778198e-02
-2.788048982620239258e-02
-3.140637651085853577e-03
-2.430600672960281372e-02
-2.307243645191192627e-02
-3.525687381625175476e-02
-3.480622172355651855e-02
-2.957442216575145721e-02
1.814721524715423584e-02
7.815375924110412598e-02
2.785437367856502533e-02
4.249805957078933716e-02
6.045570597052574158e-02
5.462923645973205566e-02
1.094420999288558960e-01
4.300340637564659119e-02
9.317407011985778809e-02
3.164167329668998718e-02
2.628555055707693100e-03
-4.080209881067276001e-02
7.557675242424011230e-02
7.158007472753524780e-02
2.046970836818218231e-02
-1.373946070671081543e-01
1.793590188026428223e-02
3.710060194134712219e-02
-5.667538195848464966e-02
8.049742132425308228e-02
1.946694217622280121e-02
3.895302489399909973e-02
4.402849078178405762e-02
-9.786313772201538086e-02
4.527110606431961060e-03
-2.026348933577537537e-02
3.152244538068771362e-02
3.631187230348587036e-02
1.992788910865783691e-02
3.391505777835845947e-02
-1.321997866034507751e-02
-6.213516741991043091e-02
4.232421144843101501e-02
-1.715159416198730469e-02
1.019593700766563416e-02
-4.643922299146652222e-02
1.315554231405258179e-02
-3.246491402387619019e-02
-1.044744439423084259e-02
-4.348737001419067383e-02
1.243006251752376556e-02
-2.214454114437103271e-02
-1.658476516604423523e-02
-3.402964398264884949e-02
-6.095021963119506836e-02
5.183649063110351562e-02
-5.884975567460060120e-02
1.359459012746810913e-02
5.588892847299575806e-03
-5.622670054435729980e-02
-6.792821735143661499e-02
-5.484747141599655151e-02
-5.243386328220367432e-02
6.035473570227622986e-02
-9.128378331661224365e-02
-2.463100850582122803e-02
7.217106223106384277e-02
6.123276799917221069e-02
-4.496115818619728088e-02
-3.884791955351829529e-02
-7.784609496593475342e-02
1.514638215303421021e-02
5.662114918231964111e-02
-1.183984577655792236e-01
2.820976078510284424e-04
8.270303159952163696e-02
3.477530926465988159e-02
-3.626516461372375488e-02
1.023841090500354767e-02
7.867211103439331055e-02
-7.666009664535522461e-02
4.177357628941535950e-02
-2.173481509089469910e-02
-1.566109806299209595e-02
4.038092866539955139e-02
1.765890792012214661e-02
3.560218214988708496e-02
6.853444129228591919e-02
-6.122217513620853424e-03
3.995815292000770569e-02
-1.209788955748081207e-02
5.224523693323135376e-02
3.218553215265274048e-02
5.372446030378341675e-04
5.218216776847839355e-02
