-7.759573459625244141e-01
-5.155290603637695312e+00
-2.474087715148925781e+00
-3.168858528137207031e+00
-2.719121456146240234e+00
-9.989996552467346191e-01
-3.675748825073242188e+00
-3.141358494758605957e-03
2.008934259414672852e+00
1.253115177154541016e+00
-2.648902416229248047e+00
-1.867261171340942383e+00
-1.935521811246871948e-01
1.742929220199584961e+00
2.354022502899169922e+00
2.033463567495346069e-01
-9.864181876182556152e-01
2.850149154663085938e+00
3.318528890609741211e+00
1.657072603702545166e-01
-2.709274291992187500e-01
3.120972633361816406e+00
-7.641381025314331055e-01
7.097486019134521484e+00
3.734630107879638672e+00
-1.995903849601745605e+00
-1.982720136642456055e+00
-5.078979015350341797e+00
-2.968950271606445312e+00
-3.338902235031127930e+00
1.496854424476623535e+00
-4.977874755859375000e-01
-1.750696778297424316e+00
-4.189173221588134766e+00
-4.184319019317626953e+00
-2.268315851688385010e-01
3.008473157882690430e+00
-1.073401451110839844e+00
-2.302818536758422852e+00
-2.038247436285018921e-01
-1.561467051506042480e+00
-2.141841888427734375e+00
-2.386312484741210938e+00
2.530551552772521973e-01
-1.275460481643676758e+00
-3.175555944442749023e+00
-1.490146756172180176e+00
3.200066804885864258e+00
6.535546183586120605e-01
-2.298794984817504883e-01
2.074312269687652588e-01
4.670306682586669922e+00
-1.746240854263305664e+00
-1.772109031677246094e+00
-6.574459075927734375e-01
5.851279497146606445e-01
-4.619873523712158203e+00
-2.491167068481445312e+00
3.705961406230926514e-01
1.339527368545532227e-01
-2.466076612472534180e+00
-1.693121552467346191e+00
1.579219549894332886e-01
-1.207736253738403320e+00
3.277845978736877441e-01
-1.077973842620849609e+00
-1.326080679893493652e+00
-2.606028079986572266e+00
-1.789784789085388184e+00
-2.169903993606567383e+00
-3.774013757705688477e+00
-2.867225646972656250e+00
-2.456790208816528320e+00
-2.808816730976104736e-02
-1.935845613479614258e+00
-2.575190305709838867e+00
6.047441363334655762e-01
-4.001289010047912598e-01
-1.229290604591369629e+00
-3.014230012893676758e+00
4.221210777759552002e-01
-6.296263694763183594e+00
3.291393220424652100e-01
-4.275013923645019531e+00
2.324026823043823242e+00
1.290609359741210938e+00
-1.474753975868225098e+00
-7.625095844268798828e-01
1.756191253662109375e+00
1.339031457901000977e-01
-2.452836751937866211e+00
6.982242465019226074e-01
-1.991557598114013672e+00
6.165538311004638672e+00
-2.442185163497924805e+00
-9.712497591972351074e-01
2.471405029296875000e+00
-5.077022910118103027e-01
-3.649341821670532227e+00
-4.491029977798461914e-01
-3.409241735935211182e-01
6.699989318847656250e+00
-3.689770102500915527e-01
2.220911264419555664e+00
3.964054822921752930e+00
1.427175879478454590e+00
3.597814738750457764e-01
-3.661165714263916016e+00
-2.786090850830078125e+00
-1.667755365371704102e+00
-2.954898118972778320e+00
-1.836970075964927673e-02
-1.718185901641845703e+00
5.737307071685791016e-01
-2.805472850799560547e+00
-5.534911632537841797e+00
-1.969226121902465820e+00
-4.586123466491699219e+00
-2.236921072006225586e+00
-3.764889955520629883e+00
-2.761300802230834961e+00
-2.730424642562866211e+00
-4.418351173400878906e+00
-2.213029861450195312e+00
-3.559853732585906982e-01
-3.422401428222656250e+00
-1.206412672996520996e+00
-9.095240831375122070e-01
7.032592296600341797e-01
-2.468729972839355469e+00
-4.114527702331542969e+00
3.324765443801879883e+00
-6.676600575447082520e-01
-2.145759344100952148e+00
8.088984489440917969e-01
3.007987141609191895e-01
3.629763126373291016e-01
1.871107816696166992e+00
-3.053341507911682129e-01
-5.815293312072753906e+00
-6.932768821716308594e+00
-5.394569873809814453e+00
-4.470255374908447266e+00
-1.603570580482482910e+00
9.676182866096496582e-01
1.413500428199768066e+00
1.067319989204406738e+00
-9.386941194534301758e-01
-1.857764840126037598e+00
7.221992015838623047e-01
2.830330610275268555e+00
2.131013631820678711e+00
1.844033002853393555e-01
-2.425877809524536133e+00
3.921468734741210938e+00
7.098868489265441895e-01
1.391478180885314941e+00
7.595496773719787598e-01
-2.136127471923828125e+00
-3.135212957859039307e-01
4.908699512481689453e+00
8.674880266189575195e-01
1.684100985527038574e+00
4.592937469482421875e+00
2.647443532943725586e+00
2.946784019470214844e+00
4.517529606819152832e-01
1.077553629875183105e+00
-2.354143261909484863e-01
5.877970904111862183e-02
1.905083894729614258e+00
-1.214754104614257812e+00
1.234196186065673828e+00
-3.042638063430786133e+00
2.597615480422973633e+00
-1.099281758069992065e-01
1.001323342323303223e+00
2.278925418853759766e+00
1.343208670616149902e+00
4.408148765563964844e+00
1.916822433471679688e+00
-1.956671476364135742e+00
2.131911754608154297e+00
1.836359262466430664e+00
-4.836727380752563477e-01
1.288028717041015625e+00
2.147908449172973633e+00
-1.999592423439025879e+00
-1.645645976066589355e+00
-1.520014405250549316e-01
-5.463786721229553223e-01
-3.816218674182891846e-01
3.653119802474975586e-01
3.005200326442718506e-01
-6.536481380462646484e-01
1.680488824844360352e+00
2.177411317825317383e+00
5.415112972259521484e+00
3.661425113677978516e+00
2.682020664215087891e+00
2.727690696716308594e+00
-1.049312472343444824e+00
-4.793139398097991943e-01
-3.900203466415405273e+00
-1.633686780929565430e+00
7.674410820007324219e+00
4.058918952941894531e+00
1.612459868192672729e-01
8.093760490417480469e+00
8.580695986747741699e-01
1.907980322837829590e+00
-2.401962995529174805e+00
2.314559742808341980e-02
8.646811246871948242e-01
3.903798818588256836e+00
-3.032847642898559570e-01
2.659166157245635986e-01
2.806686401367187500e+00
1.132532835006713867e+00
4.019975185394287109e+00
4.140941143035888672e+00
2.892728805541992188e+00
5.376251041889190674e-02
6.533160686492919922e+00
7.522141456604003906e+00
2.066894054412841797e+00
3.858235836029052734e+00
5.575702190399169922e+00
7.115765213966369629e-01
-1.048739314079284668e+00
1.274796247482299805e+00
4.317838668823242188e+00
4.037938594818115234e+00
4.720165252685546875e+00
4.049098491668701172e+00
4.034108161926269531e+00
1.390259981155395508e+00
4.328281283378601074e-01
3.998812913894653320e+00
2.419292211532592773e+00
4.426692008972167969e+00
2.838116168975830078e+00
2.613380908966064453e+00
8.813328742980957031e-01
6.735263347625732422e+00
1.973427891731262207e+00
1.550101637840270996e+00
4.650772511959075928e-01
1.341430902481079102e+00
1.701586365699768066e+00
1.050026774406433105e+00
-1.503414869308471680e+00
4.107031345367431641e+00
9.894717931747436523e-01
5.709996223449707031e+00
4.005200386047363281e+00
7.978263378143310547e+00
3.735561370849609375e-01
-2.637102603912353516e+00
2.872399091720581055e+00
5.146489143371582031e+00
1.789201736450195312e+00
5.222173690795898438e+00
2.479669153690338135e-01
2.098882436752319336e+00
1.562176465988159180e+00
1.845239996910095215e+00
6.017465591430664062e+00
2.041653394699096680e+00
8.384153246879577637e-01
1.330128073692321777e+00
8.044375777244567871e-01
-7.525633573532104492e-01
1.722165942192077637e-01
1.966162443161010742e+00
1.837293028831481934e+00
2.556562662124633789e+00
-1.249060153961181641e+00
4.819346368312835693e-01
-8.883687853813171387e-01
-4.649750590324401855e-01
1.033740162849426270e+00
1.947956562042236328e+00
2.086635231971740723e-01
7.187777161598205566e-01
3.539910316467285156e-01
4.649678230285644531e+00
1.111357450485229492e+00
-9.403058141469955444e-02
-3.481093347072601318e-01
5.733747005462646484e+00
4.488972663879394531e+00
1.223177790641784668e+00
-1.060361981391906738e+00
7.527533531188964844e+00
1.059145641326904297e+01
1.547855734825134277e+00
1.175303459167480469e+01
2.556591033935546875e+00
3.161317110061645508e+00
-3.426770687103271484e+00
-1.722177982330322266e+00
-2.449416637420654297e+00
-1.686898350715637207e+00
-2.954894065856933594e+00
7.819005250930786133e-01
-1.914790391921997070e+00
-1.799775004386901855e+00
-4.270090103149414062e+00
-8.792454600334167480e-01
-1.005183160305023193e-01
5.056537985801696777e-01
-5.649574995040893555e-01
3.105084598064422607e-01
-3.153308868408203125e+00
-2.310137152671813965e-01
-5.077486038208007812e-01
-2.749657869338989258e+00
-1.948394894599914551e+00
-5.216470360755920410e-01
-2.470093965530395508e+00
-3.447138786315917969e+00
3.089956343173980713e-01
-6.981402873992919922e+00
-3.474912166595458984e+00
-3.994061231613159180e+00
-4.113910198211669922e+00
-4.474684715270996094e+00
-2.852183580398559570e+00
-6.211824417114257812e+00
1.053283452987670898e+00
1.008052229881286621e+00
9.016451835632324219e-01
-2.350473642349243164e+00
3.780298948287963867e+00
3.284864425659179688e+00
2.517704725265502930e+00
2.713056564331054688e+00
1.629768133163452148e+00
-1.489042758941650391e+00
1.950083136558532715e+00
6.803473949432373047e+00
4.883092403411865234e+00
4.141377925872802734e+00
3.502306938171386719e+00
1.170115184783935547e+01
1.137590026855468750e+01
7.547788143157958984e+00
7.440199375152587891e+00
5.307370662689208984e+00
4.486192226409912109e+00
-2.459816217422485352e+00
1.389590859413146973e+00
1.270175099372863770e+00
2.956283569335937500e+00
7.516352653503417969e+00
1.415640354156494141e+00
4.456323146820068359e+00
3.087197065353393555e+00
-2.318510293960571289e+00
4.809515476226806641e+00
3.248472213745117188e+00
5.294796943664550781e+00
-6.693123579025268555e-01
5.867938518524169922e+00
1.472401332855224609e+01
2.201082038879394531e+01
2.102498626708984375e+01
1.802031517028808594e+01
2.067254066467285156e+01
1.536843585968017578e+01
1.526529693603515625e+01
1.229041862487792969e+01
1.361006546020507812e+01
1.374244308471679688e+01
1.392383575439453125e+01
6.309499740600585938e+00
7.946811676025390625e+00
8.558721542358398438e+00
1.602239036560058594e+01
1.263351535797119141e+01
1.536404323577880859e+01
5.944016456604003906e+00
8.060205459594726562e+00
5.784658432006835938e+00
6.706430912017822266e+00
5.760607242584228516e+00
5.027490615844726562e+00
6.510754108428955078e+00
-4.518667459487915039e-01
-8.145024999976158142e-03
-1.021983265876770020e+00
-4.262477397918701172e+00
-4.596003055572509766e+00
-1.741974830627441406e+00
-1.441768050193786621e+00
-2.827059030532836914e+00
-3.920101642608642578e+00
1.141191601753234863e+00
2.433488130569458008e+00
1.664296507835388184e+00
1.173768043518066406e-01
-7.754966020584106445e-01
-2.497923135757446289e+00
-2.662701129913330078e+00
-3.598722934722900391e+00
-7.405700087547302246e-01
-2.001503705978393555e+00
2.090136766433715820e+00
4.398286342620849609e-01
2.334052801132202148e+00
-4.610764026641845703e+00
3.138185262680053711e+00
7.555326223373413086e-01
2.372665405273437500e-01
-2.071942329406738281e+00
3.440102934837341309e-01
-1.936374902725219727e+00
-3.626610517501831055e+00
-2.776979684829711914e+00
8.152679204940795898e-01
1.967540860176086426e+00
-6.238698959350585938e-01
-1.736348509788513184e+00
-5.850858613848686218e-02
-9.808521270751953125e-01
2.541105151176452637e-01
1.912021160125732422e+00
3.705708503723144531e+00
-3.331329524517059326e-01
-1.110597252845764160e-01
-1.210424423217773438e+00
1.852398991584777832e+00
-3.240902423858642578e+00
-2.729586362838745117e+00
-4.353410303592681885e-01
-8.567751646041870117e-01
-4.524775505065917969e+00
-5.594274401664733887e-01
4.377770423889160156e+00
-1.585994362831115723e+00
-4.147425651550292969e+00
2.857335329055786133e+00
-3.865137100219726562e+00
8.713137507438659668e-01
-1.044931411743164062e+00
-3.942615985870361328e+00
2.627090454101562500e+00
3.410326957702636719e+00
3.363268375396728516e-01
-5.702369809150695801e-01
-3.234232664108276367e+00
-1.791054606437683105e+00
-2.867103338241577148e+00
-9.104096889495849609e-01
-2.871028900146484375e+00
5.347295284271240234e+00
9.662888050079345703e-01
5.295047283172607422e+00
-2.828688621520996094e+00
-3.494441747665405273e+00
4.785614013671875000e+00
1.880721449851989746e+00
3.288930177688598633e+00
9.757854938507080078e-01
4.052959084510803223e-01
-3.889145374298095703e+00
-3.782519102096557617e+00
1.714389026165008545e-01
4.429147720336914062e+00
-3.905338525772094727e+00
5.729134559631347656e+00
9.656012654304504395e-01
-1.310457348823547363e+00
-9.834897518157958984e-01
-1.757196307182312012e+00
-1.424984812736511230e+00
1.107990384101867676e+00
-8.548135161399841309e-01
-1.342776566743850708e-01
-1.715022921562194824e+00
-5.480204224586486816e-01
-9.081294536590576172e-01
3.015066385269165039e-01
-5.701043605804443359e+00
-3.456987380981445312e+00
-1.088714122772216797e+00
-4.776228666305541992e-01
3.778414487838745117e+00
3.652371168136596680e+00
3.133119344711303711e+00
1.002576231956481934e+00
1.033908963203430176e+00
-3.721594333648681641e+00
4.013514518737792969e+00
-3.419817447662353516e+00
-5.260219097137451172e+00
-1.166752576828002930e+00
-2.007766485214233398e+00
-2.686189651489257812e+00
4.700978696346282959e-01
2.156838893890380859e+00
-1.991715788841247559e+00
-4.973278999328613281e+00
-3.726430892944335938e+00
6.442416459321975708e-03
3.239543914794921875e+00
1.442185521125793457e+00
-1.765399694442749023e+00
-4.322052001953125000e+00
-3.772218227386474609e+00
-2.106364011764526367e+00
-6.762299537658691406e-01
2.693150520324707031e+00
9.572309255599975586e-01
1.623193025588989258e+00
-7.134158611297607422e-01
1.963477015495300293e+00
1.563631892204284668e+00
2.493803024291992188e+00
-3.578739643096923828e+00
-3.577353715896606445e+00
7.631407380104064941e-01
1.362492322921752930e+00
4.402564048767089844e+00
-1.191426277160644531e+00
-2.624047994613647461e+00
-3.089092969894409180e+00
-6.107705831527709961e-01
-3.415794610977172852e+00
-2.655591964721679688e+00
-4.550194263458251953e+00
-4.739825248718261719e+00
-3.987769842147827148e+00
-1.220936894416809082e+00
1.079443216323852539e+00
-1.140124320983886719e+00
-1.243796229362487793e+00
1.166985988616943359e+00
-6.737214326858520508e-01
-1.941662907600402832e+00
6.592913866043090820e-01
1.520976662635803223e+00
-8.564236760139465332e-01
-1.850402593612670898e+00
4.241965115070343018e-01
-1.463128328323364258e+00
-7.504473924636840820e-01
-2.397259235382080078e+00
-2.129138231277465820e+00
-1.201070070266723633e+00
-4.714475631713867188e+00
-1.193591594696044922e+00
-1.140120744705200195e+00
-2.799752354621887207e-01
8.819743990898132324e-01
-2.873761653900146484e+00
-7.509513944387435913e-02
3.065894365310668945e+00
-1.798435568809509277e+00
3.480851948261260986e-01
4.022916555404663086e-01
5.708439350128173828e+00
-4.444812774658203125e+00
-4.453473567962646484e+00
-1.421938657760620117e+00
2.286663293838500977e+00
-1.847338795661926270e+00
2.674548149108886719e+00
1.573510885238647461e+00
2.895099878311157227e+00
-3.157571077346801758e+00
-1.837311506271362305e+00
2.375880956649780273e+00
-1.816176652908325195e+00
-4.533627629280090332e-01
-4.395005226135253906e+00
3.600090742111206055e+00
-4.045414447784423828e+00
-1.349829554557800293e+00
3.734678745269775391e+00
-8.543954491615295410e-01
-2.662299394607543945e+00
2.491137742996215820e+00
7.699225544929504395e-01
-5.834422707557678223e-01
3.831940650939941406e+00
1.691294193267822266e+00
-2.370639324188232422e+00
-1.246708154678344727e+00
-4.123420715332031250e+00
-3.912659168243408203e+00
-4.990692615509033203e+00
1.968476057052612305e+00
1.152432799339294434e+00
3.178525209426879883e+00
2.608501195907592773e+00
-6.038596630096435547e-01
1.767392270267009735e-02
8.573769330978393555e-01
6.766778826713562012e-01
-5.186948180198669434e-01
2.009189605712890625e+00
3.981176853179931641e+00
-1.140781879425048828e+00
-4.753022789955139160e-01
-2.406266480684280396e-01
-1.789369940757751465e+00
1.701518177986145020e+00
3.359438180923461914e+00
-1.026035070419311523e+00
-8.567687869071960449e-01
-3.574535548686981201e-01
-1.852761864662170410e+00
-1.122287392616271973e+00
-1.322592020034790039e+00
2.495948791503906250e+00
1.515084356069564819e-01
1.842296481132507324e+00
-2.150206089019775391e+00
-2.025660991668701172e+00
4.549191951751708984e+00
-1.330536603927612305e+00
-1.847336888313293457e+00
2.081063240766525269e-01
-3.933983564376831055e+00
-3.099637746810913086e+00
-3.296170949935913086e+00
-3.341434240341186523e+00
-5.871986389160156250e+00
-1.671402215957641602e+00
-4.746213436126708984e+00
2.645155906677246094e+00
-4.942668378353118896e-01
2.797298431396484375e+00
-9.337554872035980225e-02
6.531394720077514648e-01
1.461189538240432739e-01
-4.150115489959716797e+00
-3.603724956512451172e+00
-2.792670011520385742e+00
-2.948256969451904297e+00
8.865475654602050781e-01
3.510371685028076172e+00
-5.517961382865905762e-01
2.501224279403686523e+00
3.130134820938110352e+00
-4.146764278411865234e+00
-4.137731552124023438e+00
1.384786963462829590e+00
-3.190592825412750244e-01
-3.100863456726074219e+00
3.312880277633666992e+00
3.615149736404418945e+00
-5.338778495788574219e-01
-1.536442756652832031e+00
-1.996722102165222168e+00
-3.019255697727203369e-01
-1.606885313987731934e+00
-4.294790744781494141e+00
-1.582319021224975586e+00
4.050811290740966797e+00
-3.820933580398559570e+00
5.552486181259155273e-01
-2.293612807989120483e-02
-1.084733724594116211e+00
5.385291099548339844e+00
1.216007471084594727e+00
-7.440636754035949707e-01
-8.796399831771850586e-01
-5.788676440715789795e-03
-1.061369702219963074e-01
-2.295058965682983398e+00
-3.467878580093383789e+00
-7.452116608619689941e-01
-1.712008476257324219e+00
5.273185729980468750e+00
-4.660153687000274658e-01
-6.888331770896911621e-01
-1.471893191337585449e-01
-2.077604293823242188e+00
-1.092404842376708984e+00
2.370792627334594727e+00
1.186256408691406250e+00
-1.662854909896850586e+00
-8.321222066879272461e-01
-4.928376376628875732e-01
-1.281338095664978027e+00
-2.179957628250122070e+00
-1.153936266899108887e+00
6.046250820159912109e+00
3.707163929939270020e-01
-3.940954446792602539e+00
1.749833822250366211e+00
-6.924688220024108887e-01
2.556249380111694336e+00
-2.285943984985351562e+00
-4.365118980407714844e+00
2.798362016677856445e+00
9.275856018066406250e-01
-3.936532258987426758e+00
-2.743568181991577148e+00
1.604218721389770508e+00
2.021182775497436523e+00
-2.385556697845458984e+00
-1.725050806999206543e+00
-2.328180551528930664e+00
-2.093946933746337891e+00
4.354476928710937500e+00
-5.054085731506347656e+00
-3.389404773712158203e+00
-2.631620407104492188e+00
-3.398854494094848633e+00
-4.182293891906738281e+00
-2.237709999084472656e+00
4.851440906524658203e+00
1.091312527656555176e+00
-3.055984973907470703e-01
3.273691833019256592e-01
-3.150626420974731445e+00
-3.961691617965698242e+00
-1.761288046836853027e+00
-1.466433405876159668e+00
-3.294341564178466797e+00
3.798776865005493164e+00
-1.786792039871215820e+00
-2.197048187255859375e+00
-1.315263509750366211e+00
-6.901139020919799805e-01
-3.606272935867309570e+00
6.194271087646484375e+00
1.742814183235168457e+00
1.617453098297119141e-01
2.913095712661743164e+00
-4.574970528483390808e-02
-4.601343572139739990e-01
-3.367733478546142578e+00
3.772103786468505859e-01
1.505041241645812988e+00
7.786995172500610352e-01
2.765905857086181641e-01
-4.854674935340881348e-01
-2.909392595291137695e+00
3.302330017089843750e+00
1.771040320396423340e+00
-8.554492592811584473e-01
-1.428424596786499023e+00
-2.730908870697021484e+00
-1.136927366256713867e+00
6.621925532817840576e-02
-2.702298164367675781e+00
8.821179270744323730e-01
-3.612262964248657227e+00
1.524936199188232422e+00
-3.916808962821960449e-01
-9.049981832504272461e-01
1.663122892379760742e+00
-2.891056299209594727e+00
9.715412259101867676e-01
3.893922865390777588e-01
-3.187879562377929688e+00
-3.916510343551635742e+00
-3.693457603454589844e+00
-8.969964087009429932e-02
2.537702083587646484e+00
-1.169203758239746094e+00
-2.915401935577392578e+00
-5.003752231597900391e+00
-3.411732435226440430e+00
-2.269252300262451172e+00
-2.083786278963088989e-01
2.678761482238769531e+00
3.197133779525756836e+00
-4.446086883544921875e+00
-1.822183609008789062e+00
-3.333506584167480469e+00
9.079276323318481445e-01
1.213275194168090820e+00
-1.118709444999694824e+00
-8.125202655792236328e-01
-1.094173192977905273e+00
-1.919562458992004395e+00
2.237801253795623779e-01
5.311339497566223145e-01
-1.482954859733581543e+00
6.613110005855560303e-02
-2.183731645345687866e-01
5.111143112182617188e+00
-2.923535108566284180e+00
-9.662942290306091309e-01
-9.498051404953002930e-01
1.593947529792785645e+00
8.960473537445068359e-01
-1.512813925743103027e+00
-1.480033636093139648e+00
-2.461673021316528320e+00
3.315979719161987305e+00
-4.001239299774169922e+00
-1.309741854667663574e+00
-1.553993463516235352e+00
-2.850954055786132812e+00
-1.892954468727111816e+00
-3.885946035385131836e+00
-3.238650321960449219e+00
-2.575488567352294922e+00
2.202163934707641602e+00
-4.199019432067871094e+00
1.320482611656188965e+00
1.174570083618164062e+00
-2.080039978027343750e+00
-1.180978775024414062e+00
-1.919593691825866699e+00
-2.508019685745239258e+00
-3.710783720016479492e+00
-4.638966083526611328e+00
1.181813359260559082e+00
1.352912187576293945e+00
-1.185848355293273926e+00
6.135480999946594238e-01
-1.379753351211547852e+00
4.187029361724853516e+00
-1.773384213447570801e+00
-1.580771923065185547e+00
-2.293196201324462891e+00
-3.060412883758544922e+00
-2.753809928894042969e+00
-2.976737260818481445e+00
1.875548720359802246e+00
-3.584819555282592773e+00
1.054065823554992676e+00
3.774222135543823242e+00
-4.026116847991943359e+00
-3.258971869945526123e-01
1.776190996170043945e+00
1.699252009391784668e+00
4.363559722900390625e+00
-5.115687251091003418e-01
-1.477270722389221191e+00
-3.251912593841552734e+00
2.072157144546508789e+00
2.320413351058959961e+00
-4.210898578166961670e-01
-4.095793724060058594e+00
1.887725591659545898e+00
-2.552530765533447266e-01
-1.818121314048767090e+00
-3.128093242645263672e+00
5.581817626953125000e+00
-3.378847837448120117e-01
-1.057510375976562500e-01
4.653679132461547852e-01
4.581840336322784424e-02
8.624293804168701172e-01
2.830633163452148438e+00
-3.231281042098999023e+00
-7.469835281372070312e-01
3.555188179016113281e+00
-1.893343448638916016e+00
9.995650649070739746e-01
-3.836807250976562500e+00
-1.169457197189331055e+00
-2.453933715820312500e+00
-1.030994892120361328e+00
4.352913379669189453e+00
1.657798409461975098e+00
2.997030317783355713e-01
2.796283721923828125e+00
-6.084782481193542480e-01
-2.844323396682739258e+00
5.062847137451171875e-01
9.043161869049072266e-01
-2.514639377593994141e+00
1.683948278427124023e+00
4.454759955406188965e-01
-1.233736872673034668e+00
3.067969560623168945e+00
6.005928516387939453e-01
2.307929754257202148e+00
4.490552246570587158e-01
1.323696136474609375e+00
6.396298110485076904e-02
-2.355762720108032227e+00
-1.252344727516174316e+00
-2.827214241027832031e+00
8.964343667030334473e-01
-6.904474496841430664e-01
-3.044900417327880859e+00
1.061533391475677490e-01
-4.610454440116882324e-01
-2.722341120243072510e-01
-8.858019709587097168e-01
-1.673954606056213379e+00
-1.678075313568115234e+00
-1.260511636734008789e+00
-3.599171876907348633e+00
-1.079630926251411438e-01
-1.166860461235046387e+00
-1.456264138221740723e+00
6.782265305519104004e-01
5.111315250396728516e-01
-2.763167858123779297e+00
-3.006142377853393555e+00
1.119561791419982910e+00
-5.933181643486022949e-01
1.405874848365783691e+00
-1.057215332984924316e+00
-3.434662818908691406e+00
8.207193017005920410e-01
-2.707043886184692383e+00
-1.185638308525085449e+00
-2.245310068130493164e+00
4.223028719425201416e-01
6.458539009094238281e+00
-2.192638397216796875e+00
-3.633164882659912109e+00
2.802238464355468750e+00
1.097788885235786438e-01
-3.715902268886566162e-01
-2.524802207946777344e+00
4.725617766380310059e-01
-9.809334576129913330e-02
1.489120960235595703e+00
-2.765762805938720703e+00
-6.429633617401123047e+00
-4.532975673675537109e+00
-4.797048568725585938e+00
-2.040188789367675781e+00
-8.036149024963378906e+00
-6.908537864685058594e+00
7.048595547676086426e-01
-5.564544677734375000e+00
-1.759634971618652344e+00
-2.989891469478607178e-01
-7.527737617492675781e+00
-4.885707855224609375e+00
-8.180490493774414062e+00
-4.755667448043823242e-01
3.356108963489532471e-01
-2.030769109725952148e+00
-6.604383587837219238e-01
-2.718559503555297852e+00
1.187838077545166016e+00
-2.839398145675659180e+00
9.422196745872497559e-01
6.653618812561035156e-01
-1.753338336944580078e+00
1.373402178287506104e-01
-6.588782668113708496e-01
-8.169288635253906250e-01
-4.648663997650146484e+00
-4.549440860748291016e+00
-2.756187677383422852e+00
-7.427995800971984863e-01
-1.885296106338500977e+00
-2.106414794921875000e+00
-5.171914696693420410e-01
-2.351742267608642578e+00
-4.724580287933349609e+00
1.968877553939819336e+00
-5.097467422485351562e+00
-6.393292903900146484e+00
-5.650678157806396484e+00
-6.678565502166748047e+00
-6.647783279418945312e+00
-5.983890533447265625e+00
-6.849774360656738281e+00
-2.349670648574829102e+00
-3.758660793304443359e+00
-1.116769909858703613e+00
-6.202755451202392578e+00
1.172905921936035156e+00
1.780880570411682129e+00
2.973879575729370117e-01
-1.856105923652648926e-01
-1.113547444343566895e+00
6.203220486640930176e-01
-3.409171819686889648e+00
-1.477422237396240234e+00
-3.006697416305541992e+00
9.946566224098205566e-01
-2.246705055236816406e+00
2.661273241043090820e+00
1.978952646255493164e+00
1.008315920829772949e+00
-2.893274128437042236e-01
-2.340093612670898438e+00
-5.410333633422851562e+00
-8.423351049423217773e-01
-7.752884030342102051e-01
-3.339518308639526367e+00
2.765604853630065918e-01
-3.506503820419311523e+00
-4.831289291381835938e+00
-2.949631214141845703e+00
-6.519897460937500000e+00
6.758033633232116699e-01
-1.800438165664672852e-01
-3.631545543670654297e+00
4.121515750885009766e-01
-2.116223812103271484e+00
