2.535740211200000000e+11
-1.258806640640000000e+11
2.496728268800000000e+10
2.994634424320000000e+11
-6.111426641920000000e+11
-2.922688675840000000e+11
4.441083412480000000e+11
4.731228979200000000e+11
-5.014838968320000000e+11
3.581811916800000000e+10
-5.349032919040000000e+11
6.495476121600000000e+10
-3.745919139840000000e+11
-2.350702264320000000e+11
6.372318248960000000e+11
-6.825914531840000000e+11
2.025981378560000000e+11
-6.696605450240000000e+11
-8.484260249600000000e+10
1.875939819520000000e+11
2.925396623360000000e+11
-5.699211100160000000e+11
-2.040823480320000000e+11
-1.028786585600000000e+10
2.140770140160000000e+11
-6.026925178880000000e+11
2.059342970880000000e+11
2.371462430720000000e+11
7.076660510720000000e+11
-2.676477132800000000e+10
-5.084291072000000000e+10
-5.920848609280000000e+11
5.765179637760000000e+11
-3.011378544640000000e+11
-4.767690260480000000e+11
-2.849513472000000000e+11
8.087419289600000000e+10
-5.193528770560000000e+11
-1.951171215360000000e+11
3.953021091840000000e+11
2.013228236800000000e+10
-9.923246161920000000e+11
5.483147427840000000e+11
-2.438532300800000000e+10
3.900981248000000000e+11
2.097684480000000000e+10
3.633262428160000000e+11
-1.664140574720000000e+11
1.950751784960000000e+11
5.469244620800000000e+10
1.572854661120000000e+11
-4.139665981440000000e+11
8.980877803520000000e+11
-4.617894625280000000e+11
-1.704352153600000000e+10
-4.096060620800000000e+10
4.960026624000000000e+11
-2.289694310400000000e+10
4.525692682240000000e+11
-4.513293107200000000e+10
3.497424322560000000e+11
-2.673658757120000000e+11
-6.972162048000000000e+10
4.483151298560000000e+11
5.791089295360000000e+11
-5.497902202880000000e+11
1.520854630400000000e+10
3.991491051520000000e+11
-2.247329710080000000e+11
-4.945215488000000000e+10
-4.509444997120000000e+11
-6.076199731200000000e+11
-1.570113290240000000e+11
8.177857331200000000e+10
-1.239919230976000000e+12
-1.705894379520000000e+11
-5.618704711680000000e+11
8.644755456000000000e+09
1.606438092800000000e+11
-2.877402644480000000e+11
3.904061440000000000e+10
-1.307618672640000000e+11
9.137995120640000000e+11
1.302093168640000000e+11
6.050295316480000000e+11
-7.332922654720000000e+11
3.822004142080000000e+11
-4.853509324800000000e+11
-4.262626918400000000e+11
1.533505699840000000e+11
3.028499496960000000e+11
4.386226176000000000e+11
-7.841042923520000000e+11
4.650428006400000000e+10
5.800436695040000000e+11
5.457807933440000000e+11
-2.007359488000000000e+11
-1.909431828480000000e+11
-5.371799142400000000e+11
2.943287296000000000e+11
4.134915604480000000e+11
-2.426104053760000000e+11
-3.652291788800000000e+11
1.584184197120000000e+11
5.820573286400000000e+10
1.083292057600000000e+10
-2.004472791040000000e+11
7.049510092800000000e+10
1.971041075200000000e+10
4.920187289600000000e+11
-4.970479288320000000e+11
-4.150781870080000000e+11
3.259339243520000000e+11
-5.984083968000000000e+10
1.126556712960000000e+11
7.781145640960000000e+11
-4.425021521920000000e+11
2.548901314560000000e+11
-1.716227932160000000e+11
6.965201469440000000e+11
1.018521026560000000e+11
-2.319580200960000000e+11
-4.603148697600000000e+10
5.005920829440000000e+11
-1.861245665280000000e+11
-1.645823590400000000e+11
3.177430384640000000e+11
6.098211635200000000e+10
-3.155641630720000000e+11
-6.133169520640000000e+11
-3.985824153600000000e+11
-5.561061867520000000e+11
2.901957017600000000e+11
2.934997319680000000e+11
-4.510736056320000000e+11
7.742430904320000000e+11
-7.939866624000000000e+10
2.122400399360000000e+11
-3.303936491520000000e+11
1.936286679040000000e+11
3.054622474240000000e+11
3.888152903680000000e+11
-3.667138969600000000e+10
-2.780764569600000000e+10
-1.046208184320000000e+12
-3.115762647040000000e+11
-9.524319027200000000e+10
-5.181592371200000000e+11
-1.405803233280000000e+11
-6.248290058240000000e+11
5.008881090560000000e+11
5.203529236480000000e+11
-5.150264852480000000e+11
-3.895353016320000000e+11
-3.874499788800000000e+11
4.008075919360000000e+11
-7.596222709760000000e+11
5.842361384960000000e+11
-2.705915904000000000e+09
1.602396815360000000e+11
2.694383370240000000e+11
1.143091200000000000e+11
8.542427545600000000e+10
5.001275965440000000e+11
2.886479380480000000e+11
1.800866693120000000e+11
-8.603824291840000000e+11
-2.459436974080000000e+11
2.879240273920000000e+11
-3.817891102720000000e+11
-2.072810291200000000e+11
-5.029299814400000000e+11
2.241098219520000000e+11
4.120507514880000000e+11
-1.952255508480000000e+11
-2.450913689600000000e+11
-4.655367782400000000e+11
1.872653844480000000e+11
2.845588193280000000e+11
-1.397336309760000000e+11
-7.924665548800000000e+11
-3.818617569280000000e+11
-7.039841730560000000e+11
-6.751925043200000000e+10
-5.698592440320000000e+11
-9.346496102400000000e+10
-5.765131141120000000e+11
-4.043870699520000000e+11
-9.623265607680000000e+11
-2.301775380480000000e+11
4.621874626560000000e+11
6.446848409600000000e+11
3.244451430400000000e+11
-2.331344732160000000e+11
3.599872491520000000e+11
9.634704916480000000e+11
6.975581388800000000e+10
3.319138877440000000e+11
4.023487692800000000e+10
-1.126119833600000000e+11
6.139416576000000000e+10
-2.056203468800000000e+11
4.801920368640000000e+11
-5.997981859840000000e+11
-3.620774871040000000e+11
2.295641210880000000e+11
5.232965713920000000e+11
1.186650914816000000e+12
-2.801772789760000000e+11
1.762604646400000000e+10
1.720913920000000000e+11
4.146725191680000000e+11
4.085673984000000000e+10
-6.941758259200000000e+10
1.712724705280000000e+11
-1.054202920960000000e+11
-2.323717816320000000e+11
-2.516929740800000000e+11
-5.848200642560000000e+11
-6.421968322560000000e+11
1.489631969280000000e+11
-5.501080043520000000e+11
-7.027936460800000000e+11
1.218033582080000000e+11
-5.460118077440000000e+11
4.931384770560000000e+11
2.050859499520000000e+11
-2.743476551680000000e+11
-3.352356126720000000e+11
1.413132451840000000e+11
2.953903472640000000e+11
-1.721294848000000000e+10
-5.151266570240000000e+11
2.592207011840000000e+11
1.162294722560000000e+11
1.424465756160000000e+11
-7.297631027200000000e+10
8.101978439680000000e+11
2.383340830720000000e+11
-1.207143628800000000e+11
-2.786763407360000000e+11
4.224803635200000000e+10
-7.473034690560000000e+11
3.563593728000000000e+11
-5.456258007040000000e+11
-3.520217415680000000e+11
-3.687374520320000000e+11
1.691073085440000000e+11
-1.758869913600000000e+10
6.520948654080000000e+11
4.838793216000000000e+10
-5.612379832320000000e+11
2.967692902400000000e+10
-4.371531366400000000e+10
-1.230338129920000000e+11
3.500362956800000000e+11
2.869995765760000000e+11
1.096161886208000000e+12
-7.011780526080000000e+11
-5.257240576000000000e+09
2.898659901440000000e+11
3.715698278400000000e+10
1.783002890240000000e+11
4.706762752000000000e+10
-4.739540254720000000e+11
-8.142217543680000000e+11
-4.369222860800000000e+11
5.028324638720000000e+11
3.628233523200000000e+11
1.507933224960000000e+11
-1.125664161792000000e+12
7.996433203200000000e+10
4.515456614400000000e+10
-6.431386828800000000e+10
-6.262813491200000000e+10
9.654848716800000000e+11
-2.164379975680000000e+11
1.172465582080000000e+11
9.152167936000000000e+10
-1.028368220160000000e+11
-9.220183162880000000e+11
-7.388065955840000000e+11
2.950011944960000000e+11
-3.829615493120000000e+11
-4.438441328640000000e+11
-6.422138060800000000e+11
-6.139191296000000000e+10
4.137604874240000000e+11
1.305015582720000000e+11
1.481974251520000000e+11
-6.041428295680000000e+11
5.233144627200000000e+11
-2.115123445760000000e+11
8.676482744320000000e+11
3.672873041920000000e+11
-2.238809702400000000e+10
5.462415769600000000e+10
-1.123696148480000000e+11
6.310239928320000000e+11
-3.419819212800000000e+10
1.075093045248000000e+12
4.227610378240000000e+11
-9.347324313600000000e+11
6.986366320640000000e+11
1.106488852480000000e+11
1.951810355200000000e+11
-4.185113886720000000e+11
-2.924465684480000000e+11
-2.182662062080000000e+11
1.183578849280000000e+11
-3.063174266880000000e+11
3.661155532800000000e+10
-1.050952007680000000e+11
1.943259709440000000e+11
4.685080166400000000e+11
2.593256079360000000e+11
-2.023131709440000000e+11
4.372581253120000000e+11
-5.238344581120000000e+11
-3.683525591040000000e+11
-1.976829050880000000e+11
3.191000596480000000e+11
5.048581488640000000e+11
-2.455085711360000000e+11
6.494549442560000000e+11
1.184652247040000000e+11
7.659483955200000000e+10
7.803387904000000000e+09
-1.775514091520000000e+11
9.489235968000000000e+11
6.244620697600000000e+10
-1.443821158400000000e+11
3.395229777920000000e+11
-1.860120576000000000e+10
3.147119984640000000e+11
-1.312805273600000000e+10
-6.885144002560000000e+11
-1.376278773760000000e+11
-4.278329344000000000e+11
-2.468000071680000000e+11
4.954782760960000000e+11
-4.989959864320000000e+11
3.561827532800000000e+10
-2.073708134400000000e+10
-1.277894000640000000e+11
-1.097140731904000000e+12
5.041805066240000000e+11
7.594051502080000000e+11
-4.967862435840000000e+11
2.544406200320000000e+11
-1.296623861760000000e+11
-3.796814233600000000e+10
1.925680005120000000e+11
-3.401305948160000000e+11
-1.258301685760000000e+11
-3.564550225920000000e+11
-5.241441812480000000e+11
2.574751006720000000e+11
-1.857321369600000000e+11
-6.743320985600000000e+10
3.101294592000000000e+11
-5.321685729280000000e+11
8.147373916160000000e+11
4.583463649280000000e+11
2.215854571520000000e+11
-2.694844252160000000e+11
-4.417917419520000000e+11
-7.694675476480000000e+11
3.015609221120000000e+11
-1.368998871040000000e+11
6.100811120640000000e+11
7.347219660800000000e+10
-1.711527690240000000e+11
-4.398533181440000000e+11
-4.037099520000000000e+10
-1.051343093760000000e+11
-2.921151856640000000e+11
3.473712742400000000e+11
4.677792890880000000e+11
-2.205486940160000000e+11
9.778576588800000000e+10
-5.118937006080000000e+11
1.366274703360000000e+11
-6.532662558720000000e+11
3.719545487360000000e+11
2.538297425920000000e+11
-6.104236687360000000e+11
3.556507648000000000e+10
-7.957314273280000000e+11
-3.497127444480000000e+11
-5.334882713600000000e+11
-2.296605900800000000e+11
2.969331957760000000e+11
-5.746470420480000000e+11
-4.142465679360000000e+11
5.582686781440000000e+11
3.632137830400000000e+11
-1.792058982400000000e+11
9.800744960000000000e+08
1.219744890880000000e+11
3.481064570880000000e+11
-3.253010432000000000e+11
3.567620587520000000e+11
2.910148198400000000e+10
-3.397933793280000000e+11
-4.128837140480000000e+11
-6.157483212800000000e+10
-4.477053173760000000e+11
3.468039290880000000e+11
-2.575272181760000000e+11
5.164057886720000000e+11
-4.598286581760000000e+11
3.545448448000000000e+09
9.732762828800000000e+10
6.988365824000000000e+11
-5.207484989440000000e+11
6.745897041920000000e+11
4.539994603520000000e+11
2.729153658880000000e+11
6.607533506560000000e+11
2.040637030400000000e+11
-2.765604126720000000e+11
-3.593344450560000000e+11
-2.948670750720000000e+11
4.887746969600000000e+11
6.392302796800000000e+11
2.139185479680000000e+11
2.825180610560000000e+11
-4.352358809600000000e+11
-2.788737024000000000e+11
-4.937627074560000000e+11
-4.467279790080000000e+11
9.447306690560000000e+11
6.105377013760000000e+11
3.256237752320000000e+11
-2.765589053440000000e+11
5.039094824960000000e+11
6.617032294400000000e+11
-3.920726261760000000e+11
-5.348685905920000000e+11
1.748404142080000000e+11
-8.355040460800000000e+11
1.139452149760000000e+11
3.683433512960000000e+11
1.165635911680000000e+11
1.511659601920000000e+11
-4.799412305920000000e+11
8.717517455360000000e+11
-6.164700200960000000e+11
-5.136532275200000000e+10
4.342126673920000000e+11
-1.265323704320000000e+11
4.920486133760000000e+11
-4.169646735360000000e+11
-2.273407139840000000e+11
4.768885637120000000e+11
-1.807572992000000000e+11
-1.634804367360000000e+11
3.866662993920000000e+11
-2.331062927360000000e+11
-2.501800427520000000e+11
-4.299091476480000000e+11
-5.978295500800000000e+10
-5.413268029440000000e+11
3.220629749760000000e+11
-2.421489336320000000e+11
-1.915987558400000000e+10
-2.471923875840000000e+11
-4.571688468480000000e+11
1.696912834560000000e+11
-3.825039769600000000e+11
6.369181696000000000e+11
-3.424981483520000000e+11
-2.047861063680000000e+11
6.566088294400000000e+10
6.772187463680000000e+11
4.528942284800000000e+10
-7.840264192000000000e+10
-1.229637550080000000e+11
5.529639976960000000e+11
-2.508135628800000000e+11
-2.384783933440000000e+11
-4.658295930880000000e+11
2.852550737920000000e+11
9.823361433600000000e+10
-2.052088954880000000e+11
2.283843256320000000e+11
-3.636663418880000000e+11
-1.231789834240000000e+11
3.917596262400000000e+11
2.020535336960000000e+11
-4.273441013760000000e+11
2.558312611840000000e+11
-7.871068897280000000e+11
2.153569320960000000e+11
-2.531417784320000000e+11
1.801965240320000000e+11
3.267377233920000000e+11
-1.092312678400000000e+11
4.681012674560000000e+11
7.372661719040000000e+11
5.183160975360000000e+11
1.235427328000000000e+10
2.961549230080000000e+11
7.495092797440000000e+11
1.249285079040000000e+11
-1.851344158720000000e+11
-6.831181660160000000e+11
3.609886064640000000e+11
-2.110959779840000000e+11
3.666087772160000000e+11
-7.901669621760000000e+11
-8.450536243200000000e+11
3.890320834560000000e+11
3.104194887680000000e+11
4.504217190400000000e+11
-5.015714856960000000e+11
1.842223677440000000e+11
-4.353992949760000000e+11
5.456176087040000000e+11
-6.293230059520000000e+11
1.368743608320000000e+11
-1.670044057600000000e+10
2.666728980480000000e+11
-3.374653112320000000e+11
-1.070477475840000000e+12
-9.552906813440000000e+11
6.668341739520000000e+11
-3.434972446720000000e+11
-7.957198929920000000e+11
-1.317840240640000000e+11
-2.492718448640000000e+11
-1.210761461760000000e+11
9.885601792000000000e+10
6.408285716480000000e+11
-4.862847221760000000e+11
-2.461345710080000000e+11
-4.717544079360000000e+11
7.110323732480000000e+11
-3.532016844800000000e+10
-3.320794316800000000e+10
-1.988181360640000000e+11
3.921190584320000000e+11
-9.482298163200000000e+10
-5.103601582080000000e+11
5.525758279680000000e+11
3.182447820800000000e+10
4.835269672960000000e+11
2.382066647040000000e+11
3.883002101760000000e+11
-6.797443072000000000e+11
1.443867197440000000e+11
-7.394436055040000000e+11
2.823093944320000000e+11
1.727722291200000000e+11
4.292032102400000000e+10
2.458669547520000000e+11
-4.323189391360000000e+11
2.660968693760000000e+11
-3.341298892800000000e+10
4.253736632320000000e+11
6.982661570560000000e+11
-8.406512435200000000e+10
6.370869248000000000e+10
-3.793834803200000000e+10
-7.075855073280000000e+11
7.687863009280000000e+11
-6.200983552000000000e+11
-8.184862474240000000e+11
9.468619653120000000e+11
8.521681469440000000e+11
-6.548125122560000000e+11
3.222159360000000000e+09
-1.722449920000000000e+08
2.067718799360000000e+11
7.469259161600000000e+11
5.275526758400000000e+10
-2.945771110400000000e+11
2.845634723840000000e+11
-2.031511306240000000e+11
1.450172743680000000e+11
1.244210298880000000e+11
4.018291015680000000e+11
-4.351512739840000000e+11
-8.493226393600000000e+10
3.577445744640000000e+11
-4.168109260800000000e+11
-5.789047193600000000e+10
7.904681656320000000e+11
3.964881797120000000e+11
-3.366530580480000000e+11
8.911093104640000000e+11
-1.445195284480000000e+11
-3.520138444800000000e+10
-1.702299238400000000e+10
2.600963276800000000e+10
-3.512587714560000000e+11
3.679075368960000000e+11
1.995883806720000000e+11
9.739434721280000000e+11
-2.099291422720000000e+11
1.073036001280000000e+11
1.207983800320000000e+11
-3.435528192000000000e+11
2.446531952640000000e+11
6.331620392960000000e+11
-9.754625966080000000e+11
1.296563404800000000e+11
3.760039854080000000e+11
4.097841561600000000e+11
-1.262875443200000000e+10
-3.562131292160000000e+11
5.522827509760000000e+11
-8.458433986560000000e+11
-2.212004823040000000e+11
2.313410314240000000e+11
2.429535518720000000e+11
-7.258408550400000000e+10
4.121052446720000000e+11
-7.582620057600000000e+10
-6.374211584000000000e+11
-5.413315870720000000e+11
-3.536116776960000000e+11
5.464959877120000000e+11
2.475666800640000000e+11
3.772040806400000000e+11
-6.418905825280000000e+11
5.404493742080000000e+11
-3.164884500480000000e+11
3.528065024000000000e+09
7.450304512000000000e+10
1.975152640000000000e+11
3.927648829440000000e+11
-5.738243686400000000e+10
7.783831306240000000e+11
-1.775797534720000000e+11
7.942474137600000000e+10
3.223952752640000000e+11
-2.904413634560000000e+11
-2.591129108480000000e+11
5.462719856640000000e+11
1.001235611648000000e+12
-5.842808012800000000e+10
-8.666950041600000000e+10
-4.761521684480000000e+11
-2.078824857600000000e+11
5.220753408000000000e+09
3.731385221120000000e+11
2.883113123840000000e+11
2.685254041600000000e+10
1.209718865920000000e+11
-5.587507609600000000e+10
2.554720911360000000e+11
-8.315845345280000000e+11
-1.964773867520000000e+11
1.581063700480000000e+11
-1.620261928960000000e+11
-1.905188208640000000e+11
-6.878323507200000000e+10
-4.993626112000000000e+10
1.954011545600000000e+11
3.651507322880000000e+11
3.339257774080000000e+11
1.315028336640000000e+11
-5.015710597120000000e+11
2.585923911680000000e+11
7.039272878080000000e+11
5.001099018240000000e+11
1.247975014400000000e+11
3.458840985600000000e+10
-5.347944038400000000e+11
3.663236628480000000e+11
9.388719308800000000e+10
2.106306396160000000e+11
5.972515225600000000e+11
2.975371100160000000e+11
7.448136253440000000e+11
3.003778662400000000e+11
-8.775837286400000000e+10
6.856360591360000000e+11
-1.955646341120000000e+11
3.181771816960000000e+11
7.784443412480000000e+11
5.917342433280000000e+11
-5.201031987200000000e+11
2.759914291200000000e+11
-9.488325672960000000e+11
-1.575085670400000000e+10
-1.466757120000000000e+11
-2.520739348480000000e+11
-5.140562903040000000e+11
1.618218188800000000e+10
-8.296376565760000000e+11
1.069982810112000000e+12
-1.031366901760000000e+11
-3.212397772800000000e+10
-8.728584192000000000e+10
-7.327840337920000000e+11
1.184777994240000000e+11
-4.459797544960000000e+11
-6.758439321600000000e+11
1.531986575360000000e+11
-2.093794590720000000e+11
-2.966066954240000000e+11
-1.397974138880000000e+11
1.181125705728000000e+12
-4.671476531200000000e+10
1.075597393920000000e+11
-1.471632998400000000e+10
1.059246899200000000e+11
4.255219712000000000e+10
-9.922366668800000000e+10
-3.903444418560000000e+11
4.074780753920000000e+11
3.183868313600000000e+11
-3.406316830720000000e+11
-3.712002949120000000e+11
1.650050498560000000e+11
5.904189358080000000e+11
5.980881551360000000e+11
6.107458437120000000e+11
5.646470348800000000e+10
-5.879777198080000000e+11
2.686712217600000000e+10
-1.052079390720000000e+11
-4.114952683520000000e+11
-4.541791928320000000e+11
1.796788387840000000e+11
2.902485565440000000e+11
4.341512929280000000e+11
-7.602725847040000000e+11
-9.860535418880000000e+11
5.307760640000000000e+09
-7.127016243200000000e+10
4.072368046080000000e+11
-7.348259389440000000e+11
-4.222673879040000000e+11
-3.079637237760000000e+11
5.849263636480000000e+11
2.456417075200000000e+11
4.689706680320000000e+11
2.814498570240000000e+11
-1.641275883520000000e+11
7.229898752000000000e+11
-7.444430848000000000e+09
5.872852664320000000e+11
8.160215040000000000e+08
2.059785338880000000e+11
-7.910771916800000000e+11
5.655541841920000000e+11
2.413311754240000000e+11
2.405057822720000000e+11
-8.214248161280000000e+11
-8.631376281600000000e+10
4.731681996800000000e+10
3.301900288000000000e+11
-3.287175331840000000e+11
-1.784861655040000000e+11
-9.408577536000000000e+11
-1.667946577920000000e+11
1.361042145280000000e+11
-3.656581120000000000e+11
-3.691993497600000000e+11
5.425103831040000000e+11
4.102930104320000000e+11
-4.691709132800000000e+11
1.144978145280000000e+11
-4.221012541440000000e+11
9.048983142400000000e+10
1.007037186048000000e+12
-1.848762040320000000e+11
-3.352524554240000000e+11
-4.768012042240000000e+11
5.469932748800000000e+11
5.072825548800000000e+11
-7.082166845440000000e+11
3.128112906240000000e+11
-7.140021370880000000e+11
-3.491370106880000000e+11
1.038675476480000000e+11
-3.038221107200000000e+10
-4.288442531840000000e+11
2.771001671680000000e+11
-4.448000737280000000e+11
-5.419188224000000000e+10
1.109706342400000000e+11
8.436436828160000000e+11
-3.782550159360000000e+11
4.476228730880000000e+11
-1.188863016960000000e+12
3.373555384320000000e+11
-6.502981304320000000e+11
1.851337932800000000e+11
6.320857088000000000e+09
2.470511738880000000e+11
-1.674714808320000000e+11
2.217952870400000000e+11
1.295920005120000000e+11
-4.074713907200000000e+11
8.320910622720000000e+11
-5.819162296320000000e+11
-2.273825914880000000e+11
-7.120496885760000000e+11
-1.822500945920000000e+11
8.914216550400000000e+11
-2.823318077440000000e+11
-6.385863884800000000e+11
3.089006592000000000e+09
1.363200901120000000e+11
-1.284969431040000000e+11
-5.453710950400000000e+11
-3.565217054720000000e+11
6.710743531520000000e+11
4.713761341440000000e+11
-1.379873751040000000e+11
-1.627001978880000000e+11
-2.576906321920000000e+11
-1.086516101120000000e+11
-4.848334274560000000e+11
-4.025749340160000000e+11
1.880620072960000000e+11
4.725494579200000000e+11
-4.658932940800000000e+11
3.531359191040000000e+11
-1.074820546560000000e+12
5.727933562880000000e+11
-2.844820766720000000e+11
-3.919509913600000000e+11
-5.185978368000000000e+11
-4.368521625600000000e+11
-2.285649264640000000e+11
4.935720632320000000e+11
8.240663756800000000e+10
7.849605857280000000e+11
2.680693555200000000e+11
-5.838892564480000000e+11
7.317308047360000000e+11
-9.643622400000000000e+08
6.942822236160000000e+11
-1.386534338560000000e+11
3.834484817920000000e+11
6.059151851520000000e+11
4.850509414400000000e+10
-2.174072258560000000e+11
3.552709509120000000e+11
5.601667317760000000e+11
-7.512644648960000000e+11
2.328042536960000000e+11
4.052810465280000000e+11
-8.880845619200000000e+10
4.524876103680000000e+11
-3.997255598080000000e+11
3.328520028160000000e+11
2.856561213440000000e+11
1.606293258240000000e+11
-5.523436339200000000e+11
-2.578365317120000000e+11
-3.999008358400000000e+11
-7.832223744000000000e+10
4.906092789760000000e+11
7.485907271680000000e+11
9.112387584000000000e+09
-3.848118272000000000e+11
-3.161517916160000000e+11
-1.976666030080000000e+11
-5.928329543680000000e+11
-2.727726612480000000e+11
1.051812986880000000e+11
5.368353587200000000e+11
-5.580925173760000000e+11
1.128299626496000000e+12
-2.940401090560000000e+11
-1.159704739840000000e+11
-2.632981053440000000e+11
9.881704857600000000e+10
5.514206904320000000e+11
-1.878968565760000000e+11
-1.336628215808000000e+12
1.130038231040000000e+11
-1.070424981504000000e+12
-4.871679180800000000e+10
1.171858227200000000e+11
-8.728549130240000000e+11
2.635529912320000000e+11
1.810737397760000000e+11
2.325024604160000000e+11
2.819345285120000000e+11
-4.076072468480000000e+11
-5.693218488320000000e+11
-5.100627230720000000e+11
4.444628910080000000e+11
-7.663172976640000000e+11
1.076689240064000000e+12
4.495032975360000000e+11
-1.428961689600000000e+11
-8.497054351360000000e+11
3.844961075200000000e+10
2.251582996480000000e+11
-3.899576811520000000e+11
5.765339545600000000e+10
6.345821388800000000e+10
-5.827411968000000000e+11
-1.751775313920000000e+12
-5.319605616640000000e+11
4.120711004160000000e+11
-1.325750681600000000e+11
8.750990950400000000e+10
-2.185898065920000000e+11
5.728704921600000000e+11
3.733085224960000000e+11
6.323594854400000000e+10
-3.373460357120000000e+11
-8.881443962880000000e+11
-2.806921297920000000e+11
-3.694097858560000000e+11
-1.783388569600000000e+11
-3.093697986560000000e+11
1.004885770240000000e+11
-1.693941760000000000e+10
7.445124218880000000e+11
-2.122073702400000000e+11
1.750906470400000000e+11
-3.403195351040000000e+11
-4.158398464000000000e+10
7.422825267200000000e+10
6.285754368000000000e+11
4.054389227520000000e+11
4.260918067200000000e+11
-1.053797646336000000e+12
-9.309569843200000000e+10
-5.075666862080000000e+11
6.877307699200000000e+10
4.860886220800000000e+10
-5.938445680640000000e+11
2.090818150400000000e+10
-1.512884633600000000e+10
2.069719613440000000e+11
1.068585615360000000e+11
1.570103296000000000e+10
-5.340315320320000000e+11
-4.846328217600000000e+10
-5.491420692480000000e+11
8.724907294720000000e+11
-5.831967375360000000e+11
2.799590440960000000e+11
1.167562637312000000e+12
-2.214673612800000000e+11
-4.640592691200000000e+10
1.304385290240000000e+11
-2.719538872320000000e+11
-3.648122060800000000e+10
4.930474475520000000e+11
4.018296586240000000e+11
-3.203876782080000000e+11
9.735988838400000000e+11
-2.049811742720000000e+11
9.159753072640000000e+11
-4.861017784320000000e+11
6.452953743360000000e+11
-9.915363328000000000e+09
2.135180574720000000e+11
4.956563046400000000e+11
-3.061195079680000000e+11
4.132321034240000000e+11
2.023332413440000000e+11
-3.399058718720000000e+11
-4.109517127680000000e+11
5.597554933760000000e+11
-3.245592412160000000e+11
-3.427182837760000000e+11
7.648091832320000000e+11
-1.812718059520000000e+11
3.089019699200000000e+11
1.943187783680000000e+11
-1.282828124160000000e+11
7.427360030720000000e+11
3.308160942080000000e+11
2.632893235200000000e+11
-2.514660556800000000e+10
-3.164241592320000000e+11
-1.559115366400000000e+10
1.844524646400000000e+11
-4.761278218240000000e+11
-5.269041971200000000e+11
5.851528560640000000e+11
1.115092746240000000e+11
1.015807541248000000e+12
6.868723302400000000e+10
5.845281013760000000e+11
1.049933512704000000e+12
3.423088803840000000e+11
-3.087593308160000000e+11
-3.283501056000000000e+11
-1.435404861440000000e+11
4.735285329920000000e+11
1.772789760000000000e+08
-4.312019435520000000e+11
1.769879961600000000e+11
1.133873397760000000e+11
5.198145126400000000e+10
