2.128922378240000000e+11
-8.190853939200000000e+10
3.704271667200000000e+10
2.442713661440000000e+11
-5.021908992000000000e+11
-2.598228459520000000e+11
3.818385571840000000e+11
3.891988725760000000e+11
-4.031422136320000000e+11
2.282533683200000000e+10
-4.458991452160000000e+11
3.745677312000000000e+10
-2.817021706240000000e+11
-1.956189634560000000e+11
5.337519554560000000e+11
-5.277427630080000000e+11
1.772334284800000000e+11
-5.129576448000000000e+11
-6.568765849600000000e+10
1.527467540480000000e+11
2.498444984320000000e+11
-4.831330959360000000e+11
-1.512851210240000000e+11
-6.608642048000000000e+09
2.164222525440000000e+11
-5.099623874560000000e+11
1.843387105280000000e+11
1.871736995840000000e+11
6.014812815360000000e+11
-4.161927577600000000e+10
-4.112814899200000000e+10
-4.977677434880000000e+11
5.138947768320000000e+11
-2.420159774720000000e+11
-4.056535531520000000e+11
-2.591257395200000000e+11
8.641131315200000000e+10
-4.245116026880000000e+11
-1.808756244480000000e+11
3.484590407680000000e+11
1.286858342400000000e+10
-8.034747678720000000e+11
4.069332418560000000e+11
-4.679463731200000000e+10
3.182745681920000000e+11
1.134329856000000000e+10
3.323237826560000000e+11
-1.471425085440000000e+11
1.617718149120000000e+11
2.507075584000000000e+10
1.648904601600000000e+11
-3.248945561600000000e+11
7.349962014720000000e+11
-3.790103183360000000e+11
-1.136902144000000000e+09
-1.280640614400000000e+10
3.967856476160000000e+11
-3.516392243200000000e+10
3.955199836160000000e+11
-5.317912576000000000e+10
2.689149665280000000e+11
-2.241325957120000000e+11
-8.459574476800000000e+10
3.638409297920000000e+11
4.900498964480000000e+11
-4.793430835200000000e+11
9.290416128000000000e+09
3.223259709440000000e+11
-1.837043875840000000e+11
-6.087101644800000000e+10
-3.573845852160000000e+11
-5.011410452480000000e+11
-1.506245836800000000e+11
7.958462464000000000e+10
-1.044633092096000000e+12
-1.258650992640000000e+11
-4.331905024000000000e+11
4.407480320000000000e+09
9.997941145600000000e+10
-2.345542942720000000e+11
3.723324620800000000e+10
-1.104926310400000000e+11
7.552527237120000000e+11
1.060115742720000000e+11
5.256553758720000000e+11
-5.890741370880000000e+11
3.537405214720000000e+11
-3.981281198080000000e+11
-3.448482365440000000e+11
1.071357952000000000e+11
2.318964490240000000e+11
3.281397678080000000e+11
-6.195135119360000000e+11
5.714208358400000000e+10
4.656030023680000000e+11
4.467357122560000000e+11
-1.634802892800000000e+11
-1.547468472320000000e+11
-4.373000028160000000e+11
2.352391618560000000e+11
3.206983843840000000e+11
-1.876385136640000000e+11
-3.171889643520000000e+11
1.536941588480000000e+11
1.674972364800000000e+10
2.541975552000000000e+10
-1.692766371840000000e+11
5.821779968000000000e+10
3.022562918400000000e+10
3.880771256320000000e+11
-4.516774871040000000e+11
-3.531846778880000000e+11
2.477432504320000000e+11
-2.421438873600000000e+10
5.842967756800000000e+10
6.364405432320000000e+11
-3.649259438080000000e+11
1.926477250560000000e+11
-1.405702799360000000e+11
5.565557637120000000e+11
9.564421324800000000e+10
-1.871369994240000000e+11
-4.315632435200000000e+10
4.515320299520000000e+11
-1.510536314880000000e+11
-1.367424532480000000e+11
2.393729925120000000e+11
3.391184896000000000e+10
-2.655785451520000000e+11
-5.070839480320000000e+11
-3.276137758720000000e+11
-4.888394465280000000e+11
2.560832471040000000e+11
2.534676234240000000e+11
-4.000625131520000000e+11
6.487589519360000000e+11
-5.845847244800000000e+10
2.064606330880000000e+11
-2.823156858880000000e+11
1.552538992640000000e+11
2.373904957440000000e+11
3.266321448960000000e+11
-2.746236928000000000e+10
-7.100628992000000000e+09
-8.588339445760000000e+11
-2.320992829440000000e+11
-7.825302323200000000e+10
-4.154498088960000000e+11
-1.244042362880000000e+11
-5.152159825920000000e+11
4.510285824000000000e+11
4.138984407040000000e+11
-3.884570050560000000e+11
-2.915368960000000000e+11
-3.070531665920000000e+11
3.216603873280000000e+11
-6.477036912640000000e+11
4.730996326400000000e+11
-2.774931865600000000e+10
1.429163868160000000e+11
1.751959306240000000e+11
6.939269529600000000e+10
7.580334489600000000e+10
3.958053273600000000e+11
2.515587235840000000e+11
1.131870289920000000e+11
-7.068693299200000000e+11
-2.176477757440000000e+11
2.391546920960000000e+11
-3.202948464640000000e+11
-1.674287677440000000e+11
-4.137302753280000000e+11
1.789501767680000000e+11
3.498973921280000000e+11
-1.835032739840000000e+11
-2.282661150720000000e+11
-3.835729674240000000e+11
1.496326799360000000e+11
2.234512834560000000e+11
-1.307936522240000000e+11
-6.370851553280000000e+11
-3.376372776960000000e+11
-5.618517934080000000e+11
-7.100386508800000000e+10
-5.061024153600000000e+11
-9.793747353600000000e+10
-4.943484354560000000e+11
-3.132279029760000000e+11
-7.820390563840000000e+11
-1.830542049280000000e+11
3.831414456320000000e+11
5.156119183360000000e+11
2.984820080640000000e+11
-2.007282810880000000e+11
3.000016568320000000e+11
7.695239741440000000e+11
9.172489011200000000e+10
2.963647692800000000e+11
-7.899054080000000000e+08
-8.851466649600000000e+10
7.717445632000000000e+09
-1.837139558400000000e+11
3.894133391360000000e+11
-5.054561976320000000e+11
-2.839407493120000000e+11
1.757374873600000000e+11
4.271454289920000000e+11
9.713304862720000000e+11
-2.365050060800000000e+11
3.654524928000000000e+09
1.323316510720000000e+11
3.298630696960000000e+11
2.174285414400000000e+10
-5.909631795200000000e+10
1.435590492160000000e+11
-1.188958699520000000e+11
-1.973195407360000000e+11
-2.024672624640000000e+11
-4.749996851200000000e+11
-5.508383375360000000e+11
1.328987340800000000e+11
-4.332517130240000000e+11
-5.966339768320000000e+11
1.156052008960000000e+11
-4.532235796480000000e+11
4.128948224000000000e+11
1.805802045440000000e+11
-2.526389370880000000e+11
-3.053460193280000000e+11
1.158841630720000000e+11
2.174683054080000000e+11
1.939708313600000000e+10
-4.448244203520000000e+11
2.258594693120000000e+11
5.364065894400000000e+10
1.054884741120000000e+11
-6.891706777600000000e+10
6.449360404480000000e+11
1.995437506560000000e+11
-7.742618009600000000e+10
-2.181470617600000000e+11
4.391133184000000000e+09
-5.887276482560000000e+11
2.878574428160000000e+11
-4.162228715520000000e+11
-2.836336148480000000e+11
-3.239490355200000000e+11
1.491190251520000000e+11
5.203705856000000000e+09
5.280792903680000000e+11
2.793739059200000000e+10
-4.540685025280000000e+11
2.550130278400000000e+10
-1.484002099200000000e+10
-1.157571051520000000e+11
3.038171299840000000e+11
2.274142617600000000e+11
8.837499453440000000e+11
-6.002891161600000000e+11
2.580925644800000000e+10
2.332887285760000000e+11
4.562384486400000000e+10
1.483742576640000000e+11
1.015863705600000000e+10
-3.916458885120000000e+11
-6.625528381440000000e+11
-3.377983651840000000e+11
3.878768803840000000e+11
2.985585213440000000e+11
1.467706408960000000e+11
-9.268751892480000000e+11
7.605309440000000000e+10
6.412674662400000000e+10
-5.252808704000000000e+10
-4.710511411200000000e+10
7.916831375360000000e+11
-2.036565606400000000e+11
8.515893657600000000e+10
7.982759936000000000e+10
-8.504765644800000000e+10
-7.907946004480000000e+11
-5.969068687360000000e+11
2.589397811200000000e+11
-3.064811028480000000e+11
-3.667741573120000000e+11
-5.165355171840000000e+11
-6.086054707200000000e+10
3.105852620800000000e+11
9.027994419200000000e+10
1.025403781120000000e+11
-5.234764677120000000e+11
4.457804595200000000e+11
-1.651112837120000000e+11
7.336385576960000000e+11
2.991024701440000000e+11
-5.240242176000000000e+09
5.454171340800000000e+10
-9.726054400000000000e+10
5.240366694400000000e+11
-3.059628441600000000e+10
8.764312125440000000e+11
3.471515975680000000e+11
-7.348710932480000000e+11
5.885124935680000000e+11
4.786549555200000000e+10
1.485449953280000000e+11
-3.412610580480000000e+11
-2.529022771200000000e+11
-1.770764697600000000e+11
1.112254382080000000e+11
-2.489435586560000000e+11
1.968983244800000000e+10
-9.900972441600000000e+10
1.496460165120000000e+11
3.798091038720000000e+11
2.014779801600000000e+11
-1.960198963200000000e+11
3.518408622080000000e+11
-4.325637488640000000e+11
-3.066492354560000000e+11
-1.736877506560000000e+11
2.657696153600000000e+11
4.107394088960000000e+11
-1.704832204800000000e+11
5.398863216640000000e+11
7.288494489600000000e+10
7.905201356800000000e+10
2.070039756800000000e+10
-1.344062914560000000e+11
7.691687034880000000e+11
3.332087808000000000e+10
-1.481927393280000000e+11
2.549394145280000000e+11
-2.242978611200000000e+10
2.529455308800000000e+11
1.526756147200000000e+10
-5.259064442880000000e+11
-1.116627107840000000e+11
-3.367973683200000000e+11
-1.832538603520000000e+11
3.913235169280000000e+11
-4.504360058880000000e+11
4.660885913600000000e+10
-7.152599040000000000e+09
-1.151834030080000000e+11
-8.905096560640000000e+11
3.899282554880000000e+11
5.963718328320000000e+11
-4.073974988800000000e+11
2.020670832640000000e+11
-6.847905792000000000e+10
-6.571226726400000000e+10
1.474547548160000000e+11
-2.737654005760000000e+11
-1.006202060800000000e+11
-2.673466736640000000e+11
-4.737972961280000000e+11
2.181325783040000000e+11
-1.964675399680000000e+11
-4.548841472000000000e+10
2.639871016960000000e+11
-4.374018785280000000e+11
6.688070696960000000e+11
3.746021048320000000e+11
1.873956208640000000e+11
-2.081687142400000000e+11
-3.621173329920000000e+11
-6.543810887680000000e+11
2.789325209600000000e+11
-9.494382182400000000e+10
5.283057172480000000e+11
4.839310950400000000e+10
-1.811084410880000000e+11
-3.430696878080000000e+11
-2.737976115200000000e+10
-8.706351104000000000e+10
-2.633395732480000000e+11
3.093139947520000000e+11
3.714099445760000000e+11
-1.800403845120000000e+11
7.856597401600000000e+10
-4.177233182720000000e+11
9.459058278400000000e+10
-5.016574361600000000e+11
3.174550405120000000e+11
2.369459159040000000e+11
-5.141676032000000000e+11
1.112784896000000000e+10
-6.469299732480000000e+11
-2.597399592960000000e+11
-4.290478080000000000e+11
-1.880978227200000000e+11
2.407898972160000000e+11
-4.575947653120000000e+11
-3.530901749760000000e+11
4.349024665600000000e+11
2.957215334400000000e+11
-1.603247964160000000e+11
2.168504320000000000e+09
1.099360092160000000e+11
2.816769392640000000e+11
-2.712074977280000000e+11
2.693536481280000000e+11
-3.339427840000000000e+09
-2.837207449600000000e+11
-3.831658905600000000e+11
-6.855295795200000000e+10
-3.571712655360000000e+11
2.715230863360000000e+11
-1.904197468160000000e+11
4.334747648000000000e+11
-3.853061324800000000e+11
1.783994777600000000e+10
9.706890854400000000e+10
5.817697566720000000e+11
-4.308858961920000000e+11
5.295304212480000000e+11
3.670128066560000000e+11
2.276464721920000000e+11
5.361126604800000000e+11
1.663988531200000000e+11
-2.722945433600000000e+11
-2.853763809280000000e+11
-2.450239488000000000e+11
3.911565967360000000e+11
5.007572992000000000e+11
1.723573534720000000e+11
2.359030087680000000e+11
-3.787481415680000000e+11
-2.272278282240000000e+11
-4.219601879040000000e+11
-3.591474380800000000e+11
8.128968785920000000e+11
5.119046451200000000e+11
2.659715809280000000e+11
-2.076598599680000000e+11
4.065826570240000000e+11
5.281508884480000000e+11
-3.214545387520000000e+11
-4.697446809600000000e+11
1.892497981440000000e+11
-6.479757312000000000e+11
9.128033484800000000e+10
2.820659281920000000e+11
7.804973056000000000e+10
1.051639152640000000e+11
-4.057424527360000000e+11
6.971291729920000000e+11
-4.853491957760000000e+11
-4.447843942400000000e+10
3.585448345600000000e+11
-9.119076352000000000e+10
3.728549806080000000e+11
-3.329299251200000000e+11
-2.120323563520000000e+11
4.161865318400000000e+11
-1.259732336640000000e+11
-1.231897804800000000e+11
3.049279324160000000e+11
-1.915639234560000000e+11
-2.207595560960000000e+11
-3.710389125120000000e+11
-4.200724070400000000e+10
-4.429113262080000000e+11
2.788072488960000000e+11
-1.735001866240000000e+11
1.430515302400000000e+10
-1.924651417600000000e+11
-3.914127114240000000e+11
1.340035809280000000e+11
-3.265690337280000000e+11
5.210197852160000000e+11
-2.835484835840000000e+11
-1.539420487680000000e+11
7.440902553600000000e+10
5.672974417920000000e+11
3.723331993600000000e+10
-5.332538163200000000e+10
-7.610330316800000000e+10
4.473759006720000000e+11
-1.706056908800000000e+11
-1.954012200960000000e+11
-3.965061693440000000e+11
2.588554526720000000e+11
1.014168944640000000e+11
-1.929427681280000000e+11
2.017205616640000000e+11
-3.128648007680000000e+11
-1.179815526400000000e+11
3.006676992000000000e+11
1.627528724480000000e+11
-3.765218836480000000e+11
2.163052216320000000e+11
-6.767371223040000000e+11
1.815510056960000000e+11
-1.999034449920000000e+11
1.458841681920000000e+11
2.656756039680000000e+11
-8.747186585600000000e+10
3.830968156160000000e+11
6.403784704000000000e+11
4.533597634560000000e+11
1.216349798400000000e+10
2.582172794880000000e+11
6.026615193600000000e+11
9.428013056000000000e+10
-1.794723676160000000e+11
-5.548821708800000000e+11
2.827997675520000000e+11
-1.734115983360000000e+11
3.329629880320000000e+11
-6.370756526080000000e+11
-6.932188364800000000e+11
3.631460515840000000e+11
2.144352010240000000e+11
3.609001656320000000e+11
-4.063188090880000000e+11
1.778120458240000000e+11
-3.759712174080000000e+11
4.660467466240000000e+11
-5.459738624000000000e+11
1.260957286400000000e+11
-1.379077324800000000e+10
2.195919011840000000e+11
-3.004962570240000000e+11
-8.650957783040000000e+11
-7.795632373760000000e+11
5.751508828160000000e+11
-2.800081633280000000e+11
-6.545379164160000000e+11
-8.278252748800000000e+10
-2.145248215040000000e+11
-9.726124032000000000e+10
6.326637363200000000e+10
5.430614425600000000e+11
-4.023172464640000000e+11
-2.193886904320000000e+11
-4.038012764160000000e+11
5.634904555520000000e+11
-3.588576051200000000e+10
-2.762301440000000000e+10
-1.567385190400000000e+11
3.519215042560000000e+11
-7.236056678400000000e+10
-4.270231715840000000e+11
4.070109675520000000e+11
2.276332339200000000e+10
4.025849610240000000e+11
1.705670901760000000e+11
3.039218237440000000e+11
-5.929572761600000000e+11
9.115739750400000000e+10
-5.775901982720000000e+11
2.311255326720000000e+11
1.315926507520000000e+11
2.500994662400000000e+10
1.998704476160000000e+11
-3.553046691840000000e+11
1.963744296960000000e+11
-2.690626355200000000e+10
3.533233520640000000e+11
5.388946309120000000e+11
-9.148607692800000000e+10
3.426120499200000000e+10
3.565715456000000000e+09
-6.238173265920000000e+11
6.651133296640000000e+11
-5.286520422400000000e+11
-6.680604835840000000e+11
7.660813680640000000e+11
6.949678612480000000e+11
-5.303031562240000000e+11
1.132309708800000000e+10
1.552252928000000000e+09
1.580172247040000000e+11
6.217589063680000000e+11
4.220364390400000000e+10
-2.527864913920000000e+11
2.217359114240000000e+11
-1.771873239040000000e+11
1.519224750080000000e+11
1.151346278400000000e+11
3.499485757440000000e+11
-3.702816112640000000e+11
-7.906715238400000000e+10
2.870216622080000000e+11
-3.236868915200000000e+11
-4.364124160000000000e+10
6.354811617280000000e+11
3.401857433600000000e+11
-2.577149460480000000e+11
7.131645870080000000e+11
-1.006965964800000000e+11
-5.006439219200000000e+10
-3.224103321600000000e+10
5.987000320000000000e+10
-2.800897884160000000e+11
3.045868175360000000e+11
1.706711449600000000e+11
8.265034629120000000e+11
-1.859829432320000000e+11
8.395951308800000000e+10
6.897100390400000000e+10
-3.031572152320000000e+11
1.815730257920000000e+11
5.113802915840000000e+11
-8.020488355840000000e+11
1.089834352640000000e+11
2.938067025920000000e+11
3.259134771200000000e+11
-1.223383449600000000e+10
-2.972903997440000000e+11
4.473752125440000000e+11
-6.841078906880000000e+11
-1.796438589440000000e+11
1.940634828800000000e+11
1.982908661760000000e+11
-6.450410700800000000e+10
3.240278097920000000e+11
-5.037809664000000000e+10
-5.088245186560000000e+11
-4.417552056320000000e+11
-2.820561633280000000e+11
4.396251217920000000e+11
2.279612416000000000e+11
2.993536368640000000e+11
-5.293414481920000000e+11
4.317388800000000000e+11
-2.715700592640000000e+11
1.831234764800000000e+10
6.003503923200000000e+10
1.424629760000000000e+11
3.274737254400000000e+11
-6.212249190400000000e+10
5.991187087360000000e+11
-1.647282749440000000e+11
6.326370304000000000e+10
2.844741468160000000e+11
-2.295036477440000000e+11
-2.202140999680000000e+11
4.470634577920000000e+11
7.625166028800000000e+11
-6.263478681600000000e+10
-7.953503846400000000e+10
-3.768634572800000000e+11
-2.033456906240000000e+11
-2.097803264000000000e+10
2.943856803840000000e+11
2.401696481280000000e+11
3.702134374400000000e+10
1.365664890880000000e+11
-3.324850995200000000e+10
1.432310415360000000e+11
-6.818828779520000000e+11
-1.519260467200000000e+11
1.482388275200000000e+11
-1.245597532160000000e+11
-1.795268280320000000e+11
-2.583379148800000000e+10
-1.710425702400000000e+10
1.537870069760000000e+11
3.189510635520000000e+11
2.265422888960000000e+11
1.416156610560000000e+11
-4.411065958400000000e+11
1.912785305600000000e+11
5.910326804480000000e+11
4.300873400320000000e+11
1.041076879360000000e+11
2.984084684800000000e+10
-4.475804057600000000e+11
3.083839406080000000e+11
7.924945715200000000e+10
1.815492198400000000e+11
4.976034447360000000e+11
2.377988505600000000e+11
6.135457382400000000e+11
2.740406845440000000e+11
-6.384137011200000000e+10
5.608724234240000000e+11
-1.802643701760000000e+11
2.673525882880000000e+11
6.368441139200000000e+11
4.924262973440000000e+11
-4.163735388160000000e+11
2.592303841280000000e+11
-7.881877749760000000e+11
-5.760024576000000000e+09
-1.297409310720000000e+11
-2.111039078400000000e+11
-4.062212259840000000e+11
8.966995968000000000e+09
-6.865868554240000000e+11
9.013969551360000000e+11
-8.214784409600000000e+10
-3.452747776000000000e+10
-7.751812710400000000e+10
-5.735495106560000000e+11
1.013585182720000000e+11
-3.536279961600000000e+11
-5.560652922880000000e+11
1.303439769600000000e+11
-1.731488972800000000e+11
-2.314007019520000000e+11
-1.132242042880000000e+11
9.265065492480000000e+11
-1.432193433600000000e+10
7.176078950400000000e+10
-1.792432537600000000e+10
9.036226560000000000e+10
5.703494041600000000e+10
-8.575800115200000000e+10
-3.283453870080000000e+11
3.259805859840000000e+11
2.224594288640000000e+11
-2.795060592640000000e+11
-3.096839454720000000e+11
1.462858219520000000e+11
4.942017331200000000e+11
4.520871526400000000e+11
4.977257349120000000e+11
7.405568000000000000e+10
-4.968179302400000000e+11
2.396652339200000000e+10
-1.027529441280000000e+11
-3.311239823360000000e+11
-3.616486850560000000e+11
1.439653560320000000e+11
2.578423152640000000e+11
3.898553139200000000e+11
-6.116291379200000000e+11
-7.959072604160000000e+11
4.322127052800000000e+10
-2.037614182400000000e+10
3.407779594240000000e+11
-6.146143027200000000e+11
-3.490224537600000000e+11
-2.204791439360000000e+11
4.747022172160000000e+11
1.865748316160000000e+11
3.746093137920000000e+11
2.188075663360000000e+11
-1.538129756160000000e+11
5.850430832640000000e+11
-1.317072896000000000e+09
4.674518712320000000e+11
-2.695495680000000000e+09
1.647583559680000000e+11
-6.730671063040000000e+11
4.521231319040000000e+11
2.239884165120000000e+11
1.736538849280000000e+11
-6.625380925440000000e+11
-8.168888729600000000e+10
2.845143040000000000e+10
2.521538887680000000e+11
-2.697236971520000000e+11
-1.562684948480000000e+11
-7.652375920640000000e+11
-1.202091294720000000e+11
1.029207162880000000e+11
-2.805177384960000000e+11
-3.101076357120000000e+11
4.341031895040000000e+11
3.136412057600000000e+11
-4.023441162240000000e+11
7.398652313600000000e+10
-3.407754362880000000e+11
8.421028659200000000e+10
8.209156014080000000e+11
-1.664894894080000000e+11
-2.690783313920000000e+11
-4.170932879360000000e+11
4.395726929920000000e+11
4.236446597120000000e+11
-5.771697848320000000e+11
2.356609843200000000e+11
-5.670421135360000000e+11
-2.734228111360000000e+11
6.794377625600000000e+10
-1.782217113600000000e+10
-3.252971765760000000e+11
2.218316103680000000e+11
-3.554030059520000000e+11
-1.389271449600000000e+10
1.186518466560000000e+11
6.735845785600000000e+11
-3.302994739200000000e+11
3.589556797440000000e+11
-9.776037888000000000e+11
2.724621516800000000e+11
-5.235118571520000000e+11
1.452213207040000000e+11
1.821604249600000000e+10
1.921424916480000000e+11
-1.576763064320000000e+11
1.962533519360000000e+11
9.971073024000000000e+10
-3.237531156480000000e+11
7.078616760320000000e+11
-4.986509066240000000e+11
-1.983873515520000000e+11
-5.422670807040000000e+11
-1.600893911040000000e+11
6.871084564480000000e+11
-2.181099847680000000e+11
-5.213450731520000000e+11
-3.290619084800000000e+10
1.032306851840000000e+11
-1.377126973440000000e+11
-4.446918410240000000e+11
-3.068188098560000000e+11
5.311809454080000000e+11
4.166902415360000000e+11
-1.182551572480000000e+11
-1.074160353280000000e+11
-2.032309698560000000e+11
-8.685748224000000000e+10
-4.013397442560000000e+11
-3.393075281920000000e+11
1.516783206400000000e+11
3.837258629120000000e+11
-4.194295480320000000e+11
2.771165511680000000e+11
-8.736121815040000000e+11
4.855167057920000000e+11
-2.268431974400000000e+11
-3.325333012480000000e+11
-4.552385495040000000e+11
-3.647143608320000000e+11
-2.149442519040000000e+11
4.220426977280000000e+11
3.988248985600000000e+10
6.482058936320000000e+11
2.092246302720000000e+11
-5.149318512640000000e+11
6.083860234240000000e+11
8.116420608000000000e+09
5.811905495040000000e+11
-1.226638950400000000e+11
3.638029516800000000e+11
5.506330787840000000e+11
5.632068812800000000e+10
-1.678124318720000000e+11
2.872409456640000000e+11
4.971678597120000000e+11
-6.225221386240000000e+11
1.960693104640000000e+11
3.365230018560000000e+11
-8.287410585600000000e+10
4.117914255360000000e+11
-3.147061329920000000e+11
2.454181314560000000e+11
2.236775464960000000e+11
1.117007872000000000e+11
-4.235909529600000000e+11
-2.578959892480000000e+11
-3.549979934720000000e+11
-7.598557593600000000e+10
3.825847500800000000e+11
6.113863925760000000e+11
-3.020311756800000000e+10
-3.324463677440000000e+11
-2.495729827840000000e+11
-1.791150817280000000e+11
-4.764662497280000000e+11
-2.165627617280000000e+11
8.789465497600000000e+10
4.514287452160000000e+11
-4.618959257600000000e+11
9.345978859520000000e+11
-2.281860628480000000e+11
-9.896384921600000000e+10
-2.028097699840000000e+11
9.491113574400000000e+10
4.180479836160000000e+11
-1.688213913600000000e+11
-1.104501276672000000e+12
8.505797836800000000e+10
-8.625935482880000000e+11
-4.527398912000000000e+10
7.659326668800000000e+10
-7.285222932480000000e+11
2.117862359040000000e+11
1.048754913280000000e+11
2.050473492480000000e+11
2.441251880960000000e+11
-3.197013852160000000e+11
-4.823981424640000000e+11
-4.475667087360000000e+11
3.661099171840000000e+11
-6.159490744320000000e+11
8.839726366720000000e+11
3.572609187840000000e+11
-1.100444057600000000e+11
-6.880522403840000000e+11
3.309282918400000000e+10
1.787915632640000000e+11
-3.550616616960000000e+11
2.796247449600000000e+10
5.947047936000000000e+10
-4.525243105280000000e+11
-1.407997181952000000e+12
-4.295823851520000000e+11
3.637723136000000000e+11
-1.303205068800000000e+11
5.140690534400000000e+10
-1.809234984960000000e+11
4.355925934080000000e+11
3.067372503040000000e+11
5.847833804800000000e+10
-2.551544872960000000e+11
-7.404025937920000000e+11
-2.242163507200000000e+11
-2.657721712640000000e+11
-1.363347619840000000e+11
-2.511664414720000000e+11
6.738237440000000000e+10
2.313650176000000000e+09
6.211332997120000000e+11
-1.562383155200000000e+11
1.162361896960000000e+11
-3.128588369920000000e+11
-4.182743449600000000e+10
5.412400332800000000e+10
4.950397419520000000e+11
3.176993914880000000e+11
3.416552570880000000e+11
-8.599922278400000000e+11
-6.763063705600000000e+10
-4.709138432000000000e+11
9.187468902400000000e+10
5.240722227200000000e+10
-4.495802368000000000e+11
5.674825728000000000e+09
-2.649242828800000000e+10
1.656028364800000000e+11
1.232964894720000000e+11
2.258983321600000000e+10
-4.468040007680000000e+11
-4.733337600000000000e+10
-4.576704921600000000e+11
7.186749194240000000e+11
-4.762959872000000000e+11
2.072116264960000000e+11
9.552263905280000000e+11
-1.979798487040000000e+11
-5.628397977600000000e+10
1.068470108160000000e+11
-1.852732538880000000e+11
-7.660101632000000000e+10
3.836103884800000000e+11
3.376905584640000000e+11
-2.786457681920000000e+11
7.990671441920000000e+11
-1.545744875520000000e+11
7.166006394880000000e+11
-3.901798809600000000e+11
5.264059269120000000e+11
-1.943233331200000000e+10
1.435512995840000000e+11
3.976679260160000000e+11
-2.534850723840000000e+11
3.680601047040000000e+11
1.629754163200000000e+11
-3.142153666560000000e+11
-3.584970915840000000e+11
4.501009530880000000e+11
-2.768674488320000000e+11
-2.956164792320000000e+11
6.040181145600000000e+11
-1.210578370560000000e+11
2.535280476160000000e+11
1.498925957120000000e+11
-1.044642775040000000e+11
6.125347143680000000e+11
2.642342379520000000e+11
2.558269358080000000e+11
-3.791082291200000000e+10
-2.624320962560000000e+11
-3.519324160000000000e+09
1.215846809600000000e+11
-4.104192327680000000e+11
-4.380171632640000000e+11
4.981654159360000000e+11
7.297305804800000000e+10
8.304001024000000000e+11
7.854645248000000000e+10
4.778356244480000000e+11
8.240503193600000000e+11
2.554960609280000000e+11
-2.359340072960000000e+11
-2.816326369280000000e+11
-1.296715530240000000e+11
4.151900897280000000e+11
1.828204953600000000e+10
-3.275077713920000000e+11
1.188096819200000000e+11
8.411103232000000000e+10
5.135554150400000000e+10
