1.894647398400000000e+11
-1.081343508480000000e+11
2.003795968000000000e+09
2.448025845760000000e+11
-4.919872389120000000e+11
-2.476659179520000000e+11
3.719195852800000000e+11
3.688542371840000000e+11
-3.924599111680000000e+11
1.833670656000000000e+10
-4.564721664000000000e+11
3.446456320000000000e+10
-3.052004966400000000e+11
-1.859495526400000000e+11
5.365757378560000000e+11
-5.028646748160000000e+11
1.875106365440000000e+11
-5.224622981120000000e+11
-7.644698214400000000e+10
1.183267225600000000e+11
2.491586641920000000e+11
-4.770447687680000000e+11
-1.593264865280000000e+11
6.515621888000000000e+09
1.786858700800000000e+11
-4.845523107840000000e+11
1.793350369280000000e+11
1.950621696000000000e+11
5.803569315840000000e+11
-5.128785920000000000e+10
-4.923891712000000000e+10
-5.060880629760000000e+11
5.049019924480000000e+11
-2.641128980480000000e+11
-3.865948323840000000e+11
-2.413525729280000000e+11
6.490000588800000000e+10
-4.093187194880000000e+11
-1.560368578560000000e+11
3.385906626560000000e+11
-7.952793600000000000e+09
-8.070245253120000000e+11
4.003490693120000000e+11
-2.560081100800000000e+10
3.075650682880000000e+11
4.616840806400000000e+10
3.189736079360000000e+11
-1.422421524480000000e+11
1.392131440640000000e+11
4.560735436800000000e+10
1.477303664640000000e+11
-3.282713968640000000e+11
7.233020231680000000e+11
-3.791658024960000000e+11
-3.595771904000000000e+10
2.152169472000000000e+09
4.210364252160000000e+11
-2.453108326400000000e+10
3.650012119040000000e+11
-4.761917440000000000e+10
2.744722063360000000e+11
-2.140344156160000000e+11
-1.033219112960000000e+11
3.665813176320000000e+11
4.925381672960000000e+11
-4.591781150720000000e+11
3.250762547200000000e+10
2.856514355200000000e+11
-1.863464878080000000e+11
-7.560187084800000000e+10
-3.579556659200000000e+11
-5.066295214080000000e+11
-1.449309470720000000e+11
9.212837888000000000e+10
-1.043765526528000000e+12
-1.179068334080000000e+11
-4.561574952960000000e+11
2.929228185600000000e+10
1.267211550720000000e+11
-2.202363822080000000e+11
5.504722534400000000e+10
-1.132096552960000000e+11
7.702707568640000000e+11
8.306491392000000000e+10
4.973523763200000000e+11
-5.769153085440000000e+11
3.279943761920000000e+11
-4.028053258240000000e+11
-3.606493593600000000e+11
1.144481710080000000e+11
2.378810163200000000e+11
3.266362408960000000e+11
-6.354348277760000000e+11
5.559830118400000000e+10
4.640646103040000000e+11
4.551219937280000000e+11
-1.505047511040000000e+11
-1.265886658560000000e+11
-4.049257103360000000e+11
2.525338009600000000e+11
3.378589532160000000e+11
-2.143363072000000000e+11
-3.196276899840000000e+11
1.379565076480000000e+11
5.521529241600000000e+10
2.185576448000000000e+09
-1.936870277120000000e+11
7.908035788800000000e+10
4.164413030400000000e+10
3.730969067520000000e+11
-4.339571752960000000e+11
-3.289506119680000000e+11
2.445413908480000000e+11
-4.201501491200000000e+10
8.870967705600000000e+10
6.293450915840000000e+11
-3.641501286400000000e+11
1.924289331200000000e+11
-1.226201497600000000e+11
5.520111042560000000e+11
1.036742901760000000e+11
-1.954759311360000000e+11
-3.849645260800000000e+10
4.056650874880000000e+11
-1.031669022720000000e+11
-1.108310179840000000e+11
2.468641996800000000e+11
4.333320601600000000e+10
-2.531844096000000000e+11
-4.798654709760000000e+11
-3.372217794560000000e+11
-4.956221603840000000e+11
2.503079362560000000e+11
2.324809318400000000e+11
-3.675766456320000000e+11
6.306001715200000000e+11
-4.294071091200000000e+10
2.036591984640000000e+11
-2.991174123520000000e+11
1.641768550400000000e+11
2.670380318720000000e+11
3.139009904640000000e+11
-2.023109427200000000e+10
2.539847680000000000e+08
-8.461930332160000000e+11
-2.181666242560000000e+11
-6.634579558400000000e+10
-4.472569856000000000e+11
-1.224062402560000000e+11
-5.298671452160000000e+11
4.351073320960000000e+11
4.043483709440000000e+11
-4.284966502400000000e+11
-3.132268871680000000e+11
-3.296120668160000000e+11
3.118128496640000000e+11
-6.505461186560000000e+11
4.732605890560000000e+11
1.686423142400000000e+10
9.864924364800000000e+10
2.055866777600000000e+11
5.418775347200000000e+10
6.009472614400000000e+10
3.823610101760000000e+11
2.045910384640000000e+11
1.195495751680000000e+11
-6.812156559360000000e+11
-2.235547648000000000e+11
2.123906252800000000e+11
-3.197483417600000000e+11
-1.327366717440000000e+11
-4.043882823680000000e+11
1.790358323200000000e+11
3.167427297280000000e+11
-1.679657205760000000e+11
-2.341801820160000000e+11
-3.985251041280000000e+11
1.206160752640000000e+11
2.302939627520000000e+11
-1.369877381120000000e+11
-6.494294507520000000e+11
-3.018079272960000000e+11
-5.370809548800000000e+11
-8.572472524800000000e+10
-4.708880220160000000e+11
-1.124206428160000000e+11
-4.664258723840000000e+11
-3.457062993920000000e+11
-7.692951224320000000e+11
-1.752105287680000000e+11
3.631151841280000000e+11
5.102217461760000000e+11
2.968966594560000000e+11
-1.810093670400000000e+11
2.813222584320000000e+11
7.819262689280000000e+11
4.157174579200000000e+10
2.551969873920000000e+11
1.249941913600000000e+10
-1.090340290560000000e+11
3.269504614400000000e+10
-1.910145515520000000e+11
3.992460328960000000e+11
-5.321267609600000000e+11
-3.049968762880000000e+11
1.808565207040000000e+11
4.350741708800000000e+11
9.757867376640000000e+11
-2.013893754880000000e+11
7.127793664000000000e+09
1.420558827520000000e+11
3.149072302080000000e+11
2.295526195200000000e+10
-5.100342476800000000e+10
1.366238904320000000e+11
-1.015601889280000000e+11
-2.172742533120000000e+11
-1.972431421440000000e+11
-5.046779248640000000e+11
-5.284487495680000000e+11
1.369105039360000000e+11
-4.370239324160000000e+11
-5.783444520960000000e+11
1.025593835520000000e+11
-4.399816048640000000e+11
4.128115916800000000e+11
1.695632261120000000e+11
-2.157563740160000000e+11
-2.957871677440000000e+11
1.201762467840000000e+11
2.248332083200000000e+11
1.502922342400000000e+10
-4.592094412800000000e+11
2.301481451520000000e+11
4.989134438400000000e+10
1.123618324480000000e+11
-6.851699916800000000e+10
6.397917921280000000e+11
1.917639557120000000e+11
-5.764874240000000000e+10
-2.091292590080000000e+11
3.564396544000000000e+10
-5.764557701120000000e+11
2.667737907200000000e+11
-4.525499023360000000e+11
-2.955155210240000000e+11
-3.146887659520000000e+11
1.420723159040000000e+11
-1.212001484800000000e+10
5.277495459840000000e+11
2.820886528000000000e+10
-4.564465745920000000e+11
5.303623680000000000e+10
-2.245036441600000000e+10
-9.304930713600000000e+10
2.645040168960000000e+11
2.106885734400000000e+11
9.127079444480000000e+11
-5.696202997760000000e+11
7.062011904000000000e+09
2.119859240960000000e+11
4.097903820800000000e+10
1.660547235840000000e+11
3.309273088000000000e+10
-4.006089195520000000e+11
-6.672821780480000000e+11
-3.790902722560000000e+11
4.212866744320000000e+11
3.027168788480000000e+11
1.475375267840000000e+11
-9.059048488960000000e+11
5.518132838400000000e+10
4.411051212800000000e+10
-5.486152908800000000e+10
-5.861156454400000000e+10
7.958164930560000000e+11
-1.618251939840000000e+11
6.610511462400000000e+10
4.398753382400000000e+10
-7.344845619200000000e+10
-7.657612247040000000e+11
-5.951449333760000000e+11
2.525837393920000000e+11
-2.875197358080000000e+11
-3.372408176640000000e+11
-5.154530590720000000e+11
-4.270948352000000000e+10
3.229458759680000000e+11
1.129731112960000000e+11
1.020549201920000000e+11
-4.823796285440000000e+11
4.141451837440000000e+11
-1.539079208960000000e+11
7.113944596480000000e+11
3.141602181120000000e+11
-1.204069990400000000e+10
6.215936409600000000e+10
-9.623642931200000000e+10
5.157790351360000000e+11
-3.106136883200000000e+10
8.777847275520000000e+11
3.537624760320000000e+11
-7.431388528640000000e+11
5.638814433280000000e+11
5.651542016000000000e+10
1.774032322560000000e+11
-3.362020392960000000e+11
-2.623881379840000000e+11
-1.894664110080000000e+11
9.986585395200000000e+10
-2.440384348160000000e+11
6.037558067200000000e+10
-9.601200947200000000e+10
1.826632663040000000e+11
3.881292922880000000e+11
2.092980961280000000e+11
-1.934185431040000000e+11
3.437600112640000000e+11
-4.428576194560000000e+11
-2.911708119040000000e+11
-1.317743329280000000e+11
2.712271585280000000e+11
4.120931860480000000e+11
-1.908616396800000000e+11
5.105749524480000000e+11
1.121307361280000000e+11
5.028244684800000000e+10
9.697525760000000000e+09
-1.503489884160000000e+11
7.948584878080000000e+11
5.465238732800000000e+10
-1.252634951680000000e+11
2.698413342720000000e+11
5.885026304000000000e+09
2.617124618240000000e+11
-4.662878208000000000e+09
-5.258956636160000000e+11
-1.314756362240000000e+11
-3.413145026560000000e+11
-2.043199815680000000e+11
4.315309342720000000e+11
-4.475246673920000000e+11
2.965789081600000000e+10
2.092767641600000000e+10
-1.272896716800000000e+11
-8.937145630720000000e+11
4.088711741440000000e+11
6.359391928320000000e+11
-4.041891840000000000e+11
1.920349470720000000e+11
-8.304764518400000000e+10
-5.026718515200000000e+10
1.283003187200000000e+11
-2.738227445760000000e+11
-1.300755578880000000e+11
-2.468489297920000000e+11
-4.327041925120000000e+11
1.967341895680000000e+11
-1.691996815360000000e+11
-7.114829004800000000e+10
2.496048660480000000e+11
-4.419432284160000000e+11
6.811846574080000000e+11
3.766120611840000000e+11
1.747630161920000000e+11
-1.932094668800000000e+11
-3.527565639680000000e+11
-6.064132587520000000e+11
2.498902589440000000e+11
-1.117147791360000000e+11
4.933493391360000000e+11
4.739221094400000000e+10
-1.717580595200000000e+11
-3.291463680000000000e+11
-9.896296448000000000e+09
-9.787365785600000000e+10
-2.413552107520000000e+11
2.860294471680000000e+11
3.729014456320000000e+11
-1.873894113280000000e+11
8.591083110400000000e+10
-4.268711608320000000e+11
9.993933619200000000e+10
-5.045901066240000000e+11
3.017710632960000000e+11
2.235422146560000000e+11
-4.730963230720000000e+11
2.108545433600000000e+10
-6.620555509760000000e+11
-2.738080972800000000e+11
-4.294095011840000000e+11
-2.059161927680000000e+11
2.107374632960000000e+11
-4.602560512000000000e+11
-3.308090818560000000e+11
4.738129592320000000e+11
2.604159795200000000e+11
-1.507515269120000000e+11
5.662022041600000000e+10
8.728293376000000000e+10
3.027905413120000000e+11
-2.416942612480000000e+11
3.286877143040000000e+11
1.334272000000000000e+09
-2.727612252160000000e+11
-3.521845657600000000e+11
-3.539699302400000000e+10
-3.752087715840000000e+11
2.795206737920000000e+11
-1.755448770560000000e+11
4.172255723520000000e+11
-3.675813314560000000e+11
3.899736064000000000e+10
7.899678310400000000e+10
5.995907645440000000e+11
-4.583728742400000000e+11
5.358659174400000000e+11
3.655935590400000000e+11
2.174018191360000000e+11
5.532153282560000000e+11
1.497573621760000000e+11
-2.752993361920000000e+11
-2.994672762880000000e+11
-2.400214548480000000e+11
3.854271119360000000e+11
4.704618414080000000e+11
1.848730910720000000e+11
2.000498851840000000e+11
-3.966143692800000000e+11
-2.305943142400000000e+11
-4.045035929600000000e+11
-3.316659650560000000e+11
8.039134658560000000e+11
4.780036587520000000e+11
2.667930910720000000e+11
-2.136416583680000000e+11
4.126208819200000000e+11
5.576671887360000000e+11
-3.341938851840000000e+11
-4.446151639040000000e+11
1.646649344000000000e+11
-6.844446801920000000e+11
1.063033815040000000e+11
2.774016327680000000e+11
7.161144934400000000e+10
1.101950156800000000e+11
-4.273084497920000000e+11
6.833667440640000000e+11
-5.165640908800000000e+11
-5.262748876800000000e+10
3.436798279680000000e+11
-1.150189977600000000e+11
3.556228464640000000e+11
-3.324308357120000000e+11
-2.018329886720000000e+11
3.844896522240000000e+11
-1.382337085440000000e+11
-1.120577536000000000e+11
3.170282700800000000e+11
-1.868469207040000000e+11
-2.129693573120000000e+11
-3.827531776000000000e+11
-4.128659865600000000e+10
-4.276357693440000000e+11
2.866547916800000000e+11
-1.987013345280000000e+11
4.985884672000000000e+09
-1.867835965440000000e+11
-3.671812997120000000e+11
1.269305262080000000e+11
-3.388198420480000000e+11
5.023719751680000000e+11
-2.572670238720000000e+11
-1.484371394560000000e+11
4.039245414400000000e+10
5.681297489920000000e+11
1.822736384000000000e+10
-3.793725849600000000e+10
-7.677127884800000000e+10
4.577180385280000000e+11
-1.602861301760000000e+11
-1.960158330880000000e+11
-3.546131005440000000e+11
2.499323985920000000e+11
7.793734451200000000e+10
-1.918858362880000000e+11
1.998882406400000000e+11
-2.767425372160000000e+11
-1.277103063040000000e+11
3.112495677440000000e+11
1.540521328640000000e+11
-3.610428047360000000e+11
1.995527618560000000e+11
-6.797986365440000000e+11
1.770979000320000000e+11
-1.860995973120000000e+11
1.387783127040000000e+11
2.495073484800000000e+11
-1.021573038080000000e+11
4.044804915200000000e+11
6.334619975680000000e+11
4.054258483200000000e+11
6.260932608000000000e+09
2.380250644480000000e+11
5.938486968320000000e+11
9.667877273600000000e+10
-1.612159549440000000e+11
-5.552312156160000000e+11
2.963401932800000000e+11
-1.761914716160000000e+11
2.904537169920000000e+11
-6.171744665600000000e+11
-6.769501798400000000e+11
3.158556344320000000e+11
2.112511344640000000e+11
3.759402516480000000e+11
-4.035134095360000000e+11
1.644388843520000000e+11
-3.747233792000000000e+11
4.530396200960000000e+11
-5.437349888000000000e+11
1.230942044160000000e+11
-3.725793689600000000e+10
1.999350169600000000e+11
-3.083994071040000000e+11
-8.820710440960000000e+11
-7.656675737600000000e+11
5.767862681600000000e+11
-2.678286254080000000e+11
-6.289936875520000000e+11
-8.202788864000000000e+10
-2.243638394880000000e+11
-8.566697164800000000e+10
7.538553651200000000e+10
5.052466790400000000e+11
-3.913077227520000000e+11
-2.072141168640000000e+11
-4.201767895040000000e+11
5.894206259200000000e+11
-2.847657164800000000e+10
-5.465045401600000000e+10
-1.660269363200000000e+11
3.254940467200000000e+11
-1.022867046400000000e+11
-4.214500556800000000e+11
4.197005393920000000e+11
1.502530764800000000e+10
4.049063116800000000e+11
1.991136706560000000e+11
3.006053089280000000e+11
-5.642197401600000000e+11
7.193747456000000000e+10
-6.018122383360000000e+11
2.418263326720000000e+11
1.282582773760000000e+11
4.051845120000000000e+10
1.914220216320000000e+11
-3.582316052480000000e+11
2.185868410880000000e+11
-4.371829555200000000e+10
3.470957936640000000e+11
5.487916482560000000e+11
-8.507408384000000000e+10
3.701420851200000000e+10
2.268543385600000000e+10
-5.750064414720000000e+11
6.320019210240000000e+11
-5.101374668800000000e+11
-6.747931279360000000e+11
7.606370304000000000e+11
7.001495961600000000e+11
-5.541072076800000000e+11
-6.724894720000000000e+09
-5.625823232000000000e+09
1.722865582080000000e+11
6.194361794560000000e+11
3.225282150400000000e+10
-2.155730042880000000e+11
2.291308953600000000e+11
-1.448892170240000000e+11
1.231664250880000000e+11
1.253606932480000000e+11
3.078386483200000000e+11
-3.547707146240000000e+11
-7.208429977600000000e+10
2.754869985280000000e+11
-3.233884405760000000e+11
-3.527722598400000000e+10
6.612050903040000000e+11
3.114790420480000000e+11
-2.520570920960000000e+11
7.236253777920000000e+11
-9.249401241600000000e+10
-3.557163008000000000e+10
-1.947058995200000000e+10
3.185907302400000000e+10
-2.619160166400000000e+11
3.289666355200000000e+11
1.695634554880000000e+11
8.048558080000000000e+11
-1.926225428480000000e+11
9.732580966400000000e+10
7.704746393600000000e+10
-2.961586585600000000e+11
1.811843973120000000e+11
5.248381747200000000e+11
-7.995726233600000000e+11
8.505733939200000000e+10
3.043056025600000000e+11
3.433908797440000000e+11
-1.699086336000000000e+10
-2.973375201280000000e+11
4.507148615680000000e+11
-6.716450406400000000e+11
-1.783669719040000000e+11
1.812631388160000000e+11
1.668390256640000000e+11
-6.269077913600000000e+10
3.296809779200000000e+11
-5.861677465600000000e+10
-5.233520803840000000e+11
-4.385803468800000000e+11
-2.876905226240000000e+11
4.257347665920000000e+11
2.311851868160000000e+11
2.904537169920000000e+11
-5.273089474560000000e+11
4.379441233920000000e+11
-2.445497303040000000e+11
2.154840064000000000e+10
6.757613568000000000e+10
1.514696704000000000e+11
3.305464135680000000e+11
-8.059790950400000000e+10
6.054931333120000000e+11
-1.705479372800000000e+11
6.597385420800000000e+10
2.702146273280000000e+11
-2.318665318400000000e+11
-2.065930321920000000e+11
4.339684474880000000e+11
8.099476275200000000e+11
-4.927833702400000000e+10
-4.035016294400000000e+10
-3.687229030400000000e+11
-1.929427681280000000e+11
-8.231927808000000000e+09
3.075721134080000000e+11
2.181718671360000000e+11
-4.179779584000000000e+09
1.440573030400000000e+11
-3.005936435200000000e+10
1.862009323520000000e+11
-6.770858393600000000e+11
-1.588311162880000000e+11
1.228657377280000000e+11
-1.225930178560000000e+11
-1.781495398400000000e+11
-1.904746496000000000e+10
-3.473981440000000000e+10
1.354527784960000000e+11
2.907400437760000000e+11
2.484240384000000000e+11
1.191920599040000000e+11
-4.356733009920000000e+11
2.059371806720000000e+11
5.876447969280000000e+11
4.255445483520000000e+11
9.534872780800000000e+10
2.121110732800000000e+10
-4.420413030400000000e+11
2.916653465600000000e+11
7.220040499200000000e+10
2.230003138560000000e+11
4.729582387200000000e+11
2.483152158720000000e+11
6.070821847040000000e+11
2.242785443840000000e+11
-5.037101875200000000e+10
5.524084490240000000e+11
-1.559076044800000000e+11
2.421332705280000000e+11
6.358317137920000000e+11
4.595934167040000000e+11
-4.120291573760000000e+11
2.501330862080000000e+11
-7.630870282240000000e+11
-2.149269504000000000e+09
-1.304203427840000000e+11
-2.330155089920000000e+11
-4.303155363840000000e+11
1.117585408000000000e+10
-6.681143541760000000e+11
8.588424642560000000e+11
-8.080167731200000000e+10
-2.603850137600000000e+10
-6.677432320000000000e+10
-5.733454315520000000e+11
1.117005168640000000e+11
-3.683877847040000000e+11
-5.539168256000000000e+11
1.543087554560000000e+11
-1.532811673600000000e+11
-2.190744944640000000e+11
-8.546370355200000000e+10
9.135093841920000000e+11
-5.594673971200000000e+10
6.387920076800000000e+10
-1.888660684800000000e+10
9.464483840000000000e+10
6.825399910400000000e+10
-6.720007372800000000e+10
-3.057722327040000000e+11
2.854090178560000000e+11
2.455216783360000000e+11
-2.747942174720000000e+11
-2.868199424000000000e+11
1.521902878720000000e+11
5.114978304000000000e+11
4.451445637120000000e+11
4.935542374400000000e+11
6.174375936000000000e+10
-4.773178900480000000e+11
3.413583462400000000e+10
-9.297154867200000000e+10
-3.327144755200000000e+11
-3.404087623680000000e+11
1.632091668480000000e+11
2.351028961280000000e+11
4.046312243200000000e+11
-6.102507847680000000e+11
-7.910904299520000000e+11
3.151151923200000000e+10
-3.531698995200000000e+10
3.358412636160000000e+11
-5.941690368000000000e+11
-3.313513922560000000e+11
-1.909094973440000000e+11
4.626466078720000000e+11
1.704806645760000000e+11
3.863028367360000000e+11
2.542938685440000000e+11
-1.601416069120000000e+11
5.747622543360000000e+11
1.650126848000000000e+09
4.722439618560000000e+11
-2.352527769600000000e+10
1.425061969920000000e+11
-6.447838003200000000e+11
4.458560225280000000e+11
1.905677107200000000e+11
2.341959434240000000e+11
-6.615524966400000000e+11
-8.040806809600000000e+10
5.210422476800000000e+10
2.498617344000000000e+11
-2.850505687040000000e+11
-1.483344445440000000e+11
-7.185796300800000000e+11
-1.217474396160000000e+11
1.220135649280000000e+11
-3.105626521600000000e+11
-3.192985354240000000e+11
4.592227450880000000e+11
3.351685038080000000e+11
-3.949995950080000000e+11
1.046434119680000000e+11
-3.402049781760000000e+11
7.101634969600000000e+10
8.126396497920000000e+11
-1.477207162880000000e+11
-2.093482311680000000e+11
-3.864292884480000000e+11
4.499009699840000000e+11
4.116808990720000000e+11
-5.855863767040000000e+11
2.250097295360000000e+11
-5.988911677440000000e+11
-2.964028129280000000e+11
7.741928243200000000e+10
7.772143616000000000e+09
-3.249803100160000000e+11
2.243177021440000000e+11
-3.385382993920000000e+11
-2.459113881600000000e+10
1.089320714240000000e+11
6.834225807360000000e+11
-3.140888166400000000e+11
3.272007680000000000e+11
-9.491533660160000000e+11
2.574398750720000000e+11
-5.070155284480000000e+11
1.721472286720000000e+11
1.679202713600000000e+10
2.287998566400000000e+11
-1.456620830720000000e+11
2.043831091200000000e+11
1.494637281280000000e+11
-3.316546928640000000e+11
6.866481971200000000e+11
-5.010778030080000000e+11
-1.797481431040000000e+11
-5.570065858560000000e+11
-1.619557089280000000e+11
6.816114933760000000e+11
-2.253547601920000000e+11
-5.269444689920000000e+11
-7.325466624000000000e+09
1.129528360960000000e+11
-1.255678689280000000e+11
-4.144647045120000000e+11
-3.076254269440000000e+11
5.474217820160000000e+11
3.881257205760000000e+11
-1.054785536000000000e+11
-1.429682257920000000e+11
-2.015788072960000000e+11
-8.020839628800000000e+10
-3.885205422080000000e+11
-3.348266024960000000e+11
1.648035758080000000e+11
3.645983948800000000e+11
-4.040805253120000000e+11
2.837027225600000000e+11
-8.555534745600000000e+11
4.694722150400000000e+11
-2.288708485120000000e+11
-2.915534438400000000e+11
-4.412272803840000000e+11
-3.308702269440000000e+11
-2.001389158400000000e+11
4.023991664640000000e+11
4.662578380800000000e+10
6.170958888960000000e+11
2.052711710720000000e+11
-4.451174973440000000e+11
6.248190443520000000e+11
1.691163852800000000e+10
5.900807045120000000e+11
-1.413634621440000000e+11
3.496704409600000000e+11
4.918651125760000000e+11
3.020790169600000000e+10
-1.627074396160000000e+11
2.489457868800000000e+11
4.620925337600000000e+11
-6.119216906240000000e+11
1.778080645120000000e+11
3.397031362560000000e+11
-9.094512640000000000e+10
3.810499952640000000e+11
-3.102350049280000000e+11
2.550966190080000000e+11
2.175870238720000000e+11
1.157454725120000000e+11
-4.450525184000000000e+11
-2.348309872640000000e+11
-3.248318054400000000e+11
-4.508984934400000000e+10
3.964068167680000000e+11
6.068819066880000000e+11
-3.745382400000000000e+08
-3.519580405760000000e+11
-2.550906880000000000e+11
-1.872247357440000000e+11
-4.651826544640000000e+11
-1.951432704000000000e+11
8.445707878400000000e+10
4.196285808640000000e+11
-4.393772974080000000e+11
9.110728212480000000e+11
-2.291188695040000000e+11
-9.784031641600000000e+10
-1.938304204800000000e+11
6.320332800000000000e+10
4.630681354240000000e+11
-1.526767124480000000e+11
-1.072089530368000000e+12
9.195459379200000000e+10
-8.330549002240000000e+11
-4.526861516800000000e+10
9.833776742400000000e+10
-7.107198320640000000e+11
1.913523404800000000e+11
1.529902858240000000e+11
2.053043978240000000e+11
2.148164239360000000e+11
-3.155652116480000000e+11
-4.702158848000000000e+11
-4.346068008960000000e+11
3.838676828160000000e+11
-6.216484126720000000e+11
8.492013322240000000e+11
3.808844513280000000e+11
-9.939509248000000000e+10
-6.857506160640000000e+11
4.499413401600000000e+10
1.591142809600000000e+11
-3.032089886720000000e+11
3.562740121600000000e+10
6.416832921600000000e+10
-4.634919567360000000e+11
-1.401635471360000000e+12
-4.143395307520000000e+11
3.318825615360000000e+11
-1.040924999680000000e+11
6.566664601600000000e+10
-1.829289164800000000e+11
4.500702822400000000e+11
2.988030689280000000e+11
6.489464832000000000e+10
-2.945610874880000000e+11
-6.884035133440000000e+11
-2.172466954240000000e+11
-2.978304819200000000e+11
-1.313601945600000000e+11
-2.650578616320000000e+11
7.897230540800000000e+10
-3.674223411200000000e+10
5.834858168320000000e+11
-1.422531297280000000e+11
1.236209172480000000e+11
-3.106298920960000000e+11
-5.616660480000000000e+10
3.634882150400000000e+10
4.928658472960000000e+11
3.064259215360000000e+11
3.309701693440000000e+11
-8.473965363200000000e+11
-8.646243942400000000e+10
-4.633722880000000000e+11
5.894636339200000000e+10
7.278508441600000000e+10
-4.677318737920000000e+11
8.787546112000000000e+09
-1.550874214400000000e+10
1.364325662720000000e+11
1.272044584960000000e+11
4.378455244800000000e+10
-4.595903365120000000e+11
-2.818729574400000000e+10
-4.526358200320000000e+11
7.081238200320000000e+11
-4.426021601280000000e+11
1.968547102720000000e+11
9.528119132160000000e+11
-1.938318622720000000e+11
-5.031514112000000000e+10
1.041609523200000000e+11
-1.593774571520000000e+11
-3.149720780800000000e+10
4.086469754880000000e+11
3.464585543680000000e+11
-2.602452254720000000e+11
8.237717913600000000e+11
-1.322666557440000000e+11
7.488519536640000000e+11
-4.127396331520000000e+11
5.389735362560000000e+11
-2.263493017600000000e+10
1.589538979840000000e+11
4.215987896320000000e+11
-2.573698170880000000e+11
3.395606937600000000e+11
1.788297543680000000e+11
-2.902444277760000000e+11
-3.145712926720000000e+11
4.139148902400000000e+11
-2.629648875520000000e+11
-2.770060574720000000e+11
5.901773701120000000e+11
-1.205038120960000000e+11
2.439137525760000000e+11
1.609926574080000000e+11
-1.010563235840000000e+11
5.978520289280000000e+11
2.788659691520000000e+11
2.499349708800000000e+11
-4.141167411200000000e+10
-2.476456181760000000e+11
-1.180459827200000000e+10
1.402969784320000000e+11
-3.782910279680000000e+11
-4.597946122240000000e+11
4.605360209920000000e+11
7.721807052800000000e+10
8.138305699840000000e+11
5.221497651200000000e+10
4.547829432320000000e+11
8.386489876480000000e+11
2.925358612480000000e+11
-2.211976970240000000e+11
-2.975631933440000000e+11
-1.052242903040000000e+11
4.064380846080000000e+11
3.162840268800000000e+10
-3.666082201600000000e+11
1.369267814400000000e+11
1.090619637760000000e+11
3.056730112000000000e+10
