2.248579809280000000e+11
-8.746002022400000000e+10
3.007651840000000000e+10
2.834242928640000000e+11
-5.749491630080000000e+11
-2.985913221120000000e+11
4.038179553280000000e+11
4.474148618240000000e+11
-4.660633600000000000e+11
4.891279360000000000e+09
-5.238534963200000000e+11
5.042693734400000000e+10
-3.607199088640000000e+11
-1.949389127680000000e+11
6.028821135360000000e+11
-6.299758755840000000e+11
1.923326607360000000e+11
-6.544865361920000000e+11
-1.185730560000000000e+11
1.721287639040000000e+11
3.215004139520000000e+11
-5.712556851200000000e+11
-1.821037527040000000e+11
1.382516326400000000e+10
2.089334865920000000e+11
-5.872017735680000000e+11
2.117632327680000000e+11
2.060972687360000000e+11
6.862649425920000000e+11
-3.451618918400000000e+10
-4.588163891200000000e+10
-6.147063152640000000e+11
6.283047731200000000e+11
-2.780187197440000000e+11
-4.754524078080000000e+11
-2.751664619520000000e+11
1.126498467840000000e+11
-5.162168483840000000e+11
-1.968672276480000000e+11
3.803768422400000000e+11
-2.000732160000000000e+10
-9.429438955520000000e+11
5.143997972480000000e+11
-1.926058803200000000e+10
3.822891827200000000e+11
1.561876889600000000e+10
3.758604615680000000e+11
-1.683574620160000000e+11
1.590173040640000000e+11
1.872027648000000000e+10
1.832440463360000000e+11
-3.916414976000000000e+11
8.571847311360000000e+11
-4.426464296960000000e+11
-1.339945779200000000e+10
-1.109059174400000000e+10
5.102269890560000000e+11
-4.610357657600000000e+10
4.412693544960000000e+11
-6.236923494400000000e+10
3.335184384000000000e+11
-2.577043947520000000e+11
-1.055554600960000000e+11
4.479996395520000000e+11
5.540430479360000000e+11
-5.453928202240000000e+11
3.627840307200000000e+10
3.415417159680000000e+11
-1.914178764800000000e+11
-6.103480729600000000e+10
-4.172927467520000000e+11
-6.072177786880000000e+11
-1.772966379520000000e+11
8.708489216000000000e+10
-1.233187110912000000e+12
-1.486081228800000000e+11
-5.541240504320000000e+11
1.469849600000000000e+09
1.438556160000000000e+11
-3.155996180480000000e+11
2.500752179200000000e+10
-1.320038400000000000e+11
8.998525337600000000e+11
1.217517977600000000e+11
5.863243776000000000e+11
-7.142345932800000000e+11
3.954121113600000000e+11
-4.601854689280000000e+11
-4.087934156800000000e+11
1.174095462400000000e+11
2.958794424320000000e+11
3.965039083520000000e+11
-7.513976995840000000e+11
4.966164070400000000e+10
5.622151249920000000e+11
5.450333552640000000e+11
-1.857076264960000000e+11
-1.632368885760000000e+11
-5.255433093120000000e+11
2.770241781760000000e+11
3.911661322240000000e+11
-2.254418739200000000e+11
-3.639887134720000000e+11
1.616661708800000000e+11
4.202712268800000000e+10
-3.517034496000000000e+09
-2.320224092160000000e+11
8.791053107200000000e+10
2.260397260800000000e+10
4.548701388800000000e+11
-5.156711628800000000e+11
-4.135430389760000000e+11
3.003015823360000000e+11
-6.886334464000000000e+10
8.875500339200000000e+10
7.204245340160000000e+11
-3.991186309120000000e+11
2.378746265600000000e+11
-1.705852108800000000e+11
6.648590499840000000e+11
1.003952128000000000e+11
-2.163811287040000000e+11
-2.994025267200000000e+10
4.839436451840000000e+11
-1.531976417280000000e+11
-1.534886379520000000e+11
2.936213995520000000e+11
7.528016281600000000e+10
-3.270474137600000000e+11
-5.783289856000000000e+11
-3.498491904000000000e+11
-5.924071669760000000e+11
2.776427397120000000e+11
3.046900039680000000e+11
-4.926184161280000000e+11
7.343795077120000000e+11
-7.103206195200000000e+10
2.520742952960000000e+11
-3.279496806400000000e+11
2.224166502400000000e+11
3.213337559040000000e+11
3.676618096640000000e+11
-6.202820198400000000e+10
-9.759293440000000000e+09
-1.036744654848000000e+12
-2.690453667840000000e+11
-1.014757785600000000e+11
-4.730824294400000000e+11
-1.960444723200000000e+11
-6.211888742400000000e+11
4.988125511680000000e+11
4.694974136320000000e+11
-4.804582113280000000e+11
-3.920223272960000000e+11
-3.513524551680000000e+11
3.749096325120000000e+11
-7.721821143040000000e+11
5.738459299840000000e+11
7.067926528000000000e+09
1.410958622720000000e+11
2.306626846720000000e+11
1.135385313280000000e+11
6.672051404800000000e+10
5.124736286720000000e+11
2.920897576960000000e+11
1.711426273280000000e+11
-8.610866135040000000e+11
-2.282010705920000000e+11
2.640115138560000000e+11
-3.694032977920000000e+11
-2.129891000320000000e+11
-4.832319569920000000e+11
2.234469089280000000e+11
3.956213022720000000e+11
-2.400738508800000000e+11
-2.729932718080000000e+11
-4.325893734400000000e+11
1.537495203840000000e+11
2.862367375360000000e+11
-1.212765798400000000e+11
-7.382060236800000000e+11
-3.626676387840000000e+11
-6.603194368000000000e+11
-9.617011507200000000e+10
-5.713576591360000000e+11
-1.214856314880000000e+11
-5.548942950400000000e+11
-3.965905141760000000e+11
-8.766953881600000000e+11
-2.046071275520000000e+11
4.479188336640000000e+11
6.183773143040000000e+11
3.498409984000000000e+11
-2.158930984960000000e+11
3.676977233920000000e+11
9.281617264640000000e+11
7.751000064000000000e+10
3.251182632960000000e+11
-2.407006208000000000e+09
-1.126703267840000000e+11
4.090955366400000000e+10
-2.372271308800000000e+11
4.576875642880000000e+11
-5.894931087360000000e+11
-3.483703705600000000e+11
2.279856537600000000e+11
5.243083816960000000e+11
1.166088601600000000e+12
-2.789946818560000000e+11
7.505526784000000000e+09
1.854484971520000000e+11
3.974095831040000000e+11
1.962065100800000000e+10
-8.285197926400000000e+10
1.574790922240000000e+11
-1.322897653760000000e+11
-2.179559751680000000e+11
-2.412893634560000000e+11
-5.822433198080000000e+11
-6.373313085440000000e+11
1.544085831680000000e+11
-4.993830420480000000e+11
-7.026578554880000000e+11
1.266312396800000000e+11
-5.403015577600000000e+11
4.790528901120000000e+11
2.157991034880000000e+11
-2.400783073280000000e+11
-3.536997580800000000e+11
1.498613022720000000e+11
2.600729313280000000e+11
6.771531776000000000e+09
-5.008090726400000000e+11
2.489861734400000000e+11
3.420350054400000000e+10
1.457099735040000000e+11
-9.791603507200000000e+10
7.840516014080000000e+11
2.499227648000000000e+11
-1.050735738880000000e+11
-2.576455270400000000e+11
3.173285888000000000e+09
-6.796679577600000000e+11
3.315800473600000000e+11
-5.020041216000000000e+11
-3.651149824000000000e+11
-3.679608832000000000e+11
1.673508782080000000e+11
3.670491136000000000e+09
6.088794439680000000e+11
2.874503168000000000e+10
-5.281200537600000000e+11
3.102942822400000000e+10
-4.762407731200000000e+10
-1.510806650880000000e+11
3.583406899200000000e+11
2.830137425920000000e+11
1.068086198272000000e+12
-7.029220966400000000e+11
1.113489817600000000e+10
2.924365414400000000e+11
2.623116083200000000e+10
1.536004915200000000e+11
2.543750348800000000e+10
-4.941951795200000000e+11
-8.127093145600000000e+11
-4.435675709440000000e+11
5.055413288960000000e+11
3.500598231040000000e+11
1.511183482880000000e+11
-1.100075499520000000e+12
7.490863923200000000e+10
6.458074726400000000e+10
-4.575005900800000000e+10
-3.194549043200000000e+10
9.355341332480000000e+11
-2.431964774400000000e+11
8.125498982400000000e+10
7.984388505600000000e+10
-7.985920409600000000e+10
-9.133203783680000000e+11
-6.821813288960000000e+11
2.903640965120000000e+11
-3.763210813440000000e+11
-4.223026790400000000e+11
-6.224876666880000000e+11
-7.815032012800000000e+10
3.464961720320000000e+11
1.054789140480000000e+11
1.104924180480000000e+11
-5.606891847680000000e+11
5.147048345600000000e+11
-1.748113489920000000e+11
8.805736775680000000e+11
3.378553815040000000e+11
-1.410985164800000000e+10
5.225683353600000000e+10
-9.751669964800000000e+10
6.290189189120000000e+11
-1.066736025600000000e+10
1.062816317440000000e+12
4.093047603200000000e+11
-8.714384834560000000e+11
6.882187018240000000e+11
7.645416652800000000e+10
1.989203722240000000e+11
-4.049291837440000000e+11
-2.869459025920000000e+11
-2.198134456320000000e+11
1.396330332160000000e+11
-2.971098480640000000e+11
7.881321676800000000e+10
-1.046014525440000000e+11
1.900363776000000000e+11
4.163937239040000000e+11
2.479792619520000000e+11
-2.271824609280000000e+11
4.185077186560000000e+11
-4.885858877440000000e+11
-3.714041774080000000e+11
-1.992897986560000000e+11
3.145016606720000000e+11
4.939213045760000000e+11
-2.024327086080000000e+11
6.330037698560000000e+11
7.673130188800000000e+10
5.224416870400000000e+10
2.291695616000000000e+09
-1.480826224640000000e+11
9.383194132480000000e+11
5.041972838400000000e+10
-1.677495828480000000e+11
3.176488304640000000e+11
-1.163416371200000000e+10
2.949629214720000000e+11
-2.625907097600000000e+10
-6.283026759680000000e+11
-1.346363392000000000e+11
-3.969085603840000000e+11
-2.145277378560000000e+11
4.896494714880000000e+11
-4.964166533120000000e+11
6.027963596800000000e+10
4.874928128000000000e+09
-1.658755645440000000e+11
-1.057817624576000000e+12
4.513329643520000000e+11
7.137826570240000000e+11
-4.757886402560000000e+11
2.266247331840000000e+11
-1.318513377280000000e+11
-3.426114764800000000e+10
1.673785835520000000e+11
-3.210159390720000000e+11
-1.391584215040000000e+11
-3.079932149760000000e+11
-5.230253834240000000e+11
2.384978575360000000e+11
-2.030871183360000000e+11
-7.633811865600000000e+10
2.921716776960000000e+11
-5.260422348800000000e+11
8.382194647040000000e+11
4.367879045120000000e+11
2.360481873920000000e+11
-2.361712803840000000e+11
-4.321762017280000000e+11
-7.598868398080000000e+11
2.805842575360000000e+11
-1.106592890880000000e+11
5.941614346240000000e+11
5.792500940800000000e+10
-1.763508224000000000e+11
-4.169054617600000000e+11
-6.321238835200000000e+10
-1.013316157440000000e+11
-3.104418037760000000e+11
3.411191398400000000e+11
4.751773859840000000e+11
-2.083988439040000000e+11
1.028227645440000000e+11
-4.888114954240000000e+11
1.334857236480000000e+11
-6.172875816960000000e+11
3.769962332160000000e+11
2.292105216000000000e+11
-5.747981025280000000e+11
3.849093120000000000e+10
-7.808693043200000000e+11
-2.911793643520000000e+11
-5.151091589120000000e+11
-2.476010700800000000e+11
2.526381015040000000e+11
-5.686075064320000000e+11
-4.090086031360000000e+11
5.468468019200000000e+11
3.546120519680000000e+11
-1.716697989120000000e+11
1.050453606400000000e+10
1.125749063680000000e+11
3.577566658560000000e+11
-2.757437358080000000e+11
3.148698091520000000e+11
2.952708096000000000e+10
-3.123195740160000000e+11
-4.535936614400000000e+11
-1.046134702080000000e+11
-4.351693946880000000e+11
3.108149329920000000e+11
-2.568554741760000000e+11
5.058616688640000000e+11
-4.448991641600000000e+11
4.602763673600000000e+10
1.077548810240000000e+11
6.917046927360000000e+11
-5.226288578560000000e+11
5.829938380800000000e+11
4.277972500480000000e+11
2.444103516160000000e+11
6.547342622720000000e+11
2.209186775040000000e+11
-2.975943229440000000e+11
-3.395361177600000000e+11
-3.005261086720000000e+11
4.725217689600000000e+11
5.654775070720000000e+11
2.108342599680000000e+11
2.785975664640000000e+11
-4.695489249280000000e+11
-2.686167121920000000e+11
-5.008871260160000000e+11
-3.992935464960000000e+11
9.569353072640000000e+11
5.872075407360000000e+11
2.779927674880000000e+11
-2.729628467200000000e+11
4.888069406720000000e+11
6.139506196480000000e+11
-3.893781135360000000e+11
-5.282812395520000000e+11
2.179915939840000000e+11
-7.681678376960000000e+11
1.273027051520000000e+11
3.477707816960000000e+11
1.091787653120000000e+11
1.347136389120000000e+11
-4.915318620160000000e+11
7.948457738240000000e+11
-5.987734650880000000e+11
-3.473884774400000000e+10
4.114445762560000000e+11
-1.331171819520000000e+11
4.427937873920000000e+11
-3.805054566400000000e+11
-2.675446906880000000e+11
4.981368422400000000e+11
-1.563500707840000000e+11
-1.269181644800000000e+11
3.859380305920000000e+11
-1.999307407360000000e+11
-2.488805294080000000e+11
-4.243682099200000000e+11
-2.410681139200000000e+10
-4.966867927040000000e+11
3.606256025600000000e+11
-2.492799549440000000e+11
3.627073536000000000e+09
-2.402176860160000000e+11
-4.471943987200000000e+11
1.467941027840000000e+11
-3.679427952640000000e+11
6.119872266240000000e+11
-3.573910732800000000e+11
-2.205534781440000000e+11
1.011946373120000000e+11
6.701218529280000000e+11
3.602121523200000000e+10
-8.012214272000000000e+10
-9.590580019200000000e+10
5.281587527680000000e+11
-2.321707335680000000e+11
-2.100725186560000000e+11
-4.560605020160000000e+11
2.785812480000000000e+11
9.100301107200000000e+10
-1.901626982400000000e+11
2.202583859200000000e+11
-3.384822333440000000e+11
-1.108150845440000000e+11
3.578848215040000000e+11
2.223433809920000000e+11
-4.607350538240000000e+11
2.470560890880000000e+11
-8.018686115840000000e+11
2.060332400640000000e+11
-2.305848606720000000e+11
1.633335705600000000e+11
2.910323015680000000e+11
-1.078770565120000000e+11
4.677586780160000000e+11
7.218572820480000000e+11
4.967685160960000000e+11
-1.291059200000000000e+08
2.666077552640000000e+11
6.966523985920000000e+11
7.929770803200000000e+10
-2.001200742400000000e+11
-6.760752742400000000e+11
3.478776709120000000e+11
-2.058788208640000000e+11
3.740585164800000000e+11
-7.467617484800000000e+11
-8.296671477760000000e+11
3.972752998400000000e+11
2.390693314560000000e+11
4.198163415040000000e+11
-4.900747345920000000e+11
1.770327900160000000e+11
-4.477433937920000000e+11
5.412668047360000000e+11
-6.445314867200000000e+11
1.462391275520000000e+11
-2.092753305600000000e+10
2.519567400960000000e+11
-3.304045936640000000e+11
-1.024315752448000000e+12
-9.160567029760000000e+11
6.787414097920000000e+11
-3.419587870720000000e+11
-7.812358471680000000e+11
-1.093674270720000000e+11
-2.878004920320000000e+11
-1.015817420800000000e+11
7.011144499200000000e+10
6.295137157120000000e+11
-4.690510479360000000e+11
-2.774340075520000000e+11
-4.558479687680000000e+11
6.828757483520000000e+11
-4.233891020800000000e+10
-4.515340288000000000e+10
-2.072749342720000000e+11
3.887476572160000000e+11
-9.970529075200000000e+10
-5.185336770560000000e+11
5.242648657920000000e+11
2.770188697600000000e+10
4.625667194880000000e+11
2.302754488320000000e+11
3.825897963520000000e+11
-7.084111298560000000e+11
1.178940211200000000e+11
-7.202182922240000000e+11
2.668447989760000000e+11
1.638723747840000000e+11
5.467263795200000000e+10
2.288270213120000000e+11
-4.164101406720000000e+11
2.345225748480000000e+11
-3.540710195200000000e+10
4.037687050240000000e+11
6.497324892160000000e+11
-8.265959014400000000e+10
5.493414297600000000e+10
1.652760576000000000e+10
-7.375114731520000000e+11
7.706639073280000000e+11
-6.402774138880000000e+11
-7.719015546880000000e+11
8.735986810880000000e+11
8.348097576960000000e+11
-6.210836234240000000e+11
5.133402112000000000e+09
9.627025408000000000e+09
1.914150256640000000e+11
7.362682552320000000e+11
6.873202688000000000e+10
-2.781665034240000000e+11
2.778645463040000000e+11
-1.844297400320000000e+11
1.612120719360000000e+11
1.437367336960000000e+11
3.832820858880000000e+11
-4.090065059840000000e+11
-6.502363955200000000e+10
3.136531333120000000e+11
-4.236844072960000000e+11
-6.699845222400000000e+10
7.502437416960000000e+11
3.696763535360000000e+11
-3.036083650560000000e+11
8.533206630400000000e+11
-1.081656852480000000e+11
-5.501298278400000000e+10
-2.104726323200000000e+10
3.951438233600000000e+10
-3.083929518080000000e+11
3.442667683840000000e+11
1.798548029440000000e+11
9.574775521280000000e+11
-2.067928023040000000e+11
9.126405734400000000e+10
9.700818944000000000e+10
-3.360684441600000000e+11
2.111468339200000000e+11
6.106940047360000000e+11
-9.366234726400000000e+11
1.195195760640000000e+11
3.759888793600000000e+11
4.101162270720000000e+11
-1.334162227200000000e+10
-3.555704832000000000e+11
5.417584558080000000e+11
-7.948982026240000000e+11
-2.262358589440000000e+11
2.056453980160000000e+11
2.355314688000000000e+11
-6.261506457600000000e+10
4.086123724800000000e+11
-1.058862202880000000e+11
-5.907359989760000000e+11
-5.404888596480000000e+11
-3.417912770560000000e+11
5.199798599680000000e+11
2.884247224320000000e+11
3.733283143680000000e+11
-6.423362273280000000e+11
5.332580433920000000e+11
-3.055391211520000000e+11
-4.504223744000000000e+09
5.598140825600000000e+10
1.827922247680000000e+11
3.593409003520000000e+11
-7.757004800000000000e+10
7.403127439360000000e+11
-1.799097221120000000e+11
8.295673036800000000e+10
3.345536122880000000e+11
-2.922656235520000000e+11
-2.369843527680000000e+11
5.398386114560000000e+11
9.610463805440000000e+11
-6.166616473600000000e+10
-5.493636300800000000e+10
-4.541489479680000000e+11
-2.313355755520000000e+11
-3.202525593600000000e+10
3.360416071680000000e+11
2.718302208000000000e+11
2.119729152000000000e+10
1.583059763200000000e+11
-2.809643008000000000e+10
2.143412879360000000e+11
-8.026509803520000000e+11
-2.115413278720000000e+11
1.422688256000000000e+11
-1.412645355520000000e+11
-1.690278952960000000e+11
-3.693122355200000000e+10
-3.049096806400000000e+10
1.672340602880000000e+11
3.659038064640000000e+11
3.170589736960000000e+11
1.414951731200000000e+11
-5.070406287360000000e+11
2.529367654400000000e+11
6.885449400320000000e+11
5.174511534080000000e+11
1.216433438720000000e+11
2.291567820800000000e+10
-5.293064192000000000e+11
3.733123235840000000e+11
1.026868756480000000e+11
2.185789603840000000e+11
5.579086888960000000e+11
3.161041141760000000e+11
7.343630581760000000e+11
2.998597713920000000e+11
-8.730951680000000000e+10
6.787072000000000000e+11
-2.056694661120000000e+11
3.084741509120000000e+11
7.776931676160000000e+11
5.862428508160000000e+11
-5.109991342080000000e+11
2.589776117760000000e+11
-9.181558210560000000e+11
-2.002891571200000000e+10
-1.494449684480000000e+11
-2.335482347520000000e+11
-5.261943767040000000e+11
2.398466867200000000e+10
-7.972223713280000000e+11
1.061288607744000000e+12
-8.025892454400000000e+10
-3.608844697600000000e+10
-7.209426944000000000e+10
-7.362033745920000000e+11
1.197567836160000000e+11
-4.431292989440000000e+11
-7.010949529600000000e+11
1.694740971520000000e+11
-1.994637967360000000e+11
-2.763815649280000000e+11
-1.176189337600000000e+11
1.088871071744000000e+12
-5.163555225600000000e+10
8.705639219200000000e+10
-2.241454080000000000e+09
7.864133222400000000e+10
6.316421939200000000e+10
-1.148519219200000000e+11
-3.823280128000000000e+11
3.863634903040000000e+11
2.810281984000000000e+11
-3.352131665920000000e+11
-3.376896409600000000e+11
1.519515729920000000e+11
5.944939642880000000e+11
5.587085557760000000e+11
5.895784366080000000e+11
5.070672691200000000e+10
-5.663312445440000000e+11
1.235582976000000000e+09
-1.262713733120000000e+11
-3.961604014080000000e+11
-4.040398602240000000e+11
1.708894126080000000e+11
2.605573734400000000e+11
4.201216409600000000e+11
-7.503759278080000000e+11
-9.612676956160000000e+11
2.411406950400000000e+10
-4.900813209600000000e+10
3.931251671040000000e+11
-7.276651479040000000e+11
-4.318711644160000000e+11
-2.610343444480000000e+11
5.444829184000000000e+11
2.575955066880000000e+11
4.589350748160000000e+11
2.515416514560000000e+11
-1.780026900480000000e+11
6.944610058240000000e+11
2.509204684800000000e+10
5.599590481920000000e+11
-7.721156608000000000e+09
1.839189524480000000e+11
-7.795857162240000000e+11
5.475524280320000000e+11
2.417202626560000000e+11
2.515882639360000000e+11
-7.671060234240000000e+11
-1.109572648960000000e+11
7.919851929600000000e+10
3.011353313280000000e+11
-3.555144826880000000e+11
-1.858752020480000000e+11
-8.851859701760000000e+11
-1.523671040000000000e+11
1.627645870080000000e+11
-3.220681523200000000e+11
-3.718840975360000000e+11
5.631406243840000000e+11
4.004131635200000000e+11
-4.537387581440000000e+11
1.033956720640000000e+11
-3.906028175360000000e+11
8.033090764800000000e+10
9.898546954240000000e+11
-1.726818222080000000e+11
-3.055858810880000000e+11
-4.836374282240000000e+11
5.241084968960000000e+11
5.050231685120000000e+11
-6.844818391040000000e+11
2.769284628480000000e+11
-6.871775313920000000e+11
-3.472524574720000000e+11
1.284083548160000000e+11
-9.426239488000000000e+09
-3.567007170560000000e+11
2.596807147520000000e+11
-4.246528327680000000e+11
-2.362966016000000000e+10
1.274287718400000000e+11
7.897152225280000000e+11
-3.676686254080000000e+11
4.075340103680000000e+11
-1.120599539712000000e+12
3.100128378880000000e+11
-6.366342676480000000e+11
1.924721049600000000e+11
-1.099498700800000000e+10
2.564613079040000000e+11
-1.674509025280000000e+11
2.127596257280000000e+11
1.279885639680000000e+11
-3.488244039680000000e+11
8.077939179520000000e+11
-5.719925063680000000e+11
-2.295863214080000000e+11
-6.744123637760000000e+11
-1.702659686400000000e+11
8.173505740800000000e+11
-2.862318878720000000e+11
-6.087301529600000000e+11
-3.050491084800000000e+10
1.198255308800000000e+11
-1.569413857280000000e+11
-5.028864983040000000e+11
-3.529092300800000000e+11
6.627345039360000000e+11
4.692648591360000000e+11
-1.493062615040000000e+11
-1.610283745280000000e+11
-2.380392366080000000e+11
-1.020854927360000000e+11
-4.776234844160000000e+11
-4.026943733760000000e+11
1.498683310080000000e+11
4.543722291200000000e+11
-4.504911216640000000e+11
3.252556595200000000e+11
-1.058701639680000000e+12
5.829656576000000000e+11
-2.772433633280000000e+11
-3.439085486080000000e+11
-5.204190822400000000e+11
-3.887332720640000000e+11
-2.185338388480000000e+11
4.997028904960000000e+11
5.531729920000000000e+10
7.480031313920000000e+11
2.391968481280000000e+11
-5.673307996160000000e+11
6.927526133760000000e+11
-3.483287552000000000e+09
6.971523072000000000e+11
-1.376626606080000000e+11
4.119687331840000000e+11
6.034633523200000000e+11
4.788355072000000000e+10
-2.040482365440000000e+11
3.255226531840000000e+11
5.669239521280000000e+11
-7.689268101120000000e+11
2.108282634240000000e+11
4.082252840960000000e+11
-1.139152977920000000e+11
4.628711342080000000e+11
-3.774480384000000000e+11
3.130347683840000000e+11
2.493678223360000000e+11
1.609304309760000000e+11
-5.345715159040000000e+11
-2.964080558080000000e+11
-3.837690183680000000e+11
-7.743332352000000000e+10
4.797677568000000000e+11
7.167242403840000000e+11
-2.677925478400000000e+10
-3.668139048960000000e+11
-2.929803919360000000e+11
-2.369757511680000000e+11
-5.872707829760000000e+11
-2.579829391360000000e+11
8.772965990400000000e+10
5.071376875520000000e+11
-5.310080942080000000e+11
1.088708018176000000e+12
-2.715844608000000000e+11
-1.320860385280000000e+11
-2.500722032640000000e+11
8.864794214400000000e+10
5.184485130240000000e+11
-1.754598277120000000e+11
-1.278106271744000000e+12
1.081825689600000000e+11
-1.013126463488000000e+12
-3.390321459200000000e+10
1.027876618240000000e+11
-8.565985116160000000e+11
2.768226549760000000e+11
1.548719554560000000e+11
2.244597186560000000e+11
2.754941419520000000e+11
-4.055903436800000000e+11
-5.828359618560000000e+11
-5.054330306560000000e+11
4.330465198080000000e+11
-7.432781824000000000e+11
1.035101798400000000e+12
4.214494658560000000e+11
-1.168648601600000000e+11
-8.019491553280000000e+11
4.309899673600000000e+10
1.789330063360000000e+11
-3.721812049920000000e+11
4.794368000000000000e+10
6.984305868800000000e+10
-5.272923668480000000e+11
-1.699335110656000000e+12
-5.244030812160000000e+11
4.196536811520000000e+11
-1.214023434240000000e+11
1.008492871680000000e+11
-2.610655395840000000e+11
5.385569566720000000e+11
3.339695554560000000e+11
6.373635686400000000e+10
-3.252183695360000000e+11
-8.345094717440000000e+11
-2.492759244800000000e+11
-3.525772574720000000e+11
-1.676484116480000000e+11
-3.165439262720000000e+11
9.972160921600000000e+10
-2.458196377600000000e+10
6.999080304640000000e+11
-1.782759096320000000e+11
1.691572961280000000e+11
-3.642249379840000000e+11
-5.285500518400000000e+10
4.536857395200000000e+10
6.074683883520000000e+11
4.062764400640000000e+11
3.898624901120000000e+11
-9.963443978240000000e+11
-9.767872102400000000e+10
-5.407032606720000000e+11
9.650120294400000000e+10
1.900301107200000000e+10
-5.790344151040000000e+11
3.956565606400000000e+10
-5.120705331200000000e+10
1.850580664320000000e+11
1.174599843840000000e+11
4.819123404800000000e+10
-5.456242278400000000e+11
-4.444684288000000000e+10
-5.465248235520000000e+11
8.121690357760000000e+11
-5.731819192320000000e+11
2.622220206080000000e+11
1.121395933184000000e+12
-2.152249262080000000e+11
-9.559983718400000000e+10
1.558420193280000000e+11
-2.328316641280000000e+11
-5.301233254400000000e+10
4.920786288640000000e+11
3.950519582720000000e+11
-3.054473707520000000e+11
9.255050280960000000e+11
-1.719414620160000000e+11
8.745396469760000000e+11
-4.654820884480000000e+11
5.983198904320000000e+11
-3.836585984000000000e+10
2.050783477760000000e+11
4.776804352000000000e+11
-3.184929341440000000e+11
4.281233244160000000e+11
2.325954068480000000e+11
-3.409729945600000000e+11
-4.002431303680000000e+11
5.215469895680000000e+11
-3.154174607360000000e+11
-3.160714772480000000e+11
7.165520773120000000e+11
-1.381055528960000000e+11
2.896140697600000000e+11
1.827893084160000000e+11
-1.591238328320000000e+11
7.315141427200000000e+11
3.407715696640000000e+11
2.674291998720000000e+11
-2.393774489600000000e+10
-2.975302942720000000e+11
-1.401471795200000000e+10
1.380401807360000000e+11
-4.547769466880000000e+11
-4.959048826880000000e+11
5.686203514880000000e+11
9.884450816000000000e+10
9.804877660160000000e+11
6.005479833600000000e+10
5.688840683520000000e+11
9.774609858560000000e+11
3.432961146880000000e+11
-2.873554042880000000e+11
-3.105546895360000000e+11
-1.770526638080000000e+11
4.722802688000000000e+11
3.626683596800000000e+10
-4.453399265280000000e+11
1.561553797120000000e+11
1.117068656640000000e+11
6.200103731200000000e+10
