1.886511923200000000e+11
-9.312378880000000000e+10
1.540902092800000000e+10
2.042833469440000000e+11
-4.345949388800000000e+11
-2.119751925760000000e+11
3.345232363520000000e+11
3.502253015040000000e+11
-3.499514265600000000e+11
-4.234993664000000000e+09
-3.980765429760000000e+11
2.613474099200000000e+10
-2.684407644160000000e+11
-1.635093872640000000e+11
4.597710192640000000e+11
-4.534431252480000000e+11
1.506386575360000000e+11
-4.732394536960000000e+11
-6.798507212800000000e+10
1.319803289600000000e+11
2.178631270400000000e+11
-4.041215836160000000e+11
-1.313717616640000000e+11
3.457884160000000000e+09
1.592192204800000000e+11
-4.306132008960000000e+11
1.552383836160000000e+11
1.740278661120000000e+11
5.230230241280000000e+11
-3.758199603200000000e+10
-3.348514406400000000e+10
-4.579241164800000000e+11
4.565840691200000000e+11
-2.191511715840000000e+11
-3.441586667520000000e+11
-2.149235752960000000e+11
4.939445043200000000e+10
-3.716760862720000000e+11
-1.391098429440000000e+11
2.849225441280000000e+11
-1.514150297600000000e+10
-7.154614927360000000e+11
3.794428231680000000e+11
-3.430974259200000000e+10
2.694572113920000000e+11
2.045647257600000000e+10
2.745748848640000000e+11
-1.254368542720000000e+11
1.274135347200000000e+11
3.194562150400000000e+10
1.522531532800000000e+11
-2.751805521920000000e+11
6.504677376000000000e+11
-3.187822100480000000e+11
-1.584898867200000000e+10
-9.582084096000000000e+09
3.641541263360000000e+11
-2.456155750400000000e+10
3.193382174720000000e+11
-4.660526284800000000e+10
2.317243514880000000e+11
-1.990904053760000000e+11
-7.477131673600000000e+10
3.255814389760000000e+11
4.165169971200000000e+11
-4.073369436160000000e+11
-7.413825536000000000e+09
2.629554995200000000e+11
-1.579627151360000000e+11
-5.113679052800000000e+10
-3.111506411520000000e+11
-4.437921300480000000e+11
-1.211080704000000000e+11
6.041803161600000000e+10
-9.116195225600000000e+11
-1.195220828160000000e+11
-3.927609180160000000e+11
1.583702016000000000e+10
1.068438896640000000e+11
-2.091795742720000000e+11
3.650453504000000000e+10
-9.486221312000000000e+10
6.854453493760000000e+11
9.295736012800000000e+10
4.441476300800000000e+11
-5.311682969600000000e+11
3.046377062400000000e+11
-3.490933964800000000e+11
-2.807709040640000000e+11
8.964659609600000000e+10
1.990323404800000000e+11
2.859035525120000000e+11
-5.547332075520000000e+11
3.010915532800000000e+10
4.082204672000000000e+11
3.856824401920000000e+11
-1.389643530240000000e+11
-1.489381457920000000e+11
-3.847294812160000000e+11
2.135283466240000000e+11
2.979762012160000000e+11
-1.747806453760000000e+11
-2.697896591360000000e+11
1.126996213760000000e+11
4.846046412800000000e+10
-1.310720000000000000e+07
-1.715680542720000000e+11
6.523342848000000000e+10
2.631609548800000000e+10
3.519280578560000000e+11
-3.705681018880000000e+11
-2.916627251200000000e+11
2.261429780480000000e+11
-2.964063846400000000e+10
7.241488793600000000e+10
5.515142103040000000e+11
-3.222298296320000000e+11
1.857060700160000000e+11
-1.314478080000000000e+11
4.770215690240000000e+11
8.478597939200000000e+10
-1.688768839680000000e+11
-2.493120512000000000e+10
3.661732577280000000e+11
-1.154527723520000000e+11
-1.186984263680000000e+11
2.219737251840000000e+11
4.114961203200000000e+10
-2.215223459840000000e+11
-4.322419343360000000e+11
-2.796636733440000000e+11
-4.163598745600000000e+11
1.919542722560000000e+11
2.114757263360000000e+11
-3.223413063680000000e+11
5.232076062720000000e+11
-6.461702144000000000e+10
1.830502400000000000e+11
-2.648164761600000000e+11
1.414290636800000000e+11
2.248752005120000000e+11
2.773959966720000000e+11
-2.935626137600000000e+10
-1.631990579200000000e+10
-7.506229329920000000e+11
-2.076132638720000000e+11
-5.729001472000000000e+10
-3.529563176960000000e+11
-1.151690997760000000e+11
-4.559574794240000000e+11
3.715128360960000000e+11
3.730445107200000000e+11
-3.619761356800000000e+11
-2.891838259200000000e+11
-2.741741649920000000e+11
2.926062141440000000e+11
-5.713045749760000000e+11
4.269062225920000000e+11
-2.058387456000000000e+10
8.828502016000000000e+10
1.908244480000000000e+11
9.523200000000000000e+10
6.783457689600000000e+10
3.625295544320000000e+11
1.990009487360000000e+11
1.155841638400000000e+11
-6.292267335680000000e+11
-1.933466992640000000e+11
1.834688020480000000e+11
-3.022349271040000000e+11
-1.538849505280000000e+11
-3.674635960320000000e+11
1.688483921920000000e+11
2.792910028800000000e+11
-1.359246376960000000e+11
-1.920381747200000000e+11
-3.324269035520000000e+11
1.263625175040000000e+11
1.882522091520000000e+11
-9.944042700800000000e+10
-5.658725580800000000e+11
-2.784296632320000000e+11
-4.888219484160000000e+11
-4.824031232000000000e+10
-4.176756736000000000e+11
-8.341577728000000000e+10
-4.215981998080000000e+11
-2.957611827200000000e+11
-6.979525672960000000e+11
-1.678450360320000000e+11
3.365097635840000000e+11
4.696739020800000000e+11
2.474722590720000000e+11
-1.865108684800000000e+11
2.413247528960000000e+11
6.958749450240000000e+11
6.102962995200000000e+10
2.333018849280000000e+11
7.374438400000000000e+09
-8.845305446400000000e+10
8.543166464000000000e+09
-1.470188912640000000e+11
3.357054730240000000e+11
-4.540460564480000000e+11
-2.550772203520000000e+11
1.662228234240000000e+11
3.837223567360000000e+11
8.691457720320000000e+11
-2.010863697920000000e+11
-8.835342336000000000e+09
1.218245836800000000e+11
2.704296345600000000e+11
2.213398118400000000e+10
-5.786406092800000000e+10
1.169625415680000000e+11
-7.338615603200000000e+10
-1.894135234560000000e+11
-1.807176990720000000e+11
-4.332243189760000000e+11
-4.681615605760000000e+11
1.180997713920000000e+11
-4.066908569600000000e+11
-5.112469258240000000e+11
8.920159846400000000e+10
-3.938837463040000000e+11
3.664442490880000000e+11
1.587961856000000000e+11
-2.063809249280000000e+11
-2.424501370880000000e+11
1.002314137600000000e+11
2.151221493760000000e+11
1.426931712000000000e+10
-3.886208450560000000e+11
1.860292771840000000e+11
5.847882137600000000e+10
9.559267737600000000e+10
-4.816474931200000000e+10
5.608070840320000000e+11
1.835836211200000000e+11
-8.510976819200000000e+10
-2.006909583360000000e+11
7.218102272000000000e+09
-5.181743759360000000e+11
2.434853437440000000e+11
-3.816158003200000000e+11
-2.693846466560000000e+11
-2.877456384000000000e+11
1.184689684480000000e+11
-2.094579712000000000e+09
4.593136107520000000e+11
2.118424166400000000e+10
-4.131342909440000000e+11
3.145991782400000000e+10
-3.417880985600000000e+10
-9.302466560000000000e+10
2.457089474560000000e+11
2.053055447040000000e+11
7.923017973760000000e+11
-4.966360678400000000e+11
-2.234617856000000000e+09
2.163031900160000000e+11
4.180893286400000000e+10
1.442050539520000000e+11
3.191986585600000000e+10
-3.483198423040000000e+11
-5.972328448000000000e+11
-3.319972495360000000e+11
3.582916034560000000e+11
2.603686952960000000e+11
1.166365982720000000e+11
-8.032324157440000000e+11
6.074744832000000000e+10
3.498809753600000000e+10
-3.877157273600000000e+10
-3.483290828800000000e+10
6.980788551680000000e+11
-1.679844638720000000e+11
5.382676480000000000e+10
5.082765721600000000e+10
-6.478787379200000000e+10
-6.915459645440000000e+11
-5.224634122240000000e+11
2.244158259200000000e+11
-2.584967577600000000e+11
-3.157701427200000000e+11
-4.574240112640000000e+11
-4.706595635200000000e+10
2.846591549440000000e+11
9.149166387200000000e+10
8.872281702400000000e+10
-4.314241433600000000e+11
3.802422640640000000e+11
-1.254414254080000000e+11
6.457751633920000000e+11
2.583960125440000000e+11
-1.340873932800000000e+10
5.297084006400000000e+10
-6.706834636800000000e+10
4.584365096960000000e+11
-2.620767436800000000e+10
7.873539604480000000e+11
2.862132756480000000e+11
-6.639819816960000000e+11
5.175337943040000000e+11
6.506943283200000000e+10
1.505127956480000000e+11
-2.871269457920000000e+11
-2.307654778880000000e+11
-1.591172136960000000e+11
8.751018803200000000e+10
-2.229005680640000000e+11
3.534692352000000000e+10
-7.570119065600000000e+10
1.322854809600000000e+11
3.301496586240000000e+11
1.863282851840000000e+11
-1.536821821440000000e+11
3.114511892480000000e+11
-3.878302842880000000e+11
-2.441877913600000000e+11
-1.472379125760000000e+11
2.346926243840000000e+11
3.646366679040000000e+11
-1.773756907520000000e+11
4.622004387840000000e+11
7.342380646400000000e+10
5.054282137600000000e+10
1.513999564800000000e+10
-1.317710725120000000e+11
7.051414732800000000e+11
5.609552281600000000e+10
-1.151034408960000000e+11
2.348422594560000000e+11
-9.899884544000000000e+09
2.304558039040000000e+11
-1.867920998400000000e+10
-4.713201664000000000e+11
-9.817730252800000000e+10
-3.002491863040000000e+11
-1.775248343040000000e+11
3.458539192320000000e+11
-3.687874887680000000e+11
3.010322432000000000e+10
2.143250022400000000e+10
-9.022695014400000000e+10
-7.861178204160000000e+11
3.423664209920000000e+11
5.407653560320000000e+11
-3.516594585600000000e+11
1.730475130880000000e+11
-9.692436889600000000e+10
-5.199041331200000000e+10
1.478491996160000000e+11
-2.370366341120000000e+11
-1.078520709120000000e+11
-2.480176332800000000e+11
-3.841292369920000000e+11
1.727862538240000000e+11
-1.319342243840000000e+11
-6.040045158400000000e+10
2.248726118400000000e+11
-4.031064965120000000e+11
6.035178127360000000e+11
3.390168104960000000e+11
1.708558581760000000e+11
-1.862018662400000000e+11
-3.065302548480000000e+11
-5.548188631040000000e+11
2.138112819200000000e+11
-1.034908303360000000e+11
4.409800785920000000e+11
5.152886784000000000e+10
-1.371500544000000000e+11
-2.990758297600000000e+11
-2.762690560000000000e+10
-8.006737920000000000e+10
-2.155168071680000000e+11
2.479380561920000000e+11
3.320844451840000000e+11
-1.659923988480000000e+11
6.558408704000000000e+10
-3.564282511360000000e+11
7.605457715200000000e+10
-4.667768176640000000e+11
2.814508400640000000e+11
1.860963041280000000e+11
-4.272050667520000000e+11
9.168879616000000000e+09
-5.650190172160000000e+11
-2.263017390080000000e+11
-3.927665213440000000e+11
-1.840361308160000000e+11
1.911035658240000000e+11
-4.041525166080000000e+11
-3.056609198080000000e+11
4.085824225280000000e+11
2.411799183360000000e+11
-1.247924060160000000e+11
1.817996492800000000e+10
7.910565478400000000e+10
2.628998266880000000e+11
-2.187713576960000000e+11
2.525115514880000000e+11
1.905727078400000000e+10
-2.586635304960000000e+11
-3.099383562240000000e+11
-5.661736960000000000e+10
-3.216215900160000000e+11
2.436438917120000000e+11
-1.745017241600000000e+11
3.820715048960000000e+11
-3.203829923840000000e+11
3.081647718400000000e+10
7.504140697600000000e+10
5.056878673920000000e+11
-3.882511237120000000e+11
4.523876024320000000e+11
3.273014640640000000e+11
1.766727352320000000e+11
4.995689349120000000e+11
1.662477271040000000e+11
-2.147420078080000000e+11
-2.464966737920000000e+11
-2.240949452800000000e+11
3.476318453760000000e+11
4.094032609280000000e+11
1.552887316480000000e+11
2.127746826240000000e+11
-3.650815918080000000e+11
-1.916087500800000000e+11
-3.663543336960000000e+11
-3.075803054080000000e+11
7.060055654400000000e+11
4.055265116160000000e+11
2.387865272320000000e+11
-1.867826462720000000e+11
3.650310307840000000e+11
4.732782510080000000e+11
-2.917594562560000000e+11
-3.866223575040000000e+11
1.471887933440000000e+11
-5.876912619520000000e+11
7.708888268800000000e+10
2.435407380480000000e+11
7.297067417600000000e+10
1.093802065920000000e+11
-3.565800325120000000e+11
6.038201303040000000e+11
-4.403634503680000000e+11
-4.113709465600000000e+10
2.912813056000000000e+11
-1.004935905280000000e+11
3.291889336320000000e+11
-2.940268052480000000e+11
-1.803794186240000000e+11
3.463855472640000000e+11
-1.187955343360000000e+11
-1.028088954880000000e+11
2.768546365440000000e+11
-1.671103938560000000e+11
-1.924723179520000000e+11
-3.223164026880000000e+11
-3.806430003200000000e+10
-3.601864785920000000e+11
2.592629719040000000e+11
-1.883972239360000000e+11
1.082051379200000000e+10
-1.761315061760000000e+11
-3.207398686720000000e+11
1.111075553280000000e+11
-2.939288616960000000e+11
4.424453980160000000e+11
-2.456459182080000000e+11
-1.346344550400000000e+11
5.079515545600000000e+10
4.847726100480000000e+11
3.027053363200000000e+10
-5.207334092800000000e+10
-8.273166336000000000e+10
3.947625840640000000e+11
-1.625959628800000000e+11
-1.656234639360000000e+11
-3.039504629760000000e+11
2.135663411200000000e+11
5.300997324800000000e+10
-1.735619379200000000e+11
1.526998958080000000e+11
-2.544076718080000000e+11
-7.681298432000000000e+10
2.684423372800000000e+11
1.403104460800000000e+11
-3.285214822400000000e+11
1.891733995520000000e+11
-5.934004961280000000e+11
1.493996339200000000e+11
-1.700164567040000000e+11
1.290380410880000000e+11
2.163245056000000000e+11
-7.872721715200000000e+10
3.548183592960000000e+11
5.476928061440000000e+11
3.808058408960000000e+11
7.063060480000000000e+09
2.098380800000000000e+11
5.242540523520000000e+11
9.116398387200000000e+10
-1.581242449920000000e+11
-5.113776046080000000e+11
2.579385712640000000e+11
-1.432397414400000000e+11
2.754300477440000000e+11
-5.579022008320000000e+11
-6.030029619200000000e+11
2.941391667200000000e+11
1.920309002240000000e+11
3.278936145920000000e+11
-3.569820631040000000e+11
1.229581762560000000e+11
-3.259723939840000000e+11
3.981817937920000000e+11
-4.764478013440000000e+11
9.695943065600000000e+10
-1.251638476800000000e+10
2.021394513920000000e+11
-2.479881093120000000e+11
-7.546821672960000000e+11
-7.052267356160000000e+11
5.007884288000000000e+11
-2.509522698240000000e+11
-5.575864483840000000e+11
-7.702478848000000000e+10
-1.843973816320000000e+11
-8.166775193600000000e+10
7.362671411200000000e+10
4.440049582080000000e+11
-3.487473008640000000e+11
-2.067842498560000000e+11
-3.517537976320000000e+11
5.265240227840000000e+11
-2.513911808000000000e+10
-3.396065689600000000e+10
-1.480975646720000000e+11
2.927259156480000000e+11
-7.890353356800000000e+10
-3.640190566400000000e+11
3.697669242880000000e+11
1.675513036800000000e+10
3.421769236480000000e+11
1.868517539840000000e+11
2.816461701120000000e+11
-4.928887521280000000e+11
7.216926720000000000e+10
-5.435786526720000000e+11
1.942735912960000000e+11
1.229037731840000000e+11
3.638284288000000000e+10
1.537993932800000000e+11
-3.048719319040000000e+11
1.811891159040000000e+11
-1.967268659200000000e+10
3.039918489600000000e+11
4.796184657920000000e+11
-5.259825971200000000e+10
3.805931110400000000e+10
3.179983667200000000e+10
-5.319961477120000000e+11
5.740980469760000000e+11
-4.522156032000000000e+11
-5.980099051520000000e+11
6.684354805760000000e+11
6.155056578560000000e+11
-4.490174464000000000e+11
1.439861145600000000e+10
5.112479744000000000e+09
1.586819563520000000e+11
5.566125834240000000e+11
3.044979507200000000e+10
-2.090699816960000000e+11
2.128863395840000000e+11
-1.309277552640000000e+11
1.188725309440000000e+11
1.212931604480000000e+11
2.900899266560000000e+11
-3.207703756800000000e+11
-5.970663014400000000e+10
2.383388344320000000e+11
-3.033021480960000000e+11
-4.613028249600000000e+10
5.607211663360000000e+11
2.760262615040000000e+11
-2.310134824960000000e+11
6.442475192320000000e+11
-8.730737049600000000e+10
-2.651332608000000000e+10
-3.259684454400000000e+10
3.441217536000000000e+10
-2.387283968000000000e+11
2.496984186880000000e+11
1.417220915200000000e+11
7.099025981440000000e+11
-1.538979594240000000e+11
7.238223462400000000e+10
7.058371379200000000e+10
-2.710547333120000000e+11
1.574625607680000000e+11
4.635063746560000000e+11
-7.172696309760000000e+11
8.121134284800000000e+10
2.780459827200000000e+11
3.226042040320000000e+11
-1.044509491200000000e+10
-2.566411386880000000e+11
4.026322780160000000e+11
-6.146372403200000000e+11
-1.700590387200000000e+11
1.589273559040000000e+11
1.797177016320000000e+11
-4.482254438400000000e+10
2.979277045760000000e+11
-7.133865574400000000e+10
-4.565395701760000000e+11
-3.726919925760000000e+11
-2.429997056000000000e+11
3.666938101760000000e+11
1.987058565120000000e+11
2.653552312320000000e+11
-4.569536593920000000e+11
3.662047805440000000e+11
-2.080595968000000000e+11
4.639293440000000000e+09
5.307996569600000000e+10
1.200774430720000000e+11
2.868358348800000000e+11
-4.050783436800000000e+10
5.594552729600000000e+11
-1.365245296640000000e+11
6.164994048000000000e+10
2.319337390080000000e+11
-2.062872084480000000e+11
-1.825674035200000000e+11
4.034103214080000000e+11
6.817850982400000000e+11
-4.749213696000000000e+10
-5.440380108800000000e+10
-3.364394762240000000e+11
-1.563952414720000000e+11
-2.374590464000000000e+09
2.657482833920000000e+11
2.029025525760000000e+11
1.628264038400000000e+10
1.059599155200000000e+11
-2.836044185600000000e+10
1.466946027520000000e+11
-5.916683796480000000e+11
-1.403014348800000000e+11
1.136158146560000000e+11
-1.196676382720000000e+11
-1.148143861760000000e+11
-3.172045619200000000e+10
-2.065079500800000000e+10
1.381665996800000000e+11
2.701525647360000000e+11
2.301450649600000000e+11
1.034514595840000000e+11
-3.772487761920000000e+11
1.664222167040000000e+11
5.216055459840000000e+11
3.558876774400000000e+11
7.988959641600000000e+10
3.284348928000000000e+10
-3.682123776000000000e+11
2.735680552960000000e+11
7.290122240000000000e+10
1.796885217280000000e+11
4.107487477760000000e+11
2.153509847040000000e+11
5.387799756800000000e+11
2.109475225600000000e+11
-5.812718796800000000e+10
4.948063027200000000e+11
-1.348316364800000000e+11
2.184473149440000000e+11
5.570127462400000000e+11
4.396464209920000000e+11
-3.734875340800000000e+11
2.065465344000000000e+11
-6.791216496640000000e+11
8.150269952000000000e+09
-1.086995169280000000e+11
-1.855644303360000000e+11
-3.575844372480000000e+11
1.395097600000000000e+09
-5.992714076160000000e+11
7.721642885120000000e+11
-5.799066009600000000e+10
-2.319841689600000000e+10
-4.657016832000000000e+10
-5.238900326400000000e+11
1.035222876160000000e+11
-3.202814443520000000e+11
-4.976965058560000000e+11
1.241235456000000000e+11
-1.339778334720000000e+11
-2.151470366720000000e+11
-1.011726909440000000e+11
8.240994713600000000e+11
-4.315809382400000000e+10
7.613845504000000000e+10
-2.130291916800000000e+10
7.390198169600000000e+10
4.831222988800000000e+10
-6.539648614400000000e+10
-2.739895992320000000e+11
2.553672990720000000e+11
2.260792442880000000e+11
-2.284074106880000000e+11
-2.551917608960000000e+11
1.233199267840000000e+11
4.353170145280000000e+11
4.120822087680000000e+11
4.475633008640000000e+11
5.358303641600000000e+10
-4.259411722240000000e+11
1.707662540800000000e+10
-7.605402009600000000e+10
-2.859560468480000000e+11
-3.131400519680000000e+11
1.391816212480000000e+11
2.092585779200000000e+11
3.280934666240000000e+11
-5.389449625600000000e+11
-6.979971973120000000e+11
3.688959180800000000e+10
-2.222652620800000000e+10
2.930560860160000000e+11
-5.194604216320000000e+11
-3.114129489920000000e+11
-1.889262141440000000e+11
4.196772085760000000e+11
1.742346485760000000e+11
3.309811793920000000e+11
2.202631536640000000e+11
-1.475862036480000000e+11
5.106433392640000000e+11
-5.508169728000000000e+09
4.276260044800000000e+11
-2.799370240000000000e+08
1.378811904000000000e+11
-5.653964390400000000e+11
3.870073815040000000e+11
1.733215354880000000e+11
1.787493744640000000e+11
-5.963597086720000000e+11
-7.840604160000000000e+10
3.598062387200000000e+10
2.204985589760000000e+11
-2.591833128960000000e+11
-1.135865528320000000e+11
-6.700580208640000000e+11
-1.144734269440000000e+11
1.180467200000000000e+11
-2.565017108480000000e+11
-2.860360007680000000e+11
3.918592409600000000e+11
2.874041303040000000e+11
-3.700589199360000000e+11
7.673776537600000000e+10
-2.764510986240000000e+11
6.940776038400000000e+10
7.213156925440000000e+11
-1.443986472960000000e+11
-2.254717911040000000e+11
-3.377106452480000000e+11
3.869522657280000000e+11
3.907293675520000000e+11
-5.116510863360000000e+11
2.030530560000000000e+11
-4.971196252160000000e+11
-2.404683284480000000e+11
7.374620262400000000e+10
-9.293905920000000000e+08
-2.855959592960000000e+11
1.786681098240000000e+11
-3.084950568960000000e+11
-3.710651596800000000e+10
7.268155392000000000e+10
5.938996183040000000e+11
-2.875844853760000000e+11
3.036489973760000000e+11
-8.465568235520000000e+11
2.276419338240000000e+11
-4.557538590720000000e+11
1.345600389120000000e+11
2.074341376000000000e+09
1.877539225600000000e+11
-1.298695290880000000e+11
1.642629365760000000e+11
9.247244288000000000e+10
-2.997087109120000000e+11
5.971843481600000000e+11
-4.351179489280000000e+11
-1.794535915520000000e+11
-4.991061852160000000e+11
-1.323227873280000000e+11
6.217349201920000000e+11
-2.020804034560000000e+11
-4.541462609920000000e+11
-1.221768806400000000e+10
7.990159769600000000e+10
-1.057700003840000000e+11
-3.788858982400000000e+11
-2.537367470080000000e+11
4.632825692160000000e+11
3.557412044800000000e+11
-9.109693235200000000e+10
-1.187842949120000000e+11
-1.917985095680000000e+11
-6.982749388800000000e+10
-3.561468723200000000e+11
-3.152358604800000000e+11
1.312810106880000000e+11
3.361370603520000000e+11
-3.378943098880000000e+11
2.615569776640000000e+11
-7.683954442240000000e+11
4.251026063360000000e+11
-2.036365721600000000e+11
-2.805024030720000000e+11
-3.827763118080000000e+11
-3.014801817600000000e+11
-1.629849681920000000e+11
3.648851476480000000e+11
5.000824422400000000e+10
5.502998937600000000e+11
1.825171046400000000e+11
-4.205966131200000000e+11
5.270873047040000000e+11
-2.896756736000000000e+09
5.096793374720000000e+11
-1.058188001280000000e+11
3.097323765760000000e+11
4.385975173120000000e+11
4.697951436800000000e+10
-1.470415503360000000e+11
2.697834659840000000e+11
4.095935119360000000e+11
-5.580047646720000000e+11
1.613783040000000000e+11
3.145769287680000000e+11
-7.185850368000000000e+10
3.471421603840000000e+11
-2.825559736320000000e+11
2.190460846080000000e+11
1.817593446400000000e+11
1.045061468160000000e+11
-3.915538432000000000e+11
-1.950208819200000000e+11
-2.849971240960000000e+11
-4.864364544000000000e+10
3.396204953600000000e+11
5.165320110080000000e+11
-1.617723392000000000e+09
-2.897252843520000000e+11
-2.133753036800000000e+11
-1.425491394560000000e+11
-4.243243991040000000e+11
-1.925748326400000000e+11
7.455821824000000000e+10
3.788997263360000000e+11
-4.138591518720000000e+11
8.204558008320000000e+11
-2.121108357120000000e+11
-9.643763302400000000e+10
-1.784622940160000000e+11
6.932817510400000000e+10
3.887181332480000000e+11
-1.438613176320000000e+11
-9.619286917120000000e+11
7.982833664000000000e+10
-7.586506342400000000e+11
-3.917232537600000000e+10
7.654624460800000000e+10
-6.240462438400000000e+11
1.854472192000000000e+11
1.346778890240000000e+11
1.785730990080000000e+11
1.978287390720000000e+11
-2.825757655040000000e+11
-4.046837841920000000e+11
-3.898798899200000000e+11
3.529958031360000000e+11
-5.722889912320000000e+11
7.394367242240000000e+11
3.154855198720000000e+11
-1.003249745920000000e+11
-6.051513630720000000e+11
3.649152614400000000e+10
1.424039936000000000e+11
-2.849518714880000000e+11
4.178778521600000000e+10
4.654485504000000000e+10
-4.148768276480000000e+11
-1.252205002752000000e+12
-3.710575575040000000e+11
3.107833774080000000e+11
-9.349064294400000000e+10
5.093822054400000000e+10
-1.446020874240000000e+11
4.188711813120000000e+11
2.675893534720000000e+11
6.350881587200000000e+10
-2.439309393920000000e+11
-6.399160483840000000e+11
-2.056470200320000000e+11
-2.698008166400000000e+11
-1.282478243840000000e+11
-2.228910817280000000e+11
6.165717401600000000e+10
-2.784134758400000000e+10
5.164744376320000000e+11
-1.320703754240000000e+11
1.172018790400000000e+11
-2.506761502720000000e+11
-2.997784371200000000e+10
3.705166233600000000e+10
4.270154711040000000e+11
2.858047242240000000e+11
2.957747159040000000e+11
-7.393251164160000000e+11
-6.320808755200000000e+10
-3.939000975360000000e+11
5.327816294400000000e+10
5.361892147200000000e+10
-4.005810339840000000e+11
1.547920179200000000e+10
-2.042085785600000000e+10
1.400135024640000000e+11
1.130374512640000000e+11
3.517309747200000000e+10
-3.921483202560000000e+11
-3.899559116800000000e+10
-3.933439262720000000e+11
6.055516569600000000e+11
-4.185709608960000000e+11
1.885435822080000000e+11
8.367494266880000000e+11
-1.580017090560000000e+11
-5.543058636800000000e+10
1.073045176320000000e+11
-1.763252469760000000e+11
-3.105153024000000000e+10
3.672695767040000000e+11
2.934597877760000000e+11
-2.376690565120000000e+11
7.186937282560000000e+11
-1.347390013440000000e+11
6.558023680000000000e+11
-3.511439196160000000e+11
4.549795184640000000e+11
-2.805320908800000000e+10
1.602447605760000000e+11
3.423685836800000000e+11
-2.502436290560000000e+11
3.016662056960000000e+11
1.547704074240000000e+11
-2.490437140480000000e+11
-2.990479769600000000e+11
3.868637265920000000e+11
-2.303567462400000000e+11
-2.525361602560000000e+11
5.280375767040000000e+11
-1.225157345280000000e+11
2.247705559040000000e+11
1.298690211840000000e+11
-8.750234828800000000e+10
5.342637588480000000e+11
2.548296581120000000e+11
2.076479979520000000e+11
-3.078720716800000000e+10
-2.337254277120000000e+11
-2.213740544000000000e+09
9.723115110400000000e+10
-3.510466641920000000e+11
-3.670997729280000000e+11
4.084527923200000000e+11
7.429831065600000000e+10
7.095902535680000000e+11
3.326610636800000000e+10
4.344836587520000000e+11
7.435106385920000000e+11
2.431698206720000000e+11
-2.115214049280000000e+11
-2.385761402880000000e+11
-1.145251676160000000e+11
3.572066877440000000e+11
2.128633241600000000e+10
-2.978065940480000000e+11
9.780947353600000000e+10
8.083477299200000000e+10
3.323458355200000000e+10
