1.544327331840000000e+11
-6.570595942400000000e+10
8.211750912000000000e+09
1.729430323200000000e+11
-3.648241008640000000e+11
-1.774308884480000000e+11
2.716337766400000000e+11
2.632869478400000000e+11
-2.902343680000000000e+11
2.653613260800000000e+10
-3.224116264960000000e+11
3.476211302400000000e+10
-2.148148838400000000e+11
-1.319902412800000000e+11
3.661695221760000000e+11
-3.741528883200000000e+11
1.177770721280000000e+11
-3.731011993600000000e+11
-4.863667404800000000e+10
8.918733619200000000e+10
1.782167797760000000e+11
-3.444157644800000000e+11
-1.108980858880000000e+11
8.430190592000000000e+09
1.253962055680000000e+11
-3.453280911360000000e+11
1.065850142720000000e+11
1.307742699520000000e+11
4.256826654720000000e+11
-2.021226086400000000e+10
-4.326356582400000000e+10
-3.519815024640000000e+11
3.616235192320000000e+11
-1.868563906560000000e+11
-2.918381649920000000e+11
-1.701479710720000000e+11
4.934467584000000000e+10
-2.936482037760000000e+11
-1.110540124160000000e+11
2.292312145920000000e+11
9.595994112000000000e+09
-5.626932756480000000e+11
3.182974074880000000e+11
-1.829074534400000000e+10
2.196038123520000000e+11
1.632810598400000000e+10
2.212968202240000000e+11
-1.042047139840000000e+11
1.012270039040000000e+11
1.001137766400000000e+10
1.063505346560000000e+11
-2.336883015680000000e+11
5.122813460480000000e+11
-2.663062077440000000e+11
-1.730835251200000000e+10
-1.173447475200000000e+10
3.216639262720000000e+11
-2.531099443200000000e+10
2.750104207360000000e+11
-2.579612057600000000e+10
2.040976834560000000e+11
-1.654519889920000000e+11
-7.705252659200000000e+10
2.589402071040000000e+11
3.293059481600000000e+11
-3.343396700160000000e+11
1.261880934400000000e+10
2.298100776960000000e+11
-1.239408312320000000e+11
-3.571753779200000000e+10
-2.649167626240000000e+11
-3.616899072000000000e+11
-9.922548531200000000e+10
4.632415436800000000e+10
-7.391874908160000000e+11
-9.159491584000000000e+10
-3.084990545920000000e+11
8.845070336000000000e+09
7.822727577600000000e+10
-1.677426851840000000e+11
3.199890227200000000e+10
-8.870229606400000000e+10
5.466659225600000000e+11
7.611675443200000000e+10
3.524414013440000000e+11
-4.269714964480000000e+11
2.277608980480000000e+11
-2.801133158400000000e+11
-2.320171663360000000e+11
8.207491072000000000e+10
1.700991139840000000e+11
2.316921405440000000e+11
-4.417009745920000000e+11
3.912736768000000000e+10
3.345129799680000000e+11
3.255193763840000000e+11
-1.109659484160000000e+11
-9.818372505600000000e+10
-3.074382888960000000e+11
1.553219911680000000e+11
2.248393195520000000e+11
-1.547646730240000000e+11
-2.355145441280000000e+11
1.000082964480000000e+11
3.086660403200000000e+10
7.661608960000000000e+08
-1.347538698240000000e+11
6.439824588800000000e+10
1.063509196800000000e+10
2.878402068480000000e+11
-3.140320624640000000e+11
-2.350286766080000000e+11
1.822295818240000000e+11
-2.968462950400000000e+10
5.537692876800000000e+10
4.384042516480000000e+11
-2.472383938560000000e+11
1.438382325760000000e+11
-9.064163737600000000e+10
3.990876651520000000e+11
6.717568204800000000e+10
-1.556191313920000000e+11
-1.193559654400000000e+10
3.054706360320000000e+11
-9.489836441600000000e+10
-8.546810265600000000e+10
1.825461370880000000e+11
3.907567616000000000e+10
-1.769983016960000000e+11
-3.628139806720000000e+11
-2.300025077760000000e+11
-3.701826191360000000e+11
1.775964323840000000e+11
1.748264550400000000e+11
-2.902464593920000000e+11
4.539004682240000000e+11
-4.210419302400000000e+10
1.419457003520000000e+11
-1.909649244160000000e+11
1.151120179200000000e+11
1.929610035200000000e+11
2.319205007360000000e+11
-1.325441024000000000e+10
-6.303727616000000000e+09
-6.293570191360000000e+11
-1.562671841280000000e+11
-4.858224640000000000e+10
-3.137088389120000000e+11
-1.003803607040000000e+11
-3.725585940480000000e+11
3.143083622400000000e+11
3.025241047040000000e+11
-2.951803371520000000e+11
-2.376149073920000000e+11
-2.145294909440000000e+11
2.284409159680000000e+11
-4.639735152640000000e+11
3.351357030400000000e+11
-6.144704512000000000e+09
9.198003814400000000e+10
1.523938590720000000e+11
6.490577305600000000e+10
5.956801331200000000e+10
3.011921838080000000e+11
1.662031134720000000e+11
8.518474137600000000e+10
-5.022621040640000000e+11
-1.315531489280000000e+11
1.750101852160000000e+11
-2.196618117120000000e+11
-1.206972252160000000e+11
-2.966522429440000000e+11
1.276940206080000000e+11
2.473587998720000000e+11
-1.147749089280000000e+11
-1.691584757760000000e+11
-2.760976629760000000e+11
1.006527528960000000e+11
1.746674319360000000e+11
-7.657240166400000000e+10
-4.549456035840000000e+11
-2.376819343360000000e+11
-4.097657405440000000e+11
-5.438101913600000000e+10
-3.489606533120000000e+11
-7.722396057600000000e+10
-3.489364705280000000e+11
-2.298062438400000000e+11
-5.604998512640000000e+11
-1.363660636160000000e+11
2.729166766080000000e+11
3.729594449920000000e+11
2.199873126400000000e+11
-1.214750556160000000e+11
2.094380154880000000e+11
5.565515038720000000e+11
5.659589836800000000e+10
1.838045757440000000e+11
8.432582656000000000e+09
-5.280855654400000000e+10
3.367360921600000000e+10
-1.457111695360000000e+11
2.708485898240000000e+11
-3.408289464320000000e+11
-2.191068037120000000e+11
1.194174054400000000e+11
3.137297121280000000e+11
6.908751380480000000e+11
-1.569228390400000000e+11
1.162188390400000000e+10
1.060594892800000000e+11
2.356513996800000000e+11
2.476804096000000000e+10
-4.340941619200000000e+10
8.899718348800000000e+10
-7.125996339200000000e+10
-1.372590899200000000e+11
-1.414164807680000000e+11
-3.490584985600000000e+11
-3.855298396160000000e+11
9.814052864000000000e+10
-3.128307875840000000e+11
-4.229553520640000000e+11
7.912578252800000000e+10
-3.039021629440000000e+11
2.874960117760000000e+11
1.219862855680000000e+11
-1.718601809920000000e+11
-2.012111175680000000e+11
8.409176473600000000e+10
1.788983050240000000e+11
-5.977014272000000000e+09
-3.019480760320000000e+11
1.562267156480000000e+11
1.933744537600000000e+10
6.695514112000000000e+10
-5.279209472000000000e+10
4.594956369920000000e+11
1.324703170560000000e+11
-5.542027264000000000e+10
-1.565952081920000000e+11
1.542490521600000000e+10
-3.999973703680000000e+11
2.015497584640000000e+11
-3.018336174080000000e+11
-2.103313039360000000e+11
-2.190389248000000000e+11
9.070112768000000000e+10
-1.271513088000000000e+10
3.783144898560000000e+11
1.692691660800000000e+10
-3.278731345920000000e+11
2.394839449600000000e+10
-3.689013248000000000e+10
-7.539310592000000000e+10
2.007772364800000000e+11
1.517541457920000000e+11
6.528557383680000000e+11
-4.028410757120000000e+11
-6.224199680000000000e+08
1.463063838720000000e+11
8.426332160000000000e+09
1.050832977920000000e+11
2.578569625600000000e+10
-2.995814400000000000e+11
-4.756067450880000000e+11
-2.589532160000000000e+11
2.853378129920000000e+11
2.233041715200000000e+11
9.928135475200000000e+10
-6.647703142400000000e+11
4.256731955200000000e+10
2.653365862400000000e+10
-4.167516160000000000e+10
-4.324966400000000000e+10
5.771385896960000000e+11
-1.381175459840000000e+11
4.639472025600000000e+10
4.988855910400000000e+10
-5.225043558400000000e+10
-5.420064112640000000e+11
-4.199090421760000000e+11
1.787697233920000000e+11
-2.043172618240000000e+11
-2.492815769600000000e+11
-3.739583774720000000e+11
-3.756377702400000000e+10
2.347920752640000000e+11
6.290842419200000000e+10
7.811322675200000000e+10
-3.480346951680000000e+11
3.072888668160000000e+11
-1.152403701760000000e+11
5.012606812160000000e+11
2.209989263360000000e+11
-7.008149504000000000e+09
5.042808422400000000e+10
-6.858525491200000000e+10
3.717823201280000000e+11
-2.186973184000000000e+10
6.414377943040000000e+11
2.448895016960000000e+11
-5.463750410240000000e+11
3.947429232640000000e+11
6.049888256000000000e+10
1.125149818880000000e+11
-2.500452843520000000e+11
-1.791626772480000000e+11
-1.227435540480000000e+11
6.968541184000000000e+10
-1.709251624960000000e+11
4.103835648000000000e+10
-5.561815859200000000e+10
1.172424376320000000e+11
2.561200128000000000e+11
1.467879587840000000e+11
-1.495435509760000000e+11
2.555265351680000000e+11
-3.191831592960000000e+11
-2.172991242240000000e+11
-1.087716720640000000e+11
2.076041216000000000e+11
3.041472348160000000e+11
-1.271404625920000000e+11
3.844744151040000000e+11
7.073611776000000000e+10
5.084885811200000000e+10
6.328205312000000000e+09
-7.925893529600000000e+10
5.611449221120000000e+11
2.626699264000000000e+10
-8.768593920000000000e+10
2.128323543040000000e+11
2.020147200000000000e+08
1.872922214400000000e+11
-2.691637248000000000e+09
-3.786819502080000000e+11
-9.121173504000000000e+10
-2.439923630080000000e+11
-1.317780766720000000e+11
2.953048227840000000e+11
-3.141293834240000000e+11
2.839168614400000000e+10
5.916770304000000000e+09
-8.550616268800000000e+10
-6.221598556160000000e+11
3.068018032640000000e+11
4.479415091200000000e+11
-2.909347840000000000e+11
1.315821977600000000e+11
-7.357430988800000000e+10
-4.091542323200000000e+10
9.896928870400000000e+10
-1.909142159360000000e+11
-8.773120819200000000e+10
-1.784316559360000000e+11
-3.155515801600000000e+11
1.319962705920000000e+11
-1.215852380160000000e+11
-4.625096704000000000e+10
1.815590338560000000e+11
-3.243324866560000000e+11
4.843215257600000000e+11
2.730781573120000000e+11
1.262944911360000000e+11
-1.184219299840000000e+11
-2.470806487040000000e+11
-4.333414973440000000e+11
1.846040657920000000e+11
-6.731309056000000000e+10
3.532764938240000000e+11
3.994292224000000000e+10
-1.067499192320000000e+11
-2.379460444160000000e+11
-2.738441420800000000e+10
-4.799148851200000000e+10
-1.715980369920000000e+11
1.929946890240000000e+11
2.801744609280000000e+11
-1.198196981760000000e+11
6.148611276800000000e+10
-2.921479864320000000e+11
6.665273344000000000e+10
-3.757772963840000000e+11
1.997588398080000000e+11
1.560548311040000000e+11
-3.494373621760000000e+11
1.064186675200000000e+10
-4.733556162560000000e+11
-1.852206448640000000e+11
-3.046262046720000000e+11
-1.506293514240000000e+11
1.587691356160000000e+11
-3.410328616960000000e+11
-2.433473413120000000e+11
3.493161205760000000e+11
2.030195834880000000e+11
-1.085410672640000000e+11
1.895738572800000000e+10
8.267692441600000000e+10
2.041398394880000000e+11
-1.710812364800000000e+11
2.152091484160000000e+11
6.410739712000000000e+09
-2.018788147200000000e+11
-2.693305139200000000e+11
-4.787701760000000000e+10
-2.631361495040000000e+11
1.964150947840000000e+11
-1.407513395200000000e+11
3.036778659840000000e+11
-2.665931079680000000e+11
2.409866035200000000e+10
6.925682278400000000e+10
4.082024448000000000e+11
-3.048735375360000000e+11
3.670288957440000000e+11
2.816865730560000000e+11
1.649493606400000000e+11
4.028030976000000000e+11
1.181512990720000000e+11
-1.857985904640000000e+11
-2.073792348160000000e+11
-1.763986636800000000e+11
2.912915947520000000e+11
3.419037368320000000e+11
1.165916241920000000e+11
1.764468326400000000e+11
-2.788152442880000000e+11
-1.701923061760000000e+11
-2.933028290560000000e+11
-2.309808128000000000e+11
5.722859765760000000e+11
3.483196129280000000e+11
1.906437324800000000e+11
-1.705349775360000000e+11
2.918510428160000000e+11
3.794738872320000000e+11
-2.397981245440000000e+11
-3.248708976640000000e+11
1.077436907520000000e+11
-4.876207718400000000e+11
7.971563929600000000e+10
2.153138749440000000e+11
6.360491622400000000e+10
7.919455436800000000e+10
-2.924428656640000000e+11
4.998873743360000000e+11
-3.658083860480000000e+11
-4.288479232000000000e+10
2.475435950080000000e+11
-8.023925555200000000e+10
2.695420968960000000e+11
-2.419711016960000000e+11
-1.424567664640000000e+11
2.745557975040000000e+11
-9.611346739200000000e+10
-9.129895526400000000e+10
2.161768202240000000e+11
-1.401430179840000000e+11
-1.499573452800000000e+11
-2.684435660800000000e+11
-2.168055398400000000e+10
-3.132679127040000000e+11
1.991547289600000000e+11
-1.458196807680000000e+11
-3.279216640000000000e+09
-1.415166033920000000e+11
-2.796031180800000000e+11
1.011167559680000000e+11
-2.313944432640000000e+11
3.849418178560000000e+11
-1.921684111360000000e+11
-1.265488691200000000e+11
3.651361177600000000e+10
4.035554836480000000e+11
1.879252172800000000e+10
-4.025186304000000000e+10
-5.630385356800000000e+10
3.260899655680000000e+11
-1.331692830720000000e+11
-1.431899176960000000e+11
-2.732340346880000000e+11
1.684692828160000000e+11
6.217772236800000000e+10
-1.376574668800000000e+11
1.515597004800000000e+11
-2.196117585920000000e+11
-7.679478988800000000e+10
2.239064637440000000e+11
1.068412272640000000e+11
-2.586755072000000000e+11
1.572504862720000000e+11
-4.976980131840000000e+11
1.144677908480000000e+11
-1.205872558080000000e+11
1.060634624000000000e+11
1.866093854720000000e+11
-6.093155123200000000e+10
2.802127994880000000e+11
4.554963353600000000e+11
3.152879288320000000e+11
-9.277734912000000000e+09
1.757717626880000000e+11
4.358505103360000000e+11
5.244255436800000000e+10
-1.190559580160000000e+11
-3.964395847680000000e+11
2.146773565440000000e+11
-1.169859543040000000e+11
2.092707348480000000e+11
-4.393779200000000000e+11
-4.958263377920000000e+11
2.455660298240000000e+11
1.649132175360000000e+11
2.657693204480000000e+11
-2.812061614080000000e+11
1.171348684800000000e+11
-2.525511680000000000e+11
3.385868943360000000e+11
-3.708579348480000000e+11
9.058421964800000000e+10
-1.195595776000000000e+10
1.421206487040000000e+11
-2.024561377280000000e+11
-6.233859031040000000e+11
-5.480610856960000000e+11
4.216140595200000000e+11
-1.955425484800000000e+11
-4.629582970880000000e+11
-6.321504256000000000e+10
-1.380303175680000000e+11
-6.257612390400000000e+10
6.386117836800000000e+10
3.693180026880000000e+11
-2.873675612160000000e+11
-1.593059246080000000e+11
-2.773558886400000000e+11
4.172176097280000000e+11
-1.759274598400000000e+10
-3.068535603200000000e+10
-9.719626137600000000e+10
2.348856606720000000e+11
-8.166382796800000000e+10
-3.007677071360000000e+11
3.077259591680000000e+11
8.332509184000000000e+09
2.707998801920000000e+11
1.515627642880000000e+11
2.373432115200000000e+11
-4.152164024320000000e+11
6.751474483200000000e+10
-4.387705323520000000e+11
1.627739258880000000e+11
9.705062400000000000e+10
3.585550336000000000e+10
1.389098762240000000e+11
-2.451774013440000000e+11
1.518111457280000000e+11
-1.115694694400000000e+10
2.326376611840000000e+11
3.864374476800000000e+11
-6.135042867200000000e+10
2.848540262400000000e+10
1.067121049600000000e+10
-4.426254254080000000e+11
4.632242094080000000e+11
-3.717399183360000000e+11
-4.881464360960000000e+11
5.591375544320000000e+11
5.097444147200000000e+11
-3.798281093120000000e+11
-6.560456704000000000e+09
-1.286997606400000000e+10
1.177929891840000000e+11
4.386381824000000000e+11
2.524499148800000000e+10
-1.662977146880000000e+11
1.528710758400000000e+11
-1.203286999040000000e+11
8.576151552000000000e+10
8.864156876800000000e+10
2.508413992960000000e+11
-2.572613713920000000e+11
-5.060717772800000000e+10
1.898095738880000000e+11
-2.400126074880000000e+11
-4.030287052800000000e+10
4.667831091200000000e+11
2.237723607040000000e+11
-1.928852766720000000e+11
5.150673797120000000e+11
-5.993222144000000000e+10
-4.321770700800000000e+10
-7.746551808000000000e+09
3.506284134400000000e+10
-1.830927728640000000e+11
2.348959989760000000e+11
1.217682472960000000e+11
5.744648519680000000e+11
-1.397762293760000000e+11
6.782140416000000000e+10
3.982231142400000000e+10
-1.899367628800000000e+11
1.357457080320000000e+11
3.666419384320000000e+11
-5.724897280000000000e+11
6.474842112000000000e+10
2.193092771840000000e+11
2.506874880000000000e+11
-4.947214336000000000e+09
-2.065446502400000000e+11
3.266597027840000000e+11
-4.919547985920000000e+11
-1.201546936320000000e+11
1.472628981760000000e+11
1.419398348800000000e+11
-3.266254233600000000e+10
2.538278584320000000e+11
-4.193904230400000000e+10
-3.751366492160000000e+11
-3.224063180800000000e+11
-2.050542141440000000e+11
3.047128432640000000e+11
1.543993425920000000e+11
2.203279360000000000e+11
-3.856505241600000000e+11
2.945332346880000000e+11
-1.784495636480000000e+11
-2.843607040000000000e+08
4.452350361600000000e+10
1.102627799040000000e+11
2.174907514880000000e+11
-5.347303424000000000e+10
4.364480020480000000e+11
-1.140258570240000000e+11
6.707013222400000000e+10
1.877509406720000000e+11
-1.664214794240000000e+11
-1.634040545280000000e+11
3.089846763520000000e+11
5.856774062080000000e+11
-4.343279616000000000e+10
-4.455245414400000000e+10
-2.610770083840000000e+11
-1.313137295360000000e+11
-3.678269440000000000e+09
2.021827706880000000e+11
1.702733414400000000e+11
1.111384064000000000e+10
9.761325056000000000e+10
-1.481016934400000000e+10
1.274941685760000000e+11
-4.817964236800000000e+11
-1.056614400000000000e+11
9.395295846400000000e+10
-8.274688409600000000e+10
-1.217943224320000000e+11
-3.271034880000000000e+10
-3.582756454400000000e+10
1.164637143040000000e+11
2.072266014720000000e+11
1.773513605120000000e+11
9.325258342400000000e+10
-3.132269199360000000e+11
1.479892664320000000e+11
4.081726259200000000e+11
2.918620200960000000e+11
7.878909132800000000e+10
1.484463308800000000e+10
-3.267831398400000000e+11
2.036957511680000000e+11
5.049923174400000000e+10
1.479904460800000000e+11
3.450948157440000000e+11
1.698274344960000000e+11
4.310872227840000000e+11
1.642697523200000000e+11
-4.327733657600000000e+10
3.913132277760000000e+11
-1.221282529280000000e+11
1.761804779520000000e+11
4.657604853760000000e+11
3.370306437120000000e+11
-2.910707712000000000e+11
1.865259745280000000e+11
-5.566682890240000000e+11
9.315770368000000000e+09
-1.033980968960000000e+11
-1.596010332160000000e+11
-3.041360281600000000e+11
-7.285456896000000000e+09
-4.891740405760000000e+11
6.278816727040000000e+11
-6.953721856000000000e+10
-2.642198528000000000e+09
-3.469799014400000000e+10
-4.131043409920000000e+11
7.434753638400000000e+10
-2.607820800000000000e+11
-3.906380759040000000e+11
1.027445063680000000e+11
-1.196282019840000000e+11
-1.684644003840000000e+11
-7.448228659200000000e+10
6.561262469120000000e+11
-3.205204377600000000e+10
6.363949465600000000e+10
-8.507187200000000000e+09
4.874046668800000000e+10
4.236641075200000000e+10
-5.483945164800000000e+10
-2.269875568640000000e+11
2.143128780800000000e+11
1.690627440640000000e+11
-1.908919336960000000e+11
-1.991291863040000000e+11
9.585392025600000000e+10
3.623891763200000000e+11
3.368387215360000000e+11
3.560258600960000000e+11
4.538029670400000000e+10
-3.466176757760000000e+11
1.721355468800000000e+10
-8.519362969600000000e+10
-2.436049469440000000e+11
-2.509284966400000000e+11
1.245169172480000000e+11
1.694757683200000000e+11
2.687402147840000000e+11
-4.307784499200000000e+11
-5.774549319680000000e+11
9.403080704000000000e+09
-2.981931417600000000e+10
2.465303429120000000e+11
-4.351247646720000000e+11
-2.442781327360000000e+11
-1.644650496000000000e+11
3.499090903040000000e+11
1.409695088640000000e+11
2.557699358720000000e+11
1.598067343360000000e+11
-1.128425226240000000e+11
4.160671907840000000e+11
-5.306523648000000000e+09
3.330978611200000000e+11
-1.605035622400000000e+10
1.094961725440000000e+11
-4.752647782400000000e+11
3.211645747200000000e+11
1.395827998720000000e+11
1.524395540480000000e+11
-4.644601528320000000e+11
-6.613334425600000000e+10
3.287855104000000000e+10
1.605033000960000000e+11
-1.956697538560000000e+11
-1.198275788800000000e+11
-5.371775549440000000e+11
-9.109587558400000000e+10
8.682779443200000000e+10
-1.998137425920000000e+11
-2.232013619200000000e+11
3.218364497920000000e+11
2.367074467840000000e+11
-2.788472586240000000e+11
6.154738892800000000e+10
-2.418619678720000000e+11
4.157150822400000000e+10
5.820437626880000000e+11
-1.103294464000000000e+11
-1.705581772800000000e+11
-2.917036195840000000e+11
3.348879769600000000e+11
2.815195217920000000e+11
-4.228083548160000000e+11
1.699043409920000000e+11
-4.038528860160000000e+11
-2.206705254400000000e+11
6.612407910400000000e+10
6.423904256000000000e+09
-2.393377832960000000e+11
1.546602414080000000e+11
-2.508940247040000000e+11
-7.353581568000000000e+09
6.958302822400000000e+10
4.917694627840000000e+11
-2.215208550400000000e+11
2.471225098240000000e+11
-6.701661552640000000e+11
1.870738063360000000e+11
-3.672825528320000000e+11
1.144285429760000000e+11
-1.132983091200000000e+10
1.646542192640000000e+11
-1.116565585920000000e+11
1.465598279680000000e+11
9.686469836800000000e+10
-2.212672307200000000e+11
4.963443015680000000e+11
-3.443918110720000000e+11
-1.371615313920000000e+11
-3.986979553280000000e+11
-1.173852487680000000e+11
4.915823247360000000e+11
-1.712357867520000000e+11
-3.731797442560000000e+11
-1.660117811200000000e+10
6.961536204800000000e+10
-8.381967564800000000e+10
-3.114608885760000000e+11
-2.239159992320000000e+11
3.795674726400000000e+11
2.818243624960000000e+11
-8.922436403200000000e+10
-1.048218009600000000e+11
-1.542204784640000000e+11
-4.094807244800000000e+10
-2.870432235520000000e+11
-2.303524864000000000e+11
1.015245045760000000e+11
2.773760409600000000e+11
-2.829145866240000000e+11
2.038739763200000000e+11
-6.294619422720000000e+11
3.377139548160000000e+11
-1.595719843840000000e+11
-2.135478763520000000e+11
-3.237852938240000000e+11
-2.379394416640000000e+11
-1.501022126080000000e+11
2.873048432640000000e+11
3.242346086400000000e+10
4.461444792320000000e+11
1.479220756480000000e+11
-3.347972751360000000e+11
4.441268879360000000e+11
4.953677824000000000e+09
4.076440780800000000e+11
-8.850661376000000000e+10
2.409877995520000000e+11
3.739844280320000000e+11
1.842053120000000000e+10
-1.035283988480000000e+11
1.877733048320000000e+11
3.355605401600000000e+11
-4.351692308480000000e+11
1.299477626880000000e+11
2.267516436480000000e+11
-6.466089779200000000e+10
2.858229432320000000e+11
-2.400093143040000000e+11
1.938698731520000000e+11
1.558449356800000000e+11
7.419645132800000000e+10
-3.082663362560000000e+11
-1.706547937280000000e+11
-2.245790269440000000e+11
-4.598194995200000000e+10
3.067038597120000000e+11
4.348704194560000000e+11
-1.285029888000000000e+10
-2.509834649600000000e+11
-1.876395950080000000e+11
-1.378497986560000000e+11
-3.520645038080000000e+11
-1.284729241600000000e+11
5.168761241600000000e+10
3.029273149440000000e+11
-3.360598917120000000e+11
6.518906552320000000e+11
-1.733329715200000000e+11
-8.647658700800000000e+10
-1.577014722560000000e+11
5.576014233600000000e+10
3.255946444800000000e+11
-1.080243814400000000e+11
-7.764527022080000000e+11
5.598717542400000000e+10
-5.991015383040000000e+11
-5.051531264000000000e+09
6.624562380800000000e+10
-5.023603752960000000e+11
1.398447800320000000e+11
1.023050547200000000e+11
1.429987164160000000e+11
1.566836162560000000e+11
-2.436219207680000000e+11
-3.466561781760000000e+11
-3.031577395200000000e+11
2.825339207680000000e+11
-4.491064770560000000e+11
6.111084544000000000e+11
2.646912860160000000e+11
-7.603970048000000000e+10
-4.829425827840000000e+11
2.560122880000000000e+10
1.176781209600000000e+11
-2.224242032640000000e+11
1.989458329600000000e+10
4.106421862400000000e+10
-3.275317575680000000e+11
-1.008566075392000000e+12
-2.997345976320000000e+11
2.452081541120000000e+11
-8.287395840000000000e+10
5.078020505600000000e+10
-1.235786711040000000e+11
3.087552020480000000e+11
2.204081356800000000e+11
4.268204032000000000e+10
-1.998825062400000000e+11
-5.125133434880000000e+11
-1.436983459840000000e+11
-1.941130444800000000e+11
-1.123904552960000000e+11
-1.810370396160000000e+11
4.474542899200000000e+10
-9.704407040000000000e+09
4.310478356480000000e+11
-1.076279705600000000e+11
8.372695040000000000e+10
-1.993192570880000000e+11
-2.396716646400000000e+10
3.499791974400000000e+10
3.647744245760000000e+11
2.471720222720000000e+11
2.318703329280000000e+11
-5.966183792640000000e+11
-5.084283699200000000e+10
-3.321679708160000000e+11
5.205558067200000000e+10
4.158855168000000000e+10
-3.304913305600000000e+11
7.680913408000000000e+09
-2.947657318400000000e+10
1.054642339840000000e+11
7.722627072000000000e+10
1.902682931200000000e+10
-3.049281617920000000e+11
-1.736504115200000000e+10
-3.208676638720000000e+11
5.014542090240000000e+11
-3.483729264640000000e+11
1.515640913920000000e+11
6.728280309760000000e+11
-1.415640186880000000e+11
-2.909326540800000000e+10
8.068743168000000000e+10
-1.175643586560000000e+11
-3.683298508800000000e+10
2.962729205760000000e+11
2.379007426560000000e+11
-2.104499896320000000e+11
5.758196776960000000e+11
-1.034491330560000000e+11
5.296345579520000000e+11
-2.925867499520000000e+11
3.796980203520000000e+11
-9.230979072000000000e+09
1.169623859200000000e+11
2.981566218240000000e+11
-1.700626104320000000e+11
2.425141985280000000e+11
1.281353318400000000e+11
-2.083709911040000000e+11
-2.307264348160000000e+11
3.158983311360000000e+11
-1.785171476480000000e+11
-2.095089745920000000e+11
4.398071480320000000e+11
-9.150803148800000000e+10
1.717249638400000000e+11
1.153954938880000000e+11
-7.131823308800000000e+10
4.338657525760000000e+11
1.954941501440000000e+11
1.751174021120000000e+11
-2.975000166400000000e+10
-1.725417717760000000e+11
-9.334079488000000000e+09
8.430889369600000000e+10
-2.784377241600000000e+11
-3.180439470080000000e+11
3.321674137600000000e+11
6.478920089600000000e+10
6.015609733120000000e+11
3.056379904000000000e+10
3.520776765440000000e+11
5.951699681280000000e+11
1.971642040320000000e+11
-1.616608624640000000e+11
-2.039578787840000000e+11
-8.364147507200000000e+10
2.850598092800000000e+11
2.201277849600000000e+10
-2.606207139840000000e+11
8.173023232000000000e+10
7.371525324800000000e+10
2.847925043200000000e+10
