1.884610887680000000e+11
-1.109481881600000000e+11
-1.608630272000000000e+09
2.325138636800000000e+11
-4.909748060160000000e+11
-2.465542635520000000e+11
3.555452190720000000e+11
3.545822658560000000e+11
-3.966935367680000000e+11
1.302927769600000000e+10
-4.316777349120000000e+11
3.841792409600000000e+10
-3.001895485440000000e+11
-1.836936888320000000e+11
4.997697372160000000e+11
-4.853727887360000000e+11
1.427552993280000000e+11
-5.073195827200000000e+11
-7.455055872000000000e+10
1.382327255040000000e+11
2.371156541440000000e+11
-4.637671751680000000e+11
-1.361870684160000000e+11
7.113736192000000000e+09
1.677666222080000000e+11
-4.722064752640000000e+11
1.580728647680000000e+11
1.809036574720000000e+11
5.522149212160000000e+11
-3.116310528000000000e+10
-3.124479590400000000e+10
-4.833521827840000000e+11
4.784882319360000000e+11
-2.199381278720000000e+11
-3.614115102720000000e+11
-2.120605204480000000e+11
8.336256204800000000e+10
-4.100968611840000000e+11
-1.696401653760000000e+11
3.345977835520000000e+11
-8.092598272000000000e+09
-7.533023723520000000e+11
4.091323023360000000e+11
-2.736252518400000000e+10
2.787947642880000000e+11
5.762590310400000000e+10
2.843532328960000000e+11
-1.444986060800000000e+11
1.236250296320000000e+11
3.407542681600000000e+10
1.628406906880000000e+11
-3.124150272000000000e+11
7.097496371200000000e+11
-3.427926671360000000e+11
6.087442432000000000e+09
-2.954856038400000000e+10
4.211798835200000000e+11
-6.054543360000000000e+09
3.594843586560000000e+11
-2.360555929600000000e+10
2.608457318400000000e+11
-1.989383946240000000e+11
-7.489817804800000000e+10
3.693500825600000000e+11
4.605669212160000000e+11
-4.022448291840000000e+11
1.343579750400000000e+10
2.964786380800000000e+11
-1.644273991680000000e+11
-5.417647308800000000e+10
-3.425808220160000000e+11
-4.831623249920000000e+11
-1.218588999680000000e+11
5.013949644800000000e+10
-9.937920983040000000e+11
-1.372305326080000000e+11
-4.427082956800000000e+11
2.607799910400000000e+10
1.088923893760000000e+11
-2.241652326400000000e+11
4.891446476800000000e+10
-1.296635412480000000e+11
7.248720035840000000e+11
9.340111257600000000e+10
4.867830251520000000e+11
-5.872711106560000000e+11
3.198040145920000000e+11
-3.782638960640000000e+11
-3.371586355200000000e+11
1.019996241920000000e+11
2.160704061440000000e+11
3.118687191040000000e+11
-6.141968384000000000e+11
6.054606438400000000e+10
4.444621373440000000e+11
4.120159846400000000e+11
-1.553267097600000000e+11
-1.632134430720000000e+11
-4.282336870400000000e+11
2.095488696320000000e+11
3.244736512000000000e+11
-2.046316707840000000e+11
-2.841727467520000000e+11
1.330291179520000000e+11
3.152606003200000000e+10
-8.821039104000000000e+09
-1.912664719360000000e+11
7.586321203200000000e+10
2.613079244800000000e+10
3.781214863360000000e+11
-4.152587386880000000e+11
-2.881473085440000000e+11
2.741253734400000000e+11
-3.170315468800000000e+10
6.504505344000000000e+10
6.022947143680000000e+11
-3.389994434560000000e+11
1.955512320000000000e+11
-1.277546168320000000e+11
5.251914465280000000e+11
9.084251340800000000e+10
-1.762230272000000000e+11
-3.872726220800000000e+10
4.016715202560000000e+11
-1.323341742080000000e+11
-1.231312322560000000e+11
2.302047682560000000e+11
4.811800576000000000e+10
-2.469502812160000000e+11
-4.942898135040000000e+11
-2.934088007680000000e+11
-4.903948779520000000e+11
2.334721310720000000e+11
2.495374786560000000e+11
-3.889668423680000000e+11
5.942314270720000000e+11
-5.373426073600000000e+10
2.023584890880000000e+11
-2.704892395520000000e+11
1.465439846400000000e+11
2.580685455360000000e+11
3.157770567680000000e+11
-5.692830515200000000e+10
-2.884794777600000000e+10
-8.155223162880000000e+11
-2.248338145280000000e+11
-6.644088012800000000e+10
-4.009499688960000000e+11
-1.145206865920000000e+11
-4.983690035200000000e+11
4.126995578880000000e+11
4.057039175680000000e+11
-3.779845488640000000e+11
-3.000402575360000000e+11
-2.980693278720000000e+11
3.109846384640000000e+11
-6.224012902400000000e+11
4.583360757760000000e+11
-9.926705152000000000e+09
1.176054661120000000e+11
2.072085954560000000e+11
8.236879052800000000e+10
7.897225625600000000e+10
4.116407910400000000e+11
2.269947002880000000e+11
1.061595545600000000e+11
-7.001144033280000000e+11
-1.893967462400000000e+11
2.075689123840000000e+11
-3.210438246400000000e+11
-1.716542832640000000e+11
-4.053803335680000000e+11
1.695305891840000000e+11
3.320621301760000000e+11
-1.673308733440000000e+11
-2.135164354560000000e+11
-3.519810109440000000e+11
1.135704145920000000e+11
2.229956116480000000e+11
-9.822268620800000000e+10
-6.173282140160000000e+11
-2.976466534400000000e+11
-5.358872166400000000e+11
-4.488996454400000000e+10
-4.558009466880000000e+11
-8.996457676800000000e+10
-4.608950927360000000e+11
-3.097290670080000000e+11
-7.222200893440000000e+11
-1.816662835200000000e+11
3.586734489600000000e+11
5.076685946880000000e+11
2.773741731840000000e+11
-1.825543946240000000e+11
2.977241497600000000e+11
7.594389012480000000e+11
7.745536819200000000e+10
2.713331957760000000e+11
-1.477073305600000000e+10
-6.209638400000000000e+10
7.938465792000000000e+09
-1.856843939840000000e+11
3.680193740800000000e+11
-4.733942824960000000e+11
-2.983179386880000000e+11
1.734219694080000000e+11
4.177738792960000000e+11
9.402579681280000000e+11
-2.196853227520000000e+11
-3.787563008000000000e+09
1.234577326080000000e+11
2.822274416640000000e+11
3.586850816000000000e+09
-5.921998438400000000e+10
1.301560197120000000e+11
-9.608984985600000000e+10
-1.799924613120000000e+11
-1.851636613120000000e+11
-4.592924098560000000e+11
-5.203602964480000000e+11
1.302427811840000000e+11
-3.983327887360000000e+11
-5.551638446080000000e+11
9.913256345600000000e+10
-4.310055976960000000e+11
3.910426624000000000e+11
1.543367884800000000e+11
-2.262481797120000000e+11
-2.527666667520000000e+11
1.123773972480000000e+11
2.260667432960000000e+11
-1.342783488000000000e+09
-3.971507159040000000e+11
2.221295534080000000e+11
5.195851366400000000e+10
1.096635514880000000e+11
-4.148071628800000000e+10
6.017591541760000000e+11
1.870389248000000000e+11
-1.076906065920000000e+11
-2.138698219520000000e+11
3.668066304000000000e+09
-5.282245836800000000e+11
2.640350576640000000e+11
-4.325815746560000000e+11
-2.881120174080000000e+11
-3.248645079040000000e+11
1.036839976960000000e+11
-1.223573504000000000e+10
5.005235978240000000e+11
3.998856806400000000e+10
-4.189396664320000000e+11
3.019820236800000000e+10
-3.327275827200000000e+10
-1.110307880960000000e+11
2.769880350720000000e+11
2.321685217280000000e+11
8.685506396160000000e+11
-5.497080709120000000e+11
4.966608896000000000e+09
2.315514183680000000e+11
1.395465830400000000e+10
1.350813286400000000e+11
4.675190784000000000e+10
-3.913459957760000000e+11
-6.672027484160000000e+11
-3.600757555200000000e+11
3.920779673600000000e+11
2.745142149120000000e+11
1.177414942720000000e+11
-8.973889699840000000e+11
5.971218432000000000e+10
4.521997107200000000e+10
-6.016894566400000000e+10
-4.166041600000000000e+10
7.557559091200000000e+11
-1.991009239040000000e+11
6.014183014400000000e+10
6.637079756800000000e+10
-8.207862988800000000e+10
-7.600612966400000000e+11
-5.577352806400000000e+11
2.268612198400000000e+11
-2.765054279680000000e+11
-3.367529349120000000e+11
-5.094491750400000000e+11
-6.362336460800000000e+10
3.158928916480000000e+11
9.960910028800000000e+10
8.111054028800000000e+10
-4.667644968960000000e+11
4.189238394880000000e+11
-1.306130186240000000e+11
6.773215068160000000e+11
2.777578864640000000e+11
-6.374178816000000000e+09
5.651798425600000000e+10
-6.927546777600000000e+10
5.025564590080000000e+11
-4.042365337600000000e+10
8.436448624640000000e+11
3.126476800000000000e+11
-7.187089981440000000e+11
5.409231994880000000e+11
7.938275737600000000e+10
1.643819008000000000e+11
-3.182570373120000000e+11
-2.362258554880000000e+11
-2.027217715200000000e+11
8.972858163200000000e+10
-2.397368811520000000e+11
2.777402572800000000e+10
-6.360956928000000000e+10
1.398026895360000000e+11
3.442993397760000000e+11
1.945358991360000000e+11
-1.676399738880000000e+11
3.140943872000000000e+11
-4.164309155840000000e+11
-2.947434741760000000e+11
-1.703524106240000000e+11
2.728245329920000000e+11
3.846696140800000000e+11
-1.704315781120000000e+11
5.176587714560000000e+11
7.205476761600000000e+10
7.282186649600000000e+10
1.948658892800000000e+10
-1.107530874880000000e+11
7.570022727680000000e+11
5.997556531200000000e+10
-1.265011916800000000e+11
2.725593088000000000e+11
-2.701860044800000000e+10
2.405699256320000000e+11
1.927015628800000000e+10
-4.865264189440000000e+11
-1.025317273600000000e+11
-3.162072023040000000e+11
-1.790780702720000000e+11
3.997499392000000000e+11
-4.037006786560000000e+11
4.184956928000000000e+10
1.158466764800000000e+10
-1.092016701440000000e+11
-8.383279923200000000e+11
3.609379471360000000e+11
6.072125358080000000e+11
-3.994744258560000000e+11
1.796933386240000000e+11
-9.891076505600000000e+10
-3.882083942400000000e+10
1.395360890880000000e+11
-2.724501749760000000e+11
-9.319153664000000000e+10
-2.577198612480000000e+11
-4.047193047040000000e+11
1.989542543360000000e+11
-1.805767802880000000e+11
-5.897719398400000000e+10
2.292144209920000000e+11
-4.465853726720000000e+11
6.560483901440000000e+11
3.612054978560000000e+11
1.751198760960000000e+11
-1.862666485760000000e+11
-3.592889303040000000e+11
-6.189282754560000000e+11
2.523109785600000000e+11
-8.280051712000000000e+10
4.875798446080000000e+11
3.087219097600000000e+10
-1.464570019840000000e+11
-3.506050498560000000e+11
-2.544250880000000000e+10
-7.225792102400000000e+10
-2.182361251840000000e+11
2.597015388160000000e+11
3.681944862720000000e+11
-1.831293747200000000e+11
8.611917824000000000e+10
-4.068348067840000000e+11
8.456490188800000000e+10
-4.818798510080000000e+11
3.005333176320000000e+11
1.887816581120000000e+11
-4.644679843840000000e+11
2.177472921600000000e+10
-6.192078520320000000e+11
-2.551403642880000000e+11
-4.183498424320000000e+11
-1.911725096960000000e+11
2.130054676480000000e+11
-4.436158054400000000e+11
-3.180719308800000000e+11
4.389083545600000000e+11
2.823824670720000000e+11
-1.522345082880000000e+11
-5.617614848000000000e+09
1.026793472000000000e+11
2.689791098880000000e+11
-2.352757800960000000e+11
2.712178524160000000e+11
1.551768780800000000e+10
-2.794758799360000000e+11
-3.396667965440000000e+11
-6.495022284800000000e+10
-3.808530268160000000e+11
2.654028431360000000e+11
-1.865432760320000000e+11
4.048211476480000000e+11
-3.526455459840000000e+11
3.992928256000000000e+10
1.076322631680000000e+11
5.648037969920000000e+11
-4.162372239360000000e+11
4.858651934720000000e+11
3.445723955200000000e+11
2.328551751680000000e+11
5.400395120640000000e+11
1.507427942400000000e+11
-2.331972403200000000e+11
-2.526811750400000000e+11
-2.414235320320000000e+11
3.826185994240000000e+11
4.728918507520000000e+11
1.582171258880000000e+11
2.355450839040000000e+11
-3.701519810560000000e+11
-2.143383552000000000e+11
-3.708439756800000000e+11
-3.176150466560000000e+11
7.673248481280000000e+11
4.499472711680000000e+11
2.490834944000000000e+11
-1.842259886080000000e+11
3.938705080320000000e+11
5.022370365440000000e+11
-3.190719774720000000e+11
-4.158343741440000000e+11
1.628259614720000000e+11
-6.305067171840000000e+11
1.273644154880000000e+11
2.792698347520000000e+11
7.458073804800000000e+10
1.174224568320000000e+11
-3.863459921920000000e+11
6.551629332480000000e+11
-4.747658526720000000e+11
-3.357985177600000000e+10
3.430032998400000000e+11
-1.085570252800000000e+11
3.409272176640000000e+11
-3.098248151040000000e+11
-1.867557765120000000e+11
3.754676060160000000e+11
-1.329412014080000000e+11
-1.065698672640000000e+11
2.942239703040000000e+11
-1.957704499200000000e+11
-2.041317949440000000e+11
-3.681263943680000000e+11
-4.325790515200000000e+10
-4.189534289920000000e+11
2.884827873280000000e+11
-1.873947852800000000e+11
2.017094860800000000e+10
-2.098780078080000000e+11
-3.375730524160000000e+11
1.323641241600000000e+11
-2.944400752640000000e+11
5.206747709440000000e+11
-2.599383367680000000e+11
-1.593896632320000000e+11
5.927483801600000000e+10
5.480687534080000000e+11
2.695414988800000000e+10
-8.402390220800000000e+10
-8.579363635200000000e+10
4.227984261120000000e+11
-1.899612241920000000e+11
-1.809643929600000000e+11
-3.645941022720000000e+11
2.274514534400000000e+11
1.080134205440000000e+11
-1.757363568640000000e+11
1.675458641920000000e+11
-2.628576542720000000e+11
-8.204877824000000000e+10
2.828444958720000000e+11
1.481309880320000000e+11
-3.588358144000000000e+11
1.963772968960000000e+11
-6.398853775360000000e+11
1.678867169280000000e+11
-1.636193239040000000e+11
1.244500131840000000e+11
2.430811504640000000e+11
-8.566285107200000000e+10
3.737293291520000000e+11
5.920382648320000000e+11
4.230039470080000000e+11
-3.306520576000000000e+09
2.197702737920000000e+11
5.513660334080000000e+11
5.419764940800000000e+10
-1.589447393280000000e+11
-5.336816353280000000e+11
2.886436782080000000e+11
-1.511942717440000000e+11
2.968533729280000000e+11
-5.983970918400000000e+11
-6.598354534400000000e+11
3.354543390720000000e+11
2.039790141440000000e+11
3.399581696000000000e+11
-3.694100480000000000e+11
1.688388730880000000e+11
-3.456376504320000000e+11
4.427930664960000000e+11
-5.125397217280000000e+11
1.315634380800000000e+11
-5.512347648000000000e+09
2.141705830400000000e+11
-2.624811171840000000e+11
-8.220043509760000000e+11
-7.509335080960000000e+11
5.493462794240000000e+11
-2.668309381120000000e+11
-5.875121520640000000e+11
-1.131817205760000000e+11
-2.014445895680000000e+11
-8.507841740800000000e+10
7.102001971200000000e+10
5.196471992320000000e+11
-3.714689925120000000e+11
-2.179493888000000000e+11
-3.738714767360000000e+11
5.518441840640000000e+11
-3.858114150400000000e+10
-3.907893657600000000e+10
-1.609777479680000000e+11
3.332975165440000000e+11
-7.143940915200000000e+10
-4.108783452160000000e+11
4.034578022400000000e+11
-6.248497152000000000e+09
3.566300364800000000e+11
1.990895861760000000e+11
3.220234895360000000e+11
-5.563221934080000000e+11
9.154794291200000000e+10
-5.974175252480000000e+11
2.126512783360000000e+11
1.528036556800000000e+11
4.099040051200000000e+10
1.662206443520000000e+11
-3.192934563840000000e+11
1.939460096000000000e+11
-1.959131545600000000e+10
3.203070689280000000e+11
5.268336148480000000e+11
-6.279571046400000000e+10
3.917201408000000000e+10
1.106000281600000000e+10
-5.747275857920000000e+11
5.961363619840000000e+11
-4.976284467200000000e+11
-6.443746590720000000e+11
7.483827814400000000e+11
6.736633528320000000e+11
-4.913442324480000000e+11
3.649716224000000000e+10
-2.237841408000000000e+09
1.659123466240000000e+11
6.152110080000000000e+11
2.200965939200000000e+10
-2.482543001600000000e+11
2.267337359360000000e+11
-1.355576934400000000e+11
1.411265495040000000e+11
1.339639234560000000e+11
3.355038842880000000e+11
-3.485134356480000000e+11
-5.140471808000000000e+10
2.795405312000000000e+11
-3.296991969280000000e+11
-4.040250163200000000e+10
6.065432821760000000e+11
3.119289139200000000e+11
-2.257686200320000000e+11
7.166108631040000000e+11
-7.013664358400000000e+10
-4.199971225600000000e+10
-2.112488243200000000e+10
4.852843315200000000e+10
-2.502698270720000000e+11
2.884459233280000000e+11
1.483025285120000000e+11
7.667650396160000000e+11
-1.623712235520000000e+11
8.930141798400000000e+10
7.819647385600000000e+10
-2.802744688640000000e+11
1.858061271040000000e+11
4.919668572160000000e+11
-7.521261322240000000e+11
1.028137287680000000e+11
2.713424363520000000e+11
3.271566950400000000e+11
-4.819304448000000000e+09
-2.782109040640000000e+11
4.336029532160000000e+11
-6.641311416320000000e+11
-1.557951610880000000e+11
1.860175298560000000e+11
1.979188183040000000e+11
-5.120493158400000000e+10
3.035258552320000000e+11
-7.944498380800000000e+10
-4.882032885760000000e+11
-4.418555412480000000e+11
-2.778410844160000000e+11
4.115609354240000000e+11
2.218194534400000000e+11
2.887417856000000000e+11
-5.075611156480000000e+11
4.105724231680000000e+11
-2.462802247680000000e+11
-2.863466086400000000e+10
5.638927974400000000e+10
1.471139512320000000e+11
2.946761031680000000e+11
-4.164275404800000000e+10
5.915513978880000000e+11
-1.480248524800000000e+11
6.832596172800000000e+10
2.470879232000000000e+11
-1.996498206720000000e+11
-1.957183488000000000e+11
4.197870796800000000e+11
7.934229872640000000e+11
-4.679255654400000000e+10
-7.933091020800000000e+10
-3.923875921920000000e+11
-1.894347243520000000e+11
-1.045139456000000000e+10
2.734351646720000000e+11
2.387832176640000000e+11
-9.667133440000000000e+08
1.195740528640000000e+11
-2.320059596800000000e+10
1.718516776960000000e+11
-6.306354954240000000e+11
-1.492840120320000000e+11
1.285491671040000000e+11
-1.220536238080000000e+11
-1.411714908160000000e+11
-2.228378009600000000e+10
-3.565768704000000000e+10
1.496071864320000000e+11
2.839337369600000000e+11
2.279019806720000000e+11
1.015896473600000000e+11
-4.123261337600000000e+11
1.867353784320000000e+11
5.431354982400000000e+11
3.956870676480000000e+11
1.076132741120000000e+11
2.881743257600000000e+10
-4.295490928640000000e+11
2.969910968320000000e+11
6.000415539200000000e+10
1.550144962560000000e+11
4.512507494400000000e+11
2.206302371840000000e+11
6.004676362240000000e+11
2.341444321280000000e+11
-6.449790976000000000e+10
5.349557862400000000e+11
-1.827989749760000000e+11
2.677840609280000000e+11
6.334406328320000000e+11
4.732083568640000000e+11
-4.188061696000000000e+11
2.419778846720000000e+11
-7.400466677760000000e+11
-2.616883609600000000e+10
-1.407344803840000000e+11
-1.926375833600000000e+11
-4.192537149440000000e+11
9.782378496000000000e+09
-6.333606789120000000e+11
8.650377789440000000e+11
-7.797416755200000000e+10
-2.140110848000000000e+10
-5.668567449600000000e+10
-5.517756334080000000e+11
1.072076554240000000e+11
-3.657069363200000000e+11
-5.589893775360000000e+11
1.480182988800000000e+11
-1.540484300800000000e+11
-2.487154114560000000e+11
-1.001830072320000000e+11
8.858155745280000000e+11
-3.012642406400000000e+10
7.168003276800000000e+10
5.551136768000000000e+09
4.747974246400000000e+10
6.232437555200000000e+10
-5.437231923200000000e+10
-3.080672378880000000e+11
2.963951452160000000e+11
2.381941637120000000e+11
-2.834673172480000000e+11
-2.747149844480000000e+11
1.472224296960000000e+11
4.614323896320000000e+11
4.435386368000000000e+11
4.824647598080000000e+11
3.441115136000000000e+10
-4.779593891840000000e+11
9.932570624000000000e+09
-9.082268876800000000e+10
-3.058449121280000000e+11
-3.361645527040000000e+11
1.604136304640000000e+11
1.921178501120000000e+11
3.456403046400000000e+11
-5.878053601280000000e+11
-7.676563947520000000e+11
3.560324300800000000e+10
-3.987102105600000000e+10
3.033655541760000000e+11
-5.774500823040000000e+11
-3.424940851200000000e+11
-2.248519024640000000e+11
4.509045555200000000e+11
1.938401198080000000e+11
3.623210844160000000e+11
2.141469736960000000e+11
-1.485189447680000000e+11
5.701652971520000000e+11
7.471742976000000000e+09
4.420982538240000000e+11
-3.403169792000000000e+09
1.313449082880000000e+11
-6.160992174080000000e+11
4.337676451840000000e+11
1.964380487680000000e+11
1.655160176640000000e+11
-6.289634754560000000e+11
-8.626136678400000000e+10
4.124575334400000000e+10
2.403391406080000000e+11
-2.569582346240000000e+11
-1.462675210240000000e+11
-7.370284072960000000e+11
-1.461181808640000000e+11
1.029961154560000000e+11
-2.606505492480000000e+11
-3.141952798720000000e+11
4.519003422720000000e+11
3.350505717760000000e+11
-3.730583060480000000e+11
8.374670131200000000e+10
-3.156839628800000000e+11
7.342466662400000000e+10
7.820100239360000000e+11
-1.583270952960000000e+11
-2.704357785600000000e+11
-3.614638735360000000e+11
4.472154357760000000e+11
3.959379722240000000e+11
-5.487296184320000000e+11
2.225593057280000000e+11
-5.480711454720000000e+11
-2.564839178240000000e+11
8.894367334400000000e+10
1.517993984000000000e+09
-3.166069719040000000e+11
1.913907445760000000e+11
-3.478102999040000000e+11
-3.983959654400000000e+10
9.569851801600000000e+10
6.538816389120000000e+11
-3.109386321920000000e+11
3.286308618240000000e+11
-9.219221094400000000e+11
2.628515921920000000e+11
-4.698120192000000000e+11
1.410873917440000000e+11
1.278685184000000000e+09
2.101286174720000000e+11
-1.419342315520000000e+11
1.863785349120000000e+11
1.136201891840000000e+11
-3.007770787840000000e+11
6.520937512960000000e+11
-4.798499389440000000e+11
-1.921059880960000000e+11
-5.359015690240000000e+11
-1.245727784960000000e+11
6.756213063680000000e+11
-2.296877875200000000e+11
-4.843372216320000000e+11
-1.331596492800000000e+10
1.140744028160000000e+11
-1.070744207360000000e+11
-4.144145367040000000e+11
-2.839326883840000000e+11
5.059728834560000000e+11
3.881389260800000000e+11
-1.106930892800000000e+11
-1.201616977920000000e+11
-2.277385830400000000e+11
-7.427437363200000000e+10
-3.925471395840000000e+11
-3.411083919360000000e+11
1.447603240960000000e+11
3.680466370560000000e+11
-3.879372718080000000e+11
2.672659005440000000e+11
-8.394139238400000000e+11
4.697680117760000000e+11
-2.139600322560000000e+11
-2.904495882240000000e+11
-4.272609689600000000e+11
-3.264055214080000000e+11
-1.817517096960000000e+11
4.001835253760000000e+11
4.786392268800000000e+10
6.072723046400000000e+11
1.915623833600000000e+11
-4.576368394240000000e+11
5.623478353920000000e+11
8.717434880000000000e+08
5.486388183040000000e+11
-1.166108917760000000e+11
3.260085698560000000e+11
5.076721991680000000e+11
4.092198912000000000e+10
-1.660642426880000000e+11
3.036419850240000000e+11
4.576116736000000000e+11
-6.100423802880000000e+11
1.574626590720000000e+11
3.204475125760000000e+11
-7.705853952000000000e+10
3.941079449600000000e+11
-2.944289341440000000e+11
2.744830689280000000e+11
2.141940121600000000e+11
1.369689538560000000e+11
-4.112720199680000000e+11
-2.341573591040000000e+11
-3.365593415680000000e+11
-5.851512832000000000e+10
3.959781785600000000e+11
5.690025574400000000e+11
-2.566822297600000000e+10
-3.297380925440000000e+11
-2.292504657920000000e+11
-2.060716277760000000e+11
-4.578690007040000000e+11
-2.113625456640000000e+11
9.247122227200000000e+10
4.191586549760000000e+11
-4.429991116800000000e+11
8.902741852160000000e+11
-2.471347486720000000e+11
-1.163311185920000000e+11
-2.243404759040000000e+11
7.704615321600000000e+10
4.454211584000000000e+11
-1.550643200000000000e+11
-1.020760752128000000e+12
7.879722598400000000e+10
-8.089834618880000000e+11
-2.801364172800000000e+10
1.010420285440000000e+11
-6.730819829760000000e+11
2.187583160320000000e+11
1.399984947200000000e+11
1.836612648960000000e+11
1.930012917760000000e+11
-3.081087549440000000e+11
-4.545678540800000000e+11
-3.971202416640000000e+11
3.701726248960000000e+11
-5.836948766720000000e+11
8.113457070080000000e+11
3.254418145280000000e+11
-8.506091110400000000e+10
-6.433706475520000000e+11
4.672761036800000000e+10
1.530034749440000000e+11
-3.055845376000000000e+11
3.642962739200000000e+10
2.516023705600000000e+10
-4.171442749440000000e+11
-1.357986136064000000e+12
-3.969612185600000000e+11
3.493742510080000000e+11
-1.094595133440000000e+11
6.433715814400000000e+10
-1.609269084160000000e+11
4.278847078400000000e+11
2.843325235200000000e+11
4.065389772800000000e+10
-2.771277578240000000e+11
-7.004591882240000000e+11
-2.128033710080000000e+11
-2.795113021440000000e+11
-1.578823843840000000e+11
-2.307079536640000000e+11
6.710755328000000000e+10
-1.758085120000000000e+10
5.753196380160000000e+11
-1.159360675840000000e+11
1.261071892480000000e+11
-2.715758264320000000e+11
-1.364359987200000000e+10
3.419960115200000000e+10
4.642020392960000000e+11
3.205208801280000000e+11
3.157945548800000000e+11
-8.269619527680000000e+11
-7.564626329600000000e+10
-4.547251404800000000e+11
6.162832588800000000e+10
4.225769472000000000e+10
-4.440401182720000000e+11
6.172323840000000000e+09
-2.479166259200000000e+10
1.491855933440000000e+11
1.159636582400000000e+11
3.174652313600000000e+10
-4.336043294720000000e+11
-3.562523852800000000e+10
-4.467320422400000000e+11
6.516877557760000000e+11
-4.606180392960000000e+11
2.115304980480000000e+11
8.836720230400000000e+11
-1.778440601600000000e+11
-6.105069977600000000e+10
1.135115632640000000e+11
-1.836054282240000000e+11
-3.692930662400000000e+10
4.014661304320000000e+11
3.183253258240000000e+11
-2.941202595840000000e+11
7.749663457280000000e+11
-1.355503697920000000e+11
6.985489448960000000e+11
-3.956650803200000000e+11
4.933651005440000000e+11
-4.322242150400000000e+10
1.767499202560000000e+11
3.675594096640000000e+11
-2.477647462400000000e+11
3.439850291200000000e+11
1.922342912000000000e+11
-2.804523991040000000e+11
-3.097482690560000000e+11
4.305077207040000000e+11
-2.098318213120000000e+11
-2.902856171520000000e+11
5.760280166400000000e+11
-1.366212771840000000e+11
2.334404935680000000e+11
1.423408168960000000e+11
-1.080381603840000000e+11
6.150275072000000000e+11
2.835698810880000000e+11
2.147305553920000000e+11
-3.808310067200000000e+10
-2.389259223040000000e+11
2.391277568000000000e+09
1.187086254080000000e+11
-3.763703644160000000e+11
-3.866589921280000000e+11
4.293361008640000000e+11
6.516392755200000000e+10
7.891320832000000000e+11
3.182368358400000000e+10
4.734069637120000000e+11
7.947804344320000000e+11
2.671432007680000000e+11
-2.191598551040000000e+11
-2.591736463360000000e+11
-1.105158471680000000e+11
3.881351577600000000e+11
3.379708723200000000e+10
-3.421421895680000000e+11
1.137617879040000000e+11
8.930246656000000000e+10
3.660019302400000000e+10
