2.169950535680000000e+11
-1.160765440000000000e+11
-2.542108672000000000e+09
2.746742865920000000e+11
-5.417632399360000000e+11
-2.681450168320000000e+11
3.907258941440000000e+11
4.161983283200000000e+11
-4.222849187840000000e+11
1.620567654400000000e+10
-4.851839139840000000e+11
2.720074956800000000e+10
-3.214705295360000000e+11
-2.061440286720000000e+11
5.851317534720000000e+11
-5.530856980480000000e+11
1.745684398080000000e+11
-5.777940807680000000e+11
-9.646954086400000000e+10
1.177768427520000000e+11
2.532693770240000000e+11
-5.276398714880000000e+11
-1.739351490560000000e+11
4.479713280000000000e+08
1.879971921920000000e+11
-5.227202150400000000e+11
1.806047641600000000e+11
2.096175185920000000e+11
6.162735431680000000e+11
-4.419026944000000000e+10
-5.662557798400000000e+10
-5.541521653760000000e+11
5.449375088640000000e+11
-2.838567321600000000e+11
-4.186842726400000000e+11
-2.602367221760000000e+11
7.673498828800000000e+10
-4.551247134720000000e+11
-1.786930954240000000e+11
3.780756111360000000e+11
-1.510588416000000000e+09
-8.568082268160000000e+11
4.558261452800000000e+11
-4.114509824000000000e+10
3.338636492800000000e+11
4.254416896000000000e+10
3.551218237440000000e+11
-1.427203358720000000e+11
1.438625300480000000e+11
4.902309888000000000e+10
1.662281154560000000e+11
-3.591199129600000000e+11
7.828428554240000000e+11
-4.123248558080000000e+11
-6.396059648000000000e+09
-8.282292224000000000e+09
4.754602393600000000e+11
-2.628630937600000000e+10
3.929252823040000000e+11
-5.618864537600000000e+10
2.571216814080000000e+11
-2.365570416640000000e+11
-1.235396444160000000e+11
4.007751188480000000e+11
5.134223933440000000e+11
-5.000849653760000000e+11
1.062397542400000000e+10
3.206809190400000000e+11
-1.895334707200000000e+11
-7.468125388800000000e+10
-3.931518402560000000e+11
-5.312599490560000000e+11
-1.432919900160000000e+11
7.426090598400000000e+10
-1.121669873664000000e+12
-1.208491212800000000e+11
-4.980196966400000000e+11
4.416150732800000000e+10
1.314420162560000000e+11
-2.581354577920000000e+11
5.985301299200000000e+10
-1.401318440960000000e+11
8.498357862400000000e+11
1.009137991680000000e+11
5.398776381440000000e+11
-6.548966604800000000e+11
3.667890995200000000e+11
-4.189365862400000000e+11
-3.761132666880000000e+11
1.108284866560000000e+11
2.463313592320000000e+11
3.524733829120000000e+11
-6.944653967360000000e+11
4.697263308800000000e+10
5.112146821120000000e+11
5.046165176320000000e+11
-1.565497753600000000e+11
-1.486943354880000000e+11
-4.721680711680000000e+11
2.609816862720000000e+11
3.778368962560000000e+11
-2.405673205760000000e+11
-3.484456714240000000e+11
1.433414041600000000e+11
5.371802419200000000e+10
1.202611814400000000e+10
-2.020709171200000000e+11
7.887268249600000000e+10
2.523701248000000000e+10
4.245375549440000000e+11
-4.608936509440000000e+11
-3.656183316480000000e+11
2.923364352000000000e+11
-3.829484748800000000e+10
9.146903756800000000e+10
6.756671160320000000e+11
-4.023651532800000000e+11
2.084906270720000000e+11
-1.384677703680000000e+11
5.970754273280000000e+11
1.117150658560000000e+11
-1.979469987840000000e+11
-3.772376678400000000e+10
4.463414804480000000e+11
-1.162373939200000000e+11
-1.267666042880000000e+11
2.577838571520000000e+11
3.923850854400000000e+10
-2.882534113280000000e+11
-5.436198420480000000e+11
-3.668103987200000000e+11
-5.357528350720000000e+11
2.621411000320000000e+11
2.458156236800000000e+11
-4.000813547520000000e+11
6.684687728640000000e+11
-6.035141427200000000e+10
2.079909314560000000e+11
-3.308827443200000000e+11
1.692028436480000000e+11
2.884506746880000000e+11
3.483212185600000000e+11
-2.719699763200000000e+10
-6.522601472000000000e+09
-9.146438123520000000e+11
-2.500687953920000000e+11
-6.426148864000000000e+10
-4.563373260800000000e+11
-1.294833254400000000e+11
-5.685637283840000000e+11
4.723332218880000000e+11
4.554671390720000000e+11
-4.735349555200000000e+11
-3.557919293440000000e+11
-3.592907980800000000e+11
3.356347596800000000e+11
-7.063167959040000000e+11
5.295797370880000000e+11
-7.631962112000000000e+09
1.279418695680000000e+11
2.252807536640000000e+11
7.604867891200000000e+10
6.537910681600000000e+10
4.448747847680000000e+11
2.448817848320000000e+11
1.278893752320000000e+11
-7.771646197760000000e+11
-2.186347806720000000e+11
2.333930291200000000e+11
-3.472242769920000000e+11
-1.814834216960000000e+11
-4.390952304640000000e+11
2.027997429760000000e+11
3.362776678400000000e+11
-1.766090833920000000e+11
-2.442028154880000000e+11
-4.135740702720000000e+11
1.323550392320000000e+11
2.531790028800000000e+11
-1.365205565440000000e+11
-6.855533527040000000e+11
-3.494353305600000000e+11
-5.970793594880000000e+11
-5.768691712000000000e+10
-5.161368944640000000e+11
-1.160146206720000000e+11
-5.181660200960000000e+11
-3.758008565760000000e+11
-8.252501524480000000e+11
-1.802381230080000000e+11
4.101550243840000000e+11
5.721396346880000000e+11
3.236317429760000000e+11
-2.002564382720000000e+11
3.279945072640000000e+11
8.459685724160000000e+11
5.247462604800000000e+10
2.877490462720000000e+11
2.485649408000000000e+09
-1.027159982080000000e+11
2.843747942400000000e+10
-2.127598714880000000e+11
4.170403020800000000e+11
-5.670950666240000000e+11
-3.465874964480000000e+11
1.886133616640000000e+11
4.774934937600000000e+11
1.074822774784000000e+12
-2.581133393920000000e+11
-5.177384960000000000e+09
1.591632363520000000e+11
3.238762905600000000e+11
3.148965478400000000e+10
-5.389369344000000000e+10
1.282521579520000000e+11
-9.552697753600000000e+10
-2.259276431360000000e+11
-2.221031260160000000e+11
-5.279151554560000000e+11
-5.934262517760000000e+11
1.339972976640000000e+11
-4.767432704000000000e+11
-6.186515169280000000e+11
1.052850667520000000e+11
-5.037030113280000000e+11
4.587920752640000000e+11
1.781073018880000000e+11
-2.522838302720000000e+11
-3.185177395200000000e+11
1.340278702080000000e+11
2.662588743680000000e+11
1.325724467200000000e+10
-4.740451532800000000e+11
2.446691205120000000e+11
5.204639744000000000e+10
1.195373199360000000e+11
-7.808974028800000000e+10
6.768771072000000000e+11
2.252199362560000000e+11
-9.130908057600000000e+10
-2.452470005760000000e+11
9.599025152000000000e+09
-6.245271470080000000e+11
2.858188144640000000e+11
-4.805138186240000000e+11
-3.199914475520000000e+11
-3.677605724160000000e+11
1.464524472320000000e+11
1.762603827200000000e+10
5.874957680640000000e+11
2.850994585600000000e+10
-4.914244157440000000e+11
4.635181056000000000e+10
-4.800389120000000000e+10
-1.112569692160000000e+11
3.010907013120000000e+11
2.393017548800000000e+11
9.801585786880000000e+11
-6.234487521280000000e+11
1.296023552000000000e+09
2.603768053760000000e+11
3.253958656000000000e+10
1.687275110400000000e+11
4.458076569600000000e+10
-4.553046097920000000e+11
-7.380057456640000000e+11
-4.196572200960000000e+11
4.581480202240000000e+11
3.365128110080000000e+11
1.665962147840000000e+11
-9.892069376000000000e+11
7.238674022400000000e+10
3.713256652800000000e+10
-6.880637747200000000e+10
-6.503828684800000000e+10
8.445810442240000000e+11
-2.072959057920000000e+11
7.406233190400000000e+10
5.284039884800000000e+10
-9.494799155200000000e+10
-8.447789629440000000e+11
-6.474983669760000000e+11
2.508214108160000000e+11
-3.226275676160000000e+11
-3.746208808960000000e+11
-5.784801116160000000e+11
-5.152812236800000000e+10
3.802601881600000000e+11
1.185567375360000000e+11
9.551665561600000000e+10
-5.356009553920000000e+11
4.599169679360000000e+11
-1.659983953920000000e+11
7.746803466240000000e+11
3.170199797760000000e+11
-1.286915686400000000e+10
5.464593203200000000e+10
-1.120420904960000000e+11
5.657192038400000000e+11
-4.211284377600000000e+10
9.576693104640000000e+11
3.573858304000000000e+11
-8.145924915200000000e+11
6.087795671040000000e+11
6.666495590400000000e+10
1.679245967360000000e+11
-3.673482854400000000e+11
-2.978216673280000000e+11
-2.103333027840000000e+11
9.494675456000000000e+10
-2.811922022400000000e+11
4.162292940800000000e+10
-9.184349388800000000e+10
1.700487331840000000e+11
4.082038865920000000e+11
2.241219624960000000e+11
-2.054699745280000000e+11
3.711717212160000000e+11
-4.819147161600000000e+11
-3.204897832960000000e+11
-1.673081487360000000e+11
2.828578979840000000e+11
4.399201648640000000e+11
-2.212801413120000000e+11
5.779482214400000000e+11
1.013355397120000000e+11
6.212501504000000000e+10
2.131658342400000000e+10
-1.684232601600000000e+11
8.830152867840000000e+11
6.149003673600000000e+10
-1.530155663360000000e+11
2.881027768320000000e+11
-9.837772800000000000e+09
2.832283074560000000e+11
-9.932247040000000000e+09
-5.949430169600000000e+11
-1.424690872320000000e+11
-3.776855408640000000e+11
-2.147772334080000000e+11
4.557124730880000000e+11
-4.632634654720000000e+11
1.561273958400000000e+10
3.449262899200000000e+10
-1.253551636480000000e+11
-9.663258951680000000e+11
4.446859100160000000e+11
6.822641008640000000e+11
-4.242942197760000000e+11
2.048650444800000000e+11
-1.168416112640000000e+11
-4.844654592000000000e+10
1.486052065280000000e+11
-2.854351339520000000e+11
-1.405892689920000000e+11
-2.759860551680000000e+11
-4.650298245120000000e+11
1.973306818560000000e+11
-1.639114997760000000e+11
-8.638834278400000000e+10
2.574945157120000000e+11
-4.792233820160000000e+11
7.469706772480000000e+11
4.262701629440000000e+11
1.846168289280000000e+11
-2.132559462400000000e+11
-4.022190407680000000e+11
-6.823749877760000000e+11
2.803320094720000000e+11
-1.229341491200000000e+11
5.624579358720000000e+11
3.610076774400000000e+10
-1.533544366080000000e+11
-3.652591288320000000e+11
-5.482889216000000000e+09
-1.068054446080000000e+11
-2.623775703040000000e+11
3.045630279680000000e+11
4.046294876160000000e+11
-1.874924666880000000e+11
9.962178969600000000e+10
-4.662136668160000000e+11
9.568663961600000000e+10
-5.576292433920000000e+11
3.450168279040000000e+11
2.329849364480000000e+11
-5.352973926400000000e+11
1.626039910400000000e+10
-7.076397056000000000e+11
-3.003974287360000000e+11
-4.844698664960000000e+11
-2.096439623680000000e+11
2.455694868480000000e+11
-5.006084669440000000e+11
-3.689998581760000000e+11
5.110840033280000000e+11
2.909190881280000000e+11
-1.873523507200000000e+11
3.936993280000000000e+10
1.023426805760000000e+11
3.296767836160000000e+11
-2.673394647040000000e+11
3.181206896640000000e+11
3.600995123200000000e+10
-2.870706176000000000e+11
-3.751814103040000000e+11
-6.558041702400000000e+10
-4.158226104320000000e+11
2.990133739520000000e+11
-2.083299819520000000e+11
4.446616616960000000e+11
-4.011238686720000000e+11
3.839488819200000000e+10
9.071017984000000000e+10
6.280811642880000000e+11
-4.863100846080000000e+11
5.531298693120000000e+11
4.091085783040000000e+11
2.556402401280000000e+11
5.999422341120000000e+11
1.964821217280000000e+11
-2.701448642560000000e+11
-3.297432698880000000e+11
-2.797171834880000000e+11
4.295968030720000000e+11
5.291978260480000000e+11
1.987120988160000000e+11
2.413219348480000000e+11
-4.486582763520000000e+11
-2.629172920320000000e+11
-4.473153781760000000e+11
-3.695145123840000000e+11
8.692422410240000000e+11
5.107632701440000000e+11
2.830298644480000000e+11
-2.084841062400000000e+11
4.403760988160000000e+11
5.955086581760000000e+11
-3.418330562560000000e+11
-4.798493163520000000e+11
1.684108410880000000e+11
-7.281065328640000000e+11
1.158966558720000000e+11
3.112117862400000000e+11
8.114590515200000000e+10
1.272992399360000000e+11
-4.377306726400000000e+11
7.460508139520000000e+11
-5.543050608640000000e+11
-3.898536755200000000e+10
3.864047452160000000e+11
-1.352453324800000000e+11
3.875556884480000000e+11
-3.509908275200000000e+11
-2.341799198720000000e+11
3.895405445120000000e+11
-1.343801589760000000e+11
-1.250785034240000000e+11
3.474296012800000000e+11
-2.106622279680000000e+11
-2.591352422400000000e+11
-4.065364213760000000e+11
-4.471139532800000000e+10
-4.578984591360000000e+11
2.891069521920000000e+11
-2.247054458880000000e+11
6.704136192000000000e+09
-2.109065297920000000e+11
-3.901870243840000000e+11
1.410376007680000000e+11
-3.511126589440000000e+11
5.726349557760000000e+11
-3.043670097920000000e+11
-1.633389608960000000e+11
5.589954150400000000e+10
5.883932180480000000e+11
2.319523020800000000e+10
-5.741138739200000000e+10
-8.718522777600000000e+10
4.947625902080000000e+11
-1.762328248320000000e+11
-2.197111111680000000e+11
-3.887125299200000000e+11
2.662768312320000000e+11
9.771401216000000000e+10
-1.866310287360000000e+11
2.057353134080000000e+11
-2.933931376640000000e+11
-1.027712368640000000e+11
3.353348997120000000e+11
1.829203148800000000e+11
-3.848817213440000000e+11
2.310156124160000000e+11
-7.556679598080000000e+11
1.926174474240000000e+11
-1.801492070400000000e+11
1.535450152960000000e+11
2.655060295680000000e+11
-1.074156339200000000e+11
4.439376527360000000e+11
6.546965135360000000e+11
4.663654481920000000e+11
6.698696704000000000e+09
2.417782784000000000e+11
6.477900677120000000e+11
1.135103262720000000e+11
-1.926879313920000000e+11
-5.971663257600000000e+11
3.535783526400000000e+11
-1.836928860160000000e+11
3.146425303040000000e+11
-6.793936896000000000e+11
-7.511246110720000000e+11
3.565842595840000000e+11
2.434553118720000000e+11
4.187956510720000000e+11
-4.333582417920000000e+11
1.830952960000000000e+11
-4.049626071040000000e+11
4.970960322560000000e+11
-5.800791900160000000e+11
1.408390430720000000e+11
-3.392329728000000000e+10
2.325214986240000000e+11
-3.116806635520000000e+11
-9.399767531520000000e+11
-8.592585523200000000e+11
6.224390389760000000e+11
-2.934315089920000000e+11
-6.825834577920000000e+11
-1.203109232640000000e+11
-2.287724134400000000e+11
-1.006326579200000000e+11
8.175103180800000000e+10
5.727887032320000000e+11
-4.399014871040000000e+11
-2.357313208320000000e+11
-4.268573982720000000e+11
6.354599280640000000e+11
-2.946118451200000000e+10
-5.574215270400000000e+10
-1.839326167040000000e+11
3.573960540160000000e+11
-1.135126036480000000e+11
-4.680093204480000000e+11
4.410863452160000000e+11
5.679726592000000000e+09
4.394115727360000000e+11
2.216144076800000000e+11
3.506150440960000000e+11
-6.249304555520000000e+11
9.144636211200000000e+10
-6.802635489280000000e+11
2.504729722880000000e+11
1.490509824000000000e+11
5.593058508800000000e+10
2.020815339520000000e+11
-3.719534673920000000e+11
2.374453657600000000e+11
-2.905788416000000000e+10
3.629898792960000000e+11
5.973072936960000000e+11
-1.170889932800000000e+11
3.904195788800000000e+10
1.184188006400000000e+10
-6.448300032000000000e+11
6.856768225280000000e+11
-5.532388556800000000e+11
-7.511485972480000000e+11
8.609991884800000000e+11
7.562959257600000000e+11
-5.750836428800000000e+11
1.317971558400000000e+10
-8.147927040000000000e+08
1.809612472320000000e+11
6.750425579520000000e+11
3.727137177600000000e+10
-2.484801372160000000e+11
2.650662830080000000e+11
-1.661257154560000000e+11
1.307321139200000000e+11
1.644208128000000000e+11
3.716041277440000000e+11
-3.798495395840000000e+11
-7.522648064000000000e+10
2.942289182720000000e+11
-3.603527761920000000e+11
-5.506069299200000000e+10
7.150518272000000000e+11
3.486800281600000000e+11
-2.664090828800000000e+11
8.257643479040000000e+11
-7.764842905600000000e+10
-3.442606080000000000e+10
-5.149446963200000000e+10
3.756828262400000000e+10
-3.024140697600000000e+11
3.324090777600000000e+11
1.970849710080000000e+11
8.557675151360000000e+11
-2.070681681920000000e+11
9.274551500800000000e+10
9.533621862400000000e+10
-3.314873139200000000e+11
1.939940802560000000e+11
5.594200145920000000e+11
-8.751956623360000000e+11
1.187071590400000000e+11
3.538276188160000000e+11
3.864101519360000000e+11
-1.370654310400000000e+10
-3.209494855680000000e+11
4.802490204160000000e+11
-7.458792407040000000e+11
-1.836812206080000000e+11
2.137528238080000000e+11
2.110058004480000000e+11
-6.803950796800000000e+10
3.502742241280000000e+11
-8.489644851200000000e+10
-5.627051376640000000e+11
-4.831502663680000000e+11
-3.012713840640000000e+11
4.696950046720000000e+11
2.631447019520000000e+11
3.067338424320000000e+11
-5.848161976320000000e+11
4.740176936960000000e+11
-2.633895936000000000e+11
-2.131966361600000000e+10
5.829417369600000000e+10
1.517392691200000000e+11
3.422904975360000000e+11
-8.762369638400000000e+10
6.675119472640000000e+11
-1.688341053440000000e+11
7.627230412800000000e+10
2.933739028480000000e+11
-2.373403443200000000e+11
-2.210683944960000000e+11
4.795036467200000000e+11
8.664772116480000000e+11
-7.144008908800000000e+10
-8.440838553600000000e+10
-4.228863098880000000e+11
-2.028103270400000000e+11
-1.481648537600000000e+10
3.357829038080000000e+11
2.543166095360000000e+11
-6.095970304000000000e+09
1.612572262400000000e+11
-1.681611161600000000e+10
2.088574976000000000e+11
-7.285238661120000000e+11
-1.675112611840000000e+11
1.367916953600000000e+11
-1.432083333120000000e+11
-1.779134300160000000e+11
-3.029507276800000000e+10
-5.494210560000000000e+10
1.759467438080000000e+11
3.282787041280000000e+11
3.011081666560000000e+11
1.538523136000000000e+11
-4.843823759360000000e+11
2.154142433280000000e+11
6.222048133120000000e+11
4.503199744000000000e+11
1.050860748800000000e+11
1.353226649600000000e+10
-4.779628953600000000e+11
3.088081879040000000e+11
9.297951129600000000e+10
2.300925706240000000e+11
5.213159751680000000e+11
2.537310453760000000e+11
6.638649999360000000e+11
2.520866979840000000e+11
-5.812122419200000000e+10
5.791281971200000000e+11
-1.633754644480000000e+11
2.599546060800000000e+11
7.066368081920000000e+11
5.203134382080000000e+11
-4.419254681600000000e+11
2.881324318720000000e+11
-8.311630725120000000e+11
-5.924765696000000000e+09
-1.485518766080000000e+11
-2.286664581120000000e+11
-4.733561733120000000e+11
1.168700211200000000e+10
-7.338485350400000000e+11
9.479613972480000000e+11
-9.567776768000000000e+10
-4.349136076800000000e+10
-5.158875136000000000e+10
-6.230806364160000000e+11
1.067617402880000000e+11
-3.970076180480000000e+11
-6.012056371200000000e+11
1.598400593920000000e+11
-1.728824279040000000e+11
-2.594903982080000000e+11
-1.318344867840000000e+11
1.007289368576000000e+12
-4.624202137600000000e+10
6.670761984000000000e+10
-2.172820684800000000e+10
8.996136550400000000e+10
5.026389196800000000e+10
-7.307880038400000000e+10
-3.441298964480000000e+11
3.159083581440000000e+11
2.868773847040000000e+11
-2.990276935680000000e+11
-3.154569461760000000e+11
1.644169953280000000e+11
5.578702192640000000e+11
4.956615802880000000e+11
5.653551513600000000e+11
5.542597427200000000e+10
-5.501014507520000000e+11
4.152826265600000000e+10
-1.058048245760000000e+11
-3.596055019520000000e+11
-3.746163261440000000e+11
1.888617431040000000e+11
2.390416424960000000e+11
4.076679659520000000e+11
-6.572172902400000000e+11
-8.598387425280000000e+11
1.704520089600000000e+10
-3.716864409600000000e+10
3.694201077760000000e+11
-6.519542906880000000e+11
-3.836751380480000000e+11
-2.231169187840000000e+11
5.207310663680000000e+11
2.003240878080000000e+11
4.025221775360000000e+11
2.768483450880000000e+11
-1.650482380800000000e+11
6.423088332800000000e+11
-1.028574003200000000e+10
5.217592934400000000e+11
-1.472036864000000000e+09
1.724628828160000000e+11
-6.899419054080000000e+11
4.858155827200000000e+11
2.231556505600000000e+11
2.282258104320000000e+11
-7.335773470720000000e+11
-7.249869209600000000e+10
8.199494041600000000e+10
2.627153428480000000e+11
-3.091152240640000000e+11
-1.609113272320000000e+11
-8.201608232960000000e+11
-1.509599805440000000e+11
1.412197908480000000e+11
-3.170891202560000000e+11
-3.525414420480000000e+11
5.047207526400000000e+11
3.634480087040000000e+11
-4.413070049280000000e+11
9.692303360000000000e+10
-3.611882291200000000e+11
7.222783180800000000e+10
8.970601758720000000e+11
-1.677537443840000000e+11
-2.635174707200000000e+11
-4.013575372800000000e+11
4.919801937920000000e+11
4.515574906880000000e+11
-6.356278968320000000e+11
2.801351065600000000e+11
-6.205231595520000000e+11
-3.008816414720000000e+11
1.172631060480000000e+11
1.250394112000000000e+09
-3.492731289600000000e+11
2.422494986240000000e+11
-3.950502215680000000e+11
-2.873340723200000000e+10
1.037775339520000000e+11
7.679518965760000000e+11
-3.610563051520000000e+11
3.630461091840000000e+11
-1.026046099456000000e+12
3.098343505920000000e+11
-5.654822256640000000e+11
1.693560832000000000e+11
5.931769856000000000e+09
2.501267783680000000e+11
-1.706959503360000000e+11
2.116174807040000000e+11
1.392970956800000000e+11
-3.480867307520000000e+11
7.757832519680000000e+11
-5.249648558080000000e+11
-2.172105031680000000e+11
-6.085055610880000000e+11
-1.531926937600000000e+11
7.393383546880000000e+11
-2.543064514560000000e+11
-5.744206151680000000e+11
-1.811406848000000000e+10
1.218534113280000000e+11
-1.323712512000000000e+11
-4.556191170560000000e+11
-3.282839142400000000e+11
5.900177244160000000e+11
4.413305651200000000e+11
-1.245238394880000000e+11
-1.509688442880000000e+11
-2.401413038080000000e+11
-6.337154252800000000e+10
-4.243784007680000000e+11
-3.729610833920000000e+11
1.587320913920000000e+11
4.069720064000000000e+11
-4.370621726720000000e+11
3.011780280320000000e+11
-9.399755079680000000e+11
5.401171066880000000e+11
-2.383113256960000000e+11
-3.087403581440000000e+11
-4.806934200320000000e+11
-3.846480527360000000e+11
-2.191608053760000000e+11
4.490257039360000000e+11
6.286714470400000000e+10
6.863353282560000000e+11
2.301079715840000000e+11
-5.105481482240000000e+11
6.601148989440000000e+11
9.494593536000000000e+09
6.188309544960000000e+11
-1.425338531840000000e+11
3.715615293440000000e+11
5.500859187200000000e+11
6.218960076800000000e+10
-2.026312007680000000e+11
2.985004236800000000e+11
5.012140851200000000e+11
-6.713328271360000000e+11
1.946090209280000000e+11
3.633743790080000000e+11
-1.001105981440000000e+11
4.228945346560000000e+11
-3.386814627840000000e+11
2.776774082560000000e+11
2.335772180480000000e+11
1.205876899840000000e+11
-4.806125813760000000e+11
-2.589068492800000000e+11
-3.541126676480000000e+11
-4.542323916800000000e+10
4.407344496640000000e+11
6.560610385920000000e+11
-9.073131520000000000e+09
-3.691473797120000000e+11
-2.700957286400000000e+11
-2.045350215680000000e+11
-5.065512386560000000e+11
-2.145134837760000000e+11
9.501036544000000000e+10
4.550233292800000000e+11
-4.986087997440000000e+11
1.010206769152000000e+12
-2.678079979520000000e+11
-1.200008069120000000e+11
-2.098738462720000000e+11
6.959449702400000000e+10
4.957691904000000000e+11
-1.718397337600000000e+11
-1.157119213568000000e+12
9.271441817600000000e+10
-9.180463759360000000e+11
-5.475518054400000000e+10
1.159298744320000000e+11
-7.643075706880000000e+11
2.066852085760000000e+11
1.550054850560000000e+11
2.263954718720000000e+11
2.321024614400000000e+11
-3.620672962560000000e+11
-5.182702223360000000e+11
-4.799767183360000000e+11
4.248450498560000000e+11
-6.662074531840000000e+11
9.103650324480000000e+11
3.966062428160000000e+11
-9.850902937600000000e+10
-7.400313323520000000e+11
4.870776422400000000e+10
1.761099776000000000e+11
-3.261241425920000000e+11
3.565902233600000000e+10
4.758049587200000000e+10
-4.873705226240000000e+11
-1.539612082176000000e+12
-4.672552960000000000e+11
3.770626211840000000e+11
-9.745619353600000000e+10
5.618099814400000000e+10
-2.010063667200000000e+11
4.877257605120000000e+11
3.494731776000000000e+11
7.651949772800000000e+10
-3.142360760320000000e+11
-7.710251417600000000e+11
-2.391744512000000000e+11
-3.099472035840000000e+11
-1.674587340800000000e+11
-2.700768706560000000e+11
6.858617651200000000e+10
-2.989378764800000000e+10
6.429006888960000000e+11
-1.421732741120000000e+11
1.285315461120000000e+11
-3.054168965120000000e+11
-4.372602470400000000e+10
5.827896934400000000e+10
5.387135221760000000e+11
3.602885181440000000e+11
3.701545369600000000e+11
-9.376053985280000000e+11
-9.307222016000000000e+10
-5.116490874880000000e+11
8.851518259200000000e+10
6.834475827200000000e+10
-5.053120184320000000e+11
-3.733434368000000000e+09
-1.504119193600000000e+10
1.708943933440000000e+11
1.267498188800000000e+11
3.484636774400000000e+10
-5.001814999040000000e+11
-3.458993356800000000e+10
-5.043587645440000000e+11
7.472644096000000000e+11
-5.021396172800000000e+11
2.055786332160000000e+11
1.017962430464000000e+12
-2.219146444800000000e+11
-7.026733056000000000e+10
1.376580730880000000e+11
-1.879483187200000000e+11
-4.012479283200000000e+10
4.340125859840000000e+11
3.685092884480000000e+11
-2.960329277440000000e+11
8.890674708480000000e+11
-1.500221767680000000e+11
8.014126120960000000e+11
-4.512132628480000000e+11
5.674130472960000000e+11
-1.315923148800000000e+10
1.948620226560000000e+11
4.265753640960000000e+11
-2.923507220480000000e+11
3.856482959360000000e+11
2.087010631680000000e+11
-3.202285240320000000e+11
-3.393249280000000000e+11
4.764104130560000000e+11
-2.758250987520000000e+11
-3.224611061760000000e+11
6.699936645120000000e+11
-1.368418877440000000e+11
2.601429893120000000e+11
1.746175918080000000e+11
-1.073655480320000000e+11
6.705413488640000000e+11
3.034703790080000000e+11
2.417711841280000000e+11
-5.480837939200000000e+10
-2.592305479680000000e+11
-1.381247385600000000e+10
1.430335324160000000e+11
-4.206533017600000000e+11
-4.640497991680000000e+11
4.899785932800000000e+11
9.765318656000000000e+10
8.805703352320000000e+11
5.370692403200000000e+10
5.272991170560000000e+11
9.245189734400000000e+11
3.270166773760000000e+11
-2.635120148480000000e+11
-3.056370974720000000e+11
-1.169374412800000000e+11
4.305608376320000000e+11
4.118006988800000000e+10
-3.952842833920000000e+11
1.291561861120000000e+11
1.004518440960000000e+11
3.512446156800000000e+10
