1.628874670080000000e+11
-5.307527987200000000e+10
4.263847526400000000e+10
2.045902028800000000e+11
-4.066406236160000000e+11
-2.136314675200000000e+11
3.007368069120000000e+11
3.358642995200000000e+11
-3.259450654720000000e+11
4.304097280000000000e+09
-3.630366720000000000e+11
3.650784460800000000e+10
-2.538719805440000000e+11
-1.404985671680000000e+11
4.402095718400000000e+11
-4.463944335360000000e+11
1.326895022080000000e+11
-4.375015915520000000e+11
-6.817436057600000000e+10
1.068221235200000000e+11
2.159240151040000000e+11
-4.072249098240000000e+11
-1.347282862080000000e+11
-6.084370432000000000e+09
1.567991398400000000e+11
-3.972153344000000000e+11
1.482762485760000000e+11
1.468756131840000000e+11
4.762399866880000000e+11
-9.106849792000000000e+09
-4.138912972800000000e+10
-4.290863431680000000e+11
4.029588439040000000e+11
-1.843711836160000000e+11
-3.352307302400000000e+11
-2.054746439680000000e+11
8.532549632000000000e+10
-3.508899020800000000e+11
-1.369364234240000000e+11
2.950310789120000000e+11
-1.256062976000000000e+10
-6.514032640000000000e+11
3.481773998080000000e+11
-2.937324339200000000e+10
2.536814837760000000e+11
-6.379782144000000000e+09
2.576678420480000000e+11
-1.434867302400000000e+11
1.374659870720000000e+11
2.886908313600000000e+10
1.128429404160000000e+11
-2.623929384960000000e+11
6.067106611200000000e+11
-3.090412666880000000e+11
-9.612591104000000000e+09
-1.530128793600000000e+10
3.324461056000000000e+11
-5.218801664000000000e+10
3.280347463680000000e+11
-4.132225843200000000e+10
2.177071513600000000e+11
-1.742934507520000000e+11
-6.793202892800000000e+10
3.190759751680000000e+11
3.834043760640000000e+11
-3.502403747840000000e+11
1.470903091200000000e+10
2.582362193920000000e+11
-1.473841561600000000e+11
-4.843359436800000000e+10
-2.750316871680000000e+11
-4.167839252480000000e+11
-1.299637207040000000e+11
6.822336921600000000e+10
-8.525362626560000000e+11
-1.117236428800000000e+11
-3.748069376000000000e+11
5.307555840000000000e+08
9.237971763200000000e+10
-2.078092820480000000e+11
7.966048256000000000e+09
-8.440889344000000000e+10
6.153194700800000000e+11
9.268590182400000000e+10
4.296867512320000000e+11
-5.033176924160000000e+11
2.704425943040000000e+11
-3.145262694400000000e+11
-2.715949793280000000e+11
8.933643059200000000e+10
2.120277688320000000e+11
2.765131939840000000e+11
-5.087285411840000000e+11
3.980437094400000000e+10
3.783963443200000000e+11
3.851937382400000000e+11
-1.168197058560000000e+11
-1.330686853120000000e+11
-3.714050293760000000e+11
1.942206054400000000e+11
2.787354869760000000e+11
-1.517672202240000000e+11
-2.817392967680000000e+11
1.173164032000000000e+11
7.231815680000000000e+09
8.097816576000000000e+09
-1.482522624000000000e+11
3.083268505600000000e+10
2.951150796800000000e+10
3.047064207360000000e+11
-3.522240184320000000e+11
-3.095731896320000000e+11
2.092206325760000000e+11
-3.772820684800000000e+10
6.582330163200000000e+10
5.224531558400000000e+11
-2.770308300800000000e+11
1.663133286400000000e+11
-1.197133250560000000e+11
4.797439672320000000e+11
8.568720588800000000e+10
-1.656594104320000000e+11
-2.636508364800000000e+10
3.472250306560000000e+11
-1.172061143040000000e+11
-1.164095078400000000e+11
1.876243251200000000e+11
4.883274137600000000e+10
-2.166453862400000000e+11
-4.073723330560000000e+11
-2.479818014720000000e+11
-3.950976368640000000e+11
1.943153377280000000e+11
2.219852431360000000e+11
-3.418185728000000000e+11
5.271295098880000000e+11
-5.141086208000000000e+10
1.764644782080000000e+11
-2.486671441920000000e+11
1.401446727680000000e+11
2.080895467520000000e+11
2.605933690880000000e+11
-2.496577536000000000e+10
7.505051648000000000e+09
-7.331651256320000000e+11
-2.036792688640000000e+11
-6.115028172800000000e+10
-3.507184926720000000e+11
-1.056878919680000000e+11
-4.412257730560000000e+11
3.579602534400000000e+11
3.496381317120000000e+11
-3.349593784320000000e+11
-2.627296952320000000e+11
-2.389209743360000000e+11
2.482340823040000000e+11
-5.429507522560000000e+11
3.887920906240000000e+11
-1.820909568000000000e+10
9.562488832000000000e+10
1.563802501120000000e+11
6.840703385600000000e+10
6.203080704000000000e+10
3.372480593920000000e+11
2.052010311680000000e+11
1.162095165440000000e+11
-6.006461562880000000e+11
-1.551361966080000000e+11
1.864626667520000000e+11
-2.488477941760000000e+11
-1.534936350720000000e+11
-3.585129185280000000e+11
1.542938624000000000e+11
2.682584104960000000e+11
-1.675429806080000000e+11
-1.888071843840000000e+11
-3.109706792960000000e+11
1.383982694400000000e+11
1.972054425600000000e+11
-9.538094694400000000e+10
-5.252202496000000000e+11
-2.705501224960000000e+11
-4.642168504320000000e+11
-6.346099916800000000e+10
-4.015905177600000000e+11
-9.136478617600000000e+10
-3.900733194240000000e+11
-2.701761085440000000e+11
-6.326713057280000000e+11
-1.449114337280000000e+11
3.113728081920000000e+11
4.413002219520000000e+11
2.320885350400000000e+11
-1.565374873600000000e+11
2.468047912960000000e+11
6.473467822080000000e+11
6.449994956800000000e+10
2.291707412480000000e+11
1.988516249600000000e+10
-8.333973094400000000e+10
1.026922496000000000e+10
-1.501070950400000000e+11
3.262089134080000000e+11
-4.111293480960000000e+11
-2.311368540160000000e+11
1.477261721600000000e+11
3.528240005120000000e+11
8.172571852800000000e+11
-1.979686584320000000e+11
1.770490675200000000e+10
1.354152755200000000e+11
2.479541944320000000e+11
1.510086246400000000e+10
-4.897897676800000000e+10
1.124595302400000000e+11
-9.272377344000000000e+10
-1.570715729920000000e+11
-1.681993891840000000e+11
-3.813653217280000000e+11
-4.421698846720000000e+11
1.020988456960000000e+11
-3.620129996800000000e+11
-4.758041067520000000e+11
6.758386892800000000e+10
-3.710904893440000000e+11
3.392068321280000000e+11
1.407540920320000000e+11
-1.981403955200000000e+11
-2.441676554240000000e+11
9.665943961600000000e+10
1.778192220160000000e+11
-5.772820480000000000e+08
-3.456895549440000000e+11
1.713700372480000000e+11
5.946268057600000000e+10
9.064321843200000000e+10
-6.056972288000000000e+10
5.432096194560000000e+11
1.762236170240000000e+11
-7.312752640000000000e+10
-1.872542597120000000e+11
1.955946496000000000e+10
-4.836178329600000000e+11
2.362698629120000000e+11
-3.496257454080000000e+11
-2.253525319680000000e+11
-2.553207029760000000e+11
1.174915973120000000e+11
-7.023329280000000000e+08
4.390934937600000000e+11
2.476465356800000000e+10
-3.881583247360000000e+11
2.339305881600000000e+10
-4.122642022400000000e+10
-1.035277189120000000e+11
2.470911180800000000e+11
1.932639600640000000e+11
7.167796183040000000e+11
-4.983105126400000000e+11
8.945238016000000000e+09
1.970292326400000000e+11
2.376404992000000000e+10
1.074453708800000000e+11
1.744732160000000000e+10
-3.136990740480000000e+11
-5.358947205120000000e+11
-3.000745984000000000e+11
3.483159756800000000e+11
2.335366021120000000e+11
1.111041064960000000e+11
-7.662135541760000000e+11
6.492359065600000000e+10
6.048127385600000000e+10
-3.357106995200000000e+10
-3.044119347200000000e+10
6.529630863360000000e+11
-1.717260288000000000e+11
6.132935884800000000e+10
5.134617804800000000e+10
-4.691413401600000000e+10
-6.416842752000000000e+11
-4.846080163840000000e+11
1.807348695040000000e+11
-2.548938342400000000e+11
-2.966522429440000000e+11
-4.442630717440000000e+11
-5.563734425600000000e+10
2.494223810560000000e+11
8.617457254400000000e+10
8.816750592000000000e+10
-3.901050716160000000e+11
3.625756917760000000e+11
-1.232555212800000000e+11
6.001337303040000000e+11
2.475052072960000000e+11
-1.164209356800000000e+10
5.215105024000000000e+10
-7.556408934400000000e+10
4.311418470400000000e+11
-3.112874803200000000e+10
7.281728552960000000e+11
2.967401922560000000e+11
-6.207699681280000000e+11
4.722491392000000000e+11
6.612049920000000000e+10
1.249738833920000000e+11
-2.701514178560000000e+11
-1.914372096000000000e+11
-1.489540218880000000e+11
9.113875251200000000e+10
-2.052816568320000000e+11
2.847367168000000000e+10
-9.585629593600000000e+10
1.226229514240000000e+11
3.039919144960000000e+11
1.766510755840000000e+11
-1.551067709440000000e+11
2.972055633920000000e+11
-3.335198474240000000e+11
-2.496952074240000000e+11
-1.223585546240000000e+11
2.320018145280000000e+11
3.418195230720000000e+11
-1.519974481920000000e+11
4.343821762560000000e+11
5.311845990400000000e+10
2.654509465600000000e+10
7.834402816000000000e+09
-1.269725511680000000e+11
6.680464588800000000e+11
5.341788569600000000e+10
-1.109706588160000000e+11
2.440126464000000000e+11
1.017908428800000000e+10
1.912689786880000000e+11
-6.025871360000000000e+09
-4.339314196480000000e+11
-9.035866931200000000e+10
-2.865328291840000000e+11
-1.709294223360000000e+11
3.295676989440000000e+11
-3.537936056320000000e+11
3.463163084800000000e+10
-1.301217280000000000e+10
-8.682009395200000000e+10
-7.337904046080000000e+11
3.330796421120000000e+11
5.156173905920000000e+11
-3.480083496960000000e+11
1.750620569600000000e+11
-7.068413132800000000e+10
-3.193817497600000000e+10
1.285123932160000000e+11
-1.997972766720000000e+11
-8.526725120000000000e+10
-2.149853593600000000e+11
-3.818926243840000000e+11
1.730192998400000000e+11
-1.311958630400000000e+11
-4.841503129600000000e+10
2.081791672320000000e+11
-3.528650915840000000e+11
5.697422622720000000e+11
3.206506741760000000e+11
1.691098808320000000e+11
-1.723348582400000000e+11
-3.113363701760000000e+11
-5.276983623680000000e+11
2.007908843520000000e+11
-8.054717644800000000e+10
4.238234091520000000e+11
4.865785856000000000e+10
-1.233195827200000000e+11
-2.962380554240000000e+11
-3.577365299200000000e+10
-7.490555904000000000e+10
-1.938433310720000000e+11
2.403405660160000000e+11
3.085329367040000000e+11
-1.475974430720000000e+11
5.525737472000000000e+10
-3.377904025600000000e+11
1.084771696640000000e+11
-4.315775303680000000e+11
2.719438274560000000e+11
1.704166031360000000e+11
-3.999994347520000000e+11
2.502046515200000000e+10
-5.469133209600000000e+11
-2.201166643200000000e+11
-3.694728314880000000e+11
-1.457455431680000000e+11
1.903659581440000000e+11
-3.722637475840000000e+11
-2.807071047680000000e+11
3.845808128000000000e+11
2.612275445760000000e+11
-1.343766528000000000e+11
6.400196608000000000e+09
7.049453568000000000e+10
2.450682347520000000e+11
-2.162437652480000000e+11
2.252530810880000000e+11
1.836220416000000000e+09
-2.272258621440000000e+11
-3.151385067520000000e+11
-5.627901132800000000e+10
-3.008907837440000000e+11
2.245926912000000000e+11
-1.650544967680000000e+11
3.567960391680000000e+11
-3.115323883520000000e+11
1.656018534400000000e+10
6.333454745600000000e+10
4.626971688960000000e+11
-3.541532672000000000e+11
4.269169704960000000e+11
3.071737856000000000e+11
1.777772462080000000e+11
4.282669465600000000e+11
1.573549834240000000e+11
-1.936348610560000000e+11
-2.381270548480000000e+11
-2.114921594880000000e+11
3.325940203520000000e+11
4.247570350080000000e+11
1.541795020800000000e+11
2.042050641920000000e+11
-3.177061744640000000e+11
-1.763995156480000000e+11
-3.499175116800000000e+11
-2.898601574400000000e+11
6.605834813440000000e+11
3.907665920000000000e+11
2.023505756160000000e+11
-1.796830986240000000e+11
3.299789373440000000e+11
4.364333547520000000e+11
-2.666806640640000000e+11
-3.597909360640000000e+11
1.411873832960000000e+11
-5.391836119040000000e+11
9.072266444800000000e+10
2.424764334080000000e+11
7.299220275200000000e+10
7.571128320000000000e+10
-3.182386544640000000e+11
5.750909173760000000e+11
-4.129447280640000000e+11
-3.070231347200000000e+10
3.028571258880000000e+11
-7.637238579200000000e+10
3.099539210240000000e+11
-2.686535106560000000e+11
-1.739028561920000000e+11
3.101358489600000000e+11
-9.819573452800000000e+10
-1.167243755520000000e+11
2.533288673280000000e+11
-1.521040752640000000e+11
-1.814789488640000000e+11
-2.891725209600000000e+11
-3.680088064000000000e+10
-3.624220098560000000e+11
2.390176563200000000e+11
-1.738421043200000000e+11
1.253743411200000000e+10
-1.579058790400000000e+11
-3.194945536000000000e+11
9.587969228800000000e+10
-2.604519915520000000e+11
4.304770498560000000e+11
-2.333026385920000000e+11
-1.300237271040000000e+11
5.604519116800000000e+10
4.618834411520000000e+11
3.477251686400000000e+10
-6.105931776000000000e+10
-6.816149913600000000e+10
3.724914851840000000e+11
-1.487365734400000000e+11
-1.615603302400000000e+11
-3.301572608000000000e+11
1.929220587520000000e+11
6.945174323200000000e+10
-1.430726901760000000e+11
1.472193986560000000e+11
-2.674042470400000000e+11
-8.687680716800000000e+10
2.649699123200000000e+11
1.379405987840000000e+11
-2.948801167360000000e+11
1.780130119680000000e+11
-5.508748410880000000e+11
1.422641725440000000e+11
-1.770153574400000000e+11
1.348211671040000000e+11
2.046813798400000000e+11
-8.181912371200000000e+10
3.011965419520000000e+11
5.033742172160000000e+11
3.504050667520000000e+11
1.801769779200000000e+10
1.864320942080000000e+11
4.980043939840000000e+11
9.315693363200000000e+10
-1.562283376640000000e+11
-4.767977963520000000e+11
2.337552302080000000e+11
-1.496647598080000000e+11
2.738746818560000000e+11
-5.386806231040000000e+11
-5.780068761600000000e+11
2.763267112960000000e+11
1.821110272000000000e+11
3.007416238080000000e+11
-3.269189632000000000e+11
1.286886850560000000e+11
-3.155830374400000000e+11
3.939290972160000000e+11
-4.551909048320000000e+11
1.030133514240000000e+11
-1.719420518400000000e+10
1.980562145280000000e+11
-2.279416627200000000e+11
-7.400481095680000000e+11
-6.493403217920000000e+11
4.495995699200000000e+11
-2.434494955520000000e+11
-5.461902295040000000e+11
-8.285008691200000000e+10
-2.008246353920000000e+11
-7.768940544000000000e+10
6.447264563200000000e+10
4.275879280640000000e+11
-3.335881687040000000e+11
-1.688508334080000000e+11
-3.176651161600000000e+11
4.828958228480000000e+11
-4.007867187200000000e+10
-1.980835430400000000e+10
-1.311129927680000000e+11
2.945761935360000000e+11
-7.596795494400000000e+10
-3.658517708800000000e+11
3.635189514240000000e+11
2.342572851200000000e+10
3.329256325120000000e+11
1.375185797120000000e+11
2.713782845440000000e+11
-4.848584949760000000e+11
8.640483328000000000e+10
-5.000425635840000000e+11
1.978810695680000000e+11
1.079181967360000000e+11
4.689420288000000000e+10
1.675825315840000000e+11
-2.861518028800000000e+11
1.562992640000000000e+11
-1.173127168000000000e+10
2.889027420160000000e+11
4.597718712320000000e+11
-7.073305395200000000e+10
2.541551616000000000e+10
-1.882057932800000000e+10
-5.035117445120000000e+11
5.450077962240000000e+11
-4.359648051200000000e+11
-5.555444121600000000e+11
6.089005465600000000e+11
5.726677237760000000e+11
-4.454113607680000000e+11
1.422157414400000000e+10
-7.014891520000000000e+08
1.269669724160000000e+11
5.071185510400000000e+11
5.883114291200000000e+10
-2.103199498240000000e+11
1.949389455360000000e+11
-1.302017556480000000e+11
1.045962997760000000e+11
8.678682624000000000e+10
2.633932308480000000e+11
-3.003521761280000000e+11
-3.892299366400000000e+10
2.204398714880000000e+11
-2.628408934400000000e+11
-5.119046451200000000e+10
5.195344117760000000e+11
2.454010101760000000e+11
-2.010759987200000000e+11
5.961627729920000000e+11
-9.440757350400000000e+10
-2.947751936000000000e+10
-5.534056448000000000e+09
2.687945113600000000e+10
-2.225971036160000000e+11
2.585233162240000000e+11
1.335623843840000000e+11
6.765707264000000000e+11
-1.417316270080000000e+11
6.832760422400000000e+10
5.161656320000000000e+10
-2.363104952320000000e+11
1.454283816960000000e+11
4.164782653440000000e+11
-6.514946211840000000e+11
8.052613120000000000e+10
2.457613926400000000e+11
2.731661393920000000e+11
-9.346711552000000000e+09
-2.411913379840000000e+11
3.592338145280000000e+11
-5.481514270720000000e+11
-1.412339793920000000e+11
1.661024665600000000e+11
1.527078748160000000e+11
-5.087951667200000000e+10
2.848954122240000000e+11
-4.871194214400000000e+10
-4.186025492480000000e+11
-3.689173483520000000e+11
-2.350663434240000000e+11
3.678625136640000000e+11
1.992630435840000000e+11
2.642303713280000000e+11
-4.636740812800000000e+11
3.534580285440000000e+11
-2.158581841920000000e+11
1.182165401600000000e+10
6.051305062400000000e+10
1.299855441920000000e+11
2.690683371520000000e+11
-4.295907737600000000e+10
5.072553902080000000e+11
-1.223677378560000000e+11
5.950212505600000000e+10
2.250528522240000000e+11
-1.890064957440000000e+11
-1.689806766080000000e+11
3.853110476800000000e+11
6.333680844800000000e+11
-4.498176409600000000e+10
-5.293661388800000000e+10
-3.271302840320000000e+11
-1.594694041600000000e+11
-1.391860940800000000e+10
2.571095572480000000e+11
1.981772103680000000e+11
2.845327360000000000e+10
9.869928038400000000e+10
-1.424574054400000000e+10
1.464860180480000000e+11
-5.663794135040000000e+11
-1.453204111360000000e+11
1.017638584320000000e+11
-1.066525491200000000e+11
-1.372276817920000000e+11
-3.867027046400000000e+10
-9.489137664000000000e+09
1.284047011840000000e+11
2.519397171200000000e+11
2.037526364160000000e+11
1.210988953600000000e+11
-3.439363031040000000e+11
1.777053859840000000e+11
4.755879362560000000e+11
3.575653990400000000e+11
8.468344832000000000e+10
3.183816294400000000e+10
-3.627452006400000000e+11
2.594070200320000000e+11
7.114676633600000000e+10
1.427614433280000000e+11
4.025440337920000000e+11
2.012371025920000000e+11
5.190564249600000000e+11
2.003576094720000000e+11
-2.530929868800000000e+10
4.486709903360000000e+11
-1.542733168640000000e+11
2.253465845760000000e+11
5.235647119360000000e+11
4.061314088960000000e+11
-3.332659281920000000e+11
1.830778798080000000e+11
-6.292334837760000000e+11
-1.593804390400000000e+10
-8.881977753600000000e+10
-1.859080028160000000e+11
-3.526548520960000000e+11
1.156893900800000000e+10
-5.684557905920000000e+11
7.274819747840000000e+11
-6.618039910400000000e+10
-2.244142694400000000e+10
-4.248967577600000000e+10
-5.058040954880000000e+11
8.495080243200000000e+10
-2.903643914240000000e+11
-4.982868869120000000e+11
1.204498923520000000e+11
-1.359738634240000000e+11
-1.803241226240000000e+11
-9.524948172800000000e+10
7.651987292160000000e+11
-1.649011916800000000e+10
6.239329484800000000e+10
-1.417861529600000000e+10
8.260799692800000000e+10
5.415235584000000000e+10
-9.016440422400000000e+10
-2.601665331200000000e+11
2.569083453440000000e+11
1.882007142400000000e+11
-2.159891415040000000e+11
-2.496662405120000000e+11
1.225918955520000000e+11
4.070972784640000000e+11
3.846148915200000000e+11
4.241938841600000000e+11
5.033141862400000000e+10
-4.151349739520000000e+11
7.708499968000000000e+09
-6.071082188800000000e+10
-2.611322880000000000e+11
-2.859879628800000000e+11
1.154932572160000000e+11
1.960028405760000000e+11
2.863576514560000000e+11
-5.235656622080000000e+11
-6.720053575680000000e+11
1.370303692800000000e+10
-2.734268416000000000e+10
2.701451100160000000e+11
-4.938381721600000000e+11
-2.974075125760000000e+11
-1.751503339520000000e+11
3.929895075840000000e+11
1.564022538240000000e+11
3.157332787200000000e+11
1.779506380800000000e+11
-1.092852940800000000e+11
4.980060651520000000e+11
1.143844864000000000e+09
3.750038077440000000e+11
1.301594112000000000e+10
1.370134118400000000e+11
-5.631129026560000000e+11
3.846035210240000000e+11
1.748838318080000000e+11
1.605801738240000000e+11
-5.336986746880000000e+11
-8.895270092800000000e+10
3.883704320000000000e+10
2.004739358720000000e+11
-2.452227686400000000e+11
-1.198871838720000000e+11
-6.337761116160000000e+11
-1.027680911360000000e+11
1.104863887360000000e+11
-2.255896248320000000e+11
-2.570172334080000000e+11
3.573450014720000000e+11
2.774798827520000000e+11
-3.235507732480000000e+11
6.641242112000000000e+10
-2.881826979840000000e+11
7.390240768000000000e+10
6.824611676160000000e+11
-1.268641300480000000e+11
-2.308108779520000000e+11
-3.327082168320000000e+11
3.446487777280000000e+11
3.432247459840000000e+11
-4.774983106560000000e+11
2.136624824320000000e+11
-4.697826590720000000e+11
-2.302049976320000000e+11
8.872553676800000000e+10
-5.199888384000000000e+09
-2.568828846080000000e+11
1.863523860480000000e+11
-2.970481459200000000e+11
-9.768124416000000000e+09
6.377184460800000000e+10
5.561573703680000000e+11
-2.856850554880000000e+11
2.844019589120000000e+11
-7.980167987200000000e+11
2.132119388160000000e+11
-4.468505968640000000e+11
1.240113971200000000e+11
5.149270016000000000e+09
1.465079234560000000e+11
-1.365083176960000000e+11
1.771075993600000000e+11
8.668741632000000000e+10
-2.601454796800000000e+11
5.692930129920000000e+11
-3.994957905920000000e+11
-1.644990791680000000e+11
-4.570394460160000000e+11
-1.407497338880000000e+11
5.946591150080000000e+11
-1.905107107840000000e+11
-4.362336993280000000e+11
-1.870789017600000000e+10
8.423373209600000000e+10
-9.307127808000000000e+10
-3.709877288960000000e+11
-2.566681067520000000e+11
4.514724904960000000e+11
3.490080686080000000e+11
-9.725936435200000000e+10
-1.070474608640000000e+11
-1.743657369600000000e+11
-7.333304729600000000e+10
-3.381491466240000000e+11
-2.889197486080000000e+11
1.079779082240000000e+11
3.237778554880000000e+11
-3.193063014400000000e+11
2.327828725760000000e+11
-7.511348346880000000e+11
4.038296862720000000e+11
-1.841520967680000000e+11
-2.483119554560000000e+11
-3.848581283840000000e+11
-2.913516912640000000e+11
-1.700312186880000000e+11
3.363993681920000000e+11
3.294946918400000000e+10
5.423841280000000000e+11
1.804457246720000000e+11
-4.210915409920000000e+11
4.906400808960000000e+11
-2.486804480000000000e+09
4.757783838720000000e+11
-9.429237760000000000e+10
2.902000926720000000e+11
4.286815272960000000e+11
3.696672768000000000e+10
-1.367183523840000000e+11
2.345969418240000000e+11
4.115703398400000000e+11
-5.271605411840000000e+11
1.662506434560000000e+11
2.795143495680000000e+11
-9.592428953600000000e+10
3.272535572480000000e+11
-2.678934732800000000e+11
2.085918965760000000e+11
1.774812528640000000e+11
9.890924953600000000e+10
-3.701948088320000000e+11
-2.042002800640000000e+11
-2.804739932160000000e+11
-6.843281408000000000e+10
3.294683791360000000e+11
4.932893081600000000e+11
-1.382383616000000000e+10
-2.507877416960000000e+11
-1.928670904320000000e+11
-1.624165416960000000e+11
-4.091805696000000000e+11
-1.861035950080000000e+11
7.408852172800000000e+10
3.582176133120000000e+11
-3.767216373760000000e+11
7.757594624000000000e+11
-1.950121328640000000e+11
-9.918074060800000000e+10
-1.844566917120000000e+11
7.650489139200000000e+10
3.487970754560000000e+11
-1.317857689600000000e+11
-8.908372705280000000e+11
8.161130905600000000e+10
-7.171512074240000000e+11
-5.624495308800000000e+10
7.523829350400000000e+10
-6.084556226560000000e+11
1.736400076800000000e+11
1.204423720960000000e+11
1.605783224320000000e+11
2.013738762240000000e+11
-2.803166740480000000e+11
-4.083364986880000000e+11
-3.611265597440000000e+11
3.135244206080000000e+11
-5.136289628160000000e+11
7.297501102080000000e+11
3.039280496640000000e+11
-8.723932774400000000e+10
-5.667158753280000000e+11
2.982141952000000000e+10
1.391098593280000000e+11
-2.674895093760000000e+11
1.980244787200000000e+10
5.048059494400000000e+10
-3.818101800960000000e+11
-1.172771176448000000e+12
-3.497769369600000000e+11
3.061774090240000000e+11
-1.008072212480000000e+11
6.066209177600000000e+10
-1.742012416000000000e+11
3.639438540800000000e+11
2.318801469440000000e+11
4.257285734400000000e+10
-2.109780787200000000e+11
-5.908957757440000000e+11
-1.737768960000000000e+11
-2.210983772160000000e+11
-1.039070494720000000e+11
-2.001988485120000000e+11
7.167174246400000000e+10
-2.686397644800000000e+10
5.053017948160000000e+11
-1.287782400000000000e+11
1.123934044160000000e+11
-2.685479157760000000e+11
-4.885495398400000000e+10
3.929880985600000000e+10
4.132254842880000000e+11
2.702733639680000000e+11
2.848676904960000000e+11
-6.918149242880000000e+11
-5.421114163200000000e+10
-3.692422430720000000e+11
7.146037248000000000e+10
3.843200614400000000e+10
-3.808035471360000000e+11
3.453054976000000000e+09
-4.148735590400000000e+10
1.624353996800000000e+11
8.746193715200000000e+10
2.562271641600000000e+10
-3.669248245760000000e+11
-3.436432588800000000e+10
-3.814469795840000000e+11
5.844567326720000000e+11
-3.811916840960000000e+11
1.996085985280000000e+11
7.884592906240000000e+11
-1.506754068480000000e+11
-6.481970790400000000e+10
9.386622976000000000e+10
-1.608429240320000000e+11
-6.216146944000000000e+10
3.400800665600000000e+11
2.772658421760000000e+11
-2.158018232320000000e+11
6.490947584000000000e+11
-1.157993594880000000e+11
6.259537346560000000e+11
-3.141412454400000000e+11
4.195754967040000000e+11
-3.398889062400000000e+10
1.349609062400000000e+11
3.301773803520000000e+11
-2.163778846720000000e+11
2.850825502720000000e+11
1.314472263680000000e+11
-2.421442641920000000e+11
-2.916847124480000000e+11
3.666446254080000000e+11
-2.220623134720000000e+11
-2.431649218560000000e+11
5.029738577920000000e+11
-1.018260766720000000e+11
2.079693701120000000e+11
1.515265884160000000e+11
-1.009483530240000000e+11
4.999326597120000000e+11
2.243708190720000000e+11
1.900218286080000000e+11
-3.472497049600000000e+10
-2.039840276480000000e+11
3.090395136000000000e+09
8.891356774400000000e+10
-3.325248143360000000e+11
-3.759070904320000000e+11
4.071193313280000000e+11
5.448266547200000000e+10
6.710102589440000000e+11
7.128337612800000000e+10
4.102151208960000000e+11
7.021312081920000000e+11
2.263093411840000000e+11
-1.989774376960000000e+11
-2.326259630080000000e+11
-1.101615104000000000e+11
3.120853155840000000e+11
3.264038502400000000e+10
-2.958465761280000000e+11
1.065949429760000000e+11
6.465342668800000000e+10
4.728881152000000000e+10
