1.581634355200000000e+11
-7.659187404800000000e+10
1.768531558400000000e+10
1.915467857920000000e+11
-3.901865000960000000e+11
-2.016847298560000000e+11
2.787492495360000000e+11
2.811992145920000000e+11
-3.176816640000000000e+11
1.540400332800000000e+10
-3.650047180800000000e+11
1.800377139200000000e+10
-2.248845557760000000e+11
-1.400537251840000000e+11
3.942408519680000000e+11
-3.920687923200000000e+11
1.324555304960000000e+11
-4.014705541120000000e+11
-4.471694950400000000e+10
1.046933831680000000e+11
1.777131847680000000e+11
-3.674249625600000000e+11
-1.091540582400000000e+11
-3.874037760000000000e+09
1.466498416640000000e+11
-3.600853893120000000e+11
1.282492497920000000e+11
1.381078466560000000e+11
4.570561904640000000e+11
-1.322316595200000000e+10
-2.651216281600000000e+10
-3.962705018880000000e+11
3.841409351680000000e+11
-1.910533324800000000e+11
-3.043783475200000000e+11
-1.833988423680000000e+11
5.547892736000000000e+10
-3.262287708160000000e+11
-1.346985164800000000e+11
2.567022837760000000e+11
1.449712025600000000e+10
-6.111579340800000000e+11
3.393189314560000000e+11
-3.905643315200000000e+10
2.243541565440000000e+11
2.805590425600000000e+10
2.455829708800000000e+11
-1.109528248320000000e+11
1.008691773440000000e+11
3.574910156800000000e+10
1.168455680000000000e+11
-2.535259832320000000e+11
5.383526809600000000e+11
-2.913459240960000000e+11
-1.204001996800000000e+10
-3.299131392000000000e+10
3.156616806400000000e+11
-1.634468659200000000e+10
2.821462753280000000e+11
-2.534128435200000000e+10
2.059739136000000000e+11
-1.680562094080000000e+11
-5.277988454400000000e+10
2.778122158080000000e+11
3.644879011840000000e+11
-3.495693189120000000e+11
9.196322816000000000e+09
2.195398983680000000e+11
-1.315862609920000000e+11
-3.239972864000000000e+10
-2.742799564800000000e+11
-3.814926909440000000e+11
-1.089111162880000000e+11
5.109845196800000000e+10
-7.859780321280000000e+11
-1.011554713600000000e+11
-3.464674672640000000e+11
1.575098368000000000e+10
9.130846617600000000e+10
-1.827969269760000000e+11
3.384252825600000000e+10
-1.087682068480000000e+11
5.945475727360000000e+11
7.970295808000000000e+10
4.027372666880000000e+11
-4.616570798080000000e+11
2.694262292480000000e+11
-2.994574458880000000e+11
-2.578535219200000000e+11
8.157275750400000000e+10
1.692908421120000000e+11
2.533567692800000000e+11
-4.883688980480000000e+11
5.439600230400000000e+10
3.738430341120000000e+11
3.387786526720000000e+11
-9.939959808000000000e+10
-1.119667159040000000e+11
-3.354137395200000000e+11
1.564234055680000000e+11
2.505695232000000000e+11
-1.533715087360000000e+11
-2.353273896960000000e+11
1.189847203840000000e+11
2.271777587200000000e+10
-1.637015552000000000e+09
-1.475477667840000000e+11
4.814441676800000000e+10
2.342332006400000000e+10
2.899203850240000000e+11
-3.270395166720000000e+11
-2.572462161920000000e+11
1.973529477120000000e+11
-2.528149504000000000e+10
6.686907187200000000e+10
4.892236840960000000e+11
-2.834904514560000000e+11
1.588065730560000000e+11
-1.084257894400000000e+11
4.312413306880000000e+11
7.433170124800000000e+10
-1.393342873600000000e+11
-3.209268428800000000e+10
3.025909841920000000e+11
-1.120696893440000000e+11
-1.038803189760000000e+11
1.800715632640000000e+11
3.468820480000000000e+10
-1.887840993280000000e+11
-3.905394442240000000e+11
-2.483660226560000000e+11
-3.625897164800000000e+11
1.710728151040000000e+11
1.970951618560000000e+11
-3.029239726080000000e+11
4.771217408000000000e+11
-4.211190169600000000e+10
1.671394754560000000e+11
-2.263237427200000000e+11
1.146696089600000000e+11
2.114608660480000000e+11
2.380842106880000000e+11
-3.161493504000000000e+10
-2.616744345600000000e+10
-6.644039680000000000e+11
-1.788981575680000000e+11
-4.977079910400000000e+10
-3.473856266240000000e+11
-9.714772377600000000e+10
-4.032171212800000000e+11
3.251496550400000000e+11
3.317972992000000000e+11
-3.088231956480000000e+11
-2.332816506880000000e+11
-2.330546667520000000e+11
2.547812106240000000e+11
-5.089376665600000000e+11
3.621359452160000000e+11
-2.913117798400000000e+10
9.120212582400000000e+10
1.472853442560000000e+11
6.252352307200000000e+10
4.941247283200000000e+10
3.255279943680000000e+11
1.754649886720000000e+11
9.454592819200000000e+10
-5.483087134720000000e+11
-1.505817231360000000e+11
1.737508618240000000e+11
-2.488674222080000000e+11
-1.449315205120000000e+11
-3.117185433600000000e+11
1.281778319360000000e+11
2.597238210560000000e+11
-1.191279165440000000e+11
-1.801368043520000000e+11
-2.911337185280000000e+11
1.024448266240000000e+11
1.813454192640000000e+11
-8.728745574400000000e+10
-4.773607178240000000e+11
-2.412364595200000000e+11
-4.267730534400000000e+11
-5.253057740800000000e+10
-3.791012495360000000e+11
-6.819676160000000000e+10
-3.703851581440000000e+11
-2.549482782720000000e+11
-5.800534343680000000e+11
-1.369708953600000000e+11
2.811298119680000000e+11
4.073072230400000000e+11
2.119407206400000000e+11
-1.511777402880000000e+11
2.309351014400000000e+11
6.046421483520000000e+11
6.216781004800000000e+10
2.061353123840000000e+11
8.482914304000000000e+09
-5.450285465600000000e+10
7.343456256000000000e+09
-1.532412395520000000e+11
2.857270640640000000e+11
-3.993691750400000000e+11
-2.416607559680000000e+11
1.377283112960000000e+11
3.273179791360000000e+11
7.501837762560000000e+11
-1.587732480000000000e+11
8.322252800000000000e+08
1.070956625920000000e+11
2.203170406400000000e+11
8.767225856000000000e+09
-4.212662272000000000e+10
1.005998899200000000e+11
-7.286321152000000000e+10
-1.481161441280000000e+11
-1.699285073920000000e+11
-3.727524495360000000e+11
-4.111991439360000000e+11
9.923575808000000000e+10
-3.435082547200000000e+11
-4.434375475200000000e+11
7.421742284800000000e+10
-3.352585175040000000e+11
3.060173701120000000e+11
1.245903011840000000e+11
-1.830519439360000000e+11
-2.174003609600000000e+11
9.100152012800000000e+10
1.821437132800000000e+11
1.498669056000000000e+09
-3.404216401920000000e+11
1.687402577920000000e+11
3.155322470400000000e+10
8.523151769600000000e+10
-4.696838144000000000e+10
4.803815669760000000e+11
1.565840506880000000e+11
-8.004578508800000000e+10
-1.832561049600000000e+11
2.061149798400000000e+10
-4.402905743360000000e+11
2.142154260480000000e+11
-3.340771983360000000e+11
-2.191363604480000000e+11
-2.373210931200000000e+11
8.518046515200000000e+10
-4.189798400000000000e+09
3.980728729600000000e+11
3.163163852800000000e+10
-3.338915676160000000e+11
3.853601996800000000e+10
-2.678410444800000000e+10
-9.646227456000000000e+10
2.264558141440000000e+11
1.759811174400000000e+11
6.813168435200000000e+11
-4.447396167680000000e+11
-6.161850368000000000e+09
1.673780592640000000e+11
1.660498739200000000e+10
1.103935651840000000e+11
2.907884748800000000e+10
-3.174507479040000000e+11
-5.116204154880000000e+11
-2.874911948800000000e+11
3.163434516480000000e+11
2.185553018880000000e+11
1.107125043200000000e+11
-7.060476395520000000e+11
4.643812147200000000e+10
3.912027340800000000e+10
-4.001398784000000000e+10
-4.429607731200000000e+10
5.982025154560000000e+11
-1.602987950080000000e+11
4.920167628800000000e+10
2.873896140800000000e+10
-4.685227212800000000e+10
-6.197415772160000000e+11
-4.439755980800000000e+11
1.725243392000000000e+11
-2.128760668160000000e+11
-2.680879022080000000e+11
-4.191778242560000000e+11
-5.286885785600000000e+10
2.425008291840000000e+11
7.385804800000000000e+10
7.281419059200000000e+10
-3.592484618240000000e+11
3.219368837120000000e+11
-1.115534786560000000e+11
5.443519774720000000e+11
2.270985584640000000e+11
-5.785559040000000000e+09
3.456459571200000000e+10
-6.742353510400000000e+10
4.081923522560000000e+11
-1.675862835200000000e+10
6.763668439040000000e+11
2.586200309760000000e+11
-5.766284574720000000e+11
4.286350622720000000e+11
6.309524275200000000e+10
1.120877117440000000e+11
-2.579860684800000000e+11
-1.987857776640000000e+11
-1.566209310720000000e+11
7.281673830400000000e+10
-1.907855196160000000e+11
3.112877260800000000e+10
-4.801341030400000000e+10
1.157792399360000000e+11
2.838191800320000000e+11
1.493911142400000000e+11
-1.402453196800000000e+11
2.687259443200000000e+11
-3.565713162240000000e+11
-2.315773214720000000e+11
-1.307115356160000000e+11
2.154529751040000000e+11
3.061835694080000000e+11
-1.366986260480000000e+11
3.868473425920000000e+11
6.643616972800000000e+10
5.947804876800000000e+10
3.183116288000000000e+09
-9.500966912000000000e+10
6.166481469440000000e+11
3.931965030400000000e+10
-1.005033799680000000e+11
2.254207385600000000e+11
-5.456117760000000000e+08
2.010931855360000000e+11
-2.988855296000000000e+09
-4.023339581440000000e+11
-1.061631262720000000e+11
-2.687810437120000000e+11
-1.317631918080000000e+11
3.094462464000000000e+11
-3.449817333760000000e+11
1.770545971200000000e+10
2.945461452800000000e+10
-8.191888588800000000e+10
-6.666341580800000000e+11
2.953637068800000000e+11
4.601700024320000000e+11
-3.074578841600000000e+11
1.502700503040000000e+11
-8.205318553600000000e+10
-4.117481881600000000e+10
1.235549552640000000e+11
-2.037607792640000000e+11
-9.230804582400000000e+10
-2.010342195200000000e+11
-3.330303262720000000e+11
1.581646315520000000e+11
-1.073427169280000000e+11
-6.816023347200000000e+10
1.868393676800000000e+11
-3.556155064320000000e+11
5.153417461760000000e+11
2.910401658880000000e+11
1.430033858560000000e+11
-1.414835732480000000e+11
-2.832692674560000000e+11
-4.829214146560000000e+11
2.024038072320000000e+11
-8.162510438400000000e+10
3.862297313280000000e+11
3.592388608000000000e+10
-1.287728824320000000e+11
-2.717937500160000000e+11
-2.159932211200000000e+10
-6.625890304000000000e+10
-1.828581703680000000e+11
2.258220974080000000e+11
2.821926420480000000e+11
-1.441731379200000000e+11
7.079820492800000000e+10
-3.107637821440000000e+11
9.187178905600000000e+10
-3.983283322880000000e+11
2.442908794880000000e+11
1.515791482880000000e+11
-3.654753976320000000e+11
1.722069811200000000e+10
-5.067686215680000000e+11
-1.959862108160000000e+11
-3.343762391040000000e+11
-1.416742666240000000e+11
1.781879767040000000e+11
-3.365497733120000000e+11
-2.667284561920000000e+11
3.652253122560000000e+11
2.052541480960000000e+11
-1.329406935040000000e+11
1.877957836800000000e+10
6.054979174400000000e+10
2.314102046720000000e+11
-1.823399936000000000e+11
2.229501296640000000e+11
7.298170880000000000e+08
-2.128260956160000000e+11
-2.687380357120000000e+11
-5.670208716800000000e+10
-2.894373847040000000e+11
1.988904714240000000e+11
-1.471473909760000000e+11
3.263566315520000000e+11
-2.870183854080000000e+11
2.991234662400000000e+10
7.576292556800000000e+10
4.341053194240000000e+11
-3.361801175040000000e+11
3.927009525760000000e+11
2.876744990720000000e+11
1.664474972160000000e+11
4.325781995520000000e+11
1.301056061440000000e+11
-1.927991296000000000e+11
-1.989062656000000000e+11
-1.904846766080000000e+11
3.074256732160000000e+11
3.647688212480000000e+11
1.380020224000000000e+11
1.732900618240000000e+11
-2.965743206400000000e+11
-1.621046394880000000e+11
-3.280059760640000000e+11
-2.528684113920000000e+11
6.069042544640000000e+11
3.614180638720000000e+11
1.878496378880000000e+11
-1.689677332480000000e+11
3.177741352960000000e+11
4.176541450240000000e+11
-2.601669754880000000e+11
-3.379972014080000000e+11
1.285850316800000000e+11
-5.168083107840000000e+11
7.852441600000000000e+10
2.146141962240000000e+11
5.982880972800000000e+10
8.565833728000000000e+10
-3.180235325440000000e+11
5.199170437120000000e+11
-3.838771855360000000e+11
-1.871520153600000000e+10
2.695917404160000000e+11
-9.783935795200000000e+10
2.774320742400000000e+11
-2.607916974080000000e+11
-1.667584163840000000e+11
2.862013480960000000e+11
-8.295875379200000000e+10
-8.746233856000000000e+10
2.260808826880000000e+11
-1.436603678720000000e+11
-1.735196016640000000e+11
-2.901120122880000000e+11
-3.793634099200000000e+10
-3.420343500800000000e+11
2.293026160640000000e+11
-1.499146321920000000e+11
7.809839104000000000e+09
-1.555914424320000000e+11
-2.793335029760000000e+11
8.885736243200000000e+10
-2.494267392000000000e+11
3.987368837120000000e+11
-2.062363688960000000e+11
-1.159519272960000000e+11
4.750582988800000000e+10
4.367541207040000000e+11
3.017493299200000000e+10
-5.481389670400000000e+10
-7.576582553600000000e+10
3.485194649600000000e+11
-1.386449797120000000e+11
-1.526173532160000000e+11
-2.662694748160000000e+11
1.880328437760000000e+11
7.617377075200000000e+10
-1.321678192640000000e+11
1.413729976320000000e+11
-2.192147742720000000e+11
-7.675217510400000000e+10
2.346225827840000000e+11
1.212028928000000000e+11
-2.750736957440000000e+11
1.701609472000000000e+11
-5.227116953600000000e+11
1.394721751040000000e+11
-1.390076231680000000e+11
1.136128737280000000e+11
1.895197245440000000e+11
-8.432551526400000000e+10
3.007447695360000000e+11
4.797420011520000000e+11
3.423611781120000000e+11
7.610908672000000000e+09
1.765553766400000000e+11
4.478558535680000000e+11
6.524175974400000000e+10
-1.223436042240000000e+11
-4.290463662080000000e+11
2.414241054720000000e+11
-1.144432558080000000e+11
2.539971215360000000e+11
-4.619133911040000000e+11
-5.441614643200000000e+11
2.511756984320000000e+11
1.598682726400000000e+11
2.800899850240000000e+11
-3.008793149440000000e+11
1.176962990080000000e+11
-2.791037009920000000e+11
3.499300618240000000e+11
-4.169675243520000000e+11
8.612240588800000000e+10
-4.373106688000000000e+09
1.770643292160000000e+11
-2.395152711680000000e+11
-6.693718589440000000e+11
-5.866513367040000000e+11
4.426992189440000000e+11
-2.157103185920000000e+11
-4.908488458240000000e+11
-8.128901120000000000e+10
-1.624473272320000000e+11
-4.221455564800000000e+10
6.002944819200000000e+10
3.972522639360000000e+11
-2.949544017920000000e+11
-1.561092915200000000e+11
-2.930401280000000000e+11
4.597966766080000000e+11
-1.600808550400000000e+10
-5.052608512000000000e+10
-1.227095408640000000e+11
2.609702174720000000e+11
-6.998098739200000000e+10
-3.350871408640000000e+11
3.131998535680000000e+11
7.515013120000000000e+08
3.010383052800000000e+11
1.612721192960000000e+11
2.332341862400000000e+11
-4.401868308480000000e+11
7.417038438400000000e+10
-4.806175293440000000e+11
1.696731136000000000e+11
9.947815936000000000e+10
3.839730073600000000e+10
1.261075251200000000e+11
-2.576345333760000000e+11
1.575935836160000000e+11
-2.889051340800000000e+10
2.694678937600000000e+11
4.314958397440000000e+11
-6.888613478400000000e+10
1.483885772800000000e+10
1.549467648000000000e+10
-4.601256017920000000e+11
5.047659397120000000e+11
-3.861683568640000000e+11
-5.302588866560000000e+11
5.921219543040000000e+11
5.497327779840000000e+11
-3.984411525120000000e+11
1.693072588800000000e+10
-6.252109824000000000e+09
1.329548738560000000e+11
4.790220881920000000e+11
2.485524889600000000e+10
-1.752550604800000000e+11
1.866755276800000000e+11
-1.099984896000000000e+11
9.521776230400000000e+10
1.076326809600000000e+11
2.555142307840000000e+11
-2.735812444160000000e+11
-5.111989862400000000e+10
2.139048509440000000e+11
-2.461818552320000000e+11
-5.329282662400000000e+10
4.984725831680000000e+11
2.608068689920000000e+11
-1.900327731200000000e+11
5.729401569280000000e+11
-6.852846387200000000e+10
-1.740159385600000000e+10
-3.905994752000000000e+09
2.709879193600000000e+10
-2.035117424640000000e+11
2.413184286720000000e+11
1.342624235520000000e+11
6.152317173760000000e+11
-1.325172981760000000e+11
7.287778508800000000e+10
7.002537984000000000e+10
-2.205302620160000000e+11
1.368899420160000000e+11
3.959989862400000000e+11
-6.258141429760000000e+11
8.602407731200000000e+10
2.032284958720000000e+11
2.678537256960000000e+11
-1.163868569600000000e+10
-2.295386275840000000e+11
3.504029040640000000e+11
-5.196889128960000000e+11
-1.393779507200000000e+11
1.501367336960000000e+11
1.674766417920000000e+11
-3.169897267200000000e+10
2.472799764480000000e+11
-5.702857523200000000e+10
-4.043712102400000000e+11
-3.407090483200000000e+11
-2.237516021760000000e+11
3.225625886720000000e+11
1.721489162240000000e+11
2.201793167360000000e+11
-4.120292884480000000e+11
3.136605388800000000e+11
-1.871445524480000000e+11
-3.723911168000000000e+09
5.013401600000000000e+10
1.161732587520000000e+11
2.416171581440000000e+11
-3.608005836800000000e+10
4.779008983040000000e+11
-1.096714485760000000e+11
5.550311014400000000e+10
2.085938790400000000e+11
-1.808404480000000000e+11
-1.525752463360000000e+11
3.346837012480000000e+11
5.996364431360000000e+11
-4.118200320000000000e+10
-6.752223232000000000e+10
-3.141263687680000000e+11
-1.565691084800000000e+11
-5.403467776000000000e+09
2.380639436800000000e+11
1.881452216320000000e+11
2.140079718400000000e+10
1.106836848640000000e+11
-2.333740236800000000e+10
1.364733870080000000e+11
-5.204211793920000000e+11
-1.209396428800000000e+11
9.642619699200000000e+10
-1.194129326080000000e+11
-1.218895953920000000e+11
-2.771673907200000000e+10
-3.762329190400000000e+10
1.062093209600000000e+11
2.223371550720000000e+11
1.950963302400000000e+11
1.034196090880000000e+11
-3.207581204480000000e+11
1.495446650880000000e+11
4.498659082240000000e+11
3.269856133120000000e+11
8.614107545600000000e+10
2.088595046400000000e+10
-3.328911605760000000e+11
2.379720294400000000e+11
6.418922291200000000e+10
1.487132426240000000e+11
3.611568373760000000e+11
1.850733363200000000e+11
4.726014607360000000e+11
1.846619340800000000e+11
-4.037450137600000000e+10
4.202862346240000000e+11
-1.322570055680000000e+11
2.196541276160000000e+11
5.277121904640000000e+11
3.571109724160000000e+11
-3.034598604800000000e+11
2.026574151680000000e+11
-5.797605539840000000e+11
-3.616055296000000000e+09
-1.013361541120000000e+11
-1.573272125440000000e+11
-3.302272204800000000e+11
8.051802112000000000e+09
-5.320787558400000000e+11
6.756207165440000000e+11
-7.509877555200000000e+10
-1.854845747200000000e+10
-4.074437427200000000e+10
-4.483604480000000000e+11
7.468458803200000000e+10
-2.804197294080000000e+11
-4.319750389760000000e+11
1.033715384320000000e+11
-1.091464724480000000e+11
-1.893831966720000000e+11
-7.445008384000000000e+10
7.051799429120000000e+11
-3.869502668800000000e+10
5.021831987200000000e+10
-4.061896704000000000e+09
5.632452198400000000e+10
6.843152793600000000e+10
-5.132047564800000000e+10
-2.420716666880000000e+11
2.109422960640000000e+11
1.855358566400000000e+11
-2.175420006400000000e+11
-2.256435609600000000e+11
1.213594255360000000e+11
3.762499747840000000e+11
3.537827266560000000e+11
4.012950814720000000e+11
4.831141888000000000e+10
-3.628111298560000000e+11
2.396635136000000000e+10
-7.032032460800000000e+10
-2.481834721280000000e+11
-2.721818869760000000e+11
1.326659993600000000e+11
1.665265500160000000e+11
2.843484160000000000e+11
-4.670962728960000000e+11
-6.058624942080000000e+11
2.539008819200000000e+10
-2.157636812800000000e+10
2.439376404480000000e+11
-4.717063045120000000e+11
-2.731218370560000000e+11
-1.845736079360000000e+11
3.587002531840000000e+11
1.494938255360000000e+11
2.909256744960000000e+11
1.737318236160000000e+11
-1.186143354880000000e+11
4.583203471360000000e+11
-2.656542720000000000e+09
3.615826903040000000e+11
-1.029547622400000000e+10
1.263600844800000000e+11
-5.017751388160000000e+11
3.579791933440000000e+11
1.472394690560000000e+11
1.529858129920000000e+11
-4.985688883200000000e+11
-6.965541273600000000e+10
2.944620134400000000e+10
2.083967139840000000e+11
-2.162518261760000000e+11
-1.038127431680000000e+11
-5.760822804480000000e+11
-1.006555299840000000e+11
9.728706150400000000e+10
-2.116203970560000000e+11
-2.375056424960000000e+11
3.617079951360000000e+11
2.455582638080000000e+11
-3.014639616000000000e+11
6.538766745600000000e+10
-2.557082009600000000e+11
5.224164556800000000e+10
6.321926307840000000e+11
-1.147135590400000000e+11
-1.906348195840000000e+11
-2.993299128320000000e+11
3.334327500800000000e+11
3.290023526400000000e+11
-4.513226752000000000e+11
1.900799754240000000e+11
-4.322356428800000000e+11
-2.110610309120000000e+11
8.954490060800000000e+10
-4.217053184000000000e+09
-2.475567513600000000e+11
1.714598543360000000e+11
-2.677507686400000000e+11
-2.982274662400000000e+10
7.889856102400000000e+10
5.552026419200000000e+11
-2.481330913280000000e+11
2.573770096640000000e+11
-7.170032926720000000e+11
2.127874621440000000e+11
-3.785931489280000000e+11
1.160690073600000000e+11
-5.377650688000000000e+09
1.753772851200000000e+11
-1.160631091200000000e+11
1.563950448640000000e+11
8.880501555200000000e+10
-2.365343989760000000e+11
5.487441674240000000e+11
-3.887500165120000000e+11
-1.529663324160000000e+11
-4.302053703680000000e+11
-1.110085304320000000e+11
5.349145968640000000e+11
-1.847602380800000000e+11
-3.950251540480000000e+11
-1.747887718400000000e+10
7.786033971200000000e+10
-9.235710771200000000e+10
-3.229986652160000000e+11
-2.398059888640000000e+11
4.143416606720000000e+11
2.924852019200000000e+11
-7.256550604800000000e+10
-1.097661890560000000e+11
-1.675506810880000000e+11
-6.966788096000000000e+10
-3.121930567680000000e+11
-2.603934351360000000e+11
1.203249479680000000e+11
2.734934753280000000e+11
-3.158749347840000000e+11
2.254802124800000000e+11
-6.675928186880000000e+11
3.711533056000000000e+11
-1.728368148480000000e+11
-2.366849515520000000e+11
-3.539171409920000000e+11
-2.738855936000000000e+11
-1.565595893760000000e+11
3.236929536000000000e+11
4.541290905600000000e+10
4.995794206720000000e+11
1.764053155840000000e+11
-3.692341166080000000e+11
4.666377502720000000e+11
-9.527459840000000000e+09
4.475413135360000000e+11
-1.010250547200000000e+11
2.734197800960000000e+11
4.186198835200000000e+11
3.179259494400000000e+10
-1.256328232960000000e+11
2.158296432640000000e+11
3.565487063040000000e+11
-4.923907768320000000e+11
1.438982635520000000e+11
2.606081638400000000e+11
-6.436731289600000000e+10
3.162334822400000000e+11
-2.348116541440000000e+11
2.100679966720000000e+11
1.625150914560000000e+11
8.266668441600000000e+10
-3.350071214080000000e+11
-1.824353976320000000e+11
-2.440820981760000000e+11
-4.429268582400000000e+10
3.091916718080000000e+11
4.755659816960000000e+11
-1.064891187200000000e+10
-2.487493099520000000e+11
-1.851655782400000000e+11
-1.547288903680000000e+11
-3.800032870400000000e+11
-1.671624458240000000e+11
7.339345510400000000e+10
3.249239490560000000e+11
-3.569942528000000000e+11
6.894238433280000000e+11
-2.009769574400000000e+11
-9.474896691200000000e+10
-1.848880005120000000e+11
5.859049472000000000e+10
3.335667384320000000e+11
-1.134407516160000000e+11
-8.265681469440000000e+11
6.273150976000000000e+10
-6.601949184000000000e+11
-3.213434880000000000e+10
7.133878681600000000e+10
-5.449674915840000000e+11
1.676810485760000000e+11
1.077103165440000000e+11
1.709815889920000000e+11
1.719405608960000000e+11
-2.437634785280000000e+11
-3.662391541760000000e+11
-3.337416867840000000e+11
3.022328954880000000e+11
-4.632457379840000000e+11
6.508140298240000000e+11
2.739023544320000000e+11
-8.115010764800000000e+10
-5.206335815680000000e+11
3.298764390400000000e+10
1.347358801920000000e+11
-2.442313728000000000e+11
3.157979136000000000e+10
2.882743500800000000e+10
-3.680130170880000000e+11
-1.096853291008000000e+12
-3.322070630400000000e+11
2.897927208960000000e+11
-1.012853555200000000e+11
4.290220441600000000e+10
-1.395620085760000000e+11
3.223840030720000000e+11
2.335348654080000000e+11
4.262927564800000000e+10
-2.192456089600000000e+11
-5.461016576000000000e+11
-1.719711825920000000e+11
-2.075385036800000000e+11
-1.236687503360000000e+11
-1.811689963520000000e+11
5.479723827200000000e+10
-1.188387225600000000e+10
4.682918133760000000e+11
-1.006346240000000000e+11
1.056661176320000000e+11
-2.236201533440000000e+11
-2.578951577600000000e+10
3.998025318400000000e+10
3.749924044800000000e+11
2.558344232960000000e+11
2.439944929280000000e+11
-6.359996170240000000e+11
-5.038977843200000000e+10
-3.466782310400000000e+11
5.595350630400000000e+10
4.977362124800000000e+10
-3.621009162240000000e+11
2.513197056000000000e+10
-2.703781068800000000e+10
1.073663836160000000e+11
9.593287475200000000e+10
2.741231616000000000e+10
-3.331632332800000000e+11
-1.872946790400000000e+10
-3.515139031040000000e+11
5.259515658240000000e+11
-3.568124887040000000e+11
1.488528506880000000e+11
7.321588203520000000e+11
-1.512160952320000000e+11
-5.360607232000000000e+10
9.848825446400000000e+10
-1.314819850240000000e+11
-3.168133120000000000e+10
3.277883637760000000e+11
2.475524915200000000e+11
-2.150423592960000000e+11
6.283032002560000000e+11
-1.091157852160000000e+11
5.718244720640000000e+11
-3.108747673600000000e+11
3.810163097600000000e+11
-2.079744614400000000e+10
1.285417205760000000e+11
2.977356185600000000e+11
-2.002263244800000000e+11
2.624194478080000000e+11
1.462951936000000000e+11
-2.345472327680000000e+11
-2.511122759680000000e+11
3.597341491200000000e+11
-1.844819230720000000e+11
-2.175884328960000000e+11
4.560301588480000000e+11
-1.172405370880000000e+11
1.818020085760000000e+11
1.148762521600000000e+11
-7.225281740800000000e+10
4.945489100800000000e+11
2.272864174080000000e+11
1.868436275200000000e+11
-5.734833356800000000e+10
-1.805735854080000000e+11
1.108611072000000000e+10
1.009832427520000000e+11
-3.015860224000000000e+11
-3.200419758080000000e+11
3.523200286720000000e+11
5.041556684800000000e+10
6.398716805120000000e+11
3.561534668800000000e+10
3.808541736960000000e+11
6.489524142080000000e+11
2.202357268480000000e+11
-1.780014448640000000e+11
-2.059903303680000000e+11
-8.665896550400000000e+10
3.047101562880000000e+11
3.416222515200000000e+10
-2.810097172480000000e+11
8.785728307200000000e+10
7.715448422400000000e+10
2.910026956800000000e+10
