1.491091128320000000e+11
-7.793083187200000000e+10
3.909971148800000000e+10
1.832206663680000000e+11
-4.135961231360000000e+11
-1.972726661120000000e+11
2.986101309440000000e+11
2.964398735360000000e+11
-3.199128698880000000e+11
3.637749760000000000e+10
-3.698501877760000000e+11
2.709405696000000000e+10
-2.427996569600000000e+11
-1.342912593920000000e+11
4.151311073280000000e+11
-4.195697950720000000e+11
1.183641518080000000e+11
-4.133249351680000000e+11
-7.033984614400000000e+10
1.076786790400000000e+11
1.992029962240000000e+11
-3.615644712960000000e+11
-1.238955622400000000e+11
8.868012032000000000e+09
1.554997739520000000e+11
-3.684288430080000000e+11
1.615616081920000000e+11
1.432419696640000000e+11
4.549068062720000000e+11
-1.084570009600000000e+10
-4.994754150400000000e+10
-4.041387540480000000e+11
4.135681392640000000e+11
-1.874405130240000000e+11
-3.170914140160000000e+11
-1.650339020800000000e+11
6.416578969600000000e+10
-3.315754598400000000e+11
-1.408195133440000000e+11
2.567705067520000000e+11
1.231647539200000000e+10
-6.252264161280000000e+11
3.591912816640000000e+11
-6.244982784000000000e+09
2.115987210240000000e+11
1.993125068800000000e+10
2.616482365440000000e+11
-1.162229841920000000e+11
9.603769139200000000e+10
-5.319274496000000000e+09
1.263613132800000000e+11
-2.702939914240000000e+11
5.493345812480000000e+11
-2.997949562880000000e+11
-5.097316352000000000e+09
-4.930387968000000000e+09
3.367136133120000000e+11
-3.052127846400000000e+10
3.138571141120000000e+11
-4.349610803200000000e+10
2.339671900160000000e+11
-1.856794787840000000e+11
-8.105187737600000000e+10
3.051364024320000000e+11
3.696875601920000000e+11
-3.724790333440000000e+11
-1.561067520000000000e+08
2.512279306240000000e+11
-1.334790062080000000e+11
-4.354836070400000000e+10
-2.923968921600000000e+11
-4.061519216640000000e+11
-1.165740441600000000e+11
6.619178598400000000e+10
-8.171497717760000000e+11
-1.041456988160000000e+11
-3.529550725120000000e+11
-1.289281536000000000e+09
7.768557158400000000e+10
-2.014196531200000000e+11
3.498934272000000000e+10
-1.137630003200000000e+11
6.232866816000000000e+11
8.370783027200000000e+10
4.131371089920000000e+11
-4.779823595520000000e+11
2.668888719360000000e+11
-2.884788551680000000e+11
-2.845904404480000000e+11
7.672289689600000000e+10
1.950816010240000000e+11
2.556724183040000000e+11
-4.981251440640000000e+11
5.742302003200000000e+10
3.775035801600000000e+11
3.430101811200000000e+11
-1.349156864000000000e+11
-1.103972925440000000e+11
-3.460633067520000000e+11
1.541137367040000000e+11
2.400483246080000000e+11
-1.693193338880000000e+11
-2.568366653440000000e+11
1.078684712960000000e+11
8.673656832000000000e+09
-2.435489792000000000e+09
-1.625935052800000000e+11
6.528720076800000000e+10
1.067532288000000000e+10
2.997298135040000000e+11
-3.644607037440000000e+11
-2.629346426880000000e+11
2.014784552960000000e+11
-3.467293491200000000e+10
5.698635776000000000e+10
4.740544266240000000e+11
-2.882806415360000000e+11
1.682719047680000000e+11
-1.003567022080000000e+11
4.428350750720000000e+11
6.758327910400000000e+10
-1.576828928000000000e+11
-3.283506790400000000e+10
3.284366131200000000e+11
-1.057921105920000000e+11
-1.097453486080000000e+11
1.915329904640000000e+11
4.342601318400000000e+10
-2.216587591680000000e+11
-4.150942105600000000e+11
-2.569631498240000000e+11
-4.076913950720000000e+11
1.883220377600000000e+11
2.118221332480000000e+11
-3.402637639680000000e+11
4.920881315840000000e+11
-3.104930201600000000e+10
1.814072197120000000e+11
-2.192067461120000000e+11
1.240484413440000000e+11
2.224987668480000000e+11
2.473704488960000000e+11
-3.912626995200000000e+10
-1.426015027200000000e+10
-6.984421867520000000e+11
-1.685696184320000000e+11
-6.833265049600000000e+10
-3.438074265600000000e+11
-1.201873223680000000e+11
-4.635795783680000000e+11
3.583929876480000000e+11
3.155062947840000000e+11
-3.064028856320000000e+11
-2.635259740160000000e+11
-2.463081103360000000e+11
2.566173982720000000e+11
-5.333088665600000000e+11
3.902984683520000000e+11
-2.744901632000000000e+10
1.110953492480000000e+11
1.615681945600000000e+11
8.823914496000000000e+10
4.711876198400000000e+10
3.524223303680000000e+11
1.885761372160000000e+11
9.374013849600000000e+10
-5.760066519040000000e+11
-1.637352079360000000e+11
1.740576358400000000e+11
-2.296265441280000000e+11
-1.489676042240000000e+11
-3.182978990080000000e+11
1.280291880960000000e+11
2.861389250560000000e+11
-1.445280972800000000e+11
-1.828889231360000000e+11
-3.033979289600000000e+11
8.669220044800000000e+10
1.834219929600000000e+11
-9.003799347200000000e+10
-4.930506588160000000e+11
-2.465672069120000000e+11
-4.573349806080000000e+11
-5.624171724800000000e+10
-3.981341163520000000e+11
-8.075848089600000000e+10
-4.026284113920000000e+11
-2.793109258240000000e+11
-6.036028784640000000e+11
-1.571412705280000000e+11
2.940849356800000000e+11
4.299194368000000000e+11
2.428644065280000000e+11
-1.550832762880000000e+11
2.583054417920000000e+11
6.167412080640000000e+11
6.272652083200000000e+10
2.222823014400000000e+11
-9.205710848000000000e+09
-5.598149427200000000e+10
8.889278464000000000e+09
-1.820314992640000000e+11
3.083284643840000000e+11
-3.863148298240000000e+11
-2.324002078720000000e+11
1.413679349760000000e+11
3.435567513600000000e+11
7.901450076160000000e+11
-1.712448798720000000e+11
7.726243840000000000e+09
1.126196674560000000e+11
2.831044444160000000e+11
2.586400358400000000e+10
-5.156294656000000000e+10
1.105908449280000000e+11
-8.805937971200000000e+10
-1.546210836480000000e+11
-1.719062364160000000e+11
-3.833155420160000000e+11
-4.364518031360000000e+11
9.502970675200000000e+10
-3.400798044160000000e+11
-4.765986979840000000e+11
7.465048473600000000e+10
-3.688668856320000000e+11
2.945930690560000000e+11
1.318413598720000000e+11
-1.874174607360000000e+11
-2.106826915840000000e+11
1.154305556480000000e+11
1.775905832960000000e+11
1.019105280000000000e+10
-3.510352609280000000e+11
1.737230417920000000e+11
-1.676761497600000000e+10
9.514791731200000000e+10
-5.706754867200000000e+10
5.097346826240000000e+11
1.458432081920000000e+11
-7.353920716800000000e+10
-1.781539143680000000e+11
6.891651072000000000e+09
-4.441877708800000000e+11
2.364563456000000000e+11
-3.157122416640000000e+11
-2.264896962560000000e+11
-2.468785029120000000e+11
9.544305049600000000e+10
1.515264409600000000e+10
4.080373923840000000e+11
9.650913280000000000e+09
-3.608585830400000000e+11
7.737327616000000000e+09
-3.279663923200000000e+10
-9.632800768000000000e+10
2.417746903040000000e+11
1.819947335680000000e+11
7.218931957760000000e+11
-4.525795246080000000e+11
9.013248000000000000e+08
1.882020577280000000e+11
1.741520076800000000e+10
1.154697953280000000e+11
1.958661324800000000e+10
-3.370579394560000000e+11
-5.444689264640000000e+11
-2.954497884160000000e+11
3.430214533120000000e+11
2.622970920960000000e+11
1.020702965760000000e+11
-7.450572881920000000e+11
3.990758195200000000e+10
3.837358899200000000e+10
-2.975501516800000000e+10
-3.469108838400000000e+10
6.413961789440000000e+11
-1.733387878400000000e+11
5.594492108800000000e+10
6.280095334400000000e+10
-5.771735859200000000e+10
-6.439482163200000000e+11
-4.753425694720000000e+11
2.045744906240000000e+11
-2.266447380480000000e+11
-3.007771443200000000e+11
-4.130019082240000000e+11
-6.360316313600000000e+10
2.342722928640000000e+11
6.210637004800000000e+10
7.501996032000000000e+10
-3.781446205440000000e+11
3.249179525120000000e+11
-1.119082086400000000e+11
6.148137943040000000e+11
2.140108718080000000e+11
5.032427520000000000e+08
5.736606924800000000e+10
-7.218420940800000000e+10
4.394610524160000000e+11
-1.904833331200000000e+10
7.278953103360000000e+11
2.688668139520000000e+11
-5.957475368960000000e+11
4.488904704000000000e+11
6.915940352000000000e+10
1.317951733760000000e+11
-2.669716275200000000e+11
-1.832050688000000000e+11
-1.561748111360000000e+11
8.834003763200000000e+10
-1.864639610880000000e+11
3.715867443200000000e+10
-6.153535488000000000e+10
1.289865789440000000e+11
2.627934617600000000e+11
1.552399237120000000e+11
-1.733551063040000000e+11
2.671889612800000000e+11
-3.461893980160000000e+11
-2.700119244800000000e+11
-1.387705958400000000e+11
2.254663188480000000e+11
3.263032852480000000e+11
-1.251036037120000000e+11
4.176840622080000000e+11
5.328793600000000000e+10
3.583703449600000000e+10
1.930937958400000000e+10
-9.715472793600000000e+10
6.328284610560000000e+11
3.846933708800000000e+10
-1.041112432640000000e+11
2.331136819200000000e+11
-2.322705612800000000e+10
1.858446458880000000e+11
-1.077968896000000000e+10
-4.070434406400000000e+11
-1.161665249280000000e+11
-2.711025090560000000e+11
-1.314264432640000000e+11
3.285378990080000000e+11
-3.496382955520000000e+11
2.732968345600000000e+10
-4.572643328000000000e+09
-9.380295475200000000e+10
-7.199233802240000000e+11
3.017471754240000000e+11
4.821294776320000000e+11
-3.141522882560000000e+11
1.431369154560000000e+11
-7.216963584000000000e+10
-3.261791846400000000e+10
7.663827353600000000e+10
-2.271839027200000000e+11
-1.055760711680000000e+11
-1.952384614400000000e+11
-3.669394391040000000e+11
1.527568138240000000e+11
-1.458079662080000000e+11
-3.105272627200000000e+10
1.924058152960000000e+11
-3.735211868160000000e+11
5.687768514560000000e+11
3.040558120960000000e+11
1.446922813440000000e+11
-1.383904051200000000e+11
-2.925594542080000000e+11
-5.189732270080000000e+11
2.054932398080000000e+11
-7.886964326400000000e+10
3.975044464640000000e+11
4.376248320000000000e+10
-1.419202068480000000e+11
-2.701503528960000000e+11
-4.129484800000000000e+10
-5.940176896000000000e+10
-2.113225195520000000e+11
2.394910720000000000e+11
3.094624337920000000e+11
-1.400957829120000000e+11
8.364636569600000000e+10
-3.408938926080000000e+11
9.406249369600000000e+10
-4.054783426560000000e+11
2.501007605760000000e+11
1.545809756160000000e+11
-4.053204992000000000e+11
2.132390707200000000e+10
-5.237921546240000000e+11
-2.110571315200000000e+11
-3.496370831360000000e+11
-1.652544307200000000e+11
1.738164469760000000e+11
-3.946805985280000000e+11
-2.705797939200000000e+11
3.647914311680000000e+11
2.185076736000000000e+11
-1.383399096320000000e+11
1.696891699200000000e+10
7.133537894400000000e+10
2.251072307200000000e+11
-2.001185341440000000e+11
2.148122296320000000e+11
1.471850905600000000e+10
-2.236142387200000000e+11
-3.184607887360000000e+11
-7.559733248000000000e+10
-2.930513018880000000e+11
1.952039567360000000e+11
-1.654094561280000000e+11
3.350781296640000000e+11
-2.995316654080000000e+11
2.251295129600000000e+10
6.966788096000000000e+10
4.496877813760000000e+11
-3.390031790080000000e+11
3.977525657600000000e+11
2.900993310720000000e+11
1.642523688960000000e+11
4.373823488000000000e+11
1.390418657280000000e+11
-2.073801523200000000e+11
-2.376384512000000000e+11
-2.065937203200000000e+11
3.151498117120000000e+11
3.851638538240000000e+11
1.252891607040000000e+11
1.927778304000000000e+11
-2.939925626880000000e+11
-1.783408885760000000e+11
-3.168126238720000000e+11
-2.477317980160000000e+11
6.401502740480000000e+11
3.825183948800000000e+11
1.902570209280000000e+11
-1.723267153920000000e+11
3.493206753280000000e+11
4.048686612480000000e+11
-2.545224908800000000e+11
-3.669957017600000000e+11
1.444351508480000000e+11
-5.135087042560000000e+11
1.139260129280000000e+11
2.348540887040000000e+11
7.468399001600000000e+10
9.921124761600000000e+10
-3.231470387200000000e+11
5.357682360320000000e+11
-4.135077150720000000e+11
-2.798869708800000000e+10
2.615522590720000000e+11
-1.095196835840000000e+11
3.052619366400000000e+11
-2.575698821120000000e+11
-1.701135319040000000e+11
3.318971760640000000e+11
-1.153725399040000000e+11
-1.005230325760000000e+11
2.455722393600000000e+11
-1.510564167680000000e+11
-1.688319426560000000e+11
-3.144188887040000000e+11
-3.053607321600000000e+10
-3.579812904960000000e+11
2.329857556480000000e+11
-1.610740203520000000e+11
-1.080482201600000000e+10
-1.694263050240000000e+11
-2.891852349440000000e+11
1.125530419200000000e+11
-2.548231700480000000e+11
4.075481989120000000e+11
-2.346331013120000000e+11
-1.309794304000000000e+11
7.148826624000000000e+10
4.468505968640000000e+11
1.925210931200000000e+10
-4.035280486400000000e+10
-5.704765440000000000e+10
3.627457249280000000e+11
-1.442886451200000000e+11
-1.211590574080000000e+11
-3.151015116800000000e+11
2.158770913280000000e+11
8.407462707200000000e+10
-1.607970324480000000e+11
1.441008844800000000e+11
-2.405323243520000000e+11
-7.296360448000000000e+10
2.371124920320000000e+11
1.459202949120000000e+11
-3.024976609280000000e+11
1.851194572800000000e+11
-5.559279943680000000e+11
1.255256227840000000e+11
-1.344698122240000000e+11
1.137664819200000000e+11
2.088698511360000000e+11
-7.809574502400000000e+10
2.852526489600000000e+11
5.126319636480000000e+11
3.505038295040000000e+11
-4.365966540800000000e+10
1.748748042240000000e+11
4.562311577600000000e+11
4.867944448000000000e+10
-1.285036032000000000e+11
-4.618146283520000000e+11
2.547427573760000000e+11
-1.143779819520000000e+11
2.382095482880000000e+11
-4.921768017920000000e+11
-5.583559065600000000e+11
2.539970232320000000e+11
1.629877534720000000e+11
2.725379440640000000e+11
-3.116359024640000000e+11
1.350586286080000000e+11
-2.879005327360000000e+11
3.837780951040000000e+11
-4.294466928640000000e+11
1.144878202880000000e+11
-2.956470681600000000e+10
1.671490437120000000e+11
-2.603965153280000000e+11
-7.053445038080000000e+11
-5.908457062400000000e+11
5.076107919360000000e+11
-2.184477081600000000e+11
-5.272802099200000000e+11
-8.951772774400000000e+10
-2.017817231360000000e+11
-3.907799449600000000e+10
6.639693414400000000e+10
4.435803504640000000e+11
-3.130933903360000000e+11
-1.736498053120000000e+11
-3.176447672320000000e+11
4.718178795520000000e+11
-2.663084851200000000e+10
-3.935261491200000000e+10
-1.404299509760000000e+11
2.736927866880000000e+11
-7.218943590400000000e+10
-3.627652874240000000e+11
3.447266344960000000e+11
1.397066956800000000e+10
3.110098698240000000e+11
1.661426892800000000e+11
2.657992867840000000e+11
-4.668156805120000000e+11
7.129197772800000000e+10
-4.763931115520000000e+11
1.796515430400000000e+11
1.113570508800000000e+11
3.333270732800000000e+10
1.552962682880000000e+11
-2.718874501120000000e+11
1.581730365440000000e+11
-1.388700467200000000e+10
2.640126607360000000e+11
4.139447418880000000e+11
-6.043295744000000000e+10
1.917621043200000000e+10
2.452173619200000000e+10
-4.977973002240000000e+11
5.219932241920000000e+11
-4.438839787520000000e+11
-5.237351055360000000e+11
5.916510781440000000e+11
5.489244241920000000e+11
-4.260160143360000000e+11
-6.792478720000000000e+08
-7.779213312000000000e+09
1.351993835520000000e+11
4.941631651840000000e+11
1.493244313600000000e+10
-1.881030328320000000e+11
1.771884707840000000e+11
-1.165754122240000000e+11
1.329637785600000000e+11
1.367635230720000000e+11
2.620921610240000000e+11
-2.689380679680000000e+11
-3.938793881600000000e+10
2.162540871680000000e+11
-2.875705262080000000e+11
-4.821938995200000000e+10
5.174140600320000000e+11
2.756385177600000000e+11
-2.034227118080000000e+11
6.000231055360000000e+11
-7.170781184000000000e+10
-2.791294566400000000e+10
7.332782080000000000e+09
3.178981785600000000e+10
-2.036292812800000000e+11
2.489508823040000000e+11
1.326546534400000000e+11
6.401581383680000000e+11
-1.277178920960000000e+11
6.548620902400000000e+10
4.712244838400000000e+10
-2.201190400000000000e+11
1.290103848960000000e+11
4.199073054720000000e+11
-6.157090160640000000e+11
7.563348377600000000e+10
2.310725632000000000e+11
2.836422656000000000e+11
-2.710854041600000000e+10
-2.640184934400000000e+11
3.700867072000000000e+11
-5.391408824320000000e+11
-1.359663513600000000e+11
1.507682222080000000e+11
1.456490086400000000e+11
-2.699773132800000000e+10
2.698853089280000000e+11
-5.893198643200000000e+10
-4.021164769280000000e+11
-3.660813107200000000e+11
-2.069960622080000000e+11
3.220604518400000000e+11
1.861746360320000000e+11
2.362910474240000000e+11
-4.480687800320000000e+11
3.512342609920000000e+11
-1.950216847360000000e+11
-1.221954764800000000e+10
6.005558476800000000e+10
1.243308195840000000e+11
2.432013762560000000e+11
-3.475914752000000000e+10
4.923400519680000000e+11
-1.407704760320000000e+11
5.481606348800000000e+10
2.383558082560000000e+11
-1.757772185600000000e+11
-1.670011617280000000e+11
3.490169159680000000e+11
6.383804088320000000e+11
-6.371948953600000000e+10
-6.010218905600000000e+10
-3.050678517760000000e+11
-1.554735104000000000e+11
-1.015730995200000000e+10
2.149838192640000000e+11
1.978483343360000000e+11
1.438748672000000000e+10
1.114709770240000000e+11
-1.654639820800000000e+10
1.479282851840000000e+11
-5.282902179840000000e+11
-1.239202529280000000e+11
9.584739942400000000e+10
-1.009882562560000000e+11
-1.259340922880000000e+11
-5.755095040000000000e+10
-2.749194240000000000e+10
1.089029324800000000e+11
2.522544046080000000e+11
2.003450593280000000e+11
1.007212953600000000e+11
-3.238111805440000000e+11
1.461545205760000000e+11
4.694914170880000000e+11
3.411323125760000000e+11
8.330570956800000000e+10
2.442461184000000000e+10
-3.569884200960000000e+11
2.358138634240000000e+11
5.932273664000000000e+10
1.501020160000000000e+11
3.780806574080000000e+11
1.881820200960000000e+11
4.866818703360000000e+11
1.886430330880000000e+11
-3.753454796800000000e+10
4.336067215360000000e+11
-1.467965440000000000e+11
2.162621480960000000e+11
5.336760975360000000e+11
3.843022848000000000e+11
-3.368720793600000000e+11
1.900154224640000000e+11
-6.065865359360000000e+11
5.531762688000000000e+09
-1.031678033920000000e+11
-1.664906362880000000e+11
-3.561473966080000000e+11
1.463300915200000000e+10
-5.325530071040000000e+11
7.216929177600000000e+11
-6.610466406400000000e+10
-2.583122739200000000e+10
-5.190767411200000000e+10
-4.769540997120000000e+11
7.267903078400000000e+10
-3.029410119680000000e+11
-4.740645519360000000e+11
1.004703252480000000e+11
-1.402664222720000000e+11
-2.177363312640000000e+11
-8.692341964800000000e+10
7.333327667200000000e+11
-3.675919155200000000e+10
6.222579302400000000e+10
8.015798272000000000e+09
4.635620147200000000e+10
7.408503193600000000e+10
-5.479868416000000000e+10
-2.550388981760000000e+11
2.452943667200000000e+11
1.932270960640000000e+11
-2.280716861440000000e+11
-2.197337047040000000e+11
1.162616258560000000e+11
3.934673960960000000e+11
3.842373058560000000e+11
3.994170490880000000e+11
5.335570841600000000e+10
-3.998317936640000000e+11
5.079801856000000000e+09
-7.386268467200000000e+10
-2.497664286720000000e+11
-2.831399321600000000e+11
1.497379635200000000e+11
1.747757301760000000e+11
2.686056202240000000e+11
-4.921993789440000000e+11
-6.542943846400000000e+11
1.380502732800000000e+10
-1.971562905600000000e+10
2.512933847040000000e+11
-5.011802685440000000e+11
-2.800241541120000000e+11
-1.931302830080000000e+11
3.706269204480000000e+11
1.541418844160000000e+11
2.848809615360000000e+11
1.893695488000000000e+11
-1.277035970560000000e+11
4.680492646400000000e+11
9.828925440000000000e+08
3.723190599680000000e+11
-3.306458316800000000e+10
1.455350087680000000e+11
-5.161929277440000000e+11
3.413261025280000000e+11
1.736813936640000000e+11
1.838446673920000000e+11
-5.024742113280000000e+11
-8.762889011200000000e+10
4.842720460800000000e+10
2.064859136000000000e+11
-2.287021752320000000e+11
-1.215414927360000000e+11
-5.786389708800000000e+11
-1.009098588160000000e+11
1.148911124480000000e+11
-2.083355688960000000e+11
-2.370000158720000000e+11
3.767090544640000000e+11
2.541514588160000000e+11
-3.054039203840000000e+11
6.267482931200000000e+10
-2.821162270720000000e+11
5.422675148800000000e+10
6.617525780480000000e+11
-1.305648496640000000e+11
-2.075878686720000000e+11
-3.279940157440000000e+11
3.685631918080000000e+11
3.167497093120000000e+11
-4.580084285440000000e+11
1.724759736320000000e+11
-4.565743042560000000e+11
-2.558529699840000000e+11
9.918696652800000000e+10
-7.205527552000000000e+09
-2.287855042560000000e+11
1.746268979200000000e+11
-2.930154536960000000e+11
-8.563539968000000000e+09
1.258670653440000000e+11
5.408912506880000000e+11
-2.476323471360000000e+11
2.495572213760000000e+11
-7.536654417920000000e+11
2.209230356480000000e+11
-4.201265889280000000e+11
1.428962508800000000e+11
-3.550196940800000000e+10
1.769334374400000000e+11
-1.311002542080000000e+11
1.509024727040000000e+11
6.647781785600000000e+10
-2.344542699520000000e+11
5.467669135360000000e+11
-3.958360637440000000e+11
-1.544911912960000000e+11
-4.458060185600000000e+11
-1.076258242560000000e+11
5.469465477120000000e+11
-2.111594987520000000e+11
-3.976062238720000000e+11
-3.931045888000000000e+10
6.732354355200000000e+10
-1.257351905280000000e+11
-3.429448417280000000e+11
-2.277394186240000000e+11
4.293670993920000000e+11
3.254085222400000000e+11
-1.162459217920000000e+11
-9.779987251200000000e+10
-1.977790136320000000e+11
-4.784360652800000000e+10
-3.278874214400000000e+11
-2.645036564480000000e+11
1.257321103360000000e+11
3.129017958400000000e+11
-3.190735175680000000e+11
2.000112844800000000e+11
-6.996325171200000000e+11
3.885030113280000000e+11
-1.744319447040000000e+11
-2.197131427840000000e+11
-3.852408586240000000e+11
-2.651286896640000000e+11
-1.493824307200000000e+11
3.389799464960000000e+11
3.203371827200000000e+10
5.010836029440000000e+11
1.736669429760000000e+11
-3.829162311680000000e+11
4.837578833920000000e+11
2.138414284800000000e+10
4.638901207040000000e+11
-1.145549127680000000e+11
2.901963243520000000e+11
4.234407444480000000e+11
3.361167769600000000e+10
-1.236925644800000000e+11
2.283367628800000000e+11
4.056992645120000000e+11
-5.187303833600000000e+11
1.427886080000000000e+11
2.687404605440000000e+11
-7.294361600000000000e+10
3.228128706560000000e+11
-2.553404129280000000e+11
2.205089464320000000e+11
1.898014310400000000e+11
9.220644864000000000e+10
-3.415966679040000000e+11
-2.109887610880000000e+11
-2.367968215040000000e+11
-4.028864921600000000e+10
3.426878750720000000e+11
4.793072025600000000e+11
-2.450974310400000000e+10
-2.652764241920000000e+11
-1.893572280320000000e+11
-1.807557918720000000e+11
-4.024854118400000000e+11
-1.441489223680000000e+11
6.955302092800000000e+10
3.535812689920000000e+11
-3.689316352000000000e+11
7.173940838400000000e+11
-1.868079431680000000e+11
-1.131924684800000000e+11
-1.910640148480000000e+11
8.324566220800000000e+10
3.476037632000000000e+11
-1.299472711680000000e+11
-8.702145331200000000e+11
5.516988416000000000e+10
-6.749831823360000000e+11
-2.942620467200000000e+10
7.083506073600000000e+10
-5.648693329920000000e+11
1.853705748480000000e+11
1.188588748800000000e+11
1.786056376320000000e+11
2.094196490240000000e+11
-2.766436106240000000e+11
-4.116477378560000000e+11
-3.360051691520000000e+11
2.890564894720000000e+11
-4.858649640960000000e+11
6.681625886720000000e+11
2.791341752320000000e+11
-7.922478284800000000e+10
-5.439373312000000000e+11
3.785736192000000000e+10
1.353110732800000000e+11
-2.552007229440000000e+11
1.841058611200000000e+10
3.995658649600000000e+10
-3.197634150400000000e+11
-1.137276354560000000e+12
-3.347037552640000000e+11
3.027095715840000000e+11
-8.587377868800000000e+10
6.474950246400000000e+10
-1.628548628480000000e+11
3.347552010240000000e+11
2.346877255680000000e+11
5.983622758400000000e+10
-2.289139384320000000e+11
-5.768547532800000000e+11
-1.570018918400000000e+11
-2.217981706240000000e+11
-1.471161139200000000e+11
-2.028072632320000000e+11
5.609711206400000000e+10
-2.668489932800000000e+10
4.533589442560000000e+11
-9.941142732800000000e+10
1.076313784320000000e+11
-2.421893038080000000e+11
-5.055003852800000000e+10
1.655649075200000000e+10
3.897997721600000000e+11
2.888992030720000000e+11
2.530205532160000000e+11
-6.518652272640000000e+11
-8.487324876800000000e+10
-3.898075381760000000e+11
6.702666547200000000e+10
2.654389862400000000e+10
-3.653418680320000000e+11
5.290256384000000000e+09
-4.301820313600000000e+10
1.183449661440000000e+11
7.488255590400000000e+10
2.723247718400000000e+10
-3.499420549120000000e+11
-4.003753164800000000e+10
-3.849919528960000000e+11
5.600715735040000000e+11
-3.821277675520000000e+11
1.736665497600000000e+11
7.656185528320000000e+11
-1.542617006080000000e+11
-7.315487948800000000e+10
9.085147545600000000e+10
-1.410122383360000000e+11
-4.466126848000000000e+10
3.254438461440000000e+11
2.530080194560000000e+11
-2.279722516480000000e+11
6.478845706240000000e+11
-1.142315089920000000e+11
5.515209605120000000e+11
-3.218286182400000000e+11
3.977736355840000000e+11
-1.646529945600000000e+10
1.351964098560000000e+11
3.281744363520000000e+11
-1.903685795840000000e+11
3.002326056960000000e+11
1.655471144960000000e+11
-2.682993704960000000e+11
-2.658579251200000000e+11
3.441827512320000000e+11
-1.920091095040000000e+11
-2.232582471680000000e+11
4.623779102720000000e+11
-9.687234150400000000e+10
1.971285196800000000e+11
1.326959329280000000e+11
-9.659126579200000000e+10
5.104510566400000000e+11
2.175302041600000000e+11
1.915264532480000000e+11
-7.985217536000000000e+09
-1.782446981120000000e+11
6.844088320000000000e+08
8.200791654400000000e+10
-2.905139445760000000e+11
-3.505577656320000000e+11
3.937968128000000000e+11
6.588228812800000000e+10
6.555132231680000000e+11
5.101217382400000000e+10
3.928666931200000000e+11
6.546921226240000000e+11
2.232641945600000000e+11
-1.714061803520000000e+11
-2.127888875520000000e+11
-1.004393103360000000e+11
3.124985200640000000e+11
3.183102361600000000e+10
-3.031622287360000000e+11
1.004213534720000000e+11
7.838131814400000000e+10
2.725972377600000000e+10
