1.536790691840000000e+11
-6.867664896000000000e+10
1.141111193600000000e+10
1.784910315520000000e+11
-3.824164864000000000e+11
-1.827533619200000000e+11
2.832560947200000000e+11
2.822103367680000000e+11
-2.917425479680000000e+11
1.137325670400000000e+10
-3.449117736960000000e+11
2.147504947200000000e+10
-2.325443051520000000e+11
-1.308921937920000000e+11
4.014335918080000000e+11
-3.907363471360000000e+11
1.160263188480000000e+11
-3.995244953600000000e+11
-4.979825868800000000e+10
1.121522483200000000e+11
1.985597112320000000e+11
-3.512488427520000000e+11
-1.158528040960000000e+11
7.264583680000000000e+08
1.419901992960000000e+11
-3.678293196800000000e+11
1.306837975040000000e+11
1.279995248640000000e+11
4.386717040640000000e+11
-1.333059584000000000e+10
-3.626360832000000000e+10
-3.929512673280000000e+11
3.700579696640000000e+11
-1.858388951040000000e+11
-2.984238776320000000e+11
-1.911758520320000000e+11
5.223049625600000000e+10
-3.184274309120000000e+11
-1.311088640000000000e+11
2.500066017280000000e+11
-2.225471488000000000e+09
-5.928494039040000000e+11
3.089199267840000000e+11
-2.368730726400000000e+10
2.244661084160000000e+11
1.884208332800000000e+10
2.345764782080000000e+11
-1.149231923200000000e+11
9.284720230400000000e+10
2.917426380800000000e+10
9.821736960000000000e+10
-2.309523701760000000e+11
5.496662917120000000e+11
-2.850834350080000000e+11
-1.505184153600000000e+10
-1.635357491200000000e+10
3.192008212480000000e+11
-2.400623820800000000e+10
2.562220359680000000e+11
-3.090279628800000000e+10
2.065278894080000000e+11
-1.582044938240000000e+11
-7.614257561600000000e+10
2.762483957760000000e+11
3.585521090560000000e+11
-3.438354432000000000e+11
1.268790067200000000e+10
2.268951674880000000e+11
-1.356393021440000000e+11
-3.694867251200000000e+10
-2.567205027840000000e+11
-3.785146368000000000e+11
-1.243764654080000000e+11
4.981787852800000000e+10
-7.814278021120000000e+11
-1.072172728320000000e+11
-3.410515066880000000e+11
4.575481856000000000e+09
8.485906022400000000e+10
-1.721065799680000000e+11
2.293584691200000000e+10
-8.590185267200000000e+10
5.625461473280000000e+11
8.691878297600000000e+10
3.847205683200000000e+11
-4.412645703680000000e+11
2.455373086720000000e+11
-3.087264972800000000e+11
-2.635103109120000000e+11
6.703595520000000000e+10
1.914896711680000000e+11
2.439322337280000000e+11
-4.778898227200000000e+11
5.570947481600000000e+10
3.560514519040000000e+11
3.319865671680000000e+11
-1.225888235520000000e+11
-1.177899171840000000e+11
-3.175952547840000000e+11
1.770383114240000000e+11
2.695591362560000000e+11
-1.490244730880000000e+11
-2.402040872960000000e+11
1.168583884800000000e+11
3.398267699200000000e+10
-4.190208000000000000e+07
-1.400979456000000000e+11
5.033002598400000000e+10
1.726512332800000000e+10
2.686564925440000000e+11
-3.230048583680000000e+11
-2.416466657280000000e+11
2.013829365760000000e+11
-2.153999564800000000e+10
6.735739699200000000e+10
4.744966963200000000e+11
-2.776720670720000000e+11
1.515189698560000000e+11
-1.047568302080000000e+11
4.168414986240000000e+11
5.555798835200000000e+10
-1.392585932800000000e+11
-2.714782924800000000e+10
3.048750776320000000e+11
-9.287108198400000000e+10
-9.296131686400000000e+10
1.621771878400000000e+11
4.126168268800000000e+10
-2.028590858240000000e+11
-3.762963742720000000e+11
-2.375378862080000000e+11
-3.360164741120000000e+11
1.727468666880000000e+11
1.904251863040000000e+11
-3.006469570560000000e+11
4.650773381120000000e+11
-4.916989952000000000e+10
1.601027604480000000e+11
-2.122187571200000000e+11
1.274048839680000000e+11
1.915863695360000000e+11
2.269199728640000000e+11
-3.546783744000000000e+10
7.909048320000000000e+08
-6.628857610240000000e+11
-1.846308536320000000e+11
-4.461581107200000000e+10
-3.295919472640000000e+11
-1.101095976960000000e+11
-3.901986570240000000e+11
3.215873802240000000e+11
3.160893685760000000e+11
-3.104812892160000000e+11
-2.446185594880000000e+11
-2.374685327360000000e+11
2.409971384320000000e+11
-4.814108098560000000e+11
3.531670159360000000e+11
-1.027337420800000000e+10
9.745812684800000000e+10
1.557508259840000000e+11
4.676320460800000000e+10
6.068876902400000000e+10
3.094155427840000000e+11
1.651110543360000000e+11
9.031266304000000000e+10
-5.447361495040000000e+11
-1.360011755520000000e+11
1.468046213120000000e+11
-2.385133404160000000e+11
-1.443075522560000000e+11
-3.115264245760000000e+11
1.569384366080000000e+11
2.480813178880000000e+11
-1.506839101440000000e+11
-1.737823846400000000e+11
-2.920744878080000000e+11
1.032777728000000000e+11
1.804541460480000000e+11
-8.932214374400000000e+10
-4.758162636800000000e+11
-2.262601564160000000e+11
-4.136115896320000000e+11
-6.682268467200000000e+10
-3.628620840960000000e+11
-6.997951283200000000e+10
-3.561311764480000000e+11
-2.614456811520000000e+11
-6.018577203200000000e+11
-1.290382213120000000e+11
2.675400867840000000e+11
3.873243463680000000e+11
2.223839313920000000e+11
-1.585593221120000000e+11
2.032575283200000000e+11
5.993492643840000000e+11
4.595667763200000000e+10
2.050878832640000000e+11
9.486123008000000000e+09
-8.095870156800000000e+10
1.885946675200000000e+10
-1.483887411200000000e+11
2.975241338880000000e+11
-3.807420088320000000e+11
-2.202572718080000000e+11
1.381591121920000000e+11
3.395441459200000000e+11
7.319977328640000000e+11
-1.493552332800000000e+11
-1.775047475200000000e+10
1.239268065280000000e+11
2.363995750400000000e+11
9.701601280000000000e+09
-4.460166348800000000e+10
7.484048998400000000e+10
-7.924095385600000000e+10
-1.590374563840000000e+11
-1.630693785600000000e+11
-3.592733327360000000e+11
-3.998872698880000000e+11
9.111196467200000000e+10
-3.427193323520000000e+11
-4.297751920640000000e+11
7.409223270400000000e+10
-3.409119150080000000e+11
2.955187978240000000e+11
1.413552865280000000e+11
-1.689139609600000000e+11
-2.111785205760000000e+11
9.645434470400000000e+10
1.772644106240000000e+11
-3.945177088000000000e+09
-3.217702912000000000e+11
1.570873344000000000e+11
5.306046873600000000e+10
8.553986457600000000e+10
-4.828335718400000000e+10
4.690761482240000000e+11
1.481689825280000000e+11
-7.574195404800000000e+10
-1.655199170560000000e+11
1.998723481600000000e+10
-4.175407022080000000e+11
2.168542003200000000e+11
-3.223805624320000000e+11
-2.198825533440000000e+11
-2.274759639040000000e+11
9.172376780800000000e+10
-7.542374400000000000e+09
3.961848135680000000e+11
2.509588480000000000e+10
-3.360659210240000000e+11
2.642164121600000000e+10
-3.806595481600000000e+10
-9.538717286400000000e+10
2.144168509440000000e+11
1.791225692160000000e+11
6.688043827200000000e+11
-4.384745717760000000e+11
-6.082105344000000000e+09
1.579634524160000000e+11
6.487220224000000000e+09
1.085390848000000000e+11
2.211278028800000000e+10
-3.001886638080000000e+11
-5.074755911680000000e+11
-2.851337011200000000e+11
3.086566359040000000e+11
2.190340096000000000e+11
1.070104739840000000e+11
-6.972920299520000000e+11
4.144775987200000000e+10
3.569473945600000000e+10
-3.373891584000000000e+10
-3.321082675200000000e+10
5.983206113280000000e+11
-1.450471587840000000e+11
4.196491264000000000e+10
4.142668185600000000e+10
-4.096125337600000000e+10
-5.861488721920000000e+11
-4.344936529920000000e+11
1.727993446400000000e+11
-2.134740500480000000e+11
-2.617965772800000000e+11
-4.017571758080000000e+11
-4.155405107200000000e+10
2.480934092800000000e+11
7.928648499200000000e+10
7.850663936000000000e+10
-3.401490104320000000e+11
3.442759106560000000e+11
-1.156695490560000000e+11
5.372385689600000000e+11
2.100321648640000000e+11
-1.775388262400000000e+10
4.233058713600000000e+10
-6.953476096000000000e+10
3.942679183360000000e+11
-2.103487692800000000e+10
6.662886522880000000e+11
2.612701265920000000e+11
-5.593118801920000000e+11
4.184062689280000000e+11
5.330312396800000000e+10
1.084062269440000000e+11
-2.474161438720000000e+11
-1.921965424640000000e+11
-1.464262164480000000e+11
7.343089254400000000e+10
-1.851801600000000000e+11
4.754272256000000000e+10
-6.644663910400000000e+10
1.087451791360000000e+11
2.774617948160000000e+11
1.537843200000000000e+11
-1.435386183680000000e+11
2.781915709440000000e+11
-3.236559585280000000e+11
-2.219209687040000000e+11
-1.304557813760000000e+11
1.984607682560000000e+11
3.192183193600000000e+11
-1.247456788480000000e+11
3.905707376640000000e+11
5.138805555200000000e+10
3.536217702400000000e+10
8.025423872000000000e+09
-1.180914810880000000e+11
5.986330869760000000e+11
3.961444761600000000e+10
-1.037099171840000000e+11
2.149974999040000000e+11
-6.119014400000000000e+09
1.804674662400000000e+11
-8.573679616000000000e+09
-4.038491504640000000e+11
-7.985935155200000000e+10
-2.548118978560000000e+11
-1.321575137280000000e+11
3.091995688960000000e+11
-3.231776112640000000e+11
2.524354969600000000e+10
1.640942796800000000e+10
-9.903439052800000000e+10
-6.703938273280000000e+11
2.968446566400000000e+11
4.599432151040000000e+11
-3.078532628480000000e+11
1.506819768320000000e+11
-7.354064076800000000e+10
-3.610968064000000000e+10
1.178713128960000000e+11
-1.928894218240000000e+11
-9.306577305600000000e+10
-1.963896995840000000e+11
-3.436476825600000000e+11
1.481945579520000000e+11
-1.280900464640000000e+11
-5.931708825600000000e+10
1.853351198720000000e+11
-3.451625144320000000e+11
5.254385500160000000e+11
2.699774525440000000e+11
1.477976227840000000e+11
-1.269313863680000000e+11
-2.564720721920000000e+11
-4.615775518720000000e+11
2.019800186880000000e+11
-7.376945971200000000e+10
3.788491325440000000e+11
4.875108352000000000e+10
-1.118525194240000000e+11
-2.576902717440000000e+11
-3.585182924800000000e+10
-6.086078464000000000e+10
-1.801322496000000000e+11
2.076845506560000000e+11
2.879347425280000000e+11
-1.548958760960000000e+11
7.041648230400000000e+10
-3.294012375040000000e+11
6.814421811200000000e+10
-3.994927759360000000e+11
2.330637434880000000e+11
1.624978227200000000e+11
-3.413067038720000000e+11
3.154087116800000000e+10
-4.934170050560000000e+11
-2.080177192960000000e+11
-3.247475916800000000e+11
-1.383777075200000000e+11
1.632546979840000000e+11
-3.341544325120000000e+11
-2.601061089280000000e+11
3.424399523840000000e+11
2.049150812160000000e+11
-1.105827758080000000e+11
1.756516352000000000e+10
6.474733977600000000e+10
2.094539243520000000e+11
-1.854412554240000000e+11
2.255118663680000000e+11
7.558922240000000000e+09
-2.003004293120000000e+11
-2.746599505920000000e+11
-5.977439846400000000e+10
-2.820238213120000000e+11
2.000669245440000000e+11
-1.602469232640000000e+11
3.217836605440000000e+11
-2.887906754560000000e+11
3.156359577600000000e+10
6.918556057600000000e+10
4.204072796160000000e+11
-3.114462085120000000e+11
3.965717381120000000e+11
2.673774755840000000e+11
1.666227240960000000e+11
4.107862016000000000e+11
1.237852160000000000e+11
-2.020107223040000000e+11
-2.176761528320000000e+11
-1.774335754240000000e+11
2.953838592000000000e+11
3.692618711040000000e+11
1.428488028160000000e+11
1.781385953280000000e+11
-2.878067834880000000e+11
-1.800257863680000000e+11
-3.191392829440000000e+11
-2.571294801920000000e+11
6.220470026240000000e+11
3.738973306880000000e+11
1.982515118080000000e+11
-1.624261263360000000e+11
3.056038379520000000e+11
4.120151326720000000e+11
-2.637381304320000000e+11
-3.339489116160000000e+11
1.219488235520000000e+11
-5.064395325440000000e+11
8.399493529600000000e+10
2.064123822080000000e+11
5.327321497600000000e+10
7.173544345600000000e+10
-3.061537832960000000e+11
5.162630184960000000e+11
-4.036919296000000000e+11
-2.503756595200000000e+10
2.788984750080000000e+11
-8.820006912000000000e+10
2.785933066240000000e+11
-2.614190080000000000e+11
-1.601811906560000000e+11
2.777706004480000000e+11
-1.001783623680000000e+11
-9.434218496000000000e+10
2.317260554240000000e+11
-1.380544675840000000e+11
-1.591482449920000000e+11
-2.674655887360000000e+11
-2.966330572800000000e+10
-3.229072097280000000e+11
2.223445606400000000e+11
-1.445143347200000000e+11
5.976936448000000000e+09
-1.439449088000000000e+11
-2.891415224320000000e+11
8.275063603200000000e+10
-2.531094364160000000e+11
3.935034408960000000e+11
-2.105015992320000000e+11
-1.194081484800000000e+11
4.564228505600000000e+10
4.272068362240000000e+11
2.864412262400000000e+10
-3.941104435200000000e+10
-5.523233177600000000e+10
3.476068761600000000e+11
-1.308985425920000000e+11
-1.489179934720000000e+11
-2.878589501440000000e+11
1.748105625600000000e+11
6.469671321600000000e+10
-1.360671047680000000e+11
1.456586096640000000e+11
-2.382571601920000000e+11
-7.867115929600000000e+10
2.235379875840000000e+11
1.184902184960000000e+11
-2.620325560320000000e+11
1.721513410560000000e+11
-5.004973178880000000e+11
1.089918074880000000e+11
-1.492677754880000000e+11
1.163782553600000000e+11
1.765346344960000000e+11
-5.866396876800000000e+10
2.836108410880000000e+11
4.783422177280000000e+11
3.217725194240000000e+11
-4.236902400000000000e+08
1.675626414080000000e+11
4.378551255040000000e+11
7.466171596800000000e+10
-1.253811732480000000e+11
-4.204680314880000000e+11
2.223561932800000000e+11
-1.333421670400000000e+11
2.355119390720000000e+11
-4.777426944000000000e+11
-5.263597240320000000e+11
2.378605199360000000e+11
1.573930106880000000e+11
2.628075520000000000e+11
-3.039059640320000000e+11
1.051809382400000000e+11
-2.649245286400000000e+11
3.519843532800000000e+11
-4.030195957760000000e+11
8.362815488000000000e+10
-6.887792640000000000e+09
1.614483128320000000e+11
-2.153531637760000000e+11
-6.676805058560000000e+11
-5.868988006400000000e+11
4.223490129920000000e+11
-2.039228825600000000e+11
-4.898072166400000000e+11
-6.494158848000000000e+10
-1.754817822720000000e+11
-6.032288972800000000e+10
6.529843609600000000e+10
3.893020917760000000e+11
-2.981587189760000000e+11
-1.533034987520000000e+11
-2.955390812160000000e+11
4.372476723200000000e+11
-2.791137280000000000e+10
-2.749549772800000000e+10
-1.326197637120000000e+11
2.771650805760000000e+11
-6.455880089600000000e+10
-3.232182435840000000e+11
3.205357895680000000e+11
1.731996876800000000e+10
2.877332520960000000e+11
1.342387650560000000e+11
2.277048647680000000e+11
-4.246540124160000000e+11
7.304657305600000000e+10
-4.666993541120000000e+11
1.635214950400000000e+11
1.161702604800000000e+11
4.491775180800000000e+10
1.364160512000000000e+11
-2.686034903040000000e+11
1.561894092800000000e+11
-1.945819545600000000e+10
2.679249633280000000e+11
4.109374259200000000e+11
-5.586803097600000000e+10
1.349242060800000000e+10
-2.874540032000000000e+09
-4.542570496000000000e+11
4.781587824640000000e+11
-3.959288954880000000e+11
-4.976405053440000000e+11
5.670224527360000000e+11
5.470092001280000000e+11
-4.032171212800000000e+11
2.443247616000000000e+09
9.768812544000000000e+09
1.321344040960000000e+11
4.610183659520000000e+11
1.995549900800000000e+10
-1.744660070400000000e+11
1.899968266240000000e+11
-1.025641431040000000e+11
9.272066048000000000e+10
9.257619456000000000e+10
2.444731842560000000e+11
-2.752955351040000000e+11
-3.602075648000000000e+10
2.019728752640000000e+11
-2.464366428160000000e+11
-4.676123033600000000e+10
4.744562606080000000e+11
2.337441710080000000e+11
-1.940619264000000000e+11
5.456039772160000000e+11
-7.052812288000000000e+10
-1.680611737600000000e+10
-1.072280371200000000e+10
2.709994700800000000e+10
-2.062067957760000000e+11
2.214096240640000000e+11
1.216554762240000000e+11
6.090968924160000000e+11
-1.277150167040000000e+11
7.606927360000000000e+10
5.358503526400000000e+10
-2.265326223360000000e+11
1.448339046400000000e+11
3.847229931520000000e+11
-5.904903700480000000e+11
7.093586329600000000e+10
2.294084730880000000e+11
2.656839925760000000e+11
-1.057413529600000000e+10
-2.206771118080000000e+11
3.443889274880000000e+11
-5.137976852480000000e+11
-1.235917537280000000e+11
1.442815180800000000e+11
1.498358087680000000e+11
-3.721675571200000000e+10
2.543402844160000000e+11
-4.885110784000000000e+10
-3.855862661120000000e+11
-3.275640340480000000e+11
-2.163918766080000000e+11
3.109964021760000000e+11
1.700747673600000000e+11
2.323831848960000000e+11
-4.001866711040000000e+11
3.145717186560000000e+11
-1.806246543360000000e+11
1.124480614400000000e+10
5.133329203200000000e+10
1.120848855040000000e+11
2.430981570560000000e+11
-5.412511744000000000e+10
4.575412224000000000e+11
-1.138331811840000000e+11
5.907394969600000000e+10
2.070637281280000000e+11
-1.720629002240000000e+11
-1.508483399680000000e+11
3.422721146880000000e+11
5.903045099520000000e+11
-5.336955289600000000e+10
-4.052278476800000000e+10
-2.949673123840000000e+11
-1.456230400000000000e+11
-8.170446848000000000e+09
2.475574722560000000e+11
1.840949821440000000e+11
4.797546496000000000e+09
8.381351526400000000e+10
-3.646586880000000000e+09
1.312233799680000000e+11
-5.165540311040000000e+11
-1.140260126720000000e+11
9.575453491200000000e+10
-9.418267033600000000e+10
-1.198841446400000000e+11
-3.219228672000000000e+10
-2.495332352000000000e+10
1.137503027200000000e+11
2.334284349440000000e+11
1.981223403520000000e+11
8.890343424000000000e+10
-3.121193943040000000e+11
1.441495777280000000e+11
4.341767864320000000e+11
3.214204272640000000e+11
7.966623334400000000e+10
3.135668224000000000e+09
-3.186458951680000000e+11
2.339187752960000000e+11
5.455742566400000000e+10
1.407585648640000000e+11
3.685231493120000000e+11
1.972122746880000000e+11
4.641897185280000000e+11
1.909472952320000000e+11
-3.753720217600000000e+10
4.163734732800000000e+11
-1.263237611520000000e+11
2.030347223040000000e+11
4.864560988160000000e+11
3.698061475840000000e+11
-3.062191226880000000e+11
1.862141870080000000e+11
-5.643894784000000000e+11
-9.124962304000000000e+09
-9.125839667200000000e+10
-1.572722114560000000e+11
-3.168661667840000000e+11
6.400999424000000000e+09
-5.248764149760000000e+11
6.634906583040000000e+11
-6.852440883200000000e+10
-1.518062796800000000e+10
-4.929911603200000000e+10
-4.538927022080000000e+11
8.190533632000000000e+10
-2.729079275520000000e+11
-4.304572907520000000e+11
1.175040819200000000e+11
-1.152137297920000000e+11
-1.542573096960000000e+11
-6.115381248000000000e+10
6.978347991040000000e+11
-2.968092672000000000e+10
6.164402995200000000e+10
-2.634620928000000000e+09
6.698330521600000000e+10
4.736629964800000000e+10
-5.416764620800000000e+10
-2.432101089280000000e+11
2.210387886080000000e+11
1.817266749440000000e+11
-2.090036428800000000e+11
-2.066867486720000000e+11
1.226399744000000000e+11
3.787460444160000000e+11
3.346459525120000000e+11
3.793223024640000000e+11
3.369115648000000000e+10
-3.564632473600000000e+11
2.051915776000000000e+10
-6.487131750400000000e+10
-2.472018903040000000e+11
-2.745767198720000000e+11
1.062924697600000000e+11
1.707461345280000000e+11
2.741061386240000000e+11
-4.507884912640000000e+11
-6.153795010560000000e+11
2.734630502400000000e+10
-2.251695718400000000e+10
2.535134658560000000e+11
-4.476076687360000000e+11
-2.589732700160000000e+11
-1.649109401600000000e+11
3.506658344960000000e+11
1.346803957760000000e+11
2.847928156160000000e+11
1.814220144640000000e+11
-1.137929584640000000e+11
4.494171832320000000e+11
8.165064704000000000e+09
3.445622046720000000e+11
5.641633792000000000e+09
1.199433236480000000e+11
-4.947373260800000000e+11
3.363373711360000000e+11
1.562245201920000000e+11
1.333240299520000000e+11
-4.837066014720000000e+11
-7.135580979200000000e+10
2.682675200000000000e+10
1.936062218240000000e+11
-2.046880645120000000e+11
-1.105084743680000000e+11
-5.600561070080000000e+11
-8.950819225600000000e+10
1.001819504640000000e+11
-2.246381404160000000e+11
-2.347858984960000000e+11
3.444977827840000000e+11
2.471230832640000000e+11
-2.881157857280000000e+11
7.696223436800000000e+10
-2.424587059200000000e+11
5.481260646400000000e+10
6.016092733440000000e+11
-1.050836336640000000e+11
-2.002210324480000000e+11
-2.924551208960000000e+11
3.160923832320000000e+11
3.102335959040000000e+11
-4.340017725440000000e+11
1.698967388160000000e+11
-4.136312176640000000e+11
-2.177813381120000000e+11
6.840587878400000000e+10
7.946715136000000000e+09
-2.628166451200000000e+11
1.625585909760000000e+11
-2.579853475840000000e+11
-9.865314304000000000e+09
8.670580736000000000e+10
5.120618987520000000e+11
-2.438425149440000000e+11
2.550885908480000000e+11
-7.159305338880000000e+11
2.060595200000000000e+11
-3.868714598400000000e+11
1.282153512960000000e+11
-1.519390720000000000e+09
1.728876380160000000e+11
-1.254608322560000000e+11
1.511231651840000000e+11
7.420136652800000000e+10
-2.429849436160000000e+11
5.154148843520000000e+11
-3.730928762880000000e+11
-1.467877294080000000e+11
-4.208991272960000000e+11
-1.184716554240000000e+11
5.326296514560000000e+11
-1.754574848000000000e+11
-3.921077207040000000e+11
-2.368614400000000000e+10
9.126309068800000000e+10
-8.597768601600000000e+10
-3.184585932800000000e+11
-2.336909066240000000e+11
4.020800389120000000e+11
2.870563307520000000e+11
-8.949062041600000000e+10
-1.189820088320000000e+11
-1.634294005760000000e+11
-6.577756569600000000e+10
-3.024245882880000000e+11
-2.536064450560000000e+11
9.575718912000000000e+10
2.879165562880000000e+11
-2.854607257600000000e+11
2.185243852800000000e+11
-6.700756500480000000e+11
3.573872721920000000e+11
-1.733218140160000000e+11
-2.340388536320000000e+11
-3.399242874880000000e+11
-2.624662241280000000e+11
-1.460406353920000000e+11
3.033612288000000000e+11
2.942707302400000000e+10
4.699203174400000000e+11
1.734431539200000000e+11
-3.433329131520000000e+11
4.659006668800000000e+11
-9.778855936000000000e+09
4.331550146560000000e+11
-9.071309619200000000e+10
2.584725585920000000e+11
3.765290926080000000e+11
1.476132864000000000e+10
-1.215606947840000000e+11
2.113092157440000000e+11
3.439325347840000000e+11
-4.677509447680000000e+11
1.346629795840000000e+11
2.447410462720000000e+11
-5.444986470400000000e+10
3.111909785600000000e+11
-2.243472424960000000e+11
2.103927603200000000e+11
1.529119211520000000e+11
8.929488896000000000e+10
-3.418690027520000000e+11
-1.786320322560000000e+11
-2.608914104320000000e+11
-5.511802060800000000e+10
3.071585157120000000e+11
4.547307110400000000e+11
-1.094978764800000000e+10
-2.526106746880000000e+11
-1.921186201600000000e+11
-1.386185195520000000e+11
-3.694512701440000000e+11
-1.614140866560000000e+11
7.513499238400000000e+10
3.159680614400000000e+11
-3.430466191360000000e+11
6.913424097280000000e+11
-1.823672893440000000e+11
-7.969685504000000000e+10
-1.626353827840000000e+11
7.301583667200000000e+10
3.347813498880000000e+11
-1.122352005120000000e+11
-8.102053150720000000e+11
5.987595878400000000e+10
-6.385766236160000000e+11
-3.019834982400000000e+10
7.006063820800000000e+10
-5.320091566080000000e+11
1.514469457920000000e+11
1.231190425600000000e+11
1.533213245440000000e+11
1.780384727040000000e+11
-2.522535362560000000e+11
-3.518304747520000000e+11
-3.221046231040000000e+11
2.826118103040000000e+11
-4.731911208960000000e+11
6.462295900160000000e+11
2.803174932480000000e+11
-8.590734131200000000e+10
-5.177486213120000000e+11
2.965767782400000000e+10
1.356382617600000000e+11
-2.412632801280000000e+11
2.224680140800000000e+10
4.508082176000000000e+10
-3.424507002880000000e+11
-1.080212979712000000e+12
-3.093741895680000000e+11
2.643517603840000000e+11
-9.178188185600000000e+10
4.344627609600000000e+10
-1.385167912960000000e+11
3.289643745280000000e+11
2.266855178240000000e+11
2.892713164800000000e+10
-2.064472801280000000e+11
-5.196679086080000000e+11
-1.724076032000000000e+11
-2.131852328960000000e+11
-1.153488158720000000e+11
-1.873121116160000000e+11
7.378382028800000000e+10
-2.533405491200000000e+10
4.571049492480000000e+11
-1.220936990720000000e+11
1.015756308480000000e+11
-2.227311083520000000e+11
-5.317846220800000000e+10
3.802138214400000000e+10
3.672460165120000000e+11
2.376123351040000000e+11
2.481613373440000000e+11
-6.267566161920000000e+11
-4.606714675200000000e+10
-3.382772695040000000e+11
3.220011417600000000e+10
3.198117478400000000e+10
-3.606221946880000000e+11
1.752924774400000000e+10
-2.731785420800000000e+10
1.356835225600000000e+11
8.497315840000000000e+10
2.616478105600000000e+10
-3.366112460800000000e+11
-1.927782400000000000e+10
-3.492466196480000000e+11
5.358974402560000000e+11
-3.343167651840000000e+11
1.603491921920000000e+11
7.169634467840000000e+11
-1.283907829760000000e+11
-5.459918848000000000e+10
8.480486195200000000e+10
-1.429933424640000000e+11
-4.462433894400000000e+10
3.163363737600000000e+11
2.426979287040000000e+11
-2.020806492160000000e+11
6.115025223680000000e+11
-9.565428121600000000e+10
5.783038853120000000e+11
-3.038613995520000000e+11
3.834757447680000000e+11
-1.437449011200000000e+10
1.002297753600000000e+11
3.089101291520000000e+11
-1.862060933120000000e+11
2.552189747200000000e+11
1.290987683840000000e+11
-2.119179960320000000e+11
-2.554626539520000000e+11
3.317062696960000000e+11
-1.894306611200000000e+11
-1.955228057600000000e+11
4.552423505920000000e+11
-1.166294466560000000e+11
1.998004224000000000e+11
1.140363100160000000e+11
-8.223268864000000000e+10
4.672324239360000000e+11
2.104107008000000000e+11
1.785567313920000000e+11
-3.763560448000000000e+10
-1.837621575680000000e+11
-8.599465984000000000e+09
1.031368867840000000e+11
-3.072798228480000000e+11
-3.314603458560000000e+11
3.614424104960000000e+11
4.287351603200000000e+10
6.103933911040000000e+11
3.578499481600000000e+10
3.779294003200000000e+11
6.129448386560000000e+11
2.071110615040000000e+11
-1.639508377600000000e+11
-2.108948807680000000e+11
-9.257377792000000000e+10
2.941878927360000000e+11
3.750096076800000000e+10
-2.760233779200000000e+11
9.822163763200000000e+10
7.198382489600000000e+10
2.790641664000000000e+10
