1.868266045440000000e+11
-1.029568020480000000e+11
2.835192217600000000e+10
2.267601469440000000e+11
-4.386659368960000000e+11
-2.377673277440000000e+11
3.174400655360000000e+11
3.504728965120000000e+11
-3.618377236480000000e+11
2.104854937600000000e+10
-4.025762775040000000e+11
6.580436992000000000e+09
-2.711275929600000000e+11
-1.612452003840000000e+11
4.679596113920000000e+11
-4.621719961600000000e+11
1.557093089280000000e+11
-4.984699617280000000e+11
-4.704705740800000000e+10
1.467103641600000000e+11
2.169794068480000000e+11
-4.293215518720000000e+11
-1.288287191040000000e+11
9.728679936000000000e+09
1.573950259200000000e+11
-4.381813309440000000e+11
1.428923351040000000e+11
1.681166991360000000e+11
5.324053872640000000e+11
-2.151243776000000000e+10
-4.549997363200000000e+10
-4.724568227840000000e+11
4.402460098560000000e+11
-2.186386472960000000e+11
-3.714581135360000000e+11
-2.203537899520000000e+11
5.194629120000000000e+10
-4.034457108480000000e+11
-1.523128074240000000e+11
3.093739601920000000e+11
6.445727744000000000e+09
-7.205211340800000000e+11
3.938739159040000000e+11
-5.148386099200000000e+10
2.743729192960000000e+11
1.669375590400000000e+10
3.018549821440000000e+11
-1.195221647360000000e+11
1.166367866880000000e+11
5.599413043200000000e+10
1.478734479360000000e+11
-2.888326840320000000e+11
6.549522350080000000e+11
-3.433622405120000000e+11
-1.410448588800000000e+10
-2.180992204800000000e+10
3.862195732480000000e+11
-2.283617484800000000e+10
3.471321989120000000e+11
-3.255354163200000000e+10
2.259313623040000000e+11
-2.022525501440000000e+11
-7.074418688000000000e+10
3.399328727040000000e+11
4.436218019840000000e+11
-4.178545868800000000e+11
1.188028416000000000e+10
2.865628446720000000e+11
-1.406074716160000000e+11
-4.208458137600000000e+10
-3.108489789440000000e+11
-4.614966149120000000e+11
-1.151024824320000000e+11
6.573287014400000000e+10
-9.359322644480000000e+11
-1.073111040000000000e+11
-4.125787422720000000e+11
7.031111680000000000e+08
1.161311928320000000e+11
-2.412279726080000000e+11
3.780421222400000000e+10
-1.064005877760000000e+11
6.955494932480000000e+11
7.506030592000000000e+10
4.571849359360000000e+11
-5.424525148160000000e+11
3.221204500480000000e+11
-3.449419202560000000e+11
-3.068911943680000000e+11
8.999686963200000000e+10
1.906528419840000000e+11
3.148005703680000000e+11
-5.747499335680000000e+11
3.907343155200000000e+10
4.214707978240000000e+11
3.958403563520000000e+11
-1.237193523200000000e+11
-1.377159086080000000e+11
-4.085018787840000000e+11
1.967903866880000000e+11
2.927265382400000000e+11
-1.766755860480000000e+11
-2.708482621440000000e+11
1.156418273280000000e+11
3.441370726400000000e+10
-9.770672128000000000e+09
-1.657058426880000000e+11
6.660025548800000000e+10
3.600937779200000000e+10
3.596056657920000000e+11
-4.028374712320000000e+11
-3.243289477120000000e+11
2.394456391680000000e+11
-3.659428659200000000e+10
7.094531686400000000e+10
5.490497945600000000e+11
-3.129828311040000000e+11
1.650830540800000000e+11
-1.171848478720000000e+11
4.934493470720000000e+11
1.029707857920000000e+11
-1.664355532800000000e+11
-4.671200460800000000e+10
3.753346334720000000e+11
-1.368991170560000000e+11
-1.122850652160000000e+11
2.155645829120000000e+11
4.140086886400000000e+10
-2.173430169600000000e+11
-4.630349414400000000e+11
-2.943846973440000000e+11
-4.257523630080000000e+11
2.070908600320000000e+11
2.280946728960000000e+11
-3.556203560960000000e+11
5.425877483520000000e+11
-5.555591577600000000e+10
1.792899481600000000e+11
-2.422263644160000000e+11
1.380931010560000000e+11
2.275050782720000000e+11
2.910908579840000000e+11
-3.447591731200000000e+10
-2.507830067200000000e+10
-7.695456665600000000e+11
-2.159902392320000000e+11
-6.214502809600000000e+10
-3.714268200960000000e+11
-1.070624931840000000e+11
-4.765135994880000000e+11
3.765853880320000000e+11
3.779343810560000000e+11
-3.564503695360000000e+11
-2.705522688000000000e+11
-2.765817118720000000e+11
2.907706490880000000e+11
-5.732078714880000000e+11
4.167480442880000000e+11
-2.423898112000000000e+10
1.112225218560000000e+11
1.561734184960000000e+11
8.483612262400000000e+10
7.253929164800000000e+10
3.733719613440000000e+11
2.378338795520000000e+11
1.185110016000000000e+11
-6.375619952640000000e+11
-1.582337228800000000e+11
2.084258611200000000e+11
-3.003347435520000000e+11
-1.670838353920000000e+11
-3.714334064640000000e+11
1.546499031040000000e+11
3.058399969280000000e+11
-1.545340518400000000e+11
-2.028965724160000000e+11
-3.450646036480000000e+11
1.096340439040000000e+11
2.253486325760000000e+11
-9.813905408000000000e+10
-5.671221985280000000e+11
-2.891068538880000000e+11
-5.034191749120000000e+11
-4.636105113600000000e+10
-4.419268771840000000e+11
-8.602800128000000000e+10
-4.180713799680000000e+11
-3.109399429120000000e+11
-6.718561976320000000e+11
-1.754989854720000000e+11
3.433037824000000000e+11
4.895049646080000000e+11
2.435854499840000000e+11
-1.728044728320000000e+11
2.766492794880000000e+11
7.064851578880000000e+11
5.227647795200000000e+10
2.366267719680000000e+11
-8.421113856000000000e+09
-6.544101376000000000e+10
2.621046784000000000e+10
-1.638760939520000000e+11
3.275832033280000000e+11
-4.719660892160000000e+11
-2.861123174400000000e+11
1.655583375360000000e+11
4.008428503040000000e+11
8.833805844480000000e+11
-1.957184798720000000e+11
-8.083849216000000000e+09
1.183875727360000000e+11
2.740313784320000000e+11
1.207407411200000000e+10
-5.518707916800000000e+10
1.439970426880000000e+11
-7.842607923200000000e+10
-1.949062266880000000e+11
-1.928153661440000000e+11
-4.352011796480000000e+11
-4.879751249920000000e+11
1.115901214720000000e+11
-4.039441121280000000e+11
-5.336686264320000000e+11
1.106183782400000000e+11
-3.981623951360000000e+11
3.573484093440000000e+11
1.586148311040000000e+11
-2.039432151040000000e+11
-2.395294597120000000e+11
1.080812175360000000e+11
2.068329267200000000e+11
1.648641638400000000e+10
-4.095993774080000000e+11
2.049143603200000000e+11
5.217373388800000000e+10
8.531063603200000000e+10
-3.947905843200000000e+10
5.799565066240000000e+11
1.897992847360000000e+11
-7.598748467200000000e+10
-2.240561807360000000e+11
1.088104038400000000e+10
-5.162985062400000000e+11
2.460788162560000000e+11
-3.979374755840000000e+11
-2.512706764800000000e+11
-2.878364057600000000e+11
1.294776156160000000e+11
3.818127360000000000e+09
4.570057932800000000e+11
3.833267814400000000e+10
-4.036298997760000000e+11
3.953265868800000000e+10
-2.824041267200000000e+10
-1.142193684480000000e+11
2.306934046720000000e+11
1.960456192000000000e+11
7.999493898240000000e+11
-5.406968381440000000e+11
-3.663421440000000000e+08
1.975088087040000000e+11
4.055708467200000000e+10
1.220280893440000000e+11
3.267117056000000000e+10
-3.571443630080000000e+11
-6.009879265280000000e+11
-3.215906570240000000e+11
3.769288622080000000e+11
2.541576519680000000e+11
1.280701235200000000e+11
-8.345882460160000000e+11
5.974895001600000000e+10
4.054201139200000000e+10
-4.668551987200000000e+10
-4.004413440000000000e+10
6.909728522240000000e+11
-1.833015869440000000e+11
7.664916889600000000e+10
4.922376192000000000e+10
-7.529222963200000000e+10
-7.299781754880000000e+11
-5.296663756800000000e+11
2.080670679040000000e+11
-2.501845483520000000e+11
-3.233671413760000000e+11
-4.875909857280000000e+11
-4.675916595200000000e+10
2.858768138240000000e+11
8.756466483200000000e+10
9.186684108800000000e+10
-4.411904491520000000e+11
3.880661811200000000e+11
-1.316443750400000000e+11
6.614004531200000000e+11
2.496231178240000000e+11
-5.047861248000000000e+09
5.276408217600000000e+10
-7.145984000000000000e+10
4.727218503680000000e+11
-1.421232537600000000e+10
7.942351749120000000e+11
2.880540508160000000e+11
-6.776596725760000000e+11
5.273573785600000000e+11
5.501248307200000000e+10
1.472742359040000000e+11
-3.082709237760000000e+11
-2.254308966400000000e+11
-1.689843138560000000e+11
8.296580710400000000e+10
-2.279427276800000000e+11
1.744372531200000000e+10
-6.741934080000000000e+10
1.430058270720000000e+11
3.220048445440000000e+11
1.756530278400000000e+11
-1.606577520640000000e+11
3.427927654400000000e+11
-3.917914112000000000e+11
-2.737019944960000000e+11
-1.641257205760000000e+11
2.352581181440000000e+11
3.756481904640000000e+11
-1.475443916800000000e+11
4.695759585280000000e+11
5.904813670400000000e+10
5.459718963200000000e+10
2.060537036800000000e+10
-9.879368499200000000e+10
7.089295851520000000e+11
7.452090368000000000e+10
-1.102922874880000000e+11
2.417987256320000000e+11
-1.987664281600000000e+10
2.404775034880000000e+11
-2.843074560000000000e+08
-4.784935731200000000e+11
-1.032155627520000000e+11
-3.061770485760000000e+11
-1.749670297600000000e+11
3.487842304000000000e+11
-3.882352640000000000e+11
3.050787635200000000e+10
3.307149721600000000e+10
-9.696270745600000000e+10
-8.144603054080000000e+11
3.449007636480000000e+11
5.534243880960000000e+11
-3.568600678400000000e+11
1.686208020480000000e+11
-7.840764723200000000e+10
-3.846136627200000000e+10
1.408553123840000000e+11
-2.348402606080000000e+11
-1.009767546880000000e+11
-2.394931200000000000e+11
-3.901783408640000000e+11
1.843095961600000000e+11
-1.322809344000000000e+11
-7.402668032000000000e+10
2.280563998720000000e+11
-4.102467092480000000e+11
5.929329623040000000e+11
3.493967626240000000e+11
1.530375372800000000e+11
-1.811969146880000000e+11
-3.174094602240000000e+11
-5.569934786560000000e+11
2.194554060800000000e+11
-9.376029081600000000e+10
4.639203000320000000e+11
5.303717068800000000e+10
-1.527513579520000000e+11
-3.245925335040000000e+11
-5.715324108800000000e+10
-8.688740761600000000e+10
-2.222838251520000000e+11
2.737487052800000000e+11
3.374845132800000000e+11
-1.603396894720000000e+11
8.471478272000000000e+10
-3.517916774400000000e+11
9.138536448000000000e+10
-4.597161328640000000e+11
2.718336286720000000e+11
1.859301867520000000e+11
-4.318207672320000000e+11
2.622557388800000000e+10
-5.850236190720000000e+11
-2.337326366720000000e+11
-3.970035875840000000e+11
-1.812543242240000000e+11
2.032233676800000000e+11
-4.131257057280000000e+11
-3.056616734720000000e+11
4.033942978560000000e+11
2.373969838080000000e+11
-1.414417940480000000e+11
1.955111731200000000e+10
6.542262272000000000e+10
2.718143938560000000e+11
-2.342028247040000000e+11
2.365774233600000000e+11
3.228196864000000000e+09
-2.448244572160000000e+11
-3.238121963520000000e+11
-8.126902272000000000e+10
-3.365643878400000000e+11
2.283874222080000000e+11
-1.922763489280000000e+11
3.720869969920000000e+11
-3.253985280000000000e+11
2.322015027200000000e+10
7.228183347200000000e+10
5.273848053760000000e+11
-4.016890183680000000e+11
4.889296568320000000e+11
3.331605790720000000e+11
1.793534525440000000e+11
4.898296299520000000e+11
1.725891543040000000e+11
-2.193753866240000000e+11
-2.615461969920000000e+11
-2.391228088320000000e+11
3.647391662080000000e+11
4.487135232000000000e+11
1.411389521920000000e+11
1.981251911680000000e+11
-3.517857464320000000e+11
-2.066848481280000000e+11
-3.981251706880000000e+11
-2.988228608000000000e+11
7.118482309120000000e+11
4.242123980800000000e+11
2.376260976640000000e+11
-1.917693132800000000e+11
3.839202426880000000e+11
4.667079720960000000e+11
-2.798620180480000000e+11
-3.915585617920000000e+11
1.555557416960000000e+11
-6.181645189120000000e+11
9.174935142400000000e+10
2.348931645440000000e+11
7.823442739200000000e+10
1.114741473280000000e+11
-3.758685224960000000e+11
6.199165583360000000e+11
-4.473773752320000000e+11
-1.188648960000000000e+10
3.109418434560000000e+11
-9.369563955200000000e+10
3.185807851520000000e+11
-2.921085665280000000e+11
-1.839653519360000000e+11
3.738863206400000000e+11
-1.120555663360000000e+11
-8.151403724800000000e+10
2.756135157760000000e+11
-1.706869719040000000e+11
-2.003878871040000000e+11
-3.452622274560000000e+11
-3.956953907200000000e+10
-3.884308234240000000e+11
2.667530977280000000e+11
-1.623778590720000000e+11
-6.817382400000000000e+07
-1.866631086080000000e+11
-3.224767692800000000e+11
1.018373488640000000e+11
-3.047641907200000000e+11
4.694544875520000000e+11
-2.459477606400000000e+11
-1.450937712640000000e+11
5.209158451200000000e+10
4.993861877760000000e+11
3.957029273600000000e+10
-4.798559846400000000e+10
-9.134322483200000000e+10
4.179954565120000000e+11
-1.731862528000000000e+11
-1.703335198720000000e+11
-3.117992509440000000e+11
2.162630000640000000e+11
7.163972812800000000e+10
-1.618893209600000000e+11
1.646259568640000000e+11
-2.480069017600000000e+11
-9.359812198400000000e+10
2.839793172480000000e+11
1.367614259200000000e+11
-3.373411205120000000e+11
1.840528424960000000e+11
-6.003110051840000000e+11
1.504351191040000000e+11
-1.907862732800000000e+11
1.395926958080000000e+11
2.215147929600000000e+11
-8.038563020800000000e+10
3.467993088000000000e+11
5.860383784960000000e+11
4.065596866560000000e+11
1.509595545600000000e+10
1.933618708480000000e+11
5.364897873920000000e+11
8.414481612800000000e+10
-1.450909532160000000e+11
-4.958451793920000000e+11
2.612808908800000000e+11
-1.548699893760000000e+11
2.769393418240000000e+11
-5.518382858240000000e+11
-6.365015572480000000e+11
2.979777740800000000e+11
2.000081059840000000e+11
3.402066165760000000e+11
-3.637150351360000000e+11
1.367836917760000000e+11
-3.076066508800000000e+11
4.173847920640000000e+11
-4.680918958080000000e+11
9.814158540800000000e+10
-1.983041536000000000e+10
2.058944184320000000e+11
-2.633439313920000000e+11
-7.547170979840000000e+11
-7.036526919680000000e+11
5.147529707520000000e+11
-2.617243074560000000e+11
-5.596891709440000000e+11
-8.318148608000000000e+10
-1.936673341440000000e+11
-5.687954636800000000e+10
7.280696524800000000e+10
4.595153960960000000e+11
-3.599479930880000000e+11
-1.894724403200000000e+11
-3.443842416640000000e+11
5.315338240000000000e+11
-2.787721216000000000e+10
-4.229389516800000000e+10
-1.462145515520000000e+11
3.108341350400000000e+11
-4.459814912000000000e+10
-3.934937415680000000e+11
3.751262289920000000e+11
-1.899315200000000000e+09
3.518682562560000000e+11
1.874097602560000000e+11
2.792731770880000000e+11
-5.222972784640000000e+11
9.396862976000000000e+10
-5.501720985600000000e+11
2.036539883520000000e+11
1.113227755520000000e+11
4.730215628800000000e+10
1.552016998400000000e+11
-3.105039646720000000e+11
1.735801569280000000e+11
-2.037952512000000000e+10
3.160370380800000000e+11
4.858243973120000000e+11
-7.938998272000000000e+10
4.405778841600000000e+10
1.025605632000000000e+10
-5.469630300160000000e+11
5.994399662080000000e+11
-4.741312020480000000e+11
-5.961840066560000000e+11
6.895490170880000000e+11
6.349834158080000000e+11
-4.746061414400000000e+11
2.593104691200000000e+10
-9.805053952000000000e+09
1.529278791680000000e+11
5.736144568320000000e+11
1.610344038400000000e+10
-2.103822090240000000e+11
2.002112675840000000e+11
-1.375580160000000000e+11
1.248176046080000000e+11
1.289386393600000000e+11
2.977521008640000000e+11
-3.285838725120000000e+11
-5.410188492800000000e+10
2.480258088960000000e+11
-3.063464263680000000e+11
-5.569565491200000000e+10
5.757616783360000000e+11
2.940614737920000000e+11
-2.156785336320000000e+11
6.668015370240000000e+11
-8.272196403200000000e+10
-3.633281433600000000e+10
-1.939202048000000000e+10
3.449888768000000000e+10
-2.375119503360000000e+11
2.857671065600000000e+11
1.693694525440000000e+11
7.206238945280000000e+11
-1.574880870400000000e+11
8.108323635200000000e+10
6.257098752000000000e+10
-2.621550755840000000e+11
1.619235635200000000e+11
4.639205621760000000e+11
-7.265159741440000000e+11
9.625116672000000000e+10
2.661946163200000000e+11
3.147977523200000000e+11
-8.208367616000000000e+09
-2.665134325760000000e+11
4.328715059200000000e+11
-6.107200880640000000e+11
-1.544464629760000000e+11
1.671327907840000000e+11
1.831892582400000000e+11
-3.775082496000000000e+10
2.990960803840000000e+11
-6.254931148800000000e+10
-4.734041784320000000e+11
-3.996327608320000000e+11
-2.652586311680000000e+11
3.850170204160000000e+11
2.145559838720000000e+11
2.842275020800000000e+11
-4.828834365440000000e+11
3.477032796160000000e+11
-2.078681825280000000e+11
-5.812174848000000000e+09
6.889902080000000000e+10
1.392046899200000000e+11
2.867832094720000000e+11
-3.851514675200000000e+10
5.766135152640000000e+11
-1.387360419840000000e+11
7.196798156800000000e+10
2.435617423360000000e+11
-2.117698519040000000e+11
-1.753198592000000000e+11
3.943252295680000000e+11
6.889285877760000000e+11
-4.182258483200000000e+10
-7.042854912000000000e+10
-3.583874170880000000e+11
-1.699360276480000000e+11
-3.827154944000000000e+09
2.697291038720000000e+11
2.101628764160000000e+11
3.108604313600000000e+10
1.157821071360000000e+11
-4.138857267200000000e+10
1.656402411520000000e+11
-6.140276899840000000e+11
-1.359369175040000000e+11
1.279411896320000000e+11
-1.275009597440000000e+11
-1.397730508800000000e+11
-3.925110784000000000e+10
-2.971071283200000000e+10
1.307754004480000000e+11
2.778591395840000000e+11
2.524498821120000000e+11
1.177049825280000000e+11
-3.876827299840000000e+11
1.731441786880000000e+11
5.404518318080000000e+11
3.893772615680000000e+11
1.047602954240000000e+11
3.783603404800000000e+10
-3.849728819200000000e+11
2.779684536320000000e+11
6.930490982400000000e+10
1.643906826240000000e+11
4.250029260800000000e+11
2.310024069120000000e+11
5.634002124800000000e+11
2.284975390720000000e+11
-5.267347865600000000e+10
5.088365117440000000e+11
-1.532774318080000000e+11
2.310898974720000000e+11
6.023306280960000000e+11
4.446865326080000000e+11
-3.606168862720000000e+11
2.098491392000000000e+11
-7.027583221760000000e+11
-1.113853132800000000e+10
-1.099489034240000000e+11
-1.984913408000000000e+11
-3.685820334080000000e+11
3.646472192000000000e+09
-5.948411740160000000e+11
7.969532805120000000e+11
-7.046750208000000000e+10
-4.057120768000000000e+10
-6.019189555200000000e+10
-5.078090711040000000e+11
8.150034841600000000e+10
-3.119040430080000000e+11
-5.124609146880000000e+11
1.262535229440000000e+11
-1.364624670720000000e+11
-2.274047754240000000e+11
-8.798159667200000000e+10
8.401705369600000000e+11
-4.829471539200000000e+10
7.028742553600000000e+10
-1.314048409600000000e+10
7.225198182400000000e+10
7.162329497600000000e+10
-6.487708057600000000e+10
-2.769460264960000000e+11
2.756302274560000000e+11
2.273313751040000000e+11
-2.554959953920000000e+11
-2.651978465280000000e+11
1.294383677440000000e+11
4.353968701440000000e+11
4.221618749440000000e+11
4.447087820800000000e+11
4.411010252800000000e+10
-4.204321177600000000e+11
1.770672947200000000e+10
-7.914759782400000000e+10
-2.870033776640000000e+11
-3.028170506240000000e+11
1.466181222400000000e+11
2.003697664000000000e+11
3.263870730240000000e+11
-5.552641146880000000e+11
-7.185914920960000000e+11
2.668497305600000000e+10
-2.140112486400000000e+10
2.856708669440000000e+11
-5.345846558720000000e+11
-3.054665728000000000e+11
-2.067606405120000000e+11
4.326000558080000000e+11
1.654205644800000000e+11
3.221698641920000000e+11
1.961534423040000000e+11
-1.311277056000000000e+11
5.316376657920000000e+11
2.663788544000000000e+09
4.347588771840000000e+11
-2.756542464000000000e+09
1.547803688960000000e+11
-5.930626580480000000e+11
4.153258803200000000e+11
1.909434122240000000e+11
1.850223820800000000e+11
-6.007694950400000000e+11
-8.104509440000000000e+10
2.521121587200000000e+10
2.295889592320000000e+11
-2.573895106560000000e+11
-1.236196474880000000e+11
-6.856325201920000000e+11
-1.180766044160000000e+11
1.244216033280000000e+11
-2.558010654720000000e+11
-2.881908899840000000e+11
4.215690690560000000e+11
2.850095104000000000e+11
-3.601275617280000000e+11
6.703441510400000000e+10
-2.832823091200000000e+11
7.668798259200000000e+10
7.360681738240000000e+11
-1.354762813440000000e+11
-2.471259340800000000e+11
-3.471663759360000000e+11
3.812981473280000000e+11
3.812034478080000000e+11
-5.248740884480000000e+11
2.108663398400000000e+11
-4.952114135040000000e+11
-2.443099996160000000e+11
7.115343462400000000e+10
-9.135300608000000000e+09
-2.840786370560000000e+11
1.940282736640000000e+11
-3.144100741120000000e+11
-2.410692608000000000e+10
9.072027238400000000e+10
6.249014886400000000e+11
-2.939268956160000000e+11
3.074144337920000000e+11
-8.526709391360000000e+11
2.435436216320000000e+11
-4.700473589760000000e+11
1.282240102400000000e+11
7.451652096000000000e+09
1.916505456640000000e+11
-1.149051535360000000e+11
1.678549319680000000e+11
1.030521487360000000e+11
-2.753060864000000000e+11
6.215501742080000000e+11
-4.282278215680000000e+11
-1.639286374400000000e+11
-5.257386065920000000e+11
-1.392374415360000000e+11
6.243083878400000000e+11
-2.181646417920000000e+11
-4.656141762560000000e+11
-1.391605350400000000e+10
1.014252994560000000e+11
-9.876281753600000000e+10
-3.719999324160000000e+11
-2.650484899840000000e+11
4.743339048960000000e+11
3.590119096320000000e+11
-7.715989913600000000e+10
-1.344382238720000000e+11
-1.894244352000000000e+11
-6.722872934400000000e+10
-3.581543383040000000e+11
-3.176169472000000000e+11
1.347366584320000000e+11
3.253304360960000000e+11
-3.721202565120000000e+11
2.599710228480000000e+11
-7.913447096320000000e+11
4.384348569600000000e+11
-2.026062807040000000e+11
-2.843513978880000000e+11
-3.990763929600000000e+11
-3.257286000640000000e+11
-1.760388382720000000e+11
3.637650063360000000e+11
5.286677708800000000e+10
5.975175331840000000e+11
1.736045199360000000e+11
-4.028841984000000000e+11
5.386489692160000000e+11
3.946594304000000000e+09
5.234237767680000000e+11
-1.114030080000000000e+11
3.149427179520000000e+11
4.851862077440000000e+11
3.832243814400000000e+10
-1.473393786880000000e+11
2.790969507840000000e+11
4.115025756160000000e+11
-5.651685703680000000e+11
1.635072901120000000e+11
3.110230753280000000e+11
-7.916052480000000000e+10
3.626136043520000000e+11
-3.008533954560000000e+11
2.287940730880000000e+11
1.884238970880000000e+11
1.014815866880000000e+11
-4.011914690560000000e+11
-2.189039697920000000e+11
-2.944551485440000000e+11
-4.573037363200000000e+10
3.549051944960000000e+11
5.438113710080000000e+11
-1.409449984000000000e+09
-2.665800663040000000e+11
-2.339094200320000000e+11
-1.464139448320000000e+11
-4.357361500160000000e+11
-1.872566353920000000e+11
1.021699031040000000e+11
3.836017049600000000e+11
-4.173643120640000000e+11
8.212436746240000000e+11
-2.235595161600000000e+11
-1.003608473600000000e+11
-1.821297377280000000e+11
6.984695808000000000e+10
3.867759411200000000e+11
-1.463924654080000000e+11
-9.929122119680000000e+11
1.020701327360000000e+11
-7.827905576960000000e+11
-5.554339020800000000e+10
6.241283276800000000e+10
-6.438483394560000000e+11
1.939615907840000000e+11
1.103795486720000000e+11
1.927272857600000000e+11
2.110231511040000000e+11
-2.932532183040000000e+11
-4.218732871680000000e+11
-3.953420861440000000e+11
3.464827699200000000e+11
-5.611055349760000000e+11
7.731603046400000000e+11
3.251784908800000000e+11
-8.022650060800000000e+10
-6.206794629120000000e+11
3.331581542400000000e+10
1.386985553920000000e+11
-2.875913994240000000e+11
4.156111257600000000e+10
4.384551731200000000e+10
-4.227737190400000000e+11
-1.277917134848000000e+12
-3.935219875840000000e+11
3.240155873280000000e+11
-1.075822182400000000e+11
3.269557452800000000e+10
-1.642219765760000000e+11
3.944352645120000000e+11
2.432255590400000000e+11
5.571692134400000000e+10
-2.573672775680000000e+11
-6.532930600960000000e+11
-2.144216678400000000e+11
-2.693321031680000000e+11
-1.541334958080000000e+11
-2.353839144960000000e+11
4.563517030400000000e+10
-1.970873958400000000e+10
5.339880488960000000e+11
-1.238629089280000000e+11
1.123736944640000000e+11
-2.660850728960000000e+11
-2.848652902400000000e+10
4.459511808000000000e+10
4.561247600640000000e+11
2.957358858240000000e+11
2.916319232000000000e+11
-7.449962086400000000e+11
-4.469682176000000000e+10
-3.949527040000000000e+11
5.788049408000000000e+10
3.789707264000000000e+10
-4.337934663680000000e+11
1.275779174400000000e+10
-1.360994304000000000e+10
1.217825669120000000e+11
1.052146728960000000e+11
3.063158374400000000e+10
-3.919137341440000000e+11
-2.959404236800000000e+10
-3.940981145600000000e+11
6.477746667520000000e+11
-4.318346936320000000e+11
1.778934251520000000e+11
8.503063347200000000e+11
-1.705102376960000000e+11
-6.112083968000000000e+10
1.094257213440000000e+11
-1.760630210560000000e+11
-2.884362240000000000e+10
3.789219102720000000e+11
2.838341550080000000e+11
-2.397434183680000000e+11
7.221988556800000000e+11
-1.282363883520000000e+11
6.536583577600000000e+11
-3.490535178240000000e+11
4.730680770560000000e+11
-3.281801216000000000e+10
1.501825761280000000e+11
3.586937323520000000e+11
-2.348904611840000000e+11
3.025420288000000000e+11
1.627443363840000000e+11
-2.606347386880000000e+11
-2.955917721600000000e+11
4.118384476160000000e+11
-2.161720197120000000e+11
-2.634665492480000000e+11
5.286621347840000000e+11
-1.298390384640000000e+11
2.094979153920000000e+11
1.370674380800000000e+11
-7.295397068800000000e+10
5.625914982400000000e+11
2.470073466880000000e+11
2.139999109120000000e+11
-4.928471040000000000e+10
-2.118864732160000000e+11
7.221526528000000000e+09
1.201643765760000000e+11
-3.515598110720000000e+11
-4.021600256000000000e+11
4.197393367040000000e+11
5.514498048000000000e+10
7.472580526080000000e+11
4.463357952000000000e+10
4.393288007680000000e+11
7.635701596160000000e+11
2.693835325440000000e+11
-1.921845002240000000e+11
-2.434052751360000000e+11
-1.156129669120000000e+11
3.602922864640000000e+11
2.698127974400000000e+10
-3.096224071680000000e+11
8.104878899200000000e+10
9.084769075200000000e+10
4.893411737600000000e+10
