1.607007272960000000e+11
-7.237661491200000000e+10
2.080492748800000000e+10
1.984660275200000000e+11
-4.013522288640000000e+11
-2.052968448000000000e+11
2.959012659200000000e+11
2.964440678400000000e+11
-3.277389496320000000e+11
1.067095654400000000e+10
-3.664205250560000000e+11
2.107488665600000000e+10
-2.358042951680000000e+11
-1.549244661760000000e+11
4.360010792960000000e+11
-4.201630269440000000e+11
1.289792880640000000e+11
-4.376983961600000000e+11
-6.839913676800000000e+10
1.054667571200000000e+11
1.889912750080000000e+11
-3.864060231680000000e+11
-1.202373918720000000e+11
7.129128960000000000e+09
1.561215139840000000e+11
-4.021586493440000000e+11
1.448528773120000000e+11
1.644102287360000000e+11
4.713389096960000000e+11
-2.993568972800000000e+10
-3.764507443200000000e+10
-4.237947699200000000e+11
4.090417315840000000e+11
-2.024746516480000000e+11
-3.169981890560000000e+11
-1.872017817600000000e+11
5.651232358400000000e+10
-3.438761738240000000e+11
-1.326944256000000000e+11
2.887591198720000000e+11
-9.538764800000000000e+09
-6.497611284480000000e+11
3.386336215040000000e+11
-2.634070425600000000e+10
2.314419240960000000e+11
2.615964467200000000e+10
2.672655564800000000e+11
-1.089130823680000000e+11
1.020927672320000000e+11
4.802932736000000000e+10
1.172490895360000000e+11
-2.654737367040000000e+11
5.768429568000000000e+11
-2.999778017280000000e+11
-1.128629043200000000e+10
6.146965504000000000e+09
3.297099776000000000e+11
-1.362798182400000000e+10
3.040903495680000000e+11
-3.536707584000000000e+10
2.095684976640000000e+11
-1.754926940160000000e+11
-8.442660454400000000e+10
3.092195573760000000e+11
3.948902154240000000e+11
-3.723347558400000000e+11
-1.694138368000000000e+09
2.386523422720000000e+11
-1.358166753280000000e+11
-4.058651033600000000e+10
-2.813254041600000000e+11
-4.023154114560000000e+11
-1.135221964800000000e+11
5.496035737600000000e+10
-8.343257088000000000e+11
-1.076757790720000000e+11
-3.806342021120000000e+11
1.720056217600000000e+10
1.033534423040000000e+11
-2.040253644800000000e+11
3.124841676800000000e+10
-1.014138306560000000e+11
6.254798438400000000e+11
7.865696256000000000e+10
4.155669544960000000e+11
-4.829503488000000000e+11
2.728081817600000000e+11
-3.115989729280000000e+11
-2.748016230400000000e+11
7.934815436800000000e+10
1.679079014400000000e+11
2.707240714240000000e+11
-5.054542643200000000e+11
5.075913932800000000e+10
3.809015889920000000e+11
3.646574755840000000e+11
-1.139255951360000000e+11
-1.116416245760000000e+11
-3.639001415680000000e+11
1.802404167680000000e+11
2.707324600320000000e+11
-1.636422778880000000e+11
-2.446467072000000000e+11
1.061847367680000000e+11
2.598313984000000000e+10
-1.413496832000000000e+09
-1.588699136000000000e+11
5.928047411200000000e+10
2.235965440000000000e+10
3.140960256000000000e+11
-3.504909844480000000e+11
-2.686933237760000000e+11
2.086839910400000000e+11
-1.454281523200000000e+10
6.766872166400000000e+10
4.997480775680000000e+11
-3.007351685120000000e+11
1.559548559360000000e+11
-1.003234017280000000e+11
4.538565263360000000e+11
9.328013312000000000e+10
-1.508881367040000000e+11
-3.255749017600000000e+10
3.255979212800000000e+11
-1.091927408640000000e+11
-1.014729359360000000e+11
1.901661880320000000e+11
4.300420710400000000e+10
-2.100056227840000000e+11
-4.123711242240000000e+11
-2.683602370560000000e+11
-3.921812848640000000e+11
1.859856138240000000e+11
1.985206681600000000e+11
-3.085795983360000000e+11
4.960105267200000000e+11
-4.438779494400000000e+10
1.603724247040000000e+11
-2.323560529920000000e+11
1.270158213120000000e+11
2.124585697280000000e+11
2.639567421440000000e+11
-2.620946022400000000e+10
-1.439969280000000000e+10
-6.965287321600000000e+11
-1.861625774080000000e+11
-5.338102169600000000e+10
-3.523983769600000000e+11
-1.056647168000000000e+11
-4.313331138560000000e+11
3.425844592640000000e+11
3.341184532480000000e+11
-3.306607083520000000e+11
-2.489003212800000000e+11
-2.565363138560000000e+11
2.553568624640000000e+11
-5.307309096960000000e+11
3.860645150720000000e+11
-2.597501337600000000e+10
1.077119877120000000e+11
1.461150515200000000e+11
6.760502067200000000e+10
5.760563609600000000e+10
3.398889635840000000e+11
1.900684410880000000e+11
1.026900951040000000e+11
-5.679484108800000000e+11
-1.657455902720000000e+11
1.808405299200000000e+11
-2.519744348160000000e+11
-1.504981319680000000e+11
-3.137328250880000000e+11
1.363672678400000000e+11
2.685036298240000000e+11
-1.458581340160000000e+11
-1.898722754560000000e+11
-3.058046402560000000e+11
9.907261440000000000e+10
1.873761239040000000e+11
-1.044224737280000000e+11
-5.076532920320000000e+11
-2.487740661760000000e+11
-4.481332019200000000e+11
-4.614501171200000000e+10
-3.977092136960000000e+11
-8.217846579200000000e+10
-3.808958218240000000e+11
-2.800455843840000000e+11
-6.144275906560000000e+11
-1.379856547840000000e+11
3.010492170240000000e+11
4.449728921600000000e+11
2.334624972800000000e+11
-1.556052049920000000e+11
2.430439915520000000e+11
6.304129351680000000e+11
5.159396966400000000e+10
2.230925721600000000e+11
1.202814976000000000e+09
-6.743635968000000000e+10
1.174271590400000000e+10
-1.444879400960000000e+11
3.100644802560000000e+11
-4.292419256320000000e+11
-2.625222410240000000e+11
1.438769152000000000e+11
3.572115701760000000e+11
7.934506434560000000e+11
-1.767876853760000000e+11
-6.820143104000000000e+09
1.145003130880000000e+11
2.597822627840000000e+11
1.504956416000000000e+10
-6.178615296000000000e+10
1.179320156160000000e+11
-7.240613888000000000e+10
-1.620552581120000000e+11
-1.715700531200000000e+11
-3.933561159680000000e+11
-4.352828375040000000e+11
1.061011210240000000e+11
-3.503596830720000000e+11
-4.759802347520000000e+11
9.244902195200000000e+10
-3.656991375360000000e+11
3.320458444800000000e+11
1.490570444800000000e+11
-1.950721638400000000e+11
-2.233456885760000000e+11
1.049005916160000000e+11
1.944801116160000000e+11
2.069124710400000000e+10
-3.589745213440000000e+11
1.690169835520000000e+11
3.696554803200000000e+10
8.678154240000000000e+10
-4.471387340800000000e+10
5.124828692480000000e+11
1.672513126400000000e+11
-6.924376473600000000e+10
-1.862229524480000000e+11
1.649406771200000000e+10
-4.588745523200000000e+11
2.239921848320000000e+11
-3.522493808640000000e+11
-2.229983150080000000e+11
-2.565395415040000000e+11
1.020566077440000000e+11
1.676732006400000000e+10
4.177050337280000000e+11
2.808323276800000000e+10
-3.726328463360000000e+11
3.685426790400000000e+10
-3.152229171200000000e+10
-1.025635205120000000e+11
2.329030000640000000e+11
1.826071183360000000e+11
7.142606110720000000e+11
-4.691538083840000000e+11
9.372704768000000000e+09
1.788847063040000000e+11
2.921412608000000000e+10
1.158760693760000000e+11
2.716781772800000000e+10
-3.393234206720000000e+11
-5.467503984640000000e+11
-2.974930698240000000e+11
3.406201815040000000e+11
2.342868418560000000e+11
1.179183513600000000e+11
-7.355913994240000000e+11
4.756725760000000000e+10
2.962676121600000000e+10
-3.878191923200000000e+10
-2.665629286400000000e+10
6.382308556800000000e+11
-1.613671301120000000e+11
5.681723801600000000e+10
4.799971328000000000e+10
-6.325605171200000000e+10
-6.485787279360000000e+11
-4.814938439680000000e+11
1.882654310400000000e+11
-2.347674173440000000e+11
-2.966317301760000000e+11
-4.327121879040000000e+11
-5.321837772800000000e+10
2.655994347520000000e+11
8.097325875200000000e+10
8.288201113600000000e+10
-4.171416535040000000e+11
3.422917754880000000e+11
-1.218608824320000000e+11
5.963728814080000000e+11
2.159796224000000000e+11
-1.530626867200000000e+10
4.070187827200000000e+10
-7.563197644800000000e+10
4.247046389760000000e+11
-2.512533913600000000e+10
7.197968302080000000e+11
2.735712174080000000e+11
-5.997414318080000000e+11
4.565800386560000000e+11
4.860135014400000000e+10
1.258942136320000000e+11
-2.722873999360000000e+11
-2.172209397760000000e+11
-1.442361835520000000e+11
6.918807552000000000e+10
-1.924710236160000000e+11
2.385955225600000000e+10
-5.839673753600000000e+10
1.262367129600000000e+11
3.036692480000000000e+11
1.609779773440000000e+11
-1.563676508160000000e+11
2.809211781120000000e+11
-3.540381532160000000e+11
-2.483906478080000000e+11
-1.394715361280000000e+11
2.146268610560000000e+11
3.250853969920000000e+11
-1.631309660160000000e+11
4.228996136960000000e+11
5.910397747200000000e+10
5.784236851200000000e+10
1.128772403200000000e+10
-1.133831290880000000e+11
6.511875850240000000e+11
4.428827852800000000e+10
-9.174379724800000000e+10
2.235160657920000000e+11
-5.622833152000000000e+09
2.116315873280000000e+11
-1.005399449600000000e+10
-4.227645440000000000e+11
-1.044396113920000000e+11
-2.771953254400000000e+11
-1.624985763840000000e+11
3.257089064960000000e+11
-3.516501196800000000e+11
2.281870131200000000e+10
1.197572096000000000e+10
-9.250009088000000000e+10
-7.158497280000000000e+11
3.238235996160000000e+11
4.860938813440000000e+11
-3.282823413760000000e+11
1.606299156480000000e+11
-7.836703129600000000e+10
-2.726392627200000000e+10
1.126401966080000000e+11
-2.179706060800000000e+11
-1.044219166720000000e+11
-2.019863920640000000e+11
-3.512548392960000000e+11
1.526576087040000000e+11
-1.442635448320000000e+11
-6.903462297600000000e+10
2.074643988480000000e+11
-3.662230323200000000e+11
5.600154091520000000e+11
3.157402910720000000e+11
1.483102617600000000e+11
-1.674809671680000000e+11
-2.957430620160000000e+11
-5.050456473600000000e+11
2.019953704960000000e+11
-8.045828505600000000e+10
4.173905920000000000e+11
4.384632012800000000e+10
-1.250524856320000000e+11
-2.859764940800000000e+11
-2.908544204800000000e+10
-8.107440537600000000e+10
-2.045598269440000000e+11
2.424153210880000000e+11
3.136096174080000000e+11
-1.516696371200000000e+11
7.748556390400000000e+10
-3.278814576640000000e+11
8.304767795200000000e+10
-4.068848762880000000e+11
2.576901406720000000e+11
1.565563617280000000e+11
-3.837789143040000000e+11
1.949230694400000000e+10
-5.277078650880000000e+11
-2.158964899840000000e+11
-3.546960363520000000e+11
-1.605551063040000000e+11
1.819365539840000000e+11
-3.720563261440000000e+11
-2.782843371520000000e+11
3.809573601280000000e+11
2.261692252160000000e+11
-1.460164198400000000e+11
2.981066342400000000e+10
7.384911052800000000e+10
2.436953210880000000e+11
-1.962943774720000000e+11
2.384977920000000000e+11
5.598298112000000000e+09
-2.246818529280000000e+11
-3.055821455360000000e+11
-6.668934348800000000e+10
-2.943517327360000000e+11
2.197503016960000000e+11
-1.552690216960000000e+11
3.463461928960000000e+11
-3.107440230400000000e+11
1.004498944000000000e+10
6.486002892800000000e+10
4.684982517760000000e+11
-3.571765411840000000e+11
4.175802531840000000e+11
2.968839782400000000e+11
1.774091141120000000e+11
4.454342656000000000e+11
1.536048496640000000e+11
-2.001952604160000000e+11
-2.321012326400000000e+11
-2.069511536640000000e+11
3.228619898880000000e+11
3.907930030080000000e+11
1.459316162560000000e+11
1.929643950080000000e+11
-3.221988311040000000e+11
-1.849705103360000000e+11
-3.397560238080000000e+11
-2.724908728320000000e+11
6.443487723520000000e+11
3.871988776960000000e+11
2.067193856000000000e+11
-1.676000133120000000e+11
3.319505223680000000e+11
4.279900569600000000e+11
-2.610130780160000000e+11
-3.559799848960000000e+11
1.300474757120000000e+11
-5.474086420480000000e+11
8.716925337600000000e+10
2.263478927360000000e+11
4.665333760000000000e+10
9.299607552000000000e+10
-3.377361059840000000e+11
5.446019973120000000e+11
-3.997429596160000000e+11
-2.519588044800000000e+10
2.784583680000000000e+11
-1.004285378560000000e+11
2.886160547840000000e+11
-2.576460185600000000e+11
-1.686949560320000000e+11
3.201052835840000000e+11
-8.959800115200000000e+10
-9.443522969600000000e+10
2.535998423040000000e+11
-1.539245178880000000e+11
-1.820997713920000000e+11
-3.152797368320000000e+11
-2.164200243200000000e+10
-3.533308559360000000e+11
2.426066534400000000e+11
-1.564895150080000000e+11
9.234292736000000000e+09
-1.644715540480000000e+11
-2.915598991360000000e+11
9.725977395200000000e+10
-2.670281359360000000e+11
4.194610380800000000e+11
-2.252143984640000000e+11
-1.237814558720000000e+11
4.968885452800000000e+10
4.540564111360000000e+11
2.709510144000000000e+10
-5.048411750400000000e+10
-7.042908979200000000e+10
3.591655915520000000e+11
-1.455360573440000000e+11
-1.655227678720000000e+11
-2.784306462720000000e+11
2.081173667840000000e+11
7.946279321600000000e+10
-1.458841354240000000e+11
1.473310720000000000e+11
-2.313963765760000000e+11
-7.837135667200000000e+10
2.504258846720000000e+11
1.297471979520000000e+11
-2.870295920640000000e+11
1.655171481600000000e+11
-5.537396817920000000e+11
1.386154885120000000e+11
-1.369072680960000000e+11
1.185579991040000000e+11
2.049718681600000000e+11
-7.440540467200000000e+10
3.168286146560000000e+11
5.074514739200000000e+11
3.579252244480000000e+11
3.754639360000000000e+09
1.797872025600000000e+11
4.689948835840000000e+11
7.641016729600000000e+10
-1.442874982400000000e+11
-4.526815969280000000e+11
2.440674672640000000e+11
-1.207817666560000000e+11
2.529262632960000000e+11
-4.934055362560000000e+11
-5.560267571200000000e+11
2.707888209920000000e+11
1.516956876800000000e+11
2.863153479680000000e+11
-3.223224975360000000e+11
1.293045923840000000e+11
-2.960350248960000000e+11
3.677569351680000000e+11
-4.382008934400000000e+11
1.136821698560000000e+11
-2.077827072000000000e+10
1.781261434880000000e+11
-2.417643356160000000e+11
-6.946492252160000000e+11
-6.353015930880000000e+11
4.650367385600000000e+11
-2.315146362880000000e+11
-5.135842017280000000e+11
-8.192255590400000000e+10
-1.905940889600000000e+11
-6.466992537600000000e+10
5.614315110400000000e+10
4.245583953920000000e+11
-3.027793674240000000e+11
-1.689797591040000000e+11
-3.243746263040000000e+11
4.804166615040000000e+11
-2.802538905600000000e+10
-3.974185779200000000e+10
-1.233005445120000000e+11
2.847538216960000000e+11
-6.794675814400000000e+10
-3.565794426880000000e+11
3.359720079360000000e+11
1.020870656000000000e+10
3.177428746240000000e+11
1.561330647040000000e+11
2.439309721600000000e+11
-4.633855262720000000e+11
7.047412121600000000e+10
-4.967388282880000000e+11
1.779691028480000000e+11
1.056179159040000000e+11
4.224292454400000000e+10
1.366747054080000000e+11
-2.770944000000000000e+11
1.596635217920000000e+11
-2.243597107200000000e+10
2.748581969920000000e+11
4.398359511040000000e+11
-7.573207449600000000e+10
2.520827494400000000e+10
1.437240524800000000e+10
-4.804500193280000000e+11
5.283366830080000000e+11
-4.208346726400000000e+11
-5.477107957760000000e+11
6.106611712000000000e+11
5.681827020800000000e+11
-4.308921221120000000e+11
1.541729484800000000e+10
5.038030848000000000e+09
1.350214696960000000e+11
5.071693414400000000e+11
2.677704294400000000e+10
-1.876987412480000000e+11
1.787090042880000000e+11
-1.147060879360000000e+11
1.108786626560000000e+11
1.196271861760000000e+11
2.562934702080000000e+11
-2.745569280000000000e+11
-4.879868723200000000e+10
2.127857254400000000e+11
-2.794474700800000000e+11
-6.118514688000000000e+10
5.249025310720000000e+11
2.609282088960000000e+11
-1.925717852160000000e+11
6.053248368640000000e+11
-6.977486028800000000e+10
-3.976111718400000000e+10
-1.162874060800000000e+10
3.448677990400000000e+10
-2.170584104960000000e+11
2.590102159360000000e+11
1.404163194880000000e+11
6.493829201920000000e+11
-1.380479139840000000e+11
7.181266124800000000e+10
6.069701836800000000e+10
-2.457588203520000000e+11
1.407744737280000000e+11
4.167353630720000000e+11
-6.588714188800000000e+11
7.652093132800000000e+10
2.352384901120000000e+11
2.808775639040000000e+11
-8.395603968000000000e+09
-2.437248778240000000e+11
3.800919572480000000e+11
-5.510785925120000000e+11
-1.388744867840000000e+11
1.581410549760000000e+11
1.608361246720000000e+11
-4.591353856000000000e+10
2.568061911040000000e+11
-6.402351104000000000e+10
-4.194615623680000000e+11
-3.606112829440000000e+11
-2.189453230080000000e+11
3.445891727360000000e+11
1.898001530880000000e+11
2.408820572160000000e+11
-4.370500485120000000e+11
3.341805158400000000e+11
-1.908030504960000000e+11
6.042238976000000000e+09
4.477696819200000000e+10
1.182062264320000000e+11
2.549775400960000000e+11
-3.988733952000000000e+10
5.049658900480000000e+11
-1.333711667200000000e+11
6.944723763200000000e+10
2.286722744320000000e+11
-1.769639444480000000e+11
-1.597639229440000000e+11
3.670319104000000000e+11
6.299593605120000000e+11
-4.021882060800000000e+10
-5.266126438400000000e+10
-3.225865093120000000e+11
-1.636686233600000000e+11
-2.242437120000000000e+09
2.393066209280000000e+11
1.873667358720000000e+11
6.575882240000000000e+09
1.170488524800000000e+11
-3.552937574400000000e+10
1.528457134080000000e+11
-5.386862919680000000e+11
-1.308831744000000000e+11
9.374558617600000000e+10
-1.131606179840000000e+11
-1.156158914560000000e+11
-3.458494464000000000e+10
-2.721265254400000000e+10
1.155792240640000000e+11
2.345072394240000000e+11
2.189520896000000000e+11
1.117601464320000000e+11
-3.497350266880000000e+11
1.527963320320000000e+11
4.707022274560000000e+11
3.587028746240000000e+11
7.326042521600000000e+10
2.198240460800000000e+10
-3.591105413120000000e+11
2.401118453760000000e+11
6.379858329600000000e+10
1.566806835200000000e+11
3.896921292800000000e+11
1.984018022400000000e+11
5.083563622400000000e+11
2.062079754240000000e+11
-5.109409382400000000e+10
4.481574502400000000e+11
-1.408776601600000000e+11
2.125148323840000000e+11
5.393105551360000000e+11
3.888269885440000000e+11
-3.391702302720000000e+11
2.078069063680000000e+11
-6.132457799680000000e+11
4.947492864000000000e+09
-1.051788001280000000e+11
-1.680412835840000000e+11
-3.483970109440000000e+11
3.196878848000000000e+09
-5.305048760320000000e+11
7.180613058560000000e+11
-6.493805772800000000e+10
-3.696317235200000000e+10
-3.804322611200000000e+10
-4.591251947520000000e+11
7.980491571200000000e+10
-2.913568686080000000e+11
-4.598388817920000000e+11
1.178633502720000000e+11
-1.188080189440000000e+11
-2.077101260800000000e+11
-8.041280307200000000e+10
7.479259955200000000e+11
-3.164192768000000000e+10
5.507497164800000000e+10
-1.269766553600000000e+10
6.428275507200000000e+10
5.677857177600000000e+10
-6.278324224000000000e+10
-2.587260846080000000e+11
2.392697733120000000e+11
1.956253532160000000e+11
-2.188561940480000000e+11
-2.348783697920000000e+11
1.249495613440000000e+11
3.940854333440000000e+11
3.808599080960000000e+11
4.099716874240000000e+11
3.621149900800000000e+10
-3.983061811200000000e+11
1.065720217600000000e+10
-8.024598937600000000e+10
-2.633561702400000000e+11
-2.762660904960000000e+11
1.304464015360000000e+11
1.777655152640000000e+11
2.959980298240000000e+11
-4.907789189120000000e+11
-6.537818275840000000e+11
2.621664460800000000e+10
-1.802149888000000000e+10
2.698876518400000000e+11
-4.786747146240000000e+11
-2.934032302080000000e+11
-1.869766656000000000e+11
3.828621639680000000e+11
1.512507965440000000e+11
3.027299860480000000e+11
2.006562242560000000e+11
-1.358255390720000000e+11
4.770714746880000000e+11
-3.583012864000000000e+09
3.772423208960000000e+11
-9.024667648000000000e+09
1.373911531520000000e+11
-5.202519982080000000e+11
3.537448468480000000e+11
1.628246016000000000e+11
1.630197350400000000e+11
-5.458989547520000000e+11
-6.105953075200000000e+10
4.328631500800000000e+10
2.102604759040000000e+11
-2.276051189760000000e+11
-1.131163484160000000e+11
-6.161866424320000000e+11
-1.032943206400000000e+11
1.089944289280000000e+11
-2.298052444160000000e+11
-2.522124124160000000e+11
3.737321799680000000e+11
2.681083494400000000e+11
-3.237785763840000000e+11
7.108064870400000000e+10
-2.728672624640000000e+11
5.089264025600000000e+10
6.504302510080000000e+11
-1.282960916480000000e+11
-1.995388354560000000e+11
-3.077722275840000000e+11
3.521365934080000000e+11
3.471507456000000000e+11
-4.689465835520000000e+11
1.888916602880000000e+11
-4.651648614400000000e+11
-2.211488890880000000e+11
7.663370240000000000e+10
4.268539904000000000e+09
-2.555482603520000000e+11
1.888155566080000000e+11
-2.891427348480000000e+11
-1.744561766400000000e+10
8.778345676800000000e+10
5.571645931520000000e+11
-2.639904931840000000e+11
2.708412661760000000e+11
-7.757714554880000000e+11
2.099242106880000000e+11
-4.110773780480000000e+11
1.218172518400000000e+11
1.192943616000000000e+10
1.802355343360000000e+11
-1.222832128000000000e+11
1.536988282880000000e+11
1.005666631680000000e+11
-2.429088890880000000e+11
5.661340467200000000e+11
-3.961176064000000000e+11
-1.529498337280000000e+11
-4.615836139520000000e+11
-1.225467330560000000e+11
5.598960680960000000e+11
-1.864090910720000000e+11
-4.177288232960000000e+11
-1.734799360000000000e+10
7.357985587200000000e+10
-1.045959147520000000e+11
-3.484199813120000000e+11
-2.415990538240000000e+11
4.328934932480000000e+11
3.224850268160000000e+11
-9.096931737600000000e+10
-1.018668974080000000e+11
-1.760273039360000000e+11
-7.092545126400000000e+10
-3.151987998720000000e+11
-2.845332602880000000e+11
1.191176765440000000e+11
3.008594903040000000e+11
-3.337540075520000000e+11
2.354508103680000000e+11
-7.061789081600000000e+11
3.974369771520000000e+11
-1.751414210560000000e+11
-2.513050664960000000e+11
-3.624929525760000000e+11
-2.782496030720000000e+11
-1.660190556160000000e+11
3.406224097280000000e+11
4.621932953600000000e+10
5.216993935360000000e+11
1.760752762880000000e+11
-3.695788687360000000e+11
4.847587819520000000e+11
9.344892928000000000e+09
4.658726830080000000e+11
-1.075051888640000000e+11
2.846429675520000000e+11
4.323464314880000000e+11
3.691538022400000000e+10
-1.338633093120000000e+11
2.265293291520000000e+11
3.885849640960000000e+11
-5.026317598720000000e+11
1.476474961920000000e+11
2.867734118400000000e+11
-7.140927078400000000e+10
3.318301982720000000e+11
-2.475259822080000000e+11
2.023129907200000000e+11
1.760164249600000000e+11
9.596822323200000000e+10
-3.531666554880000000e+11
-1.977695600640000000e+11
-2.686749245440000000e+11
-4.541802086400000000e+10
3.251214090240000000e+11
4.867744727040000000e+11
-1.926984499200000000e+10
-2.508514918400000000e+11
-1.877231861760000000e+11
-1.634867281920000000e+11
-3.831467212800000000e+11
-1.677738639360000000e+11
8.240570368000000000e+10
3.377430200320000000e+11
-3.728675635200000000e+11
7.309223526400000000e+11
-2.052644208640000000e+11
-9.628847308800000000e+10
-1.709973831680000000e+11
6.361586073600000000e+10
3.567694970880000000e+11
-1.311601459200000000e+11
-8.828831662080000000e+11
6.536055193600000000e+10
-6.944634306560000000e+11
-3.348398899200000000e+10
7.729074995200000000e+10
-5.808586752000000000e+11
1.670089441280000000e+11
1.208781701120000000e+11
1.724298854400000000e+11
1.924410736640000000e+11
-2.582453780480000000e+11
-3.822067384320000000e+11
-3.494926745600000000e+11
3.149616578560000000e+11
-4.928237076480000000e+11
6.730547200000000000e+11
2.897750917120000000e+11
-8.247902208000000000e+10
-5.490602475520000000e+11
3.225649152000000000e+10
1.338752450560000000e+11
-2.587455488000000000e+11
3.344261120000000000e+10
2.967689625600000000e+10
-3.690394419200000000e+11
-1.152154337280000000e+12
-3.400163655680000000e+11
2.934839377920000000e+11
-1.011591331840000000e+11
4.184175820800000000e+10
-1.408514129920000000e+11
3.449675120640000000e+11
2.377283338240000000e+11
4.986658816000000000e+10
-2.330796687360000000e+11
-5.874037555200000000e+11
-1.823209553920000000e+11
-2.238427955200000000e+11
-1.300119715840000000e+11
-2.085009489920000000e+11
6.095061811200000000e+10
-1.898196172800000000e+10
4.839265730560000000e+11
-1.093300715520000000e+11
1.016343429120000000e+11
-2.419072204800000000e+11
-1.918574182400000000e+10
3.708202188800000000e+10
4.107110318080000000e+11
2.692217733120000000e+11
2.558359961600000000e+11
-6.772198604800000000e+11
-6.732307660800000000e+10
-3.716122214400000000e+11
6.561289830400000000e+10
4.382612275200000000e+10
-3.742575493120000000e+11
9.912190976000000000e+09
-1.356351078400000000e+10
1.164200919040000000e+11
1.042526126080000000e+11
3.005261414400000000e+10
-3.722993664000000000e+11
-2.877926604800000000e+10
-3.686468812800000000e+11
5.773758300160000000e+11
-3.908416307200000000e+11
1.672325365760000000e+11
7.618197585920000000e+11
-1.603255173120000000e+11
-6.479034777600000000e+10
1.036920094720000000e+11
-1.486113341440000000e+11
-2.658579251200000000e+10
3.252463861760000000e+11
2.527155814400000000e+11
-2.205121413120000000e+11
6.589382000640000000e+11
-1.170598461440000000e+11
5.894452674560000000e+11
-3.315618283520000000e+11
4.139154145280000000e+11
-2.031107686400000000e+10
1.420863733760000000e+11
3.164246179840000000e+11
-2.162352128000000000e+11
2.757406556160000000e+11
1.602195456000000000e+11
-2.383434547200000000e+11
-2.736021176320000000e+11
3.570327552000000000e+11
-1.892142940160000000e+11
-2.292677017600000000e+11
4.896594984960000000e+11
-1.076944404480000000e+11
1.875202375680000000e+11
1.215501271040000000e+11
-9.044753612800000000e+10
5.025422376960000000e+11
2.181515182080000000e+11
1.895560970240000000e+11
-3.613651763200000000e+10
-1.861113282560000000e+11
-6.322057216000000000e+09
1.052032614400000000e+11
-3.081794027520000000e+11
-3.488618577920000000e+11
3.713324154880000000e+11
5.974697164800000000e+10
6.651775549440000000e+11
4.233280307200000000e+10
3.975950172160000000e+11
6.860874711040000000e+11
2.369441464320000000e+11
-1.791280906240000000e+11
-2.184525250560000000e+11
-9.282192179200000000e+10
3.242982768640000000e+11
2.083099852800000000e+10
-2.967802347520000000e+11
8.728112332800000000e+10
7.611888435200000000e+10
2.515944243200000000e+10
