1.722051133440000000e+11
-9.067523276800000000e+10
2.783177932800000000e+10
1.990241976320000000e+11
-4.140212879360000000e+11
-2.207565086720000000e+11
2.972274851840000000e+11
3.373121863680000000e+11
-3.476265369600000000e+11
2.091521228800000000e+10
-3.782642892800000000e+11
2.485233254400000000e+10
-2.647401758720000000e+11
-1.440024166400000000e+11
4.359855472640000000e+11
-4.450729656320000000e+11
1.517689896960000000e+11
-4.878095810560000000e+11
-5.058345369600000000e+10
1.418380902400000000e+11
2.079829196800000000e+11
-4.149082193920000000e+11
-1.442295152640000000e+11
1.079368089600000000e+10
1.572888903680000000e+11
-4.025700188160000000e+11
1.358735605760000000e+11
1.574233374720000000e+11
5.230700462080000000e+11
-2.705335910400000000e+10
-2.905314099200000000e+10
-4.425590702080000000e+11
4.194102149120000000e+11
-2.165025669120000000e+11
-3.370147840000000000e+11
-2.130621235200000000e+11
6.670208204800000000e+10
-3.756750274560000000e+11
-1.345661009920000000e+11
2.975300976640000000e+11
2.611838976000000000e+09
-6.871692738560000000e+11
3.665430773760000000e+11
-4.122765721600000000e+10
2.645452718080000000e+11
1.341284352000000000e+10
2.670284800000000000e+11
-1.250809282560000000e+11
1.309941186560000000e+11
5.316041113600000000e+10
1.333716992000000000e+11
-2.749655613440000000e+11
6.438135398400000000e+11
-3.058866585600000000e+11
-1.745263001600000000e+10
-2.149575884800000000e+10
3.600697589760000000e+11
-3.023934259200000000e+10
3.031429283840000000e+11
-3.486264115200000000e+10
2.237302374400000000e+11
-2.037300101120000000e+11
-5.953124761600000000e+10
3.228969205760000000e+11
4.173375406080000000e+11
-4.038613401600000000e+11
6.818922496000000000e+09
2.714805698560000000e+11
-1.500917596160000000e+11
-3.290434764800000000e+10
-3.145112289280000000e+11
-4.266172743680000000e+11
-1.060825333760000000e+11
7.008914636800000000e+10
-8.794274529280000000e+11
-1.287383285760000000e+11
-3.911330693120000000e+11
-2.675036160000000000e+09
1.082933657600000000e+11
-2.204333178880000000e+11
2.742776627200000000e+10
-9.048845516800000000e+10
6.522973061120000000e+11
8.768848691200000000e+10
4.263874396160000000e+11
-5.276525199360000000e+11
2.986100654080000000e+11
-3.205537792000000000e+11
-2.893174538240000000e+11
8.894955520000000000e+10
2.037638758400000000e+11
2.914395422720000000e+11
-5.446925025280000000e+11
4.415191449600000000e+10
3.907154083840000000e+11
3.760162734080000000e+11
-1.285630361600000000e+11
-1.169802526720000000e+11
-3.630786150400000000e+11
1.850638827520000000e+11
2.793094512640000000e+11
-1.582741258240000000e+11
-2.606641479680000000e+11
1.058745221120000000e+11
3.824946380800000000e+10
-3.709100032000000000e+09
-1.584897392640000000e+11
5.910819635200000000e+10
2.817200947200000000e+10
3.416355635200000000e+11
-3.748714905600000000e+11
-2.893204684800000000e+11
2.304157614080000000e+11
-3.484033024000000000e+10
6.362711654400000000e+10
5.317762744320000000e+11
-2.965549547520000000e+11
1.684907130880000000e+11
-1.132325601280000000e+11
4.709890457600000000e+11
8.396287180800000000e+10
-1.471162613760000000e+11
-3.597447168000000000e+10
3.662414479360000000e+11
-1.264831119360000000e+11
-1.122144747520000000e+11
2.040053596160000000e+11
4.404268646400000000e+10
-2.294896721920000000e+11
-4.211335168000000000e+11
-2.641357701120000000e+11
-3.791497461760000000e+11
1.842563317760000000e+11
2.164629176320000000e+11
-3.367558840320000000e+11
5.163195432960000000e+11
-5.063770112000000000e+10
1.758051860480000000e+11
-2.338293350400000000e+11
1.346935111680000000e+11
2.053826478080000000e+11
2.642081710080000000e+11
-3.661651148800000000e+10
-1.229792051200000000e+10
-7.321885736960000000e+11
-1.986000158720000000e+11
-4.554994483200000000e+10
-3.583031377920000000e+11
-1.135604121600000000e+11
-4.493658030080000000e+11
3.445671526400000000e+11
3.593263513600000000e+11
-3.388383887360000000e+11
-2.682592296960000000e+11
-2.581347041280000000e+11
2.803142819840000000e+11
-5.411017195520000000e+11
4.003864576000000000e+11
-3.039818547200000000e+10
9.267016499200000000e+10
1.606923386880000000e+11
1.025126563840000000e+11
6.925393920000000000e+10
3.611718451200000000e+11
2.076403138560000000e+11
1.159049707520000000e+11
-5.997620101120000000e+11
-1.661780295680000000e+11
1.972992737280000000e+11
-2.827401297920000000e+11
-1.625348505600000000e+11
-3.456389611520000000e+11
1.516394577920000000e+11
2.954580131840000000e+11
-1.609783377920000000e+11
-1.843666944000000000e+11
-3.194771210240000000e+11
1.114664468480000000e+11
2.163402178560000000e+11
-9.239515955200000000e+10
-5.395440599040000000e+11
-2.702551777280000000e+11
-4.716888719360000000e+11
-3.282737561600000000e+10
-4.114818007040000000e+11
-8.716925337600000000e+10
-3.937098137600000000e+11
-2.883472588800000000e+11
-6.638525480960000000e+11
-1.595181301760000000e+11
3.254264791040000000e+11
4.622558167040000000e+11
2.290315755520000000e+11
-1.721540444160000000e+11
2.504294072320000000e+11
6.613999943680000000e+11
5.098902323200000000e+10
2.182918307840000000e+11
1.663968870400000000e+10
-7.567130624000000000e+10
2.727583744000000000e+10
-1.402684538880000000e+11
3.067117568000000000e+11
-4.358735134720000000e+11
-2.470159319040000000e+11
1.627864760320000000e+11
3.648408453120000000e+11
8.352495042560000000e+11
-1.856099123200000000e+11
5.778112512000000000e+09
1.311364710400000000e+11
2.792388689920000000e+11
3.076633395200000000e+10
-5.762073395200000000e+10
1.227249745920000000e+11
-7.427969024000000000e+10
-1.736959918080000000e+11
-1.830313984000000000e+11
-4.122127237120000000e+11
-4.607640207360000000e+11
1.042249482240000000e+11
-3.915826790400000000e+11
-4.837539184640000000e+11
8.847132262400000000e+10
-3.822766325760000000e+11
3.569029611520000000e+11
1.438294999040000000e+11
-1.834618880000000000e+11
-2.241732280320000000e+11
1.028058972160000000e+11
2.015053086720000000e+11
5.002649600000000000e+09
-3.745008189440000000e+11
1.904598056960000000e+11
4.579701555200000000e+10
8.842806886400000000e+10
-5.241216204800000000e+10
5.534112808960000000e+11
1.718533652480000000e+11
-8.577590886400000000e+10
-2.081430896640000000e+11
1.812810956800000000e+10
-5.057027112960000000e+11
2.434255749120000000e+11
-3.861843476480000000e+11
-2.400266813440000000e+11
-2.707066880000000000e+11
1.222711705600000000e+11
-4.663738368000000000e+09
4.457368125440000000e+11
4.016735027200000000e+10
-3.808499793920000000e+11
2.547911884800000000e+10
-2.339931750400000000e+10
-9.425197465600000000e+10
2.319854469120000000e+11
1.974413885440000000e+11
7.607489658880000000e+11
-5.147612938240000000e+11
1.280396492800000000e+10
1.940745256960000000e+11
2.335659212800000000e+10
1.328018554880000000e+11
2.845822156800000000e+10
-3.364121149440000000e+11
-5.785497763840000000e+11
-3.106878914560000000e+11
3.424555827200000000e+11
2.535613399040000000e+11
1.240083824640000000e+11
-7.855429386240000000e+11
6.735560704000000000e+10
4.437573632000000000e+10
-3.791229747200000000e+10
-3.174216499200000000e+10
6.586965688320000000e+11
-1.782281502720000000e+11
6.290256691200000000e+10
4.985103974400000000e+10
-7.048083046400000000e+10
-6.782202675200000000e+11
-5.045034680320000000e+11
2.133977006080000000e+11
-2.610762219520000000e+11
-2.953457827840000000e+11
-4.464021012480000000e+11
-6.108433612800000000e+10
2.623870238720000000e+11
7.227215052800000000e+10
8.957307289600000000e+10
-4.210636554240000000e+11
3.723412766720000000e+11
-1.406804623360000000e+11
6.235603599360000000e+11
2.550625075200000000e+11
-2.300008857600000000e+10
4.714842521600000000e+10
-5.844565196800000000e+10
4.409630392320000000e+11
-1.717270937600000000e+10
7.584097894400000000e+11
2.745636618240000000e+11
-6.442571530240000000e+11
4.951194337280000000e+11
6.968470732800000000e+10
1.355620843520000000e+11
-2.771435192320000000e+11
-2.072064491520000000e+11
-1.599625134080000000e+11
8.736936755200000000e+10
-2.096605757440000000e+11
1.315547545600000000e+10
-5.818276249600000000e+10
1.124555325440000000e+11
3.034930872320000000e+11
1.667042508800000000e+11
-1.546339778560000000e+11
3.170686730240000000e+11
-3.581689528320000000e+11
-2.510203781120000000e+11
-1.452263014400000000e+11
2.209017856000000000e+11
3.586748579840000000e+11
-1.422588968960000000e+11
4.373747466240000000e+11
4.904877260800000000e+10
5.270047948800000000e+10
3.570417664000000000e+09
-1.025856471040000000e+11
6.818255339520000000e+11
6.633101721600000000e+10
-1.086003691520000000e+11
2.286171258880000000e+11
-1.990306201600000000e+10
2.341056839680000000e+11
-8.507744256000000000e+09
-4.505889013760000000e+11
-9.129466265600000000e+10
-2.849328660480000000e+11
-1.920540835840000000e+11
3.313652858880000000e+11
-3.628875120640000000e+11
3.333129830400000000e+10
1.820051046400000000e+10
-1.075258654720000000e+11
-7.623340851200000000e+11
3.345630494720000000e+11
5.384358461440000000e+11
-3.450827243520000000e+11
1.634406236160000000e+11
-8.939325849600000000e+10
-4.005891276800000000e+10
1.328269885440000000e+11
-2.221269155840000000e+11
-8.421258035200000000e+10
-2.415874703360000000e+11
-3.830483517440000000e+11
1.666996142080000000e+11
-1.340889825280000000e+11
-6.891593728000000000e+10
2.248080424960000000e+11
-3.854058782720000000e+11
5.879637606400000000e+11
3.362920857600000000e+11
1.613753384960000000e+11
-1.806538178560000000e+11
-2.964052377600000000e+11
-5.350234849280000000e+11
2.086984089600000000e+11
-9.560565350400000000e+10
4.225023344640000000e+11
7.107533209600000000e+10
-1.312538787840000000e+11
-3.054659174400000000e+11
-4.265226240000000000e+10
-7.393218560000000000e+10
-2.085138595840000000e+11
2.452328120320000000e+11
3.175383695360000000e+11
-1.480719237120000000e+11
6.819830169600000000e+10
-3.429495603200000000e+11
6.633280307200000000e+10
-4.463945646080000000e+11
2.601184624640000000e+11
1.704257781760000000e+11
-4.092007546880000000e+11
3.063988224000000000e+10
-5.534174412800000000e+11
-2.363227832320000000e+11
-3.724780503040000000e+11
-1.673037742080000000e+11
1.917410836480000000e+11
-3.997016719360000000e+11
-2.941631201280000000e+11
3.684513873920000000e+11
2.453935226880000000e+11
-1.337543720960000000e+11
7.036887040000000000e+09
8.938102784000000000e+10
2.335406817280000000e+11
-2.444079759360000000e+11
2.306347171840000000e+11
6.768082944000000000e+09
-2.462148689920000000e+11
-3.065770803200000000e+11
-7.093834547200000000e+10
-3.225703546880000000e+11
2.297416417280000000e+11
-1.881812172800000000e+11
3.582411735040000000e+11
-3.119754117120000000e+11
1.180855091200000000e+10
7.003963392000000000e+10
5.115443281920000000e+11
-3.551455150080000000e+11
4.683015454720000000e+11
3.259950694400000000e+11
1.689279201280000000e+11
4.815319859200000000e+11
1.677081804800000000e+11
-1.994337812480000000e+11
-2.317949009920000000e+11
-2.174004428800000000e+11
3.235773808640000000e+11
4.430207385600000000e+11
1.371159592960000000e+11
2.088804679680000000e+11
-3.403805818880000000e+11
-1.886654627840000000e+11
-3.615204311040000000e+11
-3.013979668480000000e+11
6.825863413760000000e+11
4.219048099840000000e+11
2.250571448320000000e+11
-1.877433548800000000e+11
3.625258844160000000e+11
4.479476039680000000e+11
-2.742586736640000000e+11
-3.621180211200000000e+11
1.457055662080000000e+11
-5.742379663360000000e+11
7.745525350400000000e+10
2.379841372160000000e+11
6.322242355200000000e+10
9.156984832000000000e+10
-3.453205217280000000e+11
6.019655270400000000e+11
-4.191210373120000000e+11
-3.247025356800000000e+10
3.071097569280000000e+11
-8.370716672000000000e+10
3.034557644800000000e+11
-2.865044520960000000e+11
-1.626638745600000000e+11
3.422458347520000000e+11
-1.327981281280000000e+11
-8.729164185600000000e+10
2.828077629440000000e+11
-1.636050370560000000e+11
-1.672492810240000000e+11
-3.138656665600000000e+11
-4.396833177600000000e+10
-3.714888499200000000e+11
2.674215649280000000e+11
-1.684710686720000000e+11
1.196322816000000000e+09
-1.791715573760000000e+11
-3.203505192960000000e+11
8.763088076800000000e+10
-2.883451617280000000e+11
4.423075758080000000e+11
-2.476371476480000000e+11
-1.420159713280000000e+11
4.635566080000000000e+10
4.818130370560000000e+11
3.495699660800000000e+10
-6.477569228800000000e+10
-7.858216960000000000e+10
3.893787688960000000e+11
-1.604009000960000000e+11
-1.612777717760000000e+11
-3.106366095360000000e+11
1.871842181120000000e+11
7.495814348800000000e+10
-1.436013690880000000e+11
1.563974860800000000e+11
-2.508212797440000000e+11
-7.062750822400000000e+10
2.659860152320000000e+11
1.445921095680000000e+11
-3.150609776640000000e+11
1.914383728640000000e+11
-5.563282227200000000e+11
1.331308789760000000e+11
-1.904264151040000000e+11
1.296191651840000000e+11
2.238215618560000000e+11
-7.814968934400000000e+10
3.228401664000000000e+11
5.295211151360000000e+11
3.707414773760000000e+11
2.946220032000000000e+09
1.943907860480000000e+11
5.081178767360000000e+11
9.113998950400000000e+10
-1.456192225280000000e+11
-4.749903134720000000e+11
2.568947138560000000e+11
-1.277861560320000000e+11
2.659938959360000000e+11
-5.466047774720000000e+11
-5.909060648960000000e+11
2.774217850880000000e+11
2.038728294400000000e+11
3.070717460480000000e+11
-3.470836695040000000e+11
1.163412684800000000e+11
-2.913550008320000000e+11
3.867634237440000000e+11
-4.605921198080000000e+11
1.030065848320000000e+11
-2.320597811200000000e+10
1.943394877440000000e+11
-2.334995742720000000e+11
-7.146283991040000000e+11
-6.764948357120000000e+11
4.797090693120000000e+11
-2.476952780800000000e+11
-5.369267159040000000e+11
-6.686272716800000000e+10
-1.992201994240000000e+11
-8.210277990400000000e+10
6.171872051200000000e+10
4.343438049280000000e+11
-3.432869724160000000e+11
-1.883232010240000000e+11
-3.372894126080000000e+11
5.035442831360000000e+11
-2.599713177600000000e+10
-2.566080921600000000e+10
-1.340960276480000000e+11
2.818284257280000000e+11
-5.089456128000000000e+10
-3.665353113600000000e+11
3.783832371200000000e+11
1.998359756800000000e+10
3.317689876480000000e+11
1.792509870080000000e+11
2.843909816320000000e+11
-4.940543426560000000e+11
9.650031820800000000e+10
-5.290970316800000000e+11
1.748327628800000000e+11
1.214315888640000000e+11
5.063351500800000000e+10
1.462927687680000000e+11
-2.911921766400000000e+11
1.551897067520000000e+11
-8.848957440000000000e+09
2.952753315840000000e+11
4.542031462400000000e+11
-4.902654771200000000e+10
3.428014489600000000e+10
-7.495172096000000000e+09
-5.085078487040000000e+11
5.550684241920000000e+11
-4.549635604480000000e+11
-5.782497525760000000e+11
6.408621916160000000e+11
6.075668234240000000e+11
-4.544816087040000000e+11
7.577182208000000000e+09
-1.122149990400000000e+10
1.510120488960000000e+11
5.463033446400000000e+11
2.840389222400000000e+10
-2.143210209280000000e+11
1.947362754560000000e+11
-1.289123921920000000e+11
1.137134223360000000e+11
1.152030801920000000e+11
2.928089825280000000e+11
-3.085588234240000000e+11
-5.886317363200000000e+10
2.408361492480000000e+11
-2.902781132800000000e+11
-4.597633843200000000e+10
5.319167836160000000e+11
2.604556124160000000e+11
-2.251962777600000000e+11
6.295672586240000000e+11
-8.702291968000000000e+10
-4.221485056000000000e+10
-1.982776934400000000e+10
3.473475174400000000e+10
-2.312916664320000000e+11
2.654579425280000000e+11
1.481137029120000000e+11
6.725095915520000000e+11
-1.486223114240000000e+11
7.721716940800000000e+10
6.871660953600000000e+10
-2.546876416000000000e+11
1.537277788160000000e+11
4.388434083840000000e+11
-6.896393256960000000e+11
9.242922188800000000e+10
2.575517777920000000e+11
2.916642324480000000e+11
-3.713024000000000000e+09
-2.205834772480000000e+11
3.936759316480000000e+11
-5.993969745920000000e+11
-1.492634828800000000e+11
1.570668544000000000e+11
1.834794680320000000e+11
-3.490553856000000000e+10
2.799915827200000000e+11
-6.382344601600000000e+10
-4.364610437120000000e+11
-3.819634688000000000e+11
-2.486057533440000000e+11
3.607406182400000000e+11
1.873390469120000000e+11
2.770581913600000000e+11
-4.496599285760000000e+11
3.506543001600000000e+11
-2.027905024000000000e+11
-1.218309324800000000e+10
6.779854028800000000e+10
1.216086179840000000e+11
2.680791040000000000e+11
-3.633099571200000000e+10
5.366442229760000000e+11
-1.247195299840000000e+11
8.271616409600000000e+10
2.218327408640000000e+11
-1.945726156800000000e+11
-1.742660075520000000e+11
3.805139107840000000e+11
6.731055759360000000e+11
-5.723707801600000000e+10
-7.029731328000000000e+10
-3.354443776000000000e+11
-1.561191055360000000e+11
1.715730841600000000e+10
2.679240622080000000e+11
2.050915041280000000e+11
3.260097331200000000e+10
8.122848051200000000e+10
-4.074959667200000000e+10
1.578575462400000000e+11
-5.813062860800000000e+11
-1.325770833920000000e+11
1.276155658240000000e+11
-1.194993090560000000e+11
-1.106563235840000000e+11
-3.450836172800000000e+10
-3.226896793600000000e+10
1.283109519360000000e+11
2.714005012480000000e+11
2.357627944960000000e+11
1.104986767360000000e+11
-3.584983040000000000e+11
1.714137825280000000e+11
5.101157089280000000e+11
3.584973209600000000e+11
9.571873587200000000e+10
3.184943104000000000e+10
-3.680671498240000000e+11
2.665141043200000000e+11
6.366754406400000000e+10
1.559429775360000000e+11
4.126584995840000000e+11
2.106110607360000000e+11
5.338002227200000000e+11
2.166219243520000000e+11
-4.951837900800000000e+10
4.840602337280000000e+11
-1.393980375040000000e+11
2.205334405120000000e+11
5.472218972160000000e+11
4.262920192000000000e+11
-3.528462172160000000e+11
1.849883033600000000e+11
-6.600456929280000000e+11
-3.792863232000000000e+09
-1.036373688320000000e+11
-1.749256273920000000e+11
-3.486877614080000000e+11
6.439944192000000000e+09
-5.611523932160000000e+11
7.519982059520000000e+11
-6.574777958400000000e+10
-3.553188249600000000e+10
-6.619115110400000000e+10
-4.928527073280000000e+11
9.121004748800000000e+10
-2.946095841280000000e+11
-4.784244326400000000e+11
1.060122951680000000e+11
-1.309484318720000000e+11
-2.188253593600000000e+11
-9.854785945600000000e+10
8.163381084160000000e+11
-3.165957324800000000e+10
7.486954700800000000e+10
-1.718607052800000000e+10
7.048087142400000000e+10
3.801293619200000000e+10
-6.446675558400000000e+10
-2.687334154240000000e+11
2.856783708160000000e+11
2.050670755840000000e+11
-2.291261767680000000e+11
-2.517120450560000000e+11
1.168870277120000000e+11
4.198581534720000000e+11
4.065561149440000000e+11
4.214996992000000000e+11
4.369179443200000000e+10
-4.297562849280000000e+11
1.988294246400000000e+10
-6.247943372800000000e+10
-2.719441059840000000e+11
-3.000834129920000000e+11
1.190680576000000000e+11
1.981204398080000000e+11
3.121639260160000000e+11
-5.197195182080000000e+11
-6.914961571840000000e+11
1.325567180800000000e+10
-3.461218304000000000e+10
2.650233896960000000e+11
-5.075263815680000000e+11
-3.096473763840000000e+11
-1.956838768640000000e+11
4.075401052160000000e+11
1.676021760000000000e+11
3.106176696320000000e+11
2.056189050880000000e+11
-1.238537011200000000e+11
5.054399119360000000e+11
-1.862119424000000000e+09
4.066612346880000000e+11
-7.171817472000000000e+09
1.509974179840000000e+11
-5.551789178880000000e+11
3.916437258240000000e+11
1.842210078720000000e+11
1.661122969600000000e+11
-5.728284835840000000e+11
-7.268635443200000000e+10
2.382082867200000000e+10
2.188212633600000000e+11
-2.350523842560000000e+11
-1.319192002560000000e+11
-6.556862382080000000e+11
-1.067120803840000000e+11
1.067564400640000000e+11
-2.495043665920000000e+11
-2.486089809920000000e+11
3.931501363200000000e+11
2.745086607360000000e+11
-3.411248414720000000e+11
6.398088806400000000e+10
-2.758115983360000000e+11
5.129895116800000000e+10
7.134984929280000000e+11
-1.409951334400000000e+11
-2.351651225600000000e+11
-3.427462021120000000e+11
3.667862487040000000e+11
3.606505717760000000e+11
-4.897611448320000000e+11
2.060085985280000000e+11
-4.842361323520000000e+11
-2.278361333760000000e+11
6.953432678400000000e+10
-1.263610265600000000e+10
-2.662169313280000000e+11
1.855153438720000000e+11
-2.898570772480000000e+11
-3.612455731200000000e+10
7.501984563200000000e+10
6.045315235840000000e+11
-2.907398799360000000e+11
2.993048125440000000e+11
-8.139080990720000000e+11
2.197469102080000000e+11
-4.555803197440000000e+11
1.260449464320000000e+11
-1.695322112000000000e+09
1.773488537600000000e+11
-1.181140418560000000e+11
1.583998730240000000e+11
8.021147648000000000e+10
-2.779792998400000000e+11
6.088720384000000000e+11
-4.199460372480000000e+11
-1.751912939520000000e+11
-5.084510289920000000e+11
-1.303598039040000000e+11
6.072766955520000000e+11
-1.955341107200000000e+11
-4.474171883520000000e+11
-8.815067136000000000e+09
8.417768243200000000e+10
-8.570772684800000000e+10
-3.660848824320000000e+11
-2.492155330560000000e+11
4.414487920640000000e+11
3.212117278720000000e+11
-8.473804800000000000e+10
-1.235200081920000000e+11
-1.836003164160000000e+11
-7.767667507200000000e+10
-3.471071969280000000e+11
-2.911172034560000000e+11
1.096346910720000000e+11
3.367511654400000000e+11
-3.269506498560000000e+11
2.491443445760000000e+11
-7.574639083520000000e+11
4.243578552320000000e+11
-1.803317739520000000e+11
-2.444061245440000000e+11
-3.704029184000000000e+11
-3.006351605760000000e+11
-1.616093675520000000e+11
3.545631621120000000e+11
6.247261798400000000e+10
5.680138158080000000e+11
1.654882304000000000e+11
-4.050016010240000000e+11
5.068095488000000000e+11
-9.892708352000000000e+09
4.925700833280000000e+11
-9.920782336000000000e+10
2.880939950080000000e+11
4.423139328000000000e+11
4.554326016000000000e+10
-1.567506759680000000e+11
2.726547947520000000e+11
3.959917772800000000e+11
-5.326635008000000000e+11
1.620074987520000000e+11
2.763064279040000000e+11
-7.862027878400000000e+10
3.249963335680000000e+11
-2.834047303680000000e+11
2.302958960640000000e+11
1.867134238720000000e+11
1.035704647680000000e+11
-3.814957711360000000e+11
-2.119821230080000000e+11
-2.765051002880000000e+11
-3.380492697600000000e+10
3.269328568320000000e+11
5.290181918720000000e+11
8.628404224000000000e+09
-2.520598773760000000e+11
-2.260021084160000000e+11
-1.452398346240000000e+11
-4.256438681600000000e+11
-1.902645739520000000e+11
8.970117120000000000e+10
3.761681858560000000e+11
-4.000874168320000000e+11
8.086129213440000000e+11
-2.141101424640000000e+11
-1.052501114880000000e+11
-1.764106240000000000e+11
7.302635520000000000e+10
3.662097940480000000e+11
-1.472413368320000000e+11
-9.518886420480000000e+11
9.116180480000000000e+10
-7.401602416640000000e+11
-3.887211315200000000e+10
5.732984422400000000e+10
-6.147722444800000000e+11
1.878698065920000000e+11
1.032106967040000000e+11
1.680434135040000000e+11
2.003100303360000000e+11
-2.801044029440000000e+11
-3.948539412480000000e+11
-3.676579102720000000e+11
3.272039464960000000e+11
-5.408930529280000000e+11
7.427504209920000000e+11
3.053568327680000000e+11
-9.300917452800000000e+10
-5.990861373440000000e+11
2.821685248000000000e+10
1.527193763840000000e+11
-2.760889139200000000e+11
5.274447052800000000e+10
4.901389107200000000e+10
-3.983277424640000000e+11
-1.215822561280000000e+12
-3.770459750400000000e+11
2.978303508480000000e+11
-1.000155136000000000e+11
5.247969689600000000e+10
-1.484459540480000000e+11
3.855719464960000000e+11
2.388765900800000000e+11
5.573137203200000000e+10
-2.299667415040000000e+11
-6.016763166720000000e+11
-2.012258795520000000e+11
-2.593105346560000000e+11
-1.442993438720000000e+11
-2.200658247680000000e+11
5.923497574400000000e+10
-2.576698572800000000e+10
5.114673561600000000e+11
-1.156716953600000000e+11
1.254036275200000000e+11
-2.472827125760000000e+11
-3.765943091200000000e+10
5.049932185600000000e+10
4.321574912000000000e+11
2.832707420160000000e+11
2.948698603520000000e+11
-6.958510243840000000e+11
-5.044375552000000000e+10
-3.538358763520000000e+11
4.480389939200000000e+10
2.096295116800000000e+10
-4.166301450240000000e+11
2.453605580800000000e+10
-8.418295808000000000e+09
1.447976140800000000e+11
8.815724134400000000e+10
3.283648512000000000e+10
-3.653555322880000000e+11
-1.978548224000000000e+10
-3.639550607360000000e+11
6.045444341760000000e+11
-4.181360640000000000e+11
1.809629675520000000e+11
8.276806205440000000e+11
-1.533003530240000000e+11
-6.003902054400000000e+10
1.023875481600000000e+11
-1.852806594560000000e+11
-3.353185484800000000e+10
3.510854942720000000e+11
2.873108070400000000e+11
-2.321728962560000000e+11
6.720258048000000000e+11
-1.370301562880000000e+11
6.398807244800000000e+11
-3.242901831680000000e+11
4.480464650240000000e+11
-2.686592204800000000e+10
1.504690831360000000e+11
3.320248729600000000e+11
-2.278459801600000000e+11
2.809696092160000000e+11
1.546008657920000000e+11
-2.328604180480000000e+11
-2.863211479040000000e+11
3.838270177280000000e+11
-2.025380741120000000e+11
-2.535329955840000000e+11
5.133787136000000000e+11
-1.259696291840000000e+11
2.087501332480000000e+11
1.335476633600000000e+11
-7.695568076800000000e+10
5.405044244480000000e+11
2.319400304640000000e+11
1.876330086400000000e+11
-2.919578009600000000e+10
-2.112465469440000000e+11
1.351414988800000000e+10
9.971703808000000000e+10
-3.488404602880000000e+11
-3.712772669440000000e+11
4.106700390400000000e+11
6.611610009600000000e+10
7.065734348800000000e+11
4.125718937600000000e+10
4.241729126400000000e+11
7.273576529920000000e+11
2.470950338560000000e+11
-2.085643878400000000e+11
-2.130968248320000000e+11
-1.008750837760000000e+11
3.456897515520000000e+11
1.821551411200000000e+10
-2.947695902720000000e+11
1.073758699520000000e+11
7.493561548800000000e+10
4.644465868800000000e+10
