1.805829079040000000e+11
-8.157280665600000000e+10
2.033990041600000000e+10
2.031897149440000000e+11
-4.084652441600000000e+11
-2.152301527040000000e+11
3.130078330880000000e+11
3.146996449280000000e+11
-3.373049774080000000e+11
1.910271590400000000e+10
-3.761832591360000000e+11
3.291424358400000000e+10
-2.609113333760000000e+11
-1.346249195520000000e+11
4.369186160640000000e+11
-4.552449064960000000e+11
1.465099878400000000e+11
-4.521002598400000000e+11
-5.586640896000000000e+10
1.167990128640000000e+11
2.195357040640000000e+11
-4.066150318080000000e+11
-1.225175367680000000e+11
7.933968384000000000e+09
1.528609505280000000e+11
-4.268427509760000000e+11
1.259024056320000000e+11
1.621037383680000000e+11
4.855954800640000000e+11
-2.296803328000000000e+10
-3.385769984000000000e+10
-4.376198512640000000e+11
4.241191403520000000e+11
-2.058037821440000000e+11
-3.386051461120000000e+11
-1.926253445120000000e+11
5.244475801600000000e+10
-3.471983902720000000e+11
-1.276835430400000000e+11
3.004605726720000000e+11
-2.031190016000000000e+09
-6.638020853760000000e+11
3.698165678080000000e+11
-2.275654860800000000e+10
2.621888430080000000e+11
1.020993536000000000e+10
2.718786682880000000e+11
-1.175499489280000000e+11
1.204601077760000000e+11
2.524783411200000000e+10
1.358749368320000000e+11
-2.649968640000000000e+11
6.188459622400000000e+11
-3.136368148480000000e+11
-2.019344384000000000e+10
-3.293600972800000000e+10
3.686466191360000000e+11
-3.943818854400000000e+10
3.165264936960000000e+11
-2.001678336000000000e+10
2.309465047040000000e+11
-1.985234862080000000e+11
-6.651517337600000000e+10
3.422495703040000000e+11
4.020364902400000000e+11
-3.710124359680000000e+11
2.455717478400000000e+10
2.707611648000000000e+11
-1.393316823040000000e+11
-3.463501414400000000e+10
-3.014364692480000000e+11
-4.299742904320000000e+11
-1.262044446720000000e+11
5.558891315200000000e+10
-8.782099251200000000e+11
-1.057459896320000000e+11
-3.745999421440000000e+11
6.569603072000000000e+09
1.029080760320000000e+11
-2.107071037440000000e+11
2.569312665600000000e+10
-9.284889804800000000e+10
6.261331722240000000e+11
9.008842342400000000e+10
4.171328716800000000e+11
-5.268594360320000000e+11
2.803321405440000000e+11
-3.094233415680000000e+11
-2.760792473600000000e+11
9.047847731200000000e+10
2.055975075840000000e+11
2.843595243520000000e+11
-5.155291791360000000e+11
5.974582067200000000e+10
3.941037178880000000e+11
3.750059048960000000e+11
-1.286487572480000000e+11
-1.186994257920000000e+11
-3.666896158720000000e+11
1.912708464640000000e+11
2.821839585280000000e+11
-1.575309148160000000e+11
-2.657150566400000000e+11
1.081078087680000000e+11
2.609686118400000000e+10
-1.512329216000000000e+09
-1.570047918080000000e+11
4.446618419200000000e+10
1.469038592000000000e+10
3.232071680000000000e+11
-3.547411251200000000e+11
-2.939140177920000000e+11
2.297326796800000000e+11
-4.043648204800000000e+10
7.047974092800000000e+10
5.292687687680000000e+11
-3.027898531840000000e+11
1.788742205440000000e+11
-1.100317491200000000e+11
4.902481428480000000e+11
5.892076339200000000e+10
-1.607498792960000000e+11
-2.514566348800000000e+10
3.499539169280000000e+11
-1.198701854720000000e+11
-9.757469900800000000e+10
2.161949736960000000e+11
5.302800384000000000e+10
-2.139594588160000000e+11
-4.295036764160000000e+11
-2.580686110720000000e+11
-4.159751127040000000e+11
2.070472949760000000e+11
2.056566210560000000e+11
-3.457763246080000000e+11
5.186223144960000000e+11
-4.471819468800000000e+10
1.766900367360000000e+11
-2.179185704960000000e+11
1.332759265280000000e+11
2.415276687360000000e+11
2.595194142720000000e+11
-3.214298316800000000e+10
-1.361864294400000000e+10
-7.371297259520000000e+11
-1.952351518720000000e+11
-6.341551718400000000e+10
-3.509932195840000000e+11
-1.147993948160000000e+11
-4.311451566080000000e+11
3.692023644160000000e+11
3.576070144000000000e+11
-3.430896762880000000e+11
-2.514311741440000000e+11
-2.513100308480000000e+11
2.628994662400000000e+11
-5.317987532800000000e+11
3.999431393280000000e+11
-1.621914419200000000e+10
1.121375682560000000e+11
1.651329269760000000e+11
7.748468736000000000e+10
6.675477299200000000e+10
3.481333596160000000e+11
2.027558666240000000e+11
1.041692508160000000e+11
-6.257035182080000000e+11
-1.550262927360000000e+11
2.040954552320000000e+11
-2.529431224320000000e+11
-1.409909227520000000e+11
-3.493405655040000000e+11
1.545288417280000000e+11
2.752423526400000000e+11
-1.704398684160000000e+11
-1.822531256320000000e+11
-3.132179742720000000e+11
1.117948477440000000e+11
1.913217679360000000e+11
-8.873868492800000000e+10
-5.332435927040000000e+11
-2.623032197120000000e+11
-4.754740346880000000e+11
-6.057341747200000000e+10
-4.190377738240000000e+11
-9.362623692800000000e+10
-3.939809034240000000e+11
-2.708557496320000000e+11
-6.509201981440000000e+11
-1.487122923520000000e+11
3.131669217280000000e+11
4.579761848320000000e+11
2.437029068800000000e+11
-1.583742484480000000e+11
2.634947952640000000e+11
6.797243187200000000e+11
6.516533657600000000e+10
2.342422937600000000e+11
1.375312281600000000e+10
-6.280522956800000000e+10
2.953540403200000000e+10
-1.630714265600000000e+11
3.097096683520000000e+11
-4.168369438720000000e+11
-2.712300584960000000e+11
1.434815365120000000e+11
3.644980592640000000e+11
8.215472373760000000e+11
-2.092098519040000000e+11
2.108710092800000000e+10
1.195806310400000000e+11
2.801858641920000000e+11
3.310487961600000000e+10
-6.515214745600000000e+10
1.166270545920000000e+11
-8.917402419200000000e+10
-1.758147706880000000e+11
-1.688626462720000000e+11
-3.934086430720000000e+11
-4.473219973120000000e+11
9.964624281600000000e+10
-3.611966177280000000e+11
-4.760980029440000000e+11
7.591900774400000000e+10
-3.836127477760000000e+11
3.580795944960000000e+11
1.477156208640000000e+11
-2.016119521280000000e+11
-2.535885045760000000e+11
9.486126284800000000e+10
1.888308428800000000e+11
2.059141120000000000e+08
-3.530900766720000000e+11
1.839516221440000000e+11
3.875205939200000000e+10
9.288332083200000000e+10
-4.978746982400000000e+10
5.523990118400000000e+11
1.663647744000000000e+11
-7.013181030400000000e+10
-1.849715916800000000e+11
2.673567334400000000e+10
-4.890638745600000000e+11
2.373265981440000000e+11
-3.589281218560000000e+11
-2.397726638080000000e+11
-2.486110945280000000e+11
1.308008366080000000e+11
7.363559424000000000e+09
4.414778900480000000e+11
1.845182464000000000e+09
-3.791181250560000000e+11
2.120835072000000000e+10
-4.490897817600000000e+10
-1.088376832000000000e+11
2.424567889920000000e+11
1.878083010560000000e+11
7.628446760960000000e+11
-4.978025103360000000e+11
5.542854656000000000e+09
1.912620154880000000e+11
9.182801920000000000e+09
1.132337479680000000e+11
2.452347289600000000e+10
-3.402019962880000000e+11
-5.664918732800000000e+11
-3.003944140800000000e+11
3.333600706560000000e+11
2.464207667200000000e+11
1.123553443840000000e+11
-7.918591016960000000e+11
6.753648640000000000e+10
5.508962713600000000e+10
-3.119837184000000000e+10
-4.989447372800000000e+10
6.615936532480000000e+11
-1.752764416000000000e+11
6.936507187200000000e+10
6.215794688000000000e+10
-6.721256243200000000e+10
-6.533909053440000000e+11
-4.953802997760000000e+11
2.067669483520000000e+11
-2.581040005120000000e+11
-3.039270993920000000e+11
-4.564530626560000000e+11
-5.380866048000000000e+10
2.660518133760000000e+11
7.549505536000000000e+10
6.965485568000000000e+10
-3.959918755840000000e+11
3.736416419840000000e+11
-1.438773411840000000e+11
5.945082511360000000e+11
2.438388449280000000e+11
-6.915268608000000000e+09
6.448988979200000000e+10
-6.735470592000000000e+10
4.537518981120000000e+11
-2.808093081600000000e+10
7.455734497280000000e+11
3.061008302080000000e+11
-6.350363688960000000e+11
4.912334766080000000e+11
5.997848985600000000e+10
1.285978685440000000e+11
-2.844223733760000000e+11
-2.014910873600000000e+11
-1.512774696960000000e+11
8.717202227200000000e+10
-2.197292318720000000e+11
1.676491161600000000e+10
-7.914215833600000000e+10
1.120924221440000000e+11
2.881947238400000000e+11
1.887457443840000000e+11
-1.646855454720000000e+11
3.102515855360000000e+11
-3.474229821440000000e+11
-2.609295851520000000e+11
-1.499476623360000000e+11
2.171541913600000000e+11
3.469593804800000000e+11
-1.660738600960000000e+11
4.487732920320000000e+11
5.674556211200000000e+10
4.360473804800000000e+10
8.166637568000000000e+09
-1.117585408000000000e+11
6.695383859200000000e+11
3.973680332800000000e+10
-1.304037621760000000e+11
2.448655974400000000e+11
-1.572913152000000000e+10
2.250496737280000000e+11
2.689744896000000000e+09
-4.694647767040000000e+11
-1.007344189440000000e+11
-2.942287216640000000e+11
-1.710421770240000000e+11
3.317160345600000000e+11
-3.729927045120000000e+11
3.699512115200000000e+10
1.206535782400000000e+10
-8.916880588800000000e+10
-7.476217118720000000e+11
3.381206712320000000e+11
5.332676771840000000e+11
-3.423968296960000000e+11
1.701707448320000000e+11
-7.931302707200000000e+10
-2.667400396800000000e+10
1.290142023680000000e+11
-2.212263690240000000e+11
-1.058724904960000000e+11
-2.192816865280000000e+11
-3.670105456640000000e+11
1.743253995520000000e+11
-1.406925373440000000e+11
-5.937677107200000000e+10
2.027737088000000000e+11
-3.621083873280000000e+11
5.681438392320000000e+11
3.200267714560000000e+11
1.437721886720000000e+11
-1.565577379840000000e+11
-3.012820664320000000e+11
-5.167759687680000000e+11
2.023069122560000000e+11
-7.459952230400000000e+10
4.281143787520000000e+11
5.109062860800000000e+10
-1.194546462720000000e+11
-2.879738347520000000e+11
-5.443411148800000000e+10
-6.916550656000000000e+10
-1.952543539200000000e+11
2.405327994880000000e+11
3.297728921600000000e+11
-1.555972259840000000e+11
7.954978406400000000e+10
-3.435658608640000000e+11
8.752766976000000000e+10
-4.443279196160000000e+11
2.558936678400000000e+11
1.859623485440000000e+11
-4.149764096000000000e+11
4.829020160000000000e+09
-5.672745041920000000e+11
-2.073002475520000000e+11
-3.679481364480000000e+11
-1.753051463680000000e+11
1.998852587520000000e+11
-3.869633740800000000e+11
-2.860429803520000000e+11
3.901914480640000000e+11
2.279040614400000000e+11
-1.258436526080000000e+11
7.540129792000000000e+09
8.671891456000000000e+10
2.514014044160000000e+11
-2.053990318080000000e+11
2.277430558720000000e+11
2.767673753600000000e+10
-2.457894584320000000e+11
-3.164251422720000000e+11
-5.982696243200000000e+10
-2.964836188160000000e+11
2.206039900160000000e+11
-1.810927943680000000e+11
3.716113367040000000e+11
-3.317360558080000000e+11
2.471225753600000000e+10
7.386270924800000000e+10
4.688685957120000000e+11
-3.488799129600000000e+11
4.276979630080000000e+11
3.080701214720000000e+11
1.810565038080000000e+11
4.593805885440000000e+11
1.573293752320000000e+11
-2.003094732800000000e+11
-2.455094886400000000e+11
-2.142372167680000000e+11
3.441158389760000000e+11
4.184714444800000000e+11
1.447330775040000000e+11
1.789960519680000000e+11
-3.243107614720000000e+11
-2.053933629440000000e+11
-3.518334894080000000e+11
-2.958022410240000000e+11
6.701518028800000000e+11
4.098785935360000000e+11
2.241941667840000000e+11
-2.025392701440000000e+11
3.484836823040000000e+11
4.423916912640000000e+11
-2.780152463360000000e+11
-3.725772390400000000e+11
1.393493934080000000e+11
-5.596508979200000000e+11
9.844342784000000000e+10
2.464724910080000000e+11
6.274553446400000000e+10
1.092414341120000000e+11
-3.393478983680000000e+11
5.948809543680000000e+11
-4.375387176960000000e+11
-2.925379584000000000e+10
3.051695636480000000e+11
-1.069743308800000000e+11
3.001315164160000000e+11
-2.835632291840000000e+11
-1.800284078080000000e+11
3.261796515840000000e+11
-1.035830722560000000e+11
-8.961635942400000000e+10
2.638998568960000000e+11
-1.645417431040000000e+11
-1.926388449280000000e+11
-3.223036231680000000e+11
-3.294904320000000000e+10
-3.616379371520000000e+11
2.335647334400000000e+11
-1.682760826880000000e+11
-1.020692070400000000e+10
-1.543257128960000000e+11
-3.111071907840000000e+11
1.053142302720000000e+11
-2.604179947520000000e+11
4.446093967360000000e+11
-2.391708631040000000e+11
-1.425713070080000000e+11
4.067216179200000000e+10
4.518557122560000000e+11
2.733354598400000000e+10
-4.885676851200000000e+10
-7.064332697600000000e+10
3.876694589440000000e+11
-1.655927603200000000e+11
-1.722154188800000000e+11
-3.153206312960000000e+11
1.855178178560000000e+11
6.450274304000000000e+10
-1.535690670080000000e+11
1.749697331200000000e+11
-2.578156748800000000e+11
-8.597397504000000000e+10
2.480537108480000000e+11
1.384988999680000000e+11
-3.098432962560000000e+11
1.849800949760000000e+11
-5.749865185280000000e+11
1.582821867520000000e+11
-1.722282147840000000e+11
1.305854279680000000e+11
2.181855150080000000e+11
-8.790689382400000000e+10
3.237544263680000000e+11
5.095715962880000000e+11
3.655059374080000000e+11
8.818196480000000000e+08
1.926647316480000000e+11
5.262050918400000000e+11
6.489115852800000000e+10
-1.351951319040000000e+11
-4.819311001600000000e+11
2.510514094080000000e+11
-1.581382041600000000e+11
2.672776314880000000e+11
-5.291912069120000000e+11
-5.859429580800000000e+11
2.941421486080000000e+11
1.937404067840000000e+11
3.130175324160000000e+11
-3.469713735680000000e+11
1.298899353600000000e+11
-3.070188584960000000e+11
3.937711226880000000e+11
-4.401097605120000000e+11
1.066494525440000000e+11
-1.738049126400000000e+10
1.878595665920000000e+11
-2.318099742720000000e+11
-7.382420684800000000e+11
-6.446799257600000000e+11
4.691770081280000000e+11
-2.273334722560000000e+11
-5.556280360960000000e+11
-8.735595724800000000e+10
-1.890424913920000000e+11
-8.749862092800000000e+10
6.769099161600000000e+10
4.353134100480000000e+11
-3.490459156480000000e+11
-1.792105185280000000e+11
-3.226383155200000000e+11
4.995944939520000000e+11
-3.100765388800000000e+10
-2.228288716800000000e+10
-1.313798225920000000e+11
2.867644989440000000e+11
-6.900470579200000000e+10
-3.586498887680000000e+11
3.738392330240000000e+11
-4.855316480000000000e+09
3.321672499200000000e+11
1.734008832000000000e+11
2.839145349120000000e+11
-5.027008348160000000e+11
1.010904104960000000e+11
-5.201505484800000000e+11
1.866041262080000000e+11
1.142674227200000000e+11
4.877961625600000000e+10
1.687550361600000000e+11
-2.840919736320000000e+11
1.618812600320000000e+11
-2.723925196800000000e+10
2.817376256000000000e+11
4.632005509120000000e+11
-8.327210598400000000e+10
2.296152064000000000e+10
-1.542912409600000000e+10
-5.106973081600000000e+11
5.399567728640000000e+11
-4.413750312960000000e+11
-5.764045209600000000e+11
6.471431618560000000e+11
5.741475266560000000e+11
-4.465827512320000000e+11
1.335836672000000000e+10
-6.794928128000000000e+09
1.354997186560000000e+11
5.267254476800000000e+11
3.619219046400000000e+10
-2.068400209920000000e+11
2.069094400000000000e+11
-1.370484326400000000e+11
9.910291660800000000e+10
1.067040276480000000e+11
3.014294241280000000e+11
-2.999712481280000000e+11
-6.193102848000000000e+10
2.005930803200000000e+11
-2.939501281280000000e+11
-4.454614630400000000e+10
5.456917954560000000e+11
2.689717370880000000e+11
-2.200400855040000000e+11
6.013867130880000000e+11
-6.770416844800000000e+10
-4.678174310400000000e+10
-1.273593856000000000e+10
2.110000332800000000e+10
-2.136077107200000000e+11
2.469060280320000000e+11
1.354666967040000000e+11
6.854883409920000000e+11
-1.510486999040000000e+11
7.485574348800000000e+10
6.544229990400000000e+10
-2.319218114560000000e+11
1.617648680960000000e+11
4.395460198400000000e+11
-6.659409838080000000e+11
8.752519577600000000e+10
2.577762385920000000e+11
2.831827271680000000e+11
8.182300672000000000e+09
-2.465868021760000000e+11
3.871053578240000000e+11
-5.809081548800000000e+11
-1.491052298240000000e+11
1.737390489600000000e+11
1.726508564480000000e+11
-4.587278336000000000e+10
2.742439444480000000e+11
-4.282731724800000000e+10
-4.271489024000000000e+11
-3.837620715520000000e+11
-2.436581949440000000e+11
3.701166571520000000e+11
2.067894599680000000e+11
2.590883020800000000e+11
-4.450576957440000000e+11
3.309214105600000000e+11
-2.074022215680000000e+11
-4.999659520000000000e+09
6.168542412800000000e+10
1.323439964160000000e+11
2.574174289920000000e+11
-6.049651097600000000e+10
5.373247815680000000e+11
-1.327757393920000000e+11
5.110296576000000000e+10
2.273016545280000000e+11
-2.003674398720000000e+11
-1.799801241600000000e+11
3.634357862400000000e+11
6.716766289920000000e+11
-4.504893849600000000e+10
-5.515744051200000000e+10
-3.021362954240000000e+11
-1.571369451520000000e+11
-2.335637504000000000e+09
2.478710784000000000e+11
2.110628495360000000e+11
2.293841920000000000e+08
1.187274096640000000e+11
-9.926770688000000000e+09
1.601059880960000000e+11
-5.783909171200000000e+11
-1.203440762880000000e+11
9.633115340800000000e+10
-9.350986137600000000e+10
-1.294858158080000000e+11
-2.751770624000000000e+10
-2.964603699200000000e+10
1.377537556480000000e+11
2.575293644800000000e+11
2.232738119680000000e+11
1.195041095680000000e+11
-3.601293967360000000e+11
1.825517404160000000e+11
4.929595637760000000e+11
3.625372876800000000e+11
9.624906956800000000e+10
3.114441113600000000e+10
-3.870608588800000000e+11
2.719168593920000000e+11
5.812862156800000000e+10
1.511475937280000000e+11
4.006545653760000000e+11
2.031850782720000000e+11
5.035878318080000000e+11
1.968614277120000000e+11
-6.345413427200000000e+10
4.625971937280000000e+11
-1.583803596800000000e+11
2.070448373760000000e+11
5.450354524160000000e+11
3.998284840960000000e+11
-3.479716823040000000e+11
2.002313052160000000e+11
-6.599721615360000000e+11
1.998454784000000000e+09
-1.048427397120000000e+11
-1.867720785920000000e+11
-3.743005409280000000e+11
-1.882324992000000000e+09
-5.606885294080000000e+11
7.383912939520000000e+11
-8.106326425600000000e+10
-1.404313600000000000e+10
-3.112748236800000000e+10
-5.098804674560000000e+11
9.289909862400000000e+10
-2.996955709440000000e+11
-4.783741992960000000e+11
1.097718824960000000e+11
-1.401016156160000000e+11
-1.843427409920000000e+11
-8.770677964800000000e+10
7.772689530880000000e+11
-3.005633331200000000e+10
6.670801305600000000e+10
1.216102400000000000e+09
6.899104153600000000e+10
4.318765056000000000e+10
-8.157314252800000000e+10
-2.745729187840000000e+11
2.546544640000000000e+11
2.167466229760000000e+11
-2.313707683840000000e+11
-2.296874106880000000e+11
1.113118310400000000e+11
4.254877614080000000e+11
3.872040222720000000e+11
4.372520960000000000e+11
5.968478208000000000e+10
-4.052955627520000000e+11
2.228754022400000000e+10
-7.249299046400000000e+10
-2.688127631360000000e+11
-3.034172948480000000e+11
1.267433390080000000e+11
1.966136360960000000e+11
3.137026785280000000e+11
-5.288576286720000000e+11
-6.903850598400000000e+11
2.737879449600000000e+10
-4.387364864000000000e+10
2.763729141760000000e+11
-5.142815047680000000e+11
-2.903418470400000000e+11
-1.933042319360000000e+11
3.989375877120000000e+11
1.701128765440000000e+11
3.078468403200000000e+11
1.850814627840000000e+11
-1.096596357120000000e+11
5.003109007360000000e+11
1.999499264000000000e+09
4.037322342400000000e+11
3.469328384000000000e+09
1.343701647360000000e+11
-5.624213012480000000e+11
3.855724052480000000e+11
1.827924213760000000e+11
1.608748564480000000e+11
-5.409855242240000000e+11
-6.764621004800000000e+10
4.365547520000000000e+10
2.029699727360000000e+11
-2.375766671360000000e+11
-1.360268902400000000e+11
-6.553306398720000000e+11
-1.134471659520000000e+11
1.090862120960000000e+11
-2.322296995840000000e+11
-2.618146816000000000e+11
3.858109235200000000e+11
2.846318264320000000e+11
-3.259981824000000000e+11
7.470881996800000000e+10
-2.760506736640000000e+11
5.730143436800000000e+10
6.906590003200000000e+11
-1.421208453120000000e+11
-2.294182871040000000e+11
-3.284341555200000000e+11
3.807811338240000000e+11
3.598037155840000000e+11
-4.846023147520000000e+11
1.880767201280000000e+11
-4.771114516480000000e+11
-2.434662563840000000e+11
7.000395776000000000e+10
3.721134080000000000e+09
-2.803729694720000000e+11
1.635857694720000000e+11
-3.133922344960000000e+11
-9.862021120000000000e+09
7.116901580800000000e+10
5.841605099520000000e+11
-2.669986775040000000e+11
2.905065717760000000e+11
-7.939931504640000000e+11
2.332536668160000000e+11
-4.494490664960000000e+11
1.154402467840000000e+11
-1.208266752000000000e+09
1.752269455360000000e+11
-1.098908057600000000e+11
1.773659914240000000e+11
9.860815257600000000e+10
-2.608306585600000000e+11
5.763880058880000000e+11
-4.016563814400000000e+11
-1.499495628800000000e+11
-4.635805614080000000e+11
-1.258027417600000000e+11
5.771627069440000000e+11
-1.958549913600000000e+11
-4.290845736960000000e+11
-1.109495808000000000e+10
9.549997670400000000e+10
-8.573424435200000000e+10
-3.518009180160000000e+11
-2.465187921920000000e+11
4.633261834240000000e+11
3.371753799680000000e+11
-1.116898099200000000e+11
-1.117805608960000000e+11
-1.750343680000000000e+11
-6.380493209600000000e+10
-3.377707417600000000e+11
-2.841972899840000000e+11
1.197367869440000000e+11
3.253321400320000000e+11
-3.282770657280000000e+11
2.267917516800000000e+11
-7.448263393280000000e+11
4.019847168000000000e+11
-1.864529674240000000e+11
-2.620252979200000000e+11
-3.921056235520000000e+11
-2.925725941760000000e+11
-1.645200670720000000e+11
3.425937326080000000e+11
3.225642598400000000e+10
5.429653340160000000e+11
1.597669212160000000e+11
-4.154577059840000000e+11
5.063720960000000000e+11
1.595985100800000000e+10
4.824489328640000000e+11
-1.145033359360000000e+11
2.791310295040000000e+11
4.393701867520000000e+11
3.566963916800000000e+10
-1.581930250240000000e+11
2.408205189120000000e+11
3.826041159680000000e+11
-5.292104089600000000e+11
1.464039505920000000e+11
2.795836866560000000e+11
-8.009474048000000000e+10
3.330059468800000000e+11
-2.544838246400000000e+11
2.210707701760000000e+11
1.920061112320000000e+11
1.128872591360000000e+11
-3.688465367040000000e+11
-2.107759329280000000e+11
-2.796867747840000000e+11
-6.265438208000000000e+10
3.483099136000000000e+11
5.095854899200000000e+11
6.858670080000000000e+09
-2.701147176960000000e+11
-2.196704460800000000e+11
-1.573316853760000000e+11
-4.052467712000000000e+11
-1.741791887360000000e+11
8.640048332800000000e+10
3.639545364480000000e+11
-3.943431536640000000e+11
7.789686947840000000e+11
-2.165824061440000000e+11
-9.889003929600000000e+10
-1.767728414720000000e+11
6.602260480000000000e+10
3.723114577920000000e+11
-1.254922977280000000e+11
-9.169073602560000000e+11
5.938798592000000000e+10
-7.358247075840000000e+11
-3.906311782400000000e+10
6.847425740800000000e+10
-5.998036254720000000e+11
1.926465454080000000e+11
1.167262351360000000e+11
1.615734374400000000e+11
1.880253071360000000e+11
-2.855289159680000000e+11
-4.105718333440000000e+11
-3.565169213440000000e+11
3.369795584000000000e+11
-5.269802516480000000e+11
7.193004605440000000e+11
2.960062873600000000e+11
-7.604994867200000000e+10
-5.829861048320000000e+11
3.082123673600000000e+10
1.320178728960000000e+11
-2.524819619840000000e+11
4.619880038400000000e+10
4.995232563200000000e+10
-3.766875586560000000e+11
-1.199531098112000000e+12
-3.710107975680000000e+11
2.989248348160000000e+11
-1.045485568000000000e+11
7.323567718400000000e+10
-1.580243681280000000e+11
3.814805340160000000e+11
2.407321763840000000e+11
5.129969664000000000e+10
-2.314785587200000000e+11
-6.048130007040000000e+11
-1.912538726400000000e+11
-2.377439969280000000e+11
-1.277660446720000000e+11
-2.040224808960000000e+11
5.040076390400000000e+10
-1.474625536000000000e+10
5.035868815360000000e+11
-1.141763932160000000e+11
1.040973824000000000e+11
-2.503879557120000000e+11
-4.826366771200000000e+10
3.062512025600000000e+10
4.402143232000000000e+11
2.834229493760000000e+11
2.800111779840000000e+11
-7.137430077440000000e+11
-5.693404774400000000e+10
-3.814228295680000000e+11
6.488041881600000000e+10
2.995321241600000000e+10
-4.073186590720000000e+11
-1.426821120000000000e+09
-2.759909376000000000e+10
1.311452774400000000e+11
9.713651712000000000e+10
2.085862604800000000e+10
-3.829342208000000000e+11
-7.030865920000000000e+09
-3.882899210240000000e+11
6.094376796160000000e+11
-4.246610903040000000e+11
1.796630118400000000e+11
8.087242014720000000e+11
-1.654148136960000000e+11
-5.655676518400000000e+10
8.826637516800000000e+10
-1.729973616640000000e+11
-4.394400153600000000e+10
3.455508807680000000e+11
2.776578457600000000e+11
-2.343333724160000000e+11
6.602001612800000000e+11
-1.331679068160000000e+11
6.366583848960000000e+11
-3.282074337280000000e+11
4.260114595840000000e+11
-2.094358528000000000e+10
1.231435694080000000e+11
3.391943147520000000e+11
-2.026085253120000000e+11
2.968770969600000000e+11
1.422756249600000000e+11
-2.484068679680000000e+11
-2.832174612480000000e+11
3.820747161600000000e+11
-2.218950819840000000e+11
-2.505378529280000000e+11
5.107791298560000000e+11
-1.352037826560000000e+11
1.964412600320000000e+11
1.477014487040000000e+11
-9.574186188800000000e+10
5.167720038400000000e+11
2.396887613440000000e+11
1.841542430720000000e+11
-3.613323264000000000e+10
-2.016779632640000000e+11
1.307105689600000000e+10
1.160412446720000000e+11
-3.270507888640000000e+11
-3.541777776640000000e+11
3.883297996800000000e+11
6.513544396800000000e+10
7.035427880960000000e+11
4.731223244800000000e+10
4.060442787840000000e+11
7.094125199360000000e+11
2.474923786240000000e+11
-2.011716485120000000e+11
-2.297744424960000000e+11
-1.102326743040000000e+11
3.168031866880000000e+11
2.791289241600000000e+10
-3.032904499200000000e+11
9.559357849600000000e+10
8.605225779200000000e+10
2.293867315200000000e+10
